1 1
1 4
1 14
3 15
2 18
1 23
2 24
1 25
2 26
1 27
1 28
2 29
1 31
1 33
1 34
1 35
3 39
1 40
2 43
1 45
3 47
1 48
1 49
1 51
2 52
1 53
1 54
2 55
1 56
2 57
2 59
4 60
2 61
1 65
1 66
1 67
1 68
1 69
3 70
1 71
3 72
2 73
1 74
1 75
1 76
2 78
1 79
1 80
2 81
2 82
2 83
4 84
1 87
2 88
1 89
1 90
1 91
5 92
4 93
2 94
2 95
2 96
4 98
2 99
1 101
2 102
4 103
4 104
1 105
1 106
4 108
2 109
1 110
4 112
5 113
2 114
1 115
6 116
3 117
4 118
2 119
2 120
4 121
4 122
1 123
4 124
4 125
6 126
1 130
1 131
2 133
5 134
2 135
2 136
1 138
1 140
4 141
2 142
2 143
1 146
5 147
4 148
2 149
1 150
3 151
5 152
4 153
5 154
3 155
2 156
2 157
5 158
3 159
4 160
7 161
6 162
6 163
5 164
3 165
4 166
4 167
4 168
2 169
3 170
2 171
4 172
1 173
6 174
1 175
2 176
8 177
2 178
1 179
8 180
3 181
6 182
8 183
8 184
12 185
11 186
24 187
11 188
11 189
23 190
25 191
39 192
36 193
28 194
43 195
51 196
59 197
61 198
51 199
44 200
35 201
35 202
27 203
22 204
13 205
16 206
13 207
13 208
3 209
4 210
5 211
4 212
4 213
1 214
3 215
3 216
7 217
4 218
4 219
2 220
6 221
3 222
3 223
5 224
3 225
2 226
4 227
2 228
2 229
2 230
5 231
7 232
2 234
8 236
8 237
6 238
4 239
5 240
6 241
3 242
4 243
4 244
4 245
2 246
4 247
8 248
7 249
11 250
4 251
4 252
8 253
4 254
10 255
12 256
14 257
10 258
6 259
15 260
11 261
10 262
9 263
6 264
8 265
11 266
8 267
7 268
4 269
11 270
14 271
7 272
14 273
12 274
14 275
16 276
18 277
16 278
13 279
7 280
9 281
11 282
10 283
12 284
13 285
7 286
12 287
12 288
12 289
6 290
10 291
15 292
15 293
17 294
15 295
22 296
22 297
26 298
18 299
18 300
24 301
22 302
37 303
23 304
34 305
20 306
17 307
25 308
26 309
21 310
21 311
27 312
16 313
13 314
21 315
23 316
21 317
22 318
27 319
22 320
29 321
26 322
33 323
35 324
36 325
34 326
42 327
49 328
41 329
44 330
39 331
20 332
34 333
42 334
23 335
21 336
20 337
24 338
17 339
16 340
14 341
13 342
10 343
15 344
9 345
10 346
23 347
16 348
11 349
9 350
9 351
12 352
14 353
11 354
11 355
8 356
12 357
9 358
11 359
8 360
7 361
14 362
15 363
17 364
13 365
14 366
13 367
11 368
13 369
15 370
20 371
10 372
10 373
20 374
18 375
20 376
20 377
11 378
17 379
22 380
17 381
17 382
7 383
13 384
14 385
12 386
8 387
12 388
9 389
13 390
16 391
9 392
13 393
11 394
10 395
18 396
14 397
13 398
19 399
14 400
12 401
14 402
13 403
9 404
12 405
13 406
16 407
11 408
18 409
23 410
17 411
27 412
12 413
17 414
24 415
33 416
17 417
19 418
23 419
35 420
32 421
32 422
43 423
66 424
72 425
58 426
66 427
89 428
86 429
112 430
129 431
123 432
115 433
136 434
135 435
145 436
135 437
156 438
137 439
154 440
122 441
136 442
106 443
94 444
75 445
78 446
63 447
47 448
38 449
49 450
45 451
38 452
41 453
33 454
33 455
39 456
36 457
42 458
43 459
35 460
38 461
34 462
38 463
36 464
38 465
38 466
39 467
40 468
34 469
37 470
36 471
27 472
28 473
23 474
17 475
16 476
15 477
15 478
11 479
20 480
9 481
9 482
11 483
14 484
13 485
9 486
9 487
11 488
17 489
10 490
11 491
15 492
15 493
18 494
14 495
13 496
19 497
12 498
23 499
23 500
28 501
29 502
22 503
34 504
33 505
35 506
38 507
38 508
37 509
55 510
52 511
34 512
54 513
68 514
55 515
59 516
56 517
68 518
83 519
68 520
83 521
94 522
81 523
82 524
79 525
90 526
83 527
95 528
95 529
85 530
101 531
72 532
66 533
81 534
48 535
43 536
48 537
39 538
26 539
28 540
32 541
35 542
21 543
11 544
26 545
15 546
15 547
14 548
19 549
13 550
10 551
14 552
3 553
7 554
6 555
6 556
10 557
5 558
7 559
6 560
9 561
9 562
4 563
3 564
7 565
10 566
6 567
8 568
3 569
8 570
4 571
6 572
5 573
10 574
8 575
5 576
5 577
5 578
4 579
8 580
7 581
5 582
7 583
16 584
7 585
13 586
13 587
18 588
21 589
12 590
18 591
12 592
14 593
15 594
12 595
11 596
15 597
15 598
12 599
10 600
11 601
15 602
16 603
26 604
18 605
30 606
23 607
12 608
15 609
19 610
16 611
15 612
11 613
17 614
8 615
7 616
9 617
10 618
11 619
12 620
6 621
5 622
6 623
10 624
1 625
7 626
7 627
8 628
7 629
3 630
6 631
2 632
3 633
6 634
10 635
3 636
3 637
6 638
11 639
6 640
5 641
5 642
11 643
12 644
12 645
11 646
9 647
15 648
18 649
13 650
10 651
24 652
13 653
15 654
22 655
17 656
14 657
21 658
21 659
19 660
20 661
13 662
16 663
23 664
18 665
17 666
22 667
23 668
25 669
14 670
23 671
17 672
13 673
8 674
14 675
12 676
17 677
9 678
13 679
5 680
9 681
7 682
16 683
9 684
10 685
18 686
15 687
12 688
10 689
7 690
11 691
11 692
21 693
10 694
15 695
16 696
10 697
8 698
14 699
14 700
15 701
13 702
11 703
18 704
14 705
7 706
16 707
9 708
11 709
11 710
8 711
11 712
4 713
7 714
10 715
15 716
6 717
11 718
6 719
4 720
8 721
8 722
8 723
6 724
7 725
5 726
7 727
8 728
6 729
7 730
9 731
6 732
9 733
5 734
6 735
5 736
5 737
4 738
3 739
6 740
6 741
8 742
1 743
9 744
2 745
5 746
7 747
3 748
7 749
4 750
4 751
9 752
7 753
10 754
6 755
8 756
9 757
6 758
7 759
7 760
14 761
13 762
7 763
7 764
8 765
16 766
8 767
13 768
7 769
8 770
10 771
11 772
13 773
10 774
15 775
17 776
12 777
11 778
18 779
18 780
10 781
16 782
30 783
20 784
23 785
22 786
18 787
17 788
25 789
17 790
25 791
21 792
18 793
27 794
20 795
31 796
12 797
15 798
16 799
13 800
15 801
8 802
12 803
19 804
19 805
14 806
10 807
8 808
10 809
7 810
16 811
13 812
7 813
5 814
7 815
6 816
11 817
1 818
11 819
6 820
7 821
8 822
8 823
6 824
10 825
10 826
8 827
11 828
8 829
10 830
12 831
10 832
12 833
11 834
17 835
10 836
21 837
17 838
16 839
21 840
10 841
22 842
27 843
24 844
20 845
24 846
34 847
25 848
37 849
34 850
27 851
30 852
35 853
38 854
35 855
50 856
40 857
49 858
52 859
54 860
59 861
48 862
49 863
54 864
43 865
59 866
45 867
46 868
41 869
37 870
46 871
36 872
35 873
36 874
30 875
23 876
21 877
22 878
20 879
16 880
16 881
15 882
19 883
11 884
19 885
9 886
11 887
14 888
17 889
20 890
23 891
18 892
21 893
10 894
31 895
24 896
15 897
19 898
15 899
16 900
17 901
15 902
24 903
12 904
27 905
17 906
22 907
14 908
17 909
22 910
21 911
16 912
16 913
14 914
10 915
18 916
7 917
12 918
7 919
13 920
10 921
8 922
10 923
8 924
3 925
8 926
3 927
2 928
11 929
5 930
6 931
5 932
2 933
4 934
3 935
7 936
1 937
4 938
3 939
4 940
5 941
5 942
4 943
2 944
2 945
6 946
4 947
1 948
3 949
6 951
1 952
3 954
2 955
1 956
2 957
1 958
2 960
1 961
1 962
2 963
2 964
1 965
2 966
1 967
1 968
2 969
1 970
2 973
2 974
1 975
1 979
2 980
2 981
1 983
2 984
2 985
1 986
1 987
1 988
1 989
1 990
4 991
2 992
2 993
1 995
2 996
3 997
3 998
1 999
1 1001
1 1002
1 1003
1 1009
1 1010
1 1011
3 1012
1 1013
1 1015
1 1017
1 1018
4 1019
3 1022
1 1023
2 1024
2 1025
1 1027
1 1028
1 1029
2 1030
3 1031
1 1032
3 1033
3 1034
2 1035
1 1036
3 1037
1 1038
1 1039
1 1040
3 1042
1 1043
2 1045
2 1046
4 1047
1 1049
1 1050
6 1051
1 1052
2 1053
3 1054
2 1055
3 1056
3 1057
2 1058
2 1059
1 1060
2 1061
1 1062
4 1063
2 1064
2 1065
3 1066
3 1067
2 1068
4 1069
2 1070
3 1072
1 1074
1 1076
4 1078
1 1079
2 1080
1 1081
1 1083
2 1084
2 1086
3 1088
1 1089
3 1090
1 1091
1 1092
4 1093
6 1094
1 1095
2 1097
2 1099
7 1100
1 1101
2 1102
2 1103
3 1104
5 1105
2 1106
1 1107
2 1108
1 1109
4 1110
5 1111
4 1112
2 1113
3 1114
5 1115
3 1116
6 1117
3 1118
3 1119
1 1120
1 1121
8 1122
3 1123
4 1124
1 1125
2 1126
3 1128
1 1129
3 1130
2 1131
2 1132
4 1133
4 1135
2 1137
2 1138
3 1139
2 1140
2 1141
3 1142
3 1143
1 1144
2 1145
4 1146
1 1147
1 1148
1 1149
3 1150
3 1151
1 1152
4 1153
1 1154
1 1155
3 1156
1 1157
2 1158
1 1159
3 1160
2 1161
3 1162
2 1163
2 1164
1 1165
5 1166
3 1167
2 1168
1 1169
4 1170
6 1171
4 1172
9 1173
5 1174
2 1175
7 1176
3 1177
4 1178
6 1179
10 1180
4 1181
4 1182
10 1183
6 1184
7 1185
14 1186
10 1187
9 1188
10 1189
9 1190
6 1191
7 1192
9 1193
11 1194
10 1195
9 1196
5 1197
8 1198
9 1199
8 1200
7 1201
2 1202
5 1203
3 1204
6 1205
3 1206
3 1207
7 1208
3 1209
2 1210
6 1211
8 1212
3 1213
5 1214
3 1215
7 1216
7 1217
4 1218
5 1219
3 1220
1 1221
3 1222
1 1223
3 1224
2 1225
6 1226
2 1227
4 1228
5 1229
2 1230
2 1231
5 1232
4 1233
1 1234
2 1235
4 1236
2 1237
1 1238
2 1239
1 1240
5 1241
2 1242
3 1243
6 1244
1 1245
3 1246
2 1247
2 1248
1 1249
3 1250
3 1251
3 1252
6 1254
5 1255
1 1256
4 1257
4 1258
6 1259
5 1260
6 1261
2 1262
7 1263
4 1264
1 1265
2 1266
3 1267
10 1268
4 1269
6 1270
4 1271
5 1272
9 1273
7 1274
5 1275
8 1276
5 1277
12 1278
12 1279
11 1280
7 1281
10 1282
9 1283
13 1284
13 1285
12 1286
20 1287
16 1288
17 1289
12 1290
15 1291
17 1292
16 1293
23 1294
20 1295
18 1296
18 1297
19 1298
12 1299
14 1300
19 1301
12 1302
9 1303
21 1304
10 1305
20 1306
15 1307
12 1308
12 1309
9 1310
5 1311
8 1312
10 1313
7 1314
7 1315
10 1316
8 1317
2 1318
4 1319
2 1320
5 1321
7 1322
2 1323
5 1324
3 1325
3 1326
3 1327
7 1328
3 1329
7 1330
3 1331
3 1332
3 1334
5 1335
7 1336
4 1337
2 1338
4 1339
5 1340
2 1341
2 1342
4 1343
4 1344
3 1345
3 1346
4 1347
6 1348
3 1349
1 1350
3 1351
4 1352
5 1353
7 1354
6 1355
3 1356
7 1357
5 1358
4 1359
11 1360
2 1361
7 1362
8 1363
7 1364
3 1365
5 1366
4 1367
2 1368
3 1369
8 1370
6 1371
6 1372
9 1373
10 1374
6 1375
5 1376
9 1377
8 1378
6 1379
3 1380
6 1381
8 1382
5 1383
5 1384
3 1385
1 1386
5 1387
4 1388
10 1389
5 1390
3 1391
6 1392
4 1393
5 1394
3 1395
1 1396
4 1397
6 1398
1 1399
2 1400
2 1401
4 1402
3 1403
4 1404
3 1405
2 1406
3 1407
1 1408
2 1409
3 1410
2 1411
5 1412
2 1413
1 1414
3 1415
3 1418
4 1419
3 1420
2 1422
2 1423
1 1424
2 1425
2 1427
2 1428
2 1429
2 1432
2 1433
3 1434
3 1435
2 1437
1 1438
2 1439
1 1440
1 1443
1 1444
1 1445
1 1448
2 1449
1 1450
5 1451
2 1452
3 1453
2 1454
2 1455
4 1456
3 1457
2 1458
3 1459
2 1460
2 1461
4 1462
1 1463
2 1464
4 1465
5 1466
1 1467
1 1469
3 1470
4 1471
3 1472
3 1473
3 1475
3 1476
8 1477
2 1478
6 1479
6 1480
2 1481
7 1482
3 1483
6 1484
2 1485
1 1486
2 1487
3 1488
3 1489
1 1490
3 1491
6 1492
4 1493
4 1494
4 1495
4 1496
7 1497
6 1498
6 1499
4 1500
2 1501
2 1503
2 1504
1 1505
5 1506
4 1507
7 1508
3 1509
7 1510
6 1511
9 1512
7 1513
11 1514
8 1515
7 1516
13 1517
10 1518
7 1519
9 1520
8 1521
9 1522
14 1523
7 1524
17 1525
9 1526
16 1527
8 1528
8 1529
9 1530
9 1531
11 1532
15 1533
18 1534
17 1535
8 1536
19 1537
17 1538
14 1539
20 1540
13 1541
16 1542
16 1543
10 1544
19 1545
18 1546
22 1547
23 1548
13 1549
12 1550
15 1551
9 1552
15 1553
6 1554
12 1555
9 1556
15 1557
11 1558
9 1559
11 1560
5 1561
7 1562
4 1563
8 1564
10 1565
5 1566
5 1567
2 1568
4 1569
5 1570
4 1571
2 1572
3 1573
5 1574
2 1575
6 1576
8 1577
5 1578
3 1579
4 1581
3 1582
3 1583
1 1584
4 1585
3 1586
2 1587
4 1588
8 1589
2 1590
3 1591
3 1592
2 1593
3 1594
2 1595
2 1596
1 1597
1 1598
4 1599
1 1600
4 1601
5 1604
1 1606
2 1607
1 1608
2 1609
3 1610
3 1611
2 1612
2 1613
2 1614
1 1615
3 1616
2 1617
1 1619
1 1620
4 1621
3 1622
5 1623
3 1624
6 1625
4 1626
1 1627
1 1628
6 1629
2 1630
2 1631
2 1632
3 1633
4 1634
3 1635
2 1636
1 1637
4 1638
3 1639
4 1640
4 1641
5 1642
3 1643
4 1644
1 1645
5 1646
3 1647
5 1648
2 1649
3 1650
3 1651
4 1652
4 1653
3 1654
6 1655
1 1656
6 1657
2 1659
2 1661
3 1662
1 1663
1 1664
3 1665
3 1666
3 1667
3 1671
1 1672
3 1673
3 1674
1 1675
2 1676
1 1677
2 1678
3 1679
2 1682
3 1683
2 1685
2 1686
1 1688
3 1689
1 1690
1 1692
1 1694
1 1696
3 1697
2 1698
2 1700
2 1701
2 1703
1 1704
2 1705
1 1706
2 1707
3 1708
1 1709
3 1710
3 1711
3 1713
1 1714
1 1715
1 1716
3 1717
1 1718
1 1719
2 1720
3 1721
1 1722
1 1723
2 1724
1 1726
1 1727
2 1729
4 1730
1 1731
2 1732
3 1735
2 1737
1 1738
4 1739
1 1741
3 1742
2 1743
2 1744
1 1745
5 1746
3 1747
4 1748
1 1749
1 1750
2 1751
3 1752
4 1753
3 1755
4 1756
1 1757
3 1758
7 1759
3 1760
7 1761
2 1762
7 1763
6 1764
5 1765
11 1766
4 1767
3 1768
4 1769
3 1770
6 1771
9 1772
4 1773
1 1774
9 1775
2 1776
8 1777
6 1778
4 1779
6 1780
6 1781
5 1782
7 1783
11 1784
5 1785
8 1786
6 1787
4 1788
4 1789
7 1790
8 1791
7 1792
4 1793
4 1794
7 1795
8 1796
3 1797
2 1798
8 1799
3 1800
7 1801
3 1802
3 1803
3 1804
4 1805
4 1806
4 1807
5 1808
2 1809
4 1810
2 1811
1 1812
1 1813
1 1814
2 1816
1 1817
1 1818
3 1819
2 1821
1 1822
5 1823
1 1825
6 1826
2 1827
3 1828
3 1829
5 1830
5 1831
1 1832
2 1833
1 1834
3 1835
3 1836
1 1837
1 1838
2 1839
5 1840
1 1841
2 1842
1 1843
1 1844
2 1845
2 1846
2 1848
4 1850
4 1851
5 1852
5 1853
2 1854
1 1855
3 1856
4 1857
4 1858
2 1859
3 1860
5 1861
4 1862
4 1863
7 1864
7 1865
9 1866
10 1867
2 1868
4 1869
2 1870
5 1871
10 1872
6 1873
5 1874
7 1875
8 1876
7 1877
6 1878
6 1879
9 1880
5 1881
5 1882
9 1883
7 1884
7 1885
10 1886
9 1887
9 1888
5 1889
14 1890
6 1891
7 1892
7 1893
4 1894
10 1895
4 1896
8 1897
7 1898
5 1899
7 1900
5 1901
7 1902
8 1903
3 1904
5 1905
3 1906
4 1907
2 1908
3 1909
1 1910
3 1911
5 1912
4 1913
4 1915
4 1916
2 1917
3 1918
1 1919
3 1920
1 1921
2 1922
2 1924
1 1925
2 1926
3 1927
3 1932
1 1934
2 1935
1 1936
1 1937
1 1938
1 1939
1 1942
1 1943
1 1945
2 1946
1 1947
1 1949
1 1950
1 1951
1 1952
2 1954
1 1955
1 1956
3 1957
2 1958
1 1959
1 1960
1 1962
4 1963
1 1964
4 1965
1 1966
1 1967
2 1968
1 1970
1 1972
2 1973
2 1974
1 1975
2 1976
5 1978
1 1979
1 1980
1 1981
2 1984
3 1985
1 1986
2 1987
2 1989
1 1990
2 1991
1 1992
1 1994
1 1995
2 1996
1 1998
2 2000
2 2003
1 2007
1 2012
2 2014
1 2016
1 2020
1 2041
1 2045
2 2047
1 2049
1 2051
1 2052
1 2053
1 2057
1 2058
1 2059
1 2060
1 2061
2 2065
1 2070
1 2078
1 2079
1 2088
1 2093
1 2095
1 2096
1 2097
1 2101
4 2104
1 2105
1 2106
1 2107
1 2108
1 2109
1 2111
1 2113
1 2114
1 2116
1 2120
2 2135
2 2139
2 2142
1 2145
2 2146
1 2149
2 2154
2 2155
2 2157
1 2158
3 2159
1 2160
1 2165
2 2168
1 2169
1 2179
1 2182
1 2183
1 2185
1 2186
1 2188
1 2189
1 2192
1 2193
1 2194
2 2196
1 2197
1 2198
1 2199
1 2200
4 2201
3 2202
1 2205
1 2208
3 2209
1 2210
1 2211
1 2213
1 2214
1 2216
3 2217
1 2219
1 2220
1 2221
2 2223
1 2224
1 2225
1 2226
2 2228
1 2229
2 2230
1 2231
2 2232
2 2233
1 2235
2 2236
2 2237
1 2238
1 2239
2 2240
2 2241
1 2242
1 2243
2 2244
3 2245
3 2246
2 2248
3 2249
1 2250
2 2251
1 2253
4 2254
2 2255
1 2256
1 2257
4 2258
4 2259
3 2260
2 2261
1 2262
3 2263
1 2264
1 2265
2 2267
2 2268
2 2270
2 2271
5 2272
4 2273
1 2274
4 2275
3 2276
2 2278
2 2279
4 2280
1 2281
4 2282
5 2283
3 2284
4 2285
3 2286
6 2287
3 2288
3 2289
3 2290
5 2291
5 2293
8 2294
2 2295
7 2296
5 2297
5 2298
5 2299
5 2300
3 2301
8 2302
5 2303
4 2304
9 2305
6 2306
1 2308
2 2309
2 2310
3 2311
4 2312
3 2313
1 2314
6 2315
7 2316
1 2317
5 2318
5 2319
3 2320
2 2321
3 2322
3 2323
5 2324
2 2326
2 2327
5 2328
5 2329
3 2330
3 2331
4 2332
2 2333
6 2334
1 2335
3 2336
1 2337
3 2338
4 2339
2 2340
3 2341
3 2342
2 2343
1 2344
3 2345
4 2346
5 2347
4 2349
4 2350
3 2351
7 2352
3 2353
3 2354
5 2355
2 2356
3 2357
6 2358
2 2359
4 2360
4 2361
2 2362
6 2363
6 2364
4 2365
3 2366
4 2367
3 2368
6 2369
6 2370
6 2371
5 2372
6 2373
6 2374
7 2375
2 2376
4 2377
9 2378
3 2379
3 2380
7 2381
8 2382
8 2383
12 2384
6 2385
14 2386
9 2387
7 2388
6 2389
13 2390
17 2391
8 2392
14 2393
7 2394
9 2395
16 2396
14 2397
7 2398
8 2399
11 2400
10 2401
13 2402
13 2403
14 2404
15 2405
8 2406
16 2407
6 2408
6 2409
11 2410
16 2411
10 2412
13 2413
8 2414
13 2415
9 2416
12 2417
8 2418
3 2419
8 2420
7 2421
7 2422
6 2423
5 2424
4 2425
3 2426
5 2427
5 2428
2 2429
1 2430
3 2431
5 2432
4 2433
2 2434
3 2436
2 2437
3 2438
2 2439
4 2440
2 2441
1 2442
2 2443
1 2444
1 2445
2 2446
1 2447
1 2449
2 2450
1 2451
2 2453
1 2457
1 2458
1 2459
1 2461
1 2464
1 2468
1 2473
1 2478
1 2497
1 2505
1 2508
1 2514
1 2536
1 2542
1 2545
1 2611
1 2615
1 2618
1 2632
1 2640
1 2643
1 2645
1 2650
2 2654
1 2656
1 2657
1 2660
1 2663
1 2664
1 2666
1 2680
2 2687
1 2688
2 2689
1 2695
1 2697
1 2701
2 2707
1 2709
1 2713
1 2715
1 2717
1 2747
1 2754
1 2757
2 2760
1 2765
1 2776
1 2785
1 2786
1 2790
1 2806
1 2812
2 2813
2 2814
3 2815
1 2817
1 2818
1 2819
1 2823
2 2824
1 2829
1 2830
2 2832
1 2834
1 2835
1 2836
1 2837
1 2838
1 2842
1 2843
1 2846
1 2848
1 2849
3 2850
1 2853
1 2854
2 2855
1 2858
2 2859
1 2861
1 2863
1 2867
3 2868
2 2869
1 2870
3 2871
2 2872
1 2874
2 2876
2 2877
1 2879
1 2880
2 2881
1 2883
2 2884
1 2888
1 2889
1 2890
1 2891
2 2893
2 2894
1 2895
3 2896
1 2898
2 2899
1 2900
1 2901
2 2902
2 2903
2 2904
3 2905
2 2906
2 2907
3 2909
1 2910
3 2911
2 2913
4 2914
4 2915
2 2916
1 2917
2 2918
1 2919
2 2920
3 2921
1 2922
1 2923
3 2924
5 2925
3 2926
2 2927
2 2928
1 2929
3 2930
1 2931
1 2933
3 2934
3 2935
3 2936
2 2937
1 2939
4 2941
1 2942
2 2943
3 2944
3 2945
3 2946
3 2948
1 2950
2 2951
3 2952
1 2953
2 2954
3 2955
3 2956
3 2957
4 2958
2 2959
1 2960
1 2961
1 2962
2 2965
3 2967
2 2968
2 2969
1 2971
1 2972
4 2973
1 2975
2 2977
1 2978
1 2979
1 2980
1 2981
1 2982
2 2984
1 2986
1 2992
2 2993
1 2994
1 3004
1 3015
1 3025
1 3028
1 3044
1 3052
1 3053
1 3056
1 3058
1 3093
1 3133
1 3198
1 3201
1 3272
1 3273
1 3302
2 3306
1 3311
1 3343
1 3357
2 3596
1 3648
1 3684
1 3735
1 3742
1 3846
1 4052
1 4134
1 4151
1 4166
1 4221
1 4279
1 4324
1 4364
1 4481
1 5286
