3 5
1 7
1 8
1 9
1 13
1 14
1 15
1 17
1 18
1 24
2 30
3 34
1 36
1 37
1 38
1 39
4 40
1 41
1 44
2 46
1 47
1 48
2 52
1 53
1 55
1 56
1 57
1 60
2 62
1 67
1 68
1 70
2 71
1 72
1 73
2 74
2 75
1 76
2 77
1 78
2 79
2 80
3 81
1 82
3 83
6 84
2 85
5 86
1 87
4 88
2 89
1 90
2 91
3 92
2 93
2 95
2 96
1 97
3 98
2 99
2 100
1 101
6 102
4 103
4 104
4 105
6 106
4 107
4 108
3 109
6 110
4 111
9 112
6 113
9 114
10 115
5 116
3 117
6 118
6 119
2 120
1 121
4 122
3 123
4 124
6 125
2 126
3 127
2 128
5 129
4 130
7 131
4 132
2 133
4 134
4 135
2 136
2 137
3 138
2 139
5 140
2 141
2 142
2 143
3 144
1 145
3 146
2 147
4 148
2 149
3 150
2 151
1 152
1 153
3 154
5 155
4 156
2 157
2 158
1 160
2 161
3 162
2 163
1 164
1 166
3 167
1 168
3 169
4 170
3 171
3 172
3 173
7 174
3 175
1 176
3 177
7 178
6 179
7 180
7 181
2 182
8 183
4 184
1 185
5 186
5 187
4 188
4 189
5 190
4 191
7 192
5 193
3 194
5 195
7 196
3 197
5 198
9 199
3 200
6 201
3 202
2 203
6 204
2 205
2 206
3 207
3 208
7 209
2 210
6 211
2 212
3 213
7 214
3 215
2 216
4 217
2 218
7 219
7 220
5 222
10 223
5 224
3 225
8 226
7 227
8 228
7 229
10 230
3 231
6 232
6 233
7 234
3 235
4 236
6 237
9 238
8 239
6 240
5 241
6 242
5 243
6 244
12 245
10 246
6 247
12 248
12 249
9 250
12 251
18 252
19 253
18 254
20 255
24 256
21 257
29 258
18 259
14 260
21 261
17 262
18 263
12 264
10 265
4 266
5 267
10 268
5 269
1 270
3 271
5 272
5 273
3 274
3 275
9 276
3 277
5 278
4 279
4 280
5 281
6 282
4 283
5 284
3 285
5 286
3 287
2 288
4 289
4 290
6 291
3 292
5 293
6 294
7 295
3 296
4 297
8 298
4 299
12 300
3 301
9 302
6 303
6 304
4 305
10 306
7 307
5 308
8 309
5 310
8 311
4 312
12 313
11 314
6 315
13 316
4 317
4 318
8 319
1 320
2 321
8 322
7 323
6 324
2 325
12 326
9 327
11 328
7 329
9 330
6 331
4 332
8 333
2 334
11 335
10 336
3 337
8 338
8 339
6 340
7 341
10 342
7 343
6 344
10 345
10 346
5 347
5 348
4 349
7 350
7 351
3 352
6 353
7 354
5 355
4 356
4 357
10 358
7 359
7 360
8 361
8 362
4 363
5 364
10 365
6 366
5 367
7 368
7 369
6 370
7 371
8 372
12 373
1 374
5 375
8 376
7 377
5 378
5 379
7 380
5 381
9 382
7 383
1 384
5 385
9 386
3 387
7 388
11 389
8 390
9 391
2 392
11 393
10 394
9 395
10 396
13 397
11 398
10 399
9 400
13 401
14 402
8 403
14 404
19 405
16 406
18 407
18 408
21 409
16 410
14 411
15 412
22 413
20 414
14 415
19 416
31 417
21 418
18 419
23 420
22 421
21 422
27 423
18 424
18 425
18 426
14 427
15 428
14 429
26 430
18 431
28 432
28 433
23 434
28 435
34 436
33 437
28 438
29 439
29 440
46 441
30 442
41 443
41 444
38 445
48 446
58 447
50 448
63 449
44 450
54 451
67 452
57 453
59 454
61 455
60 456
63 457
47 458
49 459
51 460
62 461
35 462
31 463
43 464
25 465
15 466
20 467
22 468
16 469
19 470
10 471
8 472
12 473
8 474
6 475
4 476
4 477
3 478
12 479
8 480
7 481
2 482
3 483
6 484
5 485
8 486
5 487
5 488
4 489
5 490
4 491
6 492
7 493
4 494
10 495
6 496
7 497
3 498
2 499
4 500
7 501
11 502
14 503
14 504
5 505
12 506
15 507
8 508
7 509
14 510
10 511
10 512
6 513
5 514
9 515
9 516
11 517
4 518
5 519
7 520
7 521
8 522
8 523
12 524
5 525
9 526
12 527
8 528
7 529
14 530
16 531
10 532
15 533
14 534
18 535
16 536
13 537
15 538
19 539
27 540
35 541
32 542
21 543
26 544
25 545
27 546
29 547
29 548
24 549
36 550
26 551
29 552
14 553
19 554
17 555
22 556
15 557
17 558
15 559
12 560
18 561
13 562
17 563
18 564
14 565
9 566
12 567
6 568
13 569
6 570
12 571
14 572
10 573
11 574
16 575
7 576
11 577
4 578
10 579
7 580
8 581
9 582
7 583
8 584
8 585
10 586
6 587
7 588
10 589
9 590
6 591
9 592
4 593
6 594
7 595
8 596
6 597
7 598
8 599
11 600
10 601
14 602
7 603
6 604
9 605
8 606
6 607
9 608
13 609
6 610
12 611
12 612
17 613
10 614
7 615
14 616
13 617
11 618
21 619
19 620
18 621
28 622
14 623
21 624
23 625
15 626
14 627
12 628
12 629
23 630
12 631
12 632
10 633
10 634
14 635
10 636
12 637
3 638
9 639
10 640
7 641
3 642
7 643
7 644
4 645
4 646
7 647
6 648
4 649
8 650
4 651
7 652
10 653
5 654
7 655
6 656
8 657
6 659
4 660
3 661
7 662
3 663
7 664
10 665
12 666
7 667
10 668
3 669
5 670
5 671
12 672
7 673
6 674
11 675
12 676
12 677
4 678
10 679
11 680
5 681
9 682
15 683
11 684
16 685
15 686
9 687
7 688
9 689
13 690
3 691
8 692
9 693
13 694
7 695
8 696
14 697
5 698
10 699
12 700
11 701
9 702
7 703
13 704
10 705
6 706
8 707
8 708
5 709
12 710
9 711
8 712
10 713
9 714
7 715
13 716
16 717
13 718
20 719
14 720
13 721
18 722
20 723
13 724
23 725
17 726
23 727
17 728
19 729
14 730
22 731
20 732
23 733
19 734
38 735
20 736
37 737
38 738
28 739
32 740
36 741
49 742
38 743
38 744
45 745
36 746
56 747
67 748
61 749
55 750
80 751
68 752
70 753
73 754
78 755
82 756
92 757
92 758
97 759
97 760
107 761
101 762
109 763
90 764
120 765
110 766
103 767
89 768
89 769
91 770
69 771
68 772
71 773
58 774
66 775
53 776
60 777
37 778
56 779
33 780
36 781
40 782
29 783
11 784
24 785
23 786
17 787
8 788
11 789
7 790
13 791
17 792
8 793
11 794
11 795
9 796
10 797
9 798
12 799
7 800
7 801
14 802
13 803
13 804
10 805
8 806
12 807
6 808
5 809
7 810
9 811
6 812
16 813
18 814
8 815
13 816
8 817
13 818
17 819
13 820
15 821
14 822
16 823
10 824
13 825
15 826
13 827
11 828
16 829
18 830
20 831
16 832
18 833
19 834
16 835
18 836
16 837
21 838
21 839
29 840
20 841
19 842
26 843
18 844
15 845
36 846
22 847
28 848
16 849
23 850
38 851
22 852
29 853
26 854
30 855
30 856
35 857
30 858
37 859
37 860
30 861
35 862
25 863
55 864
36 865
27 866
36 867
44 868
30 869
33 870
38 871
34 872
44 873
27 874
38 875
31 876
31 877
21 878
27 879
24 880
34 881
29 882
23 883
20 884
31 885
25 886
26 887
29 888
26 889
18 890
23 891
17 892
26 893
29 894
22 895
20 896
27 897
33 898
28 899
35 900
38 901
44 902
40 903
57 904
47 905
40 906
55 907
47 908
44 909
46 910
50 911
38 912
49 913
49 914
61 915
60 916
71 917
63 918
79 919
62 920
76 921
94 922
90 923
89 924
70 925
100 926
88 927
92 928
95 929
125 930
101 931
130 932
120 933
132 934
139 935
136 936
153 937
144 938
150 939
174 940
149 941
168 942
174 943
198 944
207 945
209 946
227 947
237 948
269 949
237 950
283 951
317 952
315 953
349 954
397 955
387 956
427 957
412 958
448 959
455 960
501 961
513 962
493 963
509 964
550 965
532 966
532 967
485 968
497 969
428 970
422 971
457 972
460 973
385 974
372 975
354 976
273 977
294 978
258 979
240 980
194 981
208 982
163 983
129 984
111 985
116 986
100 987
92 988
60 989
70 990
48 991
45 992
37 993
30 994
27 995
30 996
23 997
16 998
15 999
14 1000
11 1001
12 1002
12 1003
10 1004
3 1005
6 1006
3 1007
4 1008
3 1009
5 1010
4 1011
3 1012
1 1013
1 1014
3 1015
4 1016
1 1018
4 1019
1 1020
2 1021
4 1022
2 1026
4 1027
1 1028
2 1029
4 1030
2 1033
2 1034
1 1035
1 1036
3 1037
1 1038
1 1039
1 1041
1 1043
1 1045
1 1046
1 1047
1 1049
1 1052
2 1053
2 1055
1 1056
1 1058
1 1059
2 1061
1 1062
1 1063
1 1064
1 1066
2 1068
1 1069
3 1070
2 1072
3 1075
2 1077
2 1078
2 1079
1 1080
1 1082
1 1084
1 1085
4 1086
2 1090
1 1093
1 1094
1 1096
2 1098
1 1100
2 1104
1 1105
2 1106
1 1108
1 1109
2 1110
1 1111
1 1112
2 1113
2 1116
1 1117
2 1118
3 1120
3 1121
3 1122
2 1123
2 1124
3 1125
3 1128
1 1130
4 1131
1 1132
2 1133
1 1134
1 1135
2 1136
3 1138
2 1139
2 1140
2 1141
4 1142
3 1143
4 1144
2 1145
2 1146
1 1147
4 1148
2 1149
5 1150
2 1151
3 1152
4 1154
1 1155
2 1156
2 1157
3 1158
2 1159
4 1160
5 1161
1 1162
5 1163
1 1164
2 1165
2 1166
2 1167
2 1168
1 1169
2 1170
3 1171
1 1174
2 1175
1 1177
1 1180
1 1181
1 1186
3 1189
1 1192
3 1193
1 1194
1 1195
1 1196
2 1198
1 1199
1 1200
1 1202
3 1203
3 1204
1 1205
2 1207
1 1208
1 1209
1 1213
2 1214
1 1218
3 1221
1 1223
1 1225
1 1226
1 1227
1 1228
1 1230
1 1232
1 1238
2 1240
1 1241
1 1242
1 1243
1 1245
3 1247
1 1251
1 1252
3 1254
2 1256
3 1260
2 1261
1 1262
1 1263
1 1265
1 1266
1 1268
1 1269
1 1271
1 1272
1 1273
1 1276
2 1277
2 1279
2 1280
1 1281
1 1282
1 1284
1 1286
2 1287
2 1290
2 1291
1 1292
1 1293
2 1295
2 1296
1 1297
1 1300
1 1301
1 1302
4 1303
2 1305
2 1306
1 1307
1 1308
3 1309
1 1311
1 1314
3 1315
1 1316
2 1317
3 1318
3 1319
2 1322
1 1323
1 1324
1 1326
2 1328
1 1329
2 1331
1 1332
1 1333
1 1335
1 1337
1 1338
1 1339
1 1340
3 1343
2 1344
2 1345
3 1347
2 1348
1 1349
1 1350
1 1351
1 1353
1 1354
1 1357
1 1358
1 1360
4 1362
3 1365
2 1366
2 1367
1 1368
3 1370
2 1371
1 1372
1 1373
1 1374
1 1376
2 1377
1 1379
1 1381
1 1382
2 1383
4 1384
1 1386
2 1387
1 1388
1 1389
1 1391
2 1393
1 1395
1 1396
1 1397
1 1398
1 1399
1 1400
1 1401
2 1405
2 1406
1 1407
2 1408
3 1409
1 1410
2 1414
1 1415
1 1416
2 1418
1 1420
1 1422
2 1424
1 1425
1 1427
1 1429
2 1431
3 1432
3 1433
4 1434
1 1435
2 1436
1 1438
2 1440
1 1441
1 1444
2 1445
1 1446
2 1448
1 1449
1 1451
1 1453
1 1454
1 1456
4 1458
1 1459
1 1460
1 1461
2 1462
1 1464
2 1466
1 1467
1 1468
1 1471
1 1472
1 1473
2 1474
1 1475
1 1479
1 1480
1 1481
1 1483
1 1484
1 1486
2 1487
1 1488
1 1489
2 1490
2 1491
1 1494
1 1495
1 1497
2 1498
3 1503
1 1506
2 1507
3 1508
1 1510
1 1511
2 1512
1 1513
1 1514
2 1519
3 1520
1 1523
1 1524
1 1528
1 1530
1 1531
1 1532
1 1533
1 1534
3 1535
2 1537
1 1538
5 1541
1 1542
2 1543
2 1545
3 1546
2 1547
2 1548
1 1552
4 1553
2 1556
2 1558
3 1560
1 1562
1 1563
1 1565
1 1567
2 1568
1 1569
2 1570
1 1571
1 1573
1 1574
1 1576
1 1577
3 1578
1 1580
2 1581
1 1584
1 1586
1 1587
1 1590
2 1591
1 1592
1 1594
1 1596
2 1599
2 1601
1 1602
1 1603
4 1604
2 1606
3 1607
1 1608
2 1611
1 1612
2 1615
2 1616
3 1618
1 1619
1 1620
1 1621
2 1622
3 1623
1 1624
3 1626
2 1627
2 1628
1 1630
1 1631
1 1632
1 1635
1 1636
1 1638
2 1639
1 1640
1 1641
1 1642
1 1643
1 1644
1 1645
1 1646
1 1647
2 1650
1 1651
1 1652
2 1653
1 1654
1 1655
1 1656
1 1657
3 1658
1 1659
2 1660
3 1663
1 1664
1 1666
1 1667
1 1670
1 1671
2 1672
1 1674
5 1675
1 1677
2 1678
2 1679
1 1680
2 1681
2 1684
2 1685
1 1687
1 1688
1 1689
1 1690
1 1692
1 1693
2 1694
1 1695
2 1698
1 1699
1 1700
2 1701
1 1703
2 1704
1 1705
1 1706
3 1708
1 1709
2 1710
2 1711
3 1712
3 1713
1 1718
1 1719
2 1720
2 1721
4 1722
3 1723
2 1724
1 1725
4 1726
2 1727
2 1728
2 1729
3 1731
1 1732
2 1733
1 1744
1 1745
1 1746
1 1747
1 1748
2 1749
1 1750
1 1751
1 1754
2 1760
1 1763
2 1765
1 1766
1 1768
1 1769
2 1771
2 1773
1 1774
3 1777
3 1780
1 1782
1 1783
1 1785
3 1786
3 1787
3 1788
1 1789
1 1790
1 1792
1 1794
1 1795
1 1798
1 1799
2 1800
1 1802
1 1803
1 1804
1 1806
2 1808
2 1812
1 1813
2 1817
3 1818
1 1820
1 1822
3 1823
1 1825
1 1826
2 1827
1 1829
2 1830
1 1832
2 1834
2 1836
2 1838
1 1842
3 1843
1 1846
1 1847
3 1849
2 1851
1 1853
2 1855
1 1857
2 1858
2 1859
2 1861
2 1862
2 1863
2 1865
2 1866
1 1868
1 1871
1 1872
1 1873
1 1874
3 1876
3 1877
1 1880
1 1882
2 1883
2 1884
1 1885
2 1886
1 1887
3 1888
1 1890
1 1891
2 1893
1 1895
2 1896
1 1897
1 1898
1 1901
1 1902
1 1906
1 1908
1 1910
1 1911
2 1912
3 1916
1 1918
1 1919
2 1920
1 1922
2 1924
2 1925
2 1926
1 1929
2 1930
1 1933
1 1935
1 1936
2 1938
1 1939
1 1940
1 1941
2 1944
1 1945
1 1946
1 1948
1 1949
1 1951
1 1952
1 1953
1 1954
1 1955
2 1956
2 1957
1 1958
4 1959
1 1960
2 1961
2 1962
2 1965
2 1966
1 1967
1 1970
1 1971
1 1972
1 1973
2 1974
1 1975
1 1976
1 1977
1 1978
3 1979
2 1980
1 1981
1 1985
1 1987
1 1988
1 1989
1 1991
1 1992
2 1993
3 1996
1 1997
2 1998
3 1999
1 2001
2 2002
1 2004
1 2005
3 2006
1 2008
2 2009
1 2010
1 2011
1 2013
1 2014
1 2016
2 2017
1 2018
2 2019
2 2022
2 2023
2 2025
1 2026
2 2027
2 2028
3 2030
1 2031
1 2032
1 2034
1 2035
4 2036
5 2039
2 2041
2 2042
1 2043
1 2044
4 2046
2 2047
2 2048
1 2049
5 2050
1 2051
3 2052
2 2053
2 2054
2 2055
1 2056
2 2058
1 2059
3 2060
1 2063
3 2064
3 2065
4 2066
1 2067
2 2068
2 2069
3 2070
2 2071
1 2073
2 2074
2 2075
1 2076
2 2077
1 2078
1 2079
1 2081
1 2082
1 2083
2 2084
2 2085
2 2086
2 2088
1 2089
2 2090
5 2091
1 2092
1 2093
2 2094
5 2095
1 2096
3 2097
1 2098
3 2099
4 2100
1 2101
5 2103
1 2104
4 2105
1 2106
3 2107
1 2108
2 2109
1 2110
2 2111
3 2112
6 2113
8 2114
5 2115
6 2116
3 2117
4 2118
3 2119
5 2120
1 2121
2 2122
3 2123
2 2124
5 2125
6 2126
2 2127
7 2128
6 2129
4 2130
1 2131
6 2132
2 2133
1 2134
4 2135
4 2136
6 2137
3 2138
2 2139
5 2140
3 2141
3 2142
3 2143
4 2144
3 2145
4 2146
4 2147
2 2148
5 2149
8 2150
7 2151
3 2152
4 2153
2 2154
3 2155
3 2156
3 2157
4 2158
6 2159
8 2160
1 2161
8 2162
3 2163
5 2164
6 2165
5 2166
8 2167
5 2168
1 2169
6 2170
6 2171
10 2172
4 2173
3 2174
3 2175
8 2176
3 2177
11 2178
2 2179
4 2180
6 2181
13 2182
7 2183
1 2184
8 2185
8 2186
7 2187
15 2188
4 2189
10 2190
11 2191
8 2192
12 2193
8 2194
13 2195
5 2196
9 2197
12 2198
10 2199
9 2200
8 2201
17 2202
11 2203
11 2204
22 2205
13 2206
15 2207
11 2208
12 2209
8 2210
12 2211
11 2212
12 2213
11 2214
16 2215
20 2216
21 2217
11 2218
20 2219
22 2220
12 2221
12 2222
15 2223
15 2224
18 2225
20 2226
17 2227
11 2228
19 2229
19 2230
26 2231
18 2232
18 2233
24 2234
23 2235
10 2236
25 2237
14 2238
10 2239
18 2240
24 2241
16 2242
12 2243
17 2244
19 2245
33 2246
21 2247
18 2248
21 2249
21 2250
20 2251
23 2252
15 2253
12 2254
27 2255
34 2256
18 2257
24 2258
23 2259
18 2260
21 2261
21 2262
26 2263
21 2264
32 2265
27 2266
24 2267
25 2268
31 2269
28 2270
19 2271
23 2272
30 2273
22 2274
27 2275
21 2276
28 2277
23 2278
28 2279
25 2280
22 2281
27 2282
23 2283
30 2284
24 2285
12 2286
26 2287
25 2288
20 2289
19 2290
24 2291
16 2292
23 2293
23 2294
14 2295
20 2296
17 2297
18 2298
16 2299
17 2300
18 2301
9 2302
23 2303
18 2304
16 2305
25 2306
16 2307
9 2308
20 2309
18 2310
19 2311
28 2312
17 2313
19 2314
20 2315
21 2316
21 2317
20 2318
14 2319
13 2320
15 2321
28 2322
14 2323
28 2324
23 2325
22 2326
19 2327
20 2328
20 2329
22 2330
30 2331
21 2332
23 2333
20 2334
29 2335
35 2336
35 2337
35 2338
28 2339
39 2340
30 2341
35 2342
37 2343
34 2344
35 2345
34 2346
42 2347
37 2348
54 2349
40 2350
39 2351
48 2352
49 2353
51 2354
53 2355
50 2356
46 2357
53 2358
54 2359
46 2360
42 2361
58 2362
49 2363
58 2364
47 2365
59 2366
38 2367
60 2368
45 2369
56 2370
62 2371
46 2372
46 2373
40 2374
66 2375
55 2376
38 2377
57 2378
54 2379
56 2380
45 2381
47 2382
43 2383
49 2384
47 2385
33 2386
40 2387
36 2388
34 2389
48 2390
36 2391
33 2392
26 2393
37 2394
33 2395
24 2396
16 2397
30 2398
24 2399
20 2400
16 2401
21 2402
13 2403
26 2404
14 2405
21 2406
24 2407
20 2408
20 2409
14 2410
19 2411
8 2412
8 2413
16 2414
10 2415
10 2416
12 2417
5 2418
6 2419
6 2420
8 2421
13 2422
11 2423
10 2424
13 2425
7 2426
7 2427
9 2428
15 2429
11 2430
12 2431
13 2432
8 2433
7 2434
5 2435
6 2436
7 2437
12 2438
11 2439
11 2440
15 2441
12 2442
15 2443
16 2444
20 2445
20 2446
18 2447
11 2448
8 2449
14 2450
16 2451
11 2452
19 2453
17 2454
17 2455
21 2456
15 2457
10 2458
24 2459
20 2460
18 2461
19 2462
28 2463
32 2464
26 2465
30 2466
22 2467
18 2468
30 2469
31 2470
26 2471
23 2472
25 2473
22 2474
19 2475
37 2476
24 2477
29 2478
25 2479
28 2480
28 2481
18 2482
27 2483
18 2484
12 2485
19 2486
25 2487
22 2488
17 2489
15 2490
13 2491
15 2492
13 2493
13 2494
12 2495
11 2496
7 2497
9 2498
12 2499
10 2500
3 2501
8 2502
9 2503
6 2504
7 2505
11 2506
8 2507
4 2508
3 2509
5 2510
3 2511
9 2512
8 2513
4 2514
4 2515
4 2516
4 2517
5 2518
3 2519
6 2520
2 2521
2 2522
3 2523
2 2524
2 2525
2 2526
4 2527
5 2528
3 2529
1 2530
1 2531
5 2532
1 2533
3 2534
2 2535
6 2536
3 2537
3 2538
3 2539
3 2540
4 2541
1 2542
5 2543
4 2544
6 2545
7 2546
6 2547
1 2548
1 2549
5 2550
2 2551
3 2552
6 2553
5 2554
3 2555
5 2556
5 2557
4 2558
3 2559
1 2560
6 2561
4 2562
1 2563
5 2564
6 2565
4 2566
6 2567
2 2568
6 2569
1 2570
10 2571
4 2572
8 2573
7 2574
4 2575
5 2576
5 2577
3 2578
10 2579
8 2580
7 2581
13 2582
7 2583
3 2584
16 2585
7 2586
11 2587
6 2588
7 2589
5 2590
10 2591
9 2592
12 2593
10 2594
18 2595
27 2596
15 2597
16 2598
13 2599
13 2600
12 2601
11 2602
16 2603
11 2604
13 2605
12 2606
11 2607
9 2608
11 2609
12 2610
16 2611
10 2612
11 2613
16 2614
20 2615
12 2616
14 2617
14 2618
20 2619
13 2620
20 2621
13 2622
9 2623
10 2624
12 2625
17 2626
12 2627
14 2628
17 2629
17 2630
17 2631
17 2632
3 2633
6 2634
8 2635
10 2636
6 2637
9 2638
6 2639
6 2640
3 2641
6 2642
6 2643
4 2644
7 2645
5 2646
5 2647
6 2648
9 2649
2 2650
6 2651
3 2652
5 2653
5 2654
12 2655
1 2656
1 2657
4 2658
4 2659
2 2660
5 2661
5 2662
3 2663
1 2664
2 2665
3 2666
1 2667
3 2668
2 2669
4 2670
2 2671
1 2672
1 2673
6 2674
1 2676
2 2677
1 2678
1 2679
2 2680
1 2681
1 2682
2 2683
2 2684
1 2687
2 2688
2 2689
2 2690
2 2691
4 2693
1 2694
1 2695
1 2696
1 2697
1 2698
1 2701
3 2702
2 2703
1 2704
1 2707
1 2708
2 2710
1 2711
1 2712
1 2714
2 2716
1 2718
1 2719
1 2722
1 2723
1 2724
3 2725
1 2726
2 2727
1 2729
4 2730
1 2732
1 2733
3 2735
1 2737
1 2740
1 2741
3 2742
2 2745
1 2746
2 2751
1 2754
1 2756
1 2757
1 2761
1 2766
1 2768
1 2769
1 2779
2 2783
1 2802
1 2807
1 2816
1 2822
1 2832
1 2841
1 2861
1 2937
1 2939
1 2941
1 2958
1 3037
1 3069
1 3070
1 3075
1 3092
1 3116
1 3144
1 3145
1 3153
1 3155
1 3206
1 3208
1 3215
1 3227
1 3259
1 3262
1 3265
1 3276
1 3289
1 3312
1 3324
1 3337
1 3361
1 3375
1 3405
1 3407
1 3462
1 3471
1 3479
1 3517
1 3566
2 3628
1 3629
1 3674
1 3704
1 3811
1 3879
1 3922
1 3953
1 4132
1 4214
1 4384
1 4686
1 4763
1 5446
