1 2
1 6
1 7
1 10
2 13
1 14
2 15
1 17
2 20
1 21
1 24
1 26
3 27
1 28
1 36
1 38
3 39
1 41
2 42
1 44
1 50
1 52
1 53
1 54
2 56
2 58
3 60
1 61
2 62
2 63
1 64
1 65
3 66
2 69
2 71
1 73
1 76
1 77
2 78
1 80
1 81
2 82
1 83
1 84
2 86
4 87
2 88
1 89
3 90
2 93
1 94
3 95
1 98
2 99
1 101
1 102
1 103
1 104
1 106
1 107
3 108
4 109
2 110
2 111
3 113
1 114
4 115
4 116
2 117
4 118
6 119
5 120
2 121
2 122
2 123
2 124
1 125
2 126
1 129
2 130
5 131
2 132
5 134
4 135
2 136
4 137
3 139
2 140
4 141
3 142
5 143
2 144
4 145
2 147
1 148
2 149
2 150
3 151
2 152
3 153
3 154
1 155
5 156
2 157
1 158
3 159
4 160
3 161
1 162
2 163
1 164
1 166
2 167
4 168
2 169
2 170
1 171
2 172
5 173
3 174
2 175
4 176
2 177
3 178
1 179
1 181
2 182
6 183
5 184
1 185
3 186
7 187
3 188
3 189
8 190
2 191
6 192
5 193
4 194
2 195
2 196
4 197
5 198
2 199
4 200
6 202
9 203
7 204
11 205
7 206
10 207
8 208
11 209
12 210
10 211
8 212
8 213
14 214
17 215
11 216
8 217
14 218
8 219
17 220
18 221
27 222
18 223
26 224
23 225
39 226
28 227
35 228
43 229
60 230
41 231
54 232
63 233
73 234
55 235
56 236
27 237
28 238
26 239
22 240
19 241
18 242
9 243
18 244
16 245
14 246
18 247
16 248
16 249
14 250
21 251
21 252
29 253
27 254
32 255
24 256
42 257
27 258
26 259
17 260
19 261
13 262
12 263
11 264
6 265
3 266
5 267
7 268
6 269
1 270
5 271
2 272
8 273
4 274
1 275
2 276
2 277
5 278
5 279
6 280
5 281
2 282
3 283
5 284
3 285
6 286
2 287
3 288
3 289
4 290
4 291
4 292
3 293
6 294
3 295
2 296
3 297
4 298
4 299
4 300
2 301
7 302
2 303
4 304
3 305
4 306
9 307
6 308
7 309
3 310
3 311
6 312
13 313
6 314
9 315
7 316
6 317
7 318
9 319
7 320
8 321
10 322
11 323
11 324
11 325
8 326
5 327
13 328
10 329
16 330
8 331
8 332
13 333
10 334
11 335
9 336
17 337
13 338
15 339
10 340
12 341
13 342
18 343
13 344
12 345
8 346
12 347
10 348
7 349
10 350
14 351
16 352
13 353
9 354
11 355
16 356
13 357
31 358
26 359
44 360
37 361
49 362
53 363
63 364
72 365
81 366
82 367
86 368
81 369
96 370
81 371
75 372
74 373
43 374
57 375
40 376
27 377
29 378
18 379
20 380
18 381
18 382
16 383
9 384
5 385
14 386
12 387
13 388
5 390
6 391
4 392
2 393
4 394
2 395
5 396
3 398
5 399
5 400
5 401
4 402
4 403
3 404
5 405
10 406
5 407
6 408
6 409
6 410
5 411
7 412
9 413
11 414
7 415
8 416
14 417
8 418
13 419
23 420
10 421
31 422
15 423
14 424
22 425
11 426
23 427
14 428
31 429
25 430
23 431
24 432
19 433
22 434
15 435
25 436
20 437
11 438
11 439
11 440
17 441
13 442
12 443
5 444
8 445
7 446
6 447
5 448
5 449
2 450
5 451
4 452
4 453
4 454
2 455
3 456
1 457
6 458
3 459
3 460
2 461
3 462
2 463
3 465
3 466
3 468
2 469
2 470
2 471
1 472
2 473
1 474
2 475
4 476
2 477
3 478
2 479
3 480
6 481
4 482
2 483
4 484
2 485
1 486
4 487
4 488
4 489
4 490
3 491
4 492
3 493
3 494
3 495
2 496
6 497
1 498
4 499
5 500
1 501
1 502
3 503
5 504
3 505
4 506
3 507
7 508
6 509
12 510
11 511
7 512
5 513
14 514
16 515
7 516
13 517
7 518
15 519
18 520
15 521
17 522
18 523
28 524
17 525
24 526
35 527
30 528
28 529
35 530
26 531
41 532
35 533
52 534
35 535
56 536
49 537
48 538
44 539
36 540
39 541
36 542
39 543
36 544
20 545
21 546
17 547
12 548
10 549
7 550
7 551
10 552
5 553
6 554
2 555
5 556
5 557
2 558
3 559
4 560
5 561
1 562
1 563
3 564
3 565
4 566
6 567
4 568
7 569
2 570
5 571
5 572
4 573
3 574
3 575
5 576
4 577
3 578
4 579
4 580
3 582
6 583
2 584
2 585
2 586
3 587
2 588
4 589
2 590
4 591
2 592
1 593
3 594
3 595
2 596
2 597
1 598
2 599
5 601
3 602
4 603
3 604
3 605
1 606
4 607
1 608
1 609
1 610
2 611
1 612
4 613
1 614
1 615
1 616
2 617
1 618
3 619
3 620
1 621
2 622
2 624
2 625
4 626
2 627
1 628
1 629
3 630
2 631
2 632
2 634
2 635
1 636
2 637
2 638
1 639
1 640
6 641
9 642
1 643
3 644
2 645
3 646
1 647
3 648
3 649
1 650
1 651
3 652
4 653
3 654
5 655
7 656
8 657
6 658
7 659
5 660
7 661
4 662
5 663
6 664
6 665
6 666
5 667
5 668
1 669
6 670
2 671
7 672
2 673
3 674
4 675
2 677
3 678
5 679
3 681
3 682
2 683
4 684
3 686
6 687
4 688
2 689
4 690
2 691
2 692
3 693
1 694
5 695
3 696
4 697
1 698
3 699
5 700
1 701
4 702
3 703
4 704
4 705
5 706
4 708
3 709
3 710
2 711
1 712
1 713
3 714
1 715
3 716
4 717
2 718
1 719
1 720
4 721
1 722
3 723
2 724
1 726
3 727
3 728
4 729
2 730
3 731
1 732
1 733
3 734
3 736
2 737
9 738
1 739
3 741
1 742
3 743
1 744
5 745
3 746
3 747
5 748
5 749
5 750
2 751
2 752
6 753
3 754
6 755
4 756
3 757
1 758
2 759
1 760
4 761
4 762
2 763
2 764
4 766
1 767
3 768
3 769
5 771
4 772
2 773
4 774
1 775
2 776
1 777
2 778
1 779
2 780
3 781
4 782
1 783
1 785
1 787
1 789
1 790
1 791
1 792
3 793
1 794
3 795
3 796
3 797
1 798
2 799
3 801
1 802
3 803
1 804
1 805
1 806
1 807
1 808
3 809
2 810
3 813
2 814
5 816
2 817
2 818
1 819
2 820
2 823
1 824
4 825
3 827
3 828
2 829
3 830
1 831
3 832
3 833
1 834
5 835
3 836
1 837
1 838
3 839
6 840
3 841
2 842
3 843
4 845
1 846
4 847
1 848
2 849
3 850
1 851
1 852
3 853
4 854
4 855
4 856
3 857
1 858
2 859
1 862
2 863
3 864
2 865
1 866
3 868
6 869
2 870
2 871
4 872
2 873
1 874
4 875
1 876
2 877
3 878
2 879
4 880
1 881
3 882
2 883
4 884
3 886
3 887
2 889
1 890
2 891
3 892
2 893
1 894
1 895
4 896
2 897
2 898
2 899
3 900
4 901
2 902
5 903
3 904
4 905
3 906
5 907
6 908
5 909
3 910
5 911
5 912
3 913
8 914
2 915
4 916
3 917
3 918
6 919
5 920
4 921
5 922
7 923
2 924
5 925
4 926
5 927
2 928
2 929
2 930
4 932
3 933
5 934
7 935
3 936
5 937
4 938
6 939
4 940
11 941
7 942
7 943
7 944
10 945
4 946
5 947
4 948
6 949
9 950
6 951
6 952
9 953
7 954
9 955
7 956
7 957
9 958
7 959
8 960
9 961
7 962
8 963
10 964
9 965
12 966
6 967
5 968
8 969
4 970
4 971
7 972
5 973
7 974
5 975
2 976
3 977
11 978
4 979
4 980
3 981
3 982
4 983
3 984
5 985
10 986
6 987
1 988
3 989
1 990
3 991
6 992
8 993
4 994
7 995
5 996
8 997
8 998
4 999
9 1000
4 1001
6 1002
9 1003
13 1004
4 1005
9 1006
8 1007
9 1008
10 1009
12 1010
9 1011
7 1012
7 1013
7 1014
15 1015
8 1016
10 1017
10 1018
13 1019
11 1020
15 1021
13 1022
16 1023
15 1024
17 1025
13 1026
18 1027
10 1028
15 1029
16 1030
26 1031
20 1032
14 1033
16 1034
26 1035
15 1036
23 1037
27 1038
25 1039
25 1040
22 1041
31 1042
26 1043
31 1044
29 1045
49 1046
40 1047
41 1048
38 1049
56 1050
49 1051
35 1052
63 1053
55 1054
42 1055
50 1056
43 1057
48 1058
44 1059
40 1060
44 1061
37 1062
42 1063
56 1064
49 1065
48 1066
36 1067
50 1068
45 1069
35 1070
46 1071
43 1072
46 1073
54 1074
59 1075
52 1076
43 1077
44 1078
62 1079
73 1080
71 1081
62 1082
72 1083
87 1084
104 1085
112 1086
110 1087
114 1088
115 1089
149 1090
138 1091
150 1092
153 1093
145 1094
144 1095
161 1096
184 1097
138 1098
151 1099
176 1100
176 1101
155 1102
162 1103
149 1104
123 1105
123 1106
146 1107
106 1108
108 1109
93 1110
91 1111
74 1112
96 1113
71 1114
73 1115
51 1116
54 1117
34 1118
24 1119
35 1120
23 1121
19 1122
23 1123
18 1124
11 1125
20 1126
14 1127
9 1128
16 1129
6 1130
8 1131
12 1132
9 1133
6 1134
8 1135
7 1136
7 1137
8 1138
3 1139
4 1140
2 1141
6 1142
6 1143
7 1144
4 1145
5 1146
3 1147
5 1148
4 1149
4 1150
2 1151
3 1152
6 1153
6 1154
6 1155
9 1156
9 1157
4 1158
7 1159
5 1160
4 1161
10 1162
8 1163
10 1164
6 1165
7 1166
8 1167
10 1168
8 1169
13 1170
15 1171
14 1172
17 1173
22 1174
14 1175
11 1176
16 1177
22 1178
14 1179
13 1180
14 1181
12 1182
18 1183
15 1184
15 1185
16 1186
17 1187
20 1188
18 1189
10 1190
16 1191
14 1192
17 1193
10 1194
21 1195
15 1196
13 1197
11 1198
11 1199
11 1200
8 1201
6 1202
10 1203
4 1204
9 1205
5 1206
7 1207
3 1208
5 1209
5 1211
4 1212
1 1213
1 1214
5 1215
1 1217
1 1218
1 1219
3 1220
2 1221
1 1223
1 1224
1 1225
1 1226
1 1228
1 1229
2 1230
1 1231
1 1233
3 1234
2 1236
2 1237
2 1238
1 1239
4 1240
1 1241
1 1242
1 1243
1 1244
2 1246
2 1249
2 1250
1 1251
3 1252
1 1255
1 1257
4 1258
2 1260
2 1262
4 1263
3 1265
1 1266
2 1268
1 1269
2 1271
2 1272
4 1273
2 1274
2 1275
2 1276
2 1277
3 1279
2 1282
1 1284
1 1286
3 1287
1 1288
1 1289
1 1290
1 1291
1 1292
3 1293
1 1294
1 1295
1 1297
3 1298
1 1300
1 1303
1 1304
1 1307
2 1308
1 1309
2 1310
3 1311
1 1313
1 1314
1 1315
1 1316
2 1317
1 1318
1 1319
2 1320
1 1322
1 1323
1 1324
1 1326
1 1327
1 1329
4 1330
3 1331
2 1334
1 1335
1 1336
1 1337
1 1341
1 1342
2 1343
1 1345
1 1347
1 1349
2 1350
3 1351
4 1353
2 1356
1 1357
1 1358
1 1359
3 1360
2 1361
1 1362
1 1363
1 1365
1 1366
1 1367
1 1368
1 1369
2 1370
1 1371
2 1372
2 1373
2 1374
2 1376
1 1377
2 1380
1 1382
2 1383
1 1384
1 1385
1 1388
8 1389
2 1390
3 1391
5 1392
3 1395
2 1396
5 1397
1 1398
3 1399
2 1400
3 1401
2 1402
1 1403
2 1404
2 1405
1 1406
4 1407
2 1408
2 1409
1 1410
3 1411
1 1413
2 1414
2 1415
1 1416
1 1417
3 1418
1 1420
2 1421
2 1422
1 1423
3 1424
1 1425
3 1427
1 1429
1 1430
3 1431
1 1432
1 1433
1 1436
1 1437
1 1441
1 1442
2 1443
3 1445
2 1446
3 1447
3 1448
1 1449
3 1450
1 1451
3 1452
2 1453
2 1454
1 1455
1 1456
2 1457
1 1458
4 1459
1 1461
2 1462
3 1463
6 1464
2 1465
1 1466
2 1470
1 1471
1 1472
1 1473
3 1474
3 1475
1 1476
1 1477
2 1478
2 1480
1 1481
3 1482
1 1484
1 1485
1 1486
3 1487
1 1489
2 1490
1 1491
3 1492
2 1493
2 1494
1 1495
1 1496
1 1497
4 1498
1 1499
2 1501
2 1506
2 1507
3 1508
1 1509
1 1510
1 1512
1 1514
1 1515
3 1518
2 1519
2 1520
1 1523
2 1524
4 1525
1 1526
1 1527
3 1528
3 1529
3 1530
5 1531
1 1533
2 1534
1 1535
1 1536
1 1537
1 1538
2 1539
2 1540
1 1541
3 1542
3 1543
2 1544
3 1546
2 1547
2 1548
1 1549
1 1551
1 1552
2 1553
2 1554
1 1555
1 1556
2 1559
2 1560
2 1561
1 1562
2 1563
2 1564
1 1565
7 1566
3 1567
6 1568
1 1569
3 1570
7 1571
1 1572
5 1573
7 1574
2 1575
6 1576
2 1577
2 1578
1 1579
3 1580
1 1581
3 1582
4 1583
5 1584
4 1586
2 1587
2 1588
2 1589
4 1590
6 1591
7 1592
3 1593
4 1594
9 1595
7 1596
6 1597
5 1598
6 1599
2 1600
5 1601
4 1602
10 1603
6 1604
2 1605
4 1606
4 1607
3 1608
9 1609
8 1610
7 1611
5 1612
3 1613
10 1614
10 1615
7 1616
8 1617
7 1618
6 1619
5 1620
11 1621
5 1622
12 1623
4 1624
9 1625
7 1626
8 1627
8 1628
8 1629
8 1630
12 1631
9 1632
12 1633
5 1634
10 1635
10 1636
11 1637
13 1638
13 1639
12 1640
6 1641
12 1642
12 1643
13 1644
9 1645
9 1646
12 1647
10 1648
7 1649
4 1650
13 1651
10 1652
7 1653
8 1654
14 1655
7 1656
11 1657
11 1658
11 1659
9 1660
3 1661
4 1662
6 1663
7 1664
8 1665
6 1666
7 1667
9 1668
7 1669
5 1670
8 1671
11 1672
10 1673
5 1674
7 1675
9 1676
10 1677
10 1678
8 1679
12 1680
9 1681
15 1682
10 1683
7 1684
10 1685
10 1686
16 1687
17 1688
11 1689
16 1690
10 1691
17 1692
18 1693
19 1694
22 1695
26 1696
26 1697
21 1698
28 1699
27 1700
28 1701
21 1702
33 1703
17 1704
35 1705
28 1706
42 1707
43 1708
48 1709
49 1710
43 1711
65 1712
49 1713
52 1714
43 1715
38 1716
62 1717
64 1718
53 1719
69 1720
62 1721
50 1722
49 1723
63 1724
66 1725
77 1726
61 1727
64 1728
63 1729
74 1730
62 1731
63 1732
58 1733
48 1734
50 1735
46 1736
42 1737
46 1738
63 1739
52 1740
47 1741
39 1742
48 1743
33 1744
23 1745
33 1746
29 1747
36 1748
35 1749
29 1750
26 1751
18 1752
26 1753
21 1754
23 1755
31 1756
21 1757
20 1758
27 1759
22 1760
19 1761
21 1762
23 1763
19 1764
19 1765
20 1766
18 1767
13 1768
16 1769
15 1770
15 1771
12 1772
9 1773
17 1774
12 1775
8 1776
11 1777
8 1778
7 1779
13 1780
3 1781
8 1782
9 1783
4 1784
11 1785
5 1786
3 1787
5 1788
6 1789
5 1790
6 1791
9 1792
4 1793
5 1794
6 1795
5 1796
4 1797
2 1798
4 1799
3 1800
2 1801
3 1803
2 1804
2 1805
2 1806
2 1807
5 1808
3 1809
5 1810
2 1811
5 1812
1 1813
1 1814
1 1815
3 1816
3 1817
2 1818
2 1819
6 1820
1 1821
4 1822
1 1823
3 1824
3 1825
2 1826
3 1827
3 1828
2 1829
2 1830
2 1831
2 1832
2 1833
3 1834
2 1835
3 1838
1 1839
4 1840
3 1842
1 1844
2 1845
1 1846
2 1847
1 1848
2 1849
3 1850
4 1851
3 1852
3 1853
1 1854
1 1855
2 1856
2 1857
2 1858
1 1859
2 1860
4 1861
4 1862
3 1863
3 1864
4 1865
5 1866
3 1867
1 1868
2 1869
5 1870
3 1871
3 1872
3 1873
2 1874
9 1875
1 1876
1 1877
8 1878
7 1879
5 1880
5 1881
10 1882
2 1883
5 1884
4 1885
4 1886
5 1887
5 1888
7 1889
7 1890
8 1891
6 1892
13 1893
5 1894
3 1895
10 1896
7 1897
11 1898
11 1899
14 1900
10 1901
18 1902
17 1903
18 1904
17 1905
23 1906
18 1907
17 1908
15 1909
17 1910
24 1911
21 1912
22 1913
29 1914
27 1915
29 1916
14 1917
26 1918
19 1919
27 1920
28 1921
18 1922
30 1923
29 1924
23 1925
20 1926
19 1927
19 1928
22 1929
21 1930
14 1931
19 1932
19 1933
21 1934
19 1935
15 1936
13 1937
18 1938
18 1939
16 1940
14 1941
7 1942
14 1943
9 1944
5 1945
10 1946
10 1947
7 1948
5 1949
4 1950
4 1951
5 1952
2 1953
4 1954
3 1955
3 1956
3 1957
3 1958
3 1959
4 1960
3 1961
3 1962
1 1963
1 1964
3 1965
1 1966
2 1967
2 1968
2 1969
1 1971
2 1972
1 1973
1 1976
1 1977
1 1979
1 1980
2 1983
1 1985
1 1987
1 1990
1 1996
1 2005
1 2015
1 2045
2 2048
1 2072
1 2074
1 2077
1 2086
1 2093
1 2108
1 2121
1 2123
1 2145
1 2163
1 2169
1 2189
1 2219
1 2231
1 2260
1 2293
1 2297
1 2309
1 2315
1 2319
1 2326
1 2332
1 2372
1 2375
1 2382
1 2397
1 2427
1 2431
1 2432
1 2447
1 2476
1 2497
1 2519
1 2549
1 2565
1 2631
1 2644
1 2648
1 2653
1 2662
1 2670
1 2687
1 2743
1 2753
1 2780
1 2798
1 2831
1 2840
1 2847
1 2852
1 2899
1 2952
1 2984
1 3046
1 3051
1 3156
1 3192
1 3354
1 3459
1 3557
1 3881
1 4148
1 4179
