1 1
1 2
2 5
1 6
1 7
2 12
2 13
3 15
3 16
3 17
3 18
2 20
1 21
1 22
1 23
1 24
1 26
2 28
1 29
1 30
2 31
4 32
4 33
2 34
7 35
3 36
1 37
1 39
3 40
1 41
4 42
2 43
2 44
2 45
1 47
2 48
2 49
6 50
1 51
3 52
1 53
1 55
1 56
3 57
2 58
1 60
3 61
5 62
2 64
4 65
5 66
2 67
4 68
2 69
8 70
5 71
4 72
4 73
4 74
1 75
5 76
5 77
1 78
3 79
4 80
2 81
2 82
1 83
5 84
3 85
1 86
8 87
2 89
4 90
4 91
6 93
5 94
3 95
3 96
5 97
5 98
4 99
6 100
3 101
4 102
7 103
2 104
4 105
2 106
5 107
5 108
2 109
6 110
6 111
5 112
6 114
2 115
6 116
8 117
4 118
5 119
4 120
2 121
6 122
4 123
6 124
8 125
5 126
6 127
3 128
7 129
6 130
5 131
1 132
6 133
5 134
6 136
4 137
6 138
3 139
1 140
4 141
5 142
5 143
9 144
4 145
7 146
4 147
6 148
7 149
9 150
7 151
5 152
6 153
14 154
10 155
1 156
11 157
7 158
8 159
16 160
15 161
13 162
13 163
16 164
12 165
11 166
11 167
4 168
6 169
7 170
8 171
6 172
7 173
4 174
3 175
5 176
8 177
7 178
8 179
7 180
5 181
7 182
11 183
14 184
9 185
18 186
17 187
24 188
39 189
42 190
43 191
47 192
66 193
96 194
90 195
89 196
107 197
77 198
91 199
92 200
81 201
54 202
38 203
40 204
31 205
26 206
10 207
14 208
14 209
9 210
9 211
9 212
9 213
8 214
7 215
7 216
8 217
6 218
12 219
10 220
5 221
4 222
12 223
5 224
7 225
5 226
6 227
8 228
6 229
8 230
10 231
3 232
8 233
7 234
8 235
16 236
7 237
14 238
9 239
11 240
12 241
14 242
13 243
13 244
12 245
9 246
10 247
10 248
15 249
15 250
14 251
16 252
22 253
15 254
26 255
16 256
14 257
17 258
19 259
31 260
26 261
19 262
19 263
27 264
19 265
24 266
26 267
26 268
32 269
37 270
48 271
49 272
55 273
65 274
62 275
71 276
67 277
51 278
64 279
59 280
48 281
54 282
45 283
48 284
44 285
50 286
28 287
29 288
50 289
58 290
61 291
70 292
85 293
102 294
113 295
131 296
182 297
204 298
224 299
230 300
259 301
287 302
310 303
279 304
296 305
259 306
215 307
218 308
169 309
135 310
127 311
98 312
81 313
69 314
68 315
59 316
52 317
61 318
66 319
83 320
82 321
82 322
87 323
100 324
104 325
116 326
132 327
101 328
109 329
117 330
107 331
107 332
83 333
74 334
70 335
53 336
51 337
43 338
41 339
39 340
48 341
27 342
21 343
35 344
33 345
39 346
42 347
41 348
44 349
43 350
47 351
33 352
44 353
44 354
36 355
19 356
30 357
26 358
27 359
22 360
34 361
31 362
40 363
31 364
36 365
33 366
39 367
35 368
34 369
37 370
40 371
40 372
42 373
47 374
45 375
38 376
52 377
54 378
59 379
52 380
58 381
52 382
43 383
44 384
51 385
51 386
54 387
38 388
34 389
43 390
30 391
27 392
23 393
22 394
21 395
18 396
22 397
21 398
18 399
18 400
24 401
24 402
15 403
13 404
19 405
18 406
25 407
20 408
23 409
22 410
18 411
20 412
26 413
23 414
20 415
27 416
16 417
26 418
21 419
20 420
32 421
22 422
37 423
25 424
32 425
33 426
34 427
43 428
41 429
39 430
59 431
44 432
43 433
57 434
59 435
43 436
46 437
53 438
46 439
59 440
53 441
40 442
30 443
32 444
34 445
32 446
25 447
26 448
17 449
22 450
24 451
18 452
25 453
18 454
17 455
27 456
30 457
29 458
23 459
25 460
22 461
34 462
44 463
27 464
31 465
28 466
22 467
28 468
25 469
29 470
30 471
29 472
24 473
16 474
18 475
23 476
26 477
25 478
18 479
22 480
18 481
19 482
17 483
19 484
20 485
17 486
23 487
20 488
15 489
18 490
23 491
13 492
15 493
25 494
14 495
15 496
18 497
15 498
21 499
26 500
24 501
27 502
24 503
32 504
28 505
27 506
32 507
36 508
41 509
41 510
42 511
53 512
52 513
57 514
58 515
53 516
56 517
82 518
86 519
97 520
98 521
102 522
106 523
131 524
121 525
144 526
166 527
145 528
146 529
151 530
130 531
133 532
139 533
95 534
115 535
116 536
79 537
91 538
78 539
72 540
51 541
39 542
32 543
36 544
34 545
27 546
24 547
25 548
24 549
18 550
19 551
21 552
23 553
20 554
24 555
14 556
14 557
14 558
16 559
14 560
11 561
11 562
19 563
7 564
11 565
15 566
14 567
11 568
17 569
15 570
11 571
14 572
18 573
7 574
15 575
13 576
16 577
10 578
13 579
12 580
16 581
24 582
11 583
25 584
20 585
22 586
22 587
25 588
14 589
24 590
29 591
18 592
15 593
20 594
23 595
27 596
25 597
20 598
33 599
25 600
32 601
18 602
27 603
23 604
27 605
24 606
31 607
27 608
22 609
31 610
33 611
32 612
21 613
18 614
22 615
15 616
23 617
17 618
19 619
21 620
15 621
19 622
10 623
16 624
11 625
18 626
21 627
13 628
15 629
18 630
10 631
27 632
13 633
21 634
22 635
15 636
18 637
18 638
17 639
21 640
28 641
20 642
16 643
23 644
15 645
30 646
27 647
32 648
32 649
28 650
32 651
27 652
34 653
29 654
36 655
41 656
41 657
63 658
58 659
65 660
53 661
57 662
71 663
61 664
55 665
76 666
52 667
53 668
43 669
65 670
50 671
45 672
35 673
48 674
41 675
44 676
37 677
37 678
31 679
31 680
26 681
35 682
26 683
24 684
25 685
28 686
31 687
21 688
19 689
19 690
19 691
13 692
23 693
27 694
25 695
22 696
20 697
15 698
13 699
14 700
18 701
25 702
15 703
19 704
18 705
19 706
23 707
17 708
19 709
14 710
22 711
13 712
19 713
25 714
21 715
13 716
8 717
14 718
25 719
20 720
9 721
13 722
17 723
13 724
12 725
14 726
7 727
13 728
14 729
14 730
14 731
11 732
11 733
13 734
17 735
19 736
20 737
14 738
17 739
21 740
11 741
16 742
17 743
16 744
17 745
17 746
17 747
11 748
15 749
11 750
16 751
11 752
14 753
19 754
15 755
8 756
10 757
15 758
13 759
13 760
14 761
11 762
15 763
7 764
11 765
16 766
13 767
15 768
11 769
17 770
22 771
11 772
11 773
15 774
24 775
26 776
18 777
30 778
21 779
17 780
19 781
26 782
17 783
26 784
22 785
25 786
28 787
20 788
30 789
24 790
26 791
24 792
33 793
29 794
31 795
34 796
15 797
30 798
26 799
17 800
19 801
29 802
11 803
21 804
13 805
13 806
16 807
14 808
20 809
18 810
12 811
13 812
19 813
18 814
16 815
29 816
14 817
15 818
18 819
19 820
16 821
16 822
22 823
14 824
19 825
18 826
27 827
27 828
26 829
25 830
18 831
22 832
25 833
23 834
28 835
31 836
29 837
29 838
38 839
32 840
41 841
42 842
34 843
36 844
39 845
34 846
38 847
50 848
43 849
45 850
51 851
39 852
77 853
73 854
59 855
76 856
60 857
70 858
78 859
70 860
87 861
92 862
77 863
87 864
87 865
82 866
88 867
65 868
73 869
72 870
71 871
60 872
65 873
63 874
50 875
44 876
39 877
40 878
43 879
33 880
28 881
45 882
43 883
28 884
52 885
43 886
45 887
45 888
56 889
53 890
53 891
45 892
55 893
58 894
73 895
56 896
56 897
87 898
82 899
70 900
70 901
82 902
88 903
86 904
73 905
64 906
59 907
60 908
62 909
69 910
57 911
54 912
41 913
40 914
39 915
33 916
42 917
37 918
31 919
24 920
29 921
17 922
14 923
17 924
7 925
13 926
10 927
13 928
11 929
11 930
10 931
9 932
16 933
12 934
14 935
5 936
7 937
7 938
5 939
7 940
8 941
7 942
5 943
7 944
2 945
2 946
6 947
7 948
6 949
2 950
2 951
1 952
4 953
2 954
6 955
5 957
1 958
2 959
2 961
1 962
1 963
2 964
2 965
3 966
3 967
1 968
1 969
3 970
2 971
1 972
5 973
2 974
6 975
1 976
2 977
4 978
1 979
5 980
3 981
3 982
2 983
1 984
3 985
1 986
1 987
5 988
2 989
3 990
1 991
1 992
2 993
2 994
2 995
3 996
2 997
4 999
2 1000
3 1001
3 1003
1 1004
3 1005
1 1006
3 1007
3 1008
3 1009
1 1010
3 1011
2 1012
3 1013
4 1014
1 1015
3 1016
4 1017
3 1018
2 1019
3 1020
4 1021
3 1022
4 1023
2 1024
2 1025
5 1026
4 1028
1 1029
4 1030
6 1031
5 1032
1 1033
1 1034
1 1035
4 1036
7 1037
3 1038
6 1039
5 1040
5 1041
4 1042
1 1043
2 1044
3 1045
4 1046
3 1047
4 1048
2 1049
4 1050
2 1051
5 1052
1 1053
3 1054
5 1055
4 1056
7 1057
4 1058
1 1059
6 1060
8 1061
4 1062
8 1063
7 1064
4 1065
5 1066
5 1067
3 1068
8 1069
9 1070
8 1071
7 1072
6 1073
8 1074
3 1075
5 1076
1 1077
8 1078
4 1079
3 1080
3 1081
7 1082
4 1083
3 1084
8 1085
7 1086
3 1087
2 1088
2 1089
3 1090
2 1091
2 1092
1 1093
7 1094
2 1095
1 1096
2 1097
1 1098
4 1099
4 1100
3 1101
4 1102
2 1103
1 1104
2 1105
4 1107
1 1108
4 1109
2 1110
2 1111
1 1112
2 1113
6 1115
4 1116
2 1117
2 1118
2 1119
3 1120
3 1121
5 1122
5 1123
1 1124
4 1125
7 1126
1 1127
3 1128
6 1129
2 1130
1 1132
1 1133
2 1135
1 1136
4 1137
2 1138
3 1139
2 1140
3 1141
1 1142
4 1143
2 1144
4 1145
4 1146
6 1147
4 1148
2 1149
1 1150
4 1151
2 1152
7 1153
3 1154
2 1155
3 1156
6 1157
4 1158
2 1159
5 1160
4 1161
3 1162
4 1163
2 1164
7 1165
4 1166
5 1167
5 1168
6 1169
7 1170
5 1171
8 1172
10 1173
13 1174
14 1175
11 1176
12 1177
16 1178
11 1179
11 1180
24 1181
18 1182
13 1183
18 1184
20 1185
23 1186
10 1187
16 1188
21 1189
17 1190
13 1191
12 1192
21 1193
20 1194
19 1195
16 1196
4 1197
19 1198
14 1199
14 1200
17 1201
18 1202
13 1203
12 1204
11 1205
9 1206
12 1207
8 1208
11 1209
5 1210
6 1211
9 1212
7 1213
6 1214
9 1215
9 1216
4 1217
9 1218
6 1219
4 1220
5 1221
5 1222
3 1223
3 1224
2 1225
4 1226
6 1227
4 1228
5 1229
9 1230
1 1231
5 1232
3 1233
3 1234
8 1235
3 1236
7 1237
1 1238
7 1239
4 1240
5 1241
4 1242
5 1243
1 1244
3 1245
2 1246
8 1247
4 1248
7 1249
5 1250
5 1251
6 1252
4 1253
5 1254
8 1255
4 1256
5 1257
6 1258
7 1259
10 1260
6 1261
9 1262
4 1263
7 1264
13 1265
14 1266
11 1267
8 1268
8 1269
13 1270
13 1271
11 1272
9 1273
17 1274
11 1275
22 1276
29 1277
18 1278
22 1279
23 1280
31 1281
19 1282
18 1283
30 1284
26 1285
20 1286
17 1287
35 1288
35 1289
28 1290
28 1291
40 1292
35 1293
29 1294
31 1295
27 1296
39 1297
35 1298
35 1299
27 1300
35 1301
21 1302
33 1303
31 1304
35 1305
22 1306
22 1307
13 1308
19 1309
19 1310
21 1311
16 1312
16 1313
24 1314
14 1315
12 1316
11 1317
11 1318
13 1319
17 1320
13 1321
7 1322
15 1323
6 1324
9 1325
6 1326
9 1327
17 1328
14 1329
10 1330
13 1331
8 1332
8 1333
7 1334
7 1335
5 1336
6 1337
4 1338
10 1339
12 1340
6 1341
7 1342
1 1343
7 1344
4 1345
4 1346
2 1347
5 1348
4 1349
5 1350
5 1351
6 1352
3 1353
1 1354
2 1355
6 1356
5 1357
4 1358
3 1359
6 1360
3 1361
2 1362
3 1363
7 1364
6 1365
9 1366
4 1367
7 1368
2 1369
2 1370
6 1371
6 1372
4 1373
3 1374
4 1375
7 1376
4 1377
6 1378
5 1379
4 1380
4 1381
6 1382
4 1383
5 1384
5 1385
2 1386
4 1387
5 1389
10 1390
4 1391
4 1392
2 1393
8 1394
10 1396
2 1397
5 1399
1 1400
4 1401
4 1402
1 1403
2 1404
3 1405
2 1406
6 1407
3 1408
5 1409
2 1410
1 1411
4 1412
4 1413
2 1414
7 1415
2 1416
2 1417
2 1418
2 1419
2 1420
3 1421
1 1422
3 1423
3 1424
1 1425
3 1426
3 1427
4 1428
3 1429
2 1430
2 1431
2 1433
6 1434
4 1435
2 1436
3 1437
3 1438
5 1439
3 1440
3 1441
3 1442
1 1443
2 1444
5 1445
3 1446
8 1447
5 1448
5 1449
2 1450
6 1451
4 1452
2 1453
2 1454
4 1455
2 1456
2 1457
1 1458
1 1459
3 1460
1 1461
6 1462
5 1463
3 1464
2 1465
2 1466
2 1467
6 1468
5 1469
3 1470
4 1471
3 1472
6 1473
4 1474
6 1475
4 1476
5 1477
2 1478
5 1479
5 1480
2 1481
4 1482
4 1483
4 1484
2 1485
2 1486
3 1488
3 1489
5 1491
3 1492
2 1493
3 1494
2 1495
2 1496
3 1497
5 1498
1 1499
2 1500
1 1501
4 1502
1 1504
6 1505
1 1506
4 1507
2 1508
3 1509
2 1510
4 1511
2 1512
1 1513
1 1515
2 1516
2 1517
2 1518
6 1519
1 1520
1 1521
5 1522
5 1523
3 1524
4 1525
1 1526
4 1527
2 1528
6 1529
3 1530
1 1531
2 1532
4 1533
5 1534
2 1535
4 1536
6 1537
4 1538
5 1539
1 1540
1 1541
1 1542
4 1543
1 1544
6 1545
3 1546
2 1547
3 1548
1 1549
3 1550
6 1551
3 1552
1 1553
1 1554
4 1555
2 1556
2 1557
3 1558
2 1561
3 1562
1 1563
1 1564
4 1565
1 1567
2 1568
1 1569
4 1570
2 1571
1 1572
2 1573
4 1574
2 1575
2 1576
3 1577
2 1578
2 1579
1 1580
2 1581
2 1582
1 1583
2 1584
7 1585
3 1586
1 1588
1 1589
4 1591
1 1592
5 1593
1 1594
1 1597
2 1599
2 1600
1 1601
4 1602
2 1603
6 1604
1 1605
1 1606
2 1607
6 1608
5 1609
1 1610
7 1611
1 1612
2 1613
3 1614
3 1615
2 1616
3 1617
4 1618
1 1619
1 1620
3 1621
4 1622
1 1623
9 1624
4 1625
3 1626
6 1627
3 1628
5 1629
4 1630
8 1631
8 1632
12 1633
6 1634
7 1635
4 1636
6 1637
6 1638
7 1639
6 1640
7 1641
4 1642
15 1643
7 1644
9 1645
4 1646
8 1647
6 1648
8 1649
4 1650
5 1651
3 1652
2 1653
4 1654
7 1655
6 1656
9 1657
2 1658
5 1659
5 1660
2 1662
2 1663
5 1664
3 1665
2 1666
2 1667
4 1668
3 1670
2 1671
2 1672
1 1673
4 1676
2 1677
2 1679
3 1680
2 1681
1 1682
2 1683
2 1687
1 1689
3 1690
3 1691
1 1695
1 1696
1 1697
3 1698
1 1699
2 1700
1 1703
2 1704
2 1705
1 1707
3 1710
1 1711
2 1713
1 1714
2 1715
2 1716
3 1717
1 1718
1 1719
2 1720
3 1721
2 1722
3 1723
3 1724
2 1725
1 1726
2 1727
3 1728
2 1730
2 1731
3 1733
2 1734
1 1735
1 1736
1 1737
1 1738
1 1739
1 1740
3 1741
3 1742
1 1743
1 1744
1 1745
2 1746
2 1747
1 1748
2 1749
4 1750
2 1751
2 1752
2 1754
2 1755
2 1756
2 1757
1 1758
2 1762
1 1765
1 1766
2 1767
4 1769
2 1770
1 1771
2 1773
1 1774
2 1777
1 1778
2 1779
5 1780
3 1781
4 1782
4 1783
5 1784
1 1785
3 1786
1 1787
4 1788
3 1789
3 1790
4 1792
3 1793
3 1794
1 1795
4 1796
1 1797
3 1798
1 1799
5 1800
2 1801
1 1802
5 1803
3 1804
3 1806
5 1807
2 1808
4 1809
3 1810
3 1812
3 1813
3 1814
5 1815
3 1816
4 1817
2 1818
2 1819
4 1820
5 1821
2 1822
1 1824
3 1825
5 1826
3 1827
6 1828
1 1829
1 1830
1 1831
1 1832
1 1833
3 1834
1 1835
1 1836
3 1837
5 1838
3 1839
5 1840
2 1841
2 1842
2 1843
4 1844
3 1845
6 1846
3 1847
11 1848
7 1849
4 1850
6 1851
6 1852
14 1853
3 1854
6 1855
7 1856
7 1857
5 1858
12 1859
8 1860
5 1861
10 1862
11 1863
11 1864
6 1865
8 1866
6 1867
7 1868
14 1869
10 1870
9 1871
13 1872
13 1873
11 1874
14 1875
12 1876
13 1877
12 1878
18 1879
16 1880
8 1881
13 1882
19 1883
10 1884
13 1885
20 1886
9 1887
14 1888
9 1889
15 1890
12 1891
17 1892
12 1893
19 1894
7 1895
8 1896
16 1897
9 1898
12 1899
10 1900
9 1901
4 1902
6 1903
14 1904
4 1905
8 1906
6 1907
3 1908
9 1909
4 1910
3 1911
6 1912
3 1913
7 1914
5 1915
1 1916
4 1917
5 1918
6 1919
5 1920
1 1921
5 1922
4 1923
3 1924
1 1925
4 1926
3 1927
2 1928
3 1929
5 1930
3 1931
6 1932
4 1933
5 1934
5 1935
3 1936
2 1937
3 1938
2 1940
1 1942
1 1943
4 1944
4 1945
2 1947
7 1949
4 1950
5 1951
1 1952
4 1953
3 1954
2 1955
1 1956
7 1957
3 1958
3 1959
5 1960
7 1961
5 1962
3 1963
5 1965
2 1967
6 1968
2 1969
5 1970
3 1971
2 1972
7 1973
6 1974
6 1975
5 1976
2 1977
4 1978
4 1979
5 1980
2 1981
2 1983
3 1984
5 1985
1 1986
2 1987
2 1988
1 1989
2 1990
1 1991
1 1992
1 1993
1 1994
4 1995
1 1996
1 1998
1 1999
1 2003
4 2005
2 2006
3 2008
2 2010
1 2011
1 2013
1 2014
1 2015
1 2019
2 2020
2 2022
1 2023
1 2024
1 2025
3 2026
1 2028
2 2030
2 2031
1 2034
3 2035
1 2037
1 2038
1 2039
2 2042
3 2043
2 2045
1 2046
3 2047
3 2048
1 2049
2 2050
1 2051
2 2053
2 2054
1 2055
3 2056
2 2057
1 2058
1 2059
3 2060
1 2061
1 2062
1 2063
3 2064
1 2065
1 2066
1 2067
2 2068
4 2070
1 2071
3 2073
2 2074
4 2076
2 2077
1 2078
3 2079
4 2080
4 2081
1 2082
7 2083
2 2085
3 2086
1 2087
3 2088
3 2089
2 2090
3 2091
2 2092
1 2093
2 2094
2 2095
1 2096
2 2097
5 2098
1 2099
1 2103
1 2104
1 2105
2 2106
2 2107
4 2108
2 2109
3 2110
1 2111
2 2112
1 2113
2 2114
2 2115
1 2116
1 2117
1 2118
2 2119
3 2122
1 2123
2 2124
1 2125
3 2126
1 2127
1 2129
3 2130
3 2131
2 2133
3 2134
2 2135
2 2137
4 2139
2 2140
2 2141
2 2142
4 2143
3 2144
1 2145
2 2147
3 2148
3 2149
2 2150
3 2151
3 2152
4 2153
1 2154
6 2156
2 2157
1 2158
4 2159
1 2160
6 2161
2 2162
3 2163
4 2165
4 2166
1 2168
2 2169
4 2170
5 2171
2 2172
1 2173
1 2174
1 2175
1 2176
2 2177
1 2178
4 2179
5 2180
4 2181
1 2182
3 2183
1 2184
4 2185
4 2186
7 2187
6 2188
2 2189
2 2190
5 2191
5 2192
7 2193
1 2194
3 2195
2 2197
3 2198
3 2199
1 2200
2 2201
4 2202
6 2203
2 2204
6 2205
2 2206
8 2207
2 2209
4 2210
4 2211
1 2212
3 2213
6 2214
4 2215
4 2216
1 2217
4 2218
6 2219
1 2220
11 2221
5 2222
2 2223
5 2225
1 2226
4 2227
1 2228
4 2229
2 2230
7 2231
5 2232
4 2233
5 2234
4 2235
2 2236
3 2237
2 2239
2 2241
4 2242
3 2243
5 2244
3 2245
2 2247
4 2248
3 2249
5 2250
8 2251
3 2252
2 2253
3 2254
3 2255
3 2256
3 2257
4 2258
5 2259
3 2260
4 2261
7 2262
2 2263
6 2264
5 2265
3 2266
10 2267
5 2268
5 2269
4 2270
6 2271
2 2272
3 2273
3 2274
4 2275
4 2276
5 2277
4 2278
3 2279
4 2280
1 2281
9 2282
9 2283
4 2284
6 2285
3 2286
3 2287
6 2288
9 2289
8 2290
4 2291
3 2292
5 2293
6 2294
4 2295
4 2296
7 2297
2 2298
3 2299
4 2300
4 2301
6 2302
6 2303
10 2304
5 2305
5 2306
5 2307
5 2308
2 2309
6 2310
3 2311
5 2312
3 2313
5 2314
6 2315
5 2316
5 2317
5 2318
7 2319
7 2320
8 2321
2 2322
9 2323
6 2324
2 2325
7 2326
6 2327
7 2328
6 2329
6 2330
7 2331
5 2332
5 2333
3 2334
6 2335
7 2336
4 2337
4 2338
4 2339
8 2340
7 2341
7 2342
9 2343
9 2344
4 2345
9 2346
8 2347
8 2348
3 2349
7 2350
10 2351
9 2352
5 2353
15 2354
11 2355
7 2356
9 2357
2 2358
11 2359
9 2360
6 2361
9 2362
3 2363
13 2364
10 2365
13 2366
10 2367
13 2368
11 2369
19 2370
9 2371
13 2372
18 2373
15 2374
20 2375
13 2376
17 2377
21 2378
17 2379
14 2380
22 2381
22 2382
24 2383
21 2384
31 2385
22 2386
25 2387
21 2388
25 2389
27 2390
28 2391
28 2392
23 2393
31 2394
27 2395
26 2396
34 2397
32 2398
35 2399
27 2400
32 2401
24 2402
27 2403
23 2404
32 2405
27 2406
29 2407
18 2408
41 2409
35 2410
31 2411
25 2412
24 2413
21 2414
19 2415
20 2416
12 2417
24 2418
15 2419
16 2420
15 2421
13 2422
22 2423
16 2424
11 2425
12 2426
14 2427
22 2428
13 2429
7 2430
5 2431
9 2432
14 2433
5 2434
6 2435
4 2436
1 2437
4 2438
2 2439
1 2440
1 2441
1 2442
1 2443
3 2444
4 2445
2 2446
3 2447
1 2448
1 2450
1 2451
2 2452
1 2453
4 2454
1 2456
1 2457
2 2459
3 2460
2 2461
1 2463
1 2467
3 2469
1 2473
1 2474
2 2476
2 2477
1 2482
1 2483
1 2484
1 2487
3 2488
2 2489
1 2491
2 2492
1 2493
1 2494
1 2495
2 2503
1 2506
1 2511
1 2514
3 2524
1 2528
1 2529
1 2531
1 2532
1 2533
1 2535
1 2537
1 2538
1 2539
1 2540
1 2544
2 2545
2 2549
1 2550
3 2551
1 2552
2 2554
1 2555
1 2556
1 2559
1 2563
1 2564
1 2565
1 2567
1 2568
1 2570
1 2572
1 2573
1 2580
1 2585
2 2586
1 2587
2 2588
2 2597
1 2599
2 2602
2 2605
1 2606
3 2609
1 2614
3 2619
1 2620
2 2621
1 2622
3 2623
4 2625
1 2626
2 2627
1 2628
3 2630
1 2631
2 2633
2 2635
2 2637
3 2638
2 2639
3 2641
3 2642
2 2643
1 2644
1 2646
1 2647
2 2648
1 2649
2 2651
3 2652
1 2653
1 2655
1 2656
2 2657
5 2658
3 2660
3 2662
1 2663
3 2664
1 2665
2 2666
3 2668
2 2670
2 2671
1 2672
3 2674
1 2675
1 2676
1 2677
1 2678
1 2679
1 2680
1 2681
2 2684
1 2685
3 2686
2 2688
3 2689
1 2690
1 2691
2 2692
3 2694
4 2695
2 2696
4 2697
4 2698
1 2700
1 2701
4 2702
3 2703
1 2704
3 2705
1 2706
1 2707
3 2708
3 2709
2 2710
2 2711
1 2712
3 2713
2 2714
3 2715
1 2716
1 2717
4 2718
2 2719
4 2720
1 2721
1 2722
1 2723
2 2724
1 2725
1 2727
2 2728
3 2729
2 2730
2 2731
1 2732
1 2734
1 2735
1 2736
1 2737
1 2738
1 2740
2 2741
4 2744
2 2747
1 2750
1 2751
1 2753
1 2754
1 2755
2 2757
2 2759
1 2760
4 2761
2 2763
3 2766
1 2768
2 2769
2 2771
2 2772
2 2773
2 2774
1 2776
4 2777
1 2778
1 2780
1 2781
2 2783
2 2785
1 2786
1 2787
2 2788
1 2789
2 2790
3 2791
1 2792
1 2795
1 2796
1 2798
4 2799
1 2802
2 2803
1 2804
1 2805
2 2806
2 2809
1 2810
2 2811
1 2812
2 2813
1 2814
2 2815
1 2816
1 2817
3 2818
2 2819
2 2821
5 2822
2 2823
2 2824
4 2825
1 2826
1 2828
2 2829
1 2830
3 2832
2 2833
2 2834
1 2835
2 2836
4 2837
2 2838
3 2839
4 2840
3 2841
4 2842
4 2843
4 2844
3 2845
5 2846
2 2847
3 2848
7 2849
2 2850
3 2851
1 2852
2 2853
1 2854
4 2855
5 2856
3 2858
1 2859
1 2860
7 2861
4 2862
5 2863
5 2864
3 2865
5 2866
5 2867
5 2868
6 2869
7 2870
3 2871
3 2872
5 2873
4 2874
11 2875
3 2876
5 2877
1 2878
2 2879
3 2880
6 2881
7 2883
5 2884
5 2885
3 2886
6 2887
4 2888
6 2889
7 2890
7 2891
5 2892
6 2893
8 2894
9 2895
7 2896
7 2897
4 2898
6 2899
11 2900
9 2901
11 2902
11 2903
11 2904
7 2905
7 2906
9 2907
11 2908
13 2909
5 2910
13 2911
8 2912
13 2913
15 2914
18 2915
10 2916
11 2917
6 2918
8 2919
11 2920
20 2921
13 2922
16 2923
20 2924
16 2925
14 2926
14 2927
10 2928
18 2929
7 2930
28 2931
18 2932
18 2933
19 2934
19 2935
16 2936
16 2937
22 2938
10 2939
11 2940
21 2941
18 2942
20 2943
18 2944
14 2945
15 2946
12 2947
19 2948
12 2949
17 2950
11 2951
13 2952
12 2953
14 2954
10 2955
8 2956
12 2957
7 2958
5 2959
10 2960
17 2961
11 2962
7 2963
11 2964
4 2965
5 2966
4 2967
7 2968
6 2970
8 2971
5 2972
6 2973
5 2974
8 2975
4 2976
2 2977
1 2978
5 2979
7 2980
4 2981
2 2982
2 2983
4 2984
1 2985
1 2987
1 2988
1 2989
2 2990
3 2991
1 2992
2 2994
3 2996
1 2997
1 2998
2 3000
1 3001
2 3002
1 3004
1 3005
2 3006
1 3007
1 3008
1 3014
1 3015
2 3020
1 3021
1 3025
2 3027
1 3029
1 3033
4 3041
1 3048
1 3057
1 3070
1 3074
1 3081
1 3086
1 3088
1 3098
1 3106
1 3107
2 3109
1 3120
1 3146
1 3160
1 3174
1 3185
1 3203
1 3225
1 3235
1 3236
1 3242
2 3246
1 3249
1 3254
1 3268
2 3270
1 3272
1 3273
1 3277
1 3281
1 3287
1 3307
1 3314
1 3325
1 3327
1 3335
1 3336
1 3338
1 3349
2 3360
1 3364
1 3365
1 3367
1 3372
1 3374
1 3377
1 3387
1 3389
2 3391
1 3393
1 3399
2 3401
1 3406
2 3415
1 3416
1 3417
1 3424
2 3429
1 3436
1 3437
2 3438
1 3439
1 3440
1 3449
1 3452
1 3457
1 3460
1 3465
1 3466
2 3467
1 3471
2 3473
1 3478
1 3483
1 3485
1 3486
3 3487
1 3488
4 3489
2 3490
1 3491
1 3492
2 3493
1 3494
1 3496
1 3497
2 3498
1 3502
1 3504
2 3505
4 3506
3 3509
2 3512
2 3514
2 3515
1 3516
2 3518
2 3520
3 3521
2 3522
4 3523
2 3524
2 3525
4 3527
3 3528
6 3529
3 3530
2 3531
4 3533
1 3534
3 3535
1 3536
3 3537
1 3538
1 3539
4 3540
1 3542
2 3543
2 3544
1 3545
1 3546
1 3547
1 3548
1 3549
1 3550
1 3551
3 3552
2 3553
1 3554
3 3556
2 3557
2 3558
3 3559
1 3560
3 3561
1 3562
2 3563
2 3565
2 3566
2 3567
2 3569
1 3570
2 3571
4 3574
1 3575
1 3576
1 3578
1 3579
1 3580
1 3582
1 3584
2 3585
1 3586
1 3589
3 3591
1 3599
1 3607
1 3643
1 3645
1 3668
2 3686
1 3687
1 3717
1 3723
1 3726
1 3743
1 3744
1 3745
1 3754
1 3758
1 3765
3 3769
1 3770
1 3771
1 3772
1 3781
1 3812
1 3818
1 3884
1 3943
1 3964
1 3998
1 4059
1 4088
1 4094
1 4097
1 4100
1 4101
1 4112
1 4118
1 4129
1 4132
1 4134
1 4139
1 4166
1 4176
1 4234
1 4244
1 4246
1 4259
1 4271
1 4274
1 4279
1 4293
1 4296
1 4297
1 4298
1 4303
1 4313
1 4320
1 4321
1 4323
1 4344
1 4345
1 4349
1 4350
1 4351
1 4352
1 4356
1 4359
1 4361
1 4364
1 4368
1 4373
1 4392
1 4466
1 4571
1 4664
1 4673
1 4690
1 4708
1 4726
1 4806
1 5149
1 5520
1 5545
1 5585
1 5709
