3 1
2 2
2 3
1 4
1 5
2 6
3 8
4 9
2 10
1 11
2 12
1 14
1 16
1 17
1 18
1 20
3 22
1 23
1 24
3 25
2 26
3 27
1 28
1 30
2 31
2 33
1 34
3 35
4 36
1 37
1 38
1 39
2 40
3 41
1 42
1 43
1 44
3 45
5 46
3 47
1 48
3 49
1 50
2 51
1 52
1 53
4 54
1 55
2 56
2 57
3 58
2 59
1 60
2 61
5 62
3 63
1 64
3 65
1 66
2 67
2 68
5 69
2 70
3 71
5 72
4 73
3 74
2 75
4 76
1 78
3 79
3 80
1 83
2 85
2 87
2 88
2 89
3 90
2 91
3 92
1 93
5 94
2 95
2 96
3 97
2 98
5 99
1 100
3 101
1 102
3 103
6 104
5 105
1 106
1 107
1 111
1 112
4 113
2 114
3 115
3 116
7 117
3 118
5 119
3 120
1 122
2 123
1 124
2 125
1 126
5 127
5 128
5 129
7 130
3 131
3 132
4 133
2 134
3 135
1 136
4 137
3 138
5 139
2 140
3 141
4 142
2 143
7 144
7 145
8 146
3 147
2 148
6 149
4 150
3 151
6 152
7 153
3 154
5 155
2 156
3 157
4 158
5 159
2 160
2 161
1 162
6 163
4 164
2 165
2 166
2 167
2 168
3 169
3 170
2 171
3 172
4 173
1 174
3 175
5 176
4 177
4 178
5 179
3 180
5 181
6 182
1 183
3 184
6 185
6 186
3 187
5 188
6 189
4 190
3 191
1 192
6 193
8 194
7 195
3 196
3 197
5 198
6 200
4 201
5 202
4 203
6 204
3 205
3 206
9 207
8 208
7 209
11 210
7 211
9 212
13 213
12 214
6 215
13 216
9 217
17 218
12 219
12 220
15 221
15 222
11 223
20 224
17 225
18 226
35 227
20 228
24 229
45 230
26 231
48 232
47 233
44 234
51 235
31 236
21 237
19 238
24 239
20 240
16 241
21 242
23 243
11 244
7 245
8 246
9 247
12 248
16 249
18 250
13 251
14 252
19 253
16 254
27 255
21 256
26 257
17 258
13 259
18 260
11 261
9 262
8 263
9 264
3 265
2 266
5 267
9 268
4 269
6 270
8 271
8 272
8 273
3 274
4 275
4 276
6 277
6 278
5 279
5 280
4 281
2 282
4 283
5 284
3 285
4 286
2 287
2 288
6 289
5 290
11 291
7 292
5 293
9 294
3 295
5 296
7 297
5 298
7 299
4 300
3 301
4 302
5 303
7 304
11 305
8 306
7 307
12 308
13 309
12 310
10 311
8 312
11 313
9 314
10 315
11 316
14 317
10 318
11 319
13 320
15 321
9 322
6 323
12 324
10 325
10 326
9 327
11 328
8 329
12 330
11 331
7 332
7 333
8 334
6 335
14 336
9 337
8 338
16 339
5 340
8 341
21 342
11 343
10 344
9 345
7 346
7 347
10 348
7 349
14 350
12 351
13 352
16 353
9 354
14 355
15 356
20 357
20 358
32 359
34 360
34 361
19 362
40 363
49 364
39 365
61 366
50 367
58 368
53 369
58 370
37 371
49 372
42 373
35 374
41 375
27 376
19 377
22 378
26 379
11 380
7 381
19 382
11 383
15 384
9 385
12 386
5 387
10 388
13 389
10 390
15 391
5 392
6 393
5 394
9 395
4 396
5 397
8 398
4 399
4 400
8 401
6 402
7 403
6 404
8 405
10 406
5 407
12 408
11 409
4 410
9 411
11 412
15 413
9 414
11 415
17 416
10 417
14 418
13 419
14 420
19 421
21 422
26 423
17 424
13 425
26 426
26 427
28 428
26 429
16 430
26 431
25 432
27 433
25 434
21 435
19 436
13 437
19 438
12 439
20 440
15 441
17 442
11 443
11 444
9 445
8 446
9 447
6 448
4 449
8 450
7 451
5 452
2 453
3 454
2 455
4 456
5 457
5 458
4 459
4 460
4 461
4 462
6 463
7 464
2 465
3 466
4 467
7 468
3 469
9 470
3 471
7 472
3 473
5 474
4 475
2 476
5 477
6 478
8 479
7 480
6 481
14 482
8 483
2 484
9 485
4 486
2 487
6 488
1 489
8 491
4 492
5 493
5 494
8 495
4 496
8 497
3 498
4 499
8 500
5 501
6 502
6 503
3 504
5 505
4 506
10 507
10 508
7 509
10 510
10 511
13 512
9 513
10 514
9 515
14 516
11 517
11 518
17 519
12 520
20 521
14 522
16 523
21 524
34 525
29 526
26 527
37 528
29 529
24 530
34 531
35 532
33 533
42 534
53 535
31 536
41 537
49 538
37 539
37 540
50 541
26 542
32 543
36 544
17 545
24 546
21 547
21 548
18 549
10 550
9 551
11 552
12 553
8 554
6 555
5 556
5 557
5 558
4 559
6 560
5 561
10 562
3 563
5 564
2 565
8 566
6 567
4 568
2 569
6 570
4 571
7 572
3 573
8 574
3 575
3 576
7 577
3 578
8 579
6 580
5 581
4 582
6 583
6 584
1 585
3 586
4 587
5 588
6 589
7 590
4 591
6 592
7 593
4 594
6 595
3 596
8 597
8 598
7 599
6 600
4 602
2 603
5 604
7 605
5 606
5 607
4 608
1 609
3 610
1 611
9 612
2 613
1 614
1 615
2 616
4 617
3 618
2 619
2 620
3 621
4 622
5 623
5 624
1 625
7 626
2 627
4 628
5 629
5 630
4 631
1 632
4 633
2 634
5 635
6 636
3 637
4 638
2 639
4 640
5 641
4 642
5 643
5 644
5 645
5 646
5 647
6 648
7 649
7 650
7 651
9 652
6 653
2 654
6 655
10 656
4 657
8 658
4 659
7 660
6 661
10 662
9 663
7 664
8 665
10 666
8 667
9 668
2 669
6 670
10 671
3 672
5 673
4 674
4 675
8 676
9 677
7 678
11 679
7 680
6 681
4 682
2 683
5 684
4 685
4 686
2 687
4 688
6 689
5 690
4 691
4 692
5 693
6 694
5 695
1 696
4 697
4 698
2 699
3 700
11 701
9 702
1 703
4 704
2 705
5 707
1 708
6 709
3 710
4 711
9 712
5 713
3 714
2 715
2 716
4 717
5 718
4 719
2 720
1 721
4 722
2 723
2 724
5 725
3 726
5 727
5 728
8 729
6 730
3 731
5 732
2 733
5 734
7 735
7 736
4 737
8 738
6 739
9 740
4 741
3 742
8 743
6 744
5 745
8 746
11 747
5 748
12 749
10 750
9 751
7 752
12 753
11 754
10 755
13 756
10 757
13 758
13 759
13 760
9 761
9 762
6 763
6 764
3 765
3 766
9 767
7 768
4 769
4 770
1 771
4 772
2 773
5 774
6 775
4 776
1 777
3 778
4 779
4 780
6 781
3 782
2 783
1 784
6 785
4 786
4 787
3 788
3 789
3 790
2 791
4 792
6 793
4 794
7 795
4 796
2 797
3 798
1 799
3 800
2 801
3 802
4 803
4 804
4 805
7 806
5 807
2 808
5 809
2 810
7 811
1 812
3 813
4 814
7 815
6 816
3 817
9 818
5 819
2 820
4 821
3 822
7 823
2 824
6 825
9 826
6 827
6 828
10 829
5 830
6 831
11 832
11 833
7 834
8 835
13 836
8 837
15 838
12 839
15 840
11 841
7 842
10 843
11 844
13 845
9 846
6 847
11 848
7 849
10 850
9 851
7 852
6 853
6 854
3 855
6 856
4 857
4 858
3 859
4 860
3 861
5 862
4 863
5 864
7 865
5 866
5 867
3 868
4 869
2 870
4 871
3 872
5 873
1 874
6 875
1 876
5 877
5 878
6 879
1 880
4 881
6 882
3 883
5 884
2 885
1 886
2 887
5 888
2 889
1 890
6 891
3 892
3 893
4 894
3 895
6 896
4 897
2 898
5 899
5 900
3 901
6 902
4 903
7 904
11 905
5 906
5 907
8 908
2 909
4 910
6 911
5 912
4 913
7 914
3 915
6 916
9 917
11 918
6 919
7 920
4 921
6 922
5 923
3 924
5 925
9 926
7 927
6 928
8 929
7 930
3 931
8 932
10 933
9 934
7 935
8 936
6 937
5 938
10 939
9 940
8 941
7 942
11 943
10 944
4 945
11 946
7 947
11 948
9 949
10 950
5 951
15 952
13 953
5 954
6 955
11 956
12 957
11 958
9 959
4 960
7 961
11 962
8 963
6 964
6 965
5 966
5 967
4 968
5 969
7 970
10 971
7 972
1 973
5 974
4 975
9 976
7 977
5 978
9 979
7 980
5 981
11 982
6 983
5 984
5 985
9 986
4 987
8 988
9 989
15 990
5 991
8 992
8 993
7 994
5 995
10 996
7 997
11 998
11 999
11 1000
8 1001
16 1002
12 1003
5 1004
11 1005
8 1006
9 1007
6 1008
9 1009
15 1010
12 1011
10 1012
14 1013
11 1014
19 1015
11 1016
12 1017
7 1018
16 1019
20 1020
20 1021
14 1022
16 1023
19 1024
19 1025
12 1026
17 1027
21 1028
15 1029
21 1030
26 1031
13 1032
26 1033
21 1034
25 1035
22 1036
28 1037
32 1038
22 1039
20 1040
18 1041
30 1042
35 1043
48 1044
31 1045
32 1046
51 1047
36 1048
46 1049
37 1050
44 1051
37 1052
54 1053
46 1054
64 1055
59 1056
51 1057
42 1058
32 1059
62 1060
41 1061
48 1062
58 1063
49 1064
58 1065
48 1066
44 1067
50 1068
55 1069
50 1070
48 1071
37 1072
56 1073
61 1074
40 1075
42 1076
65 1077
62 1078
69 1079
71 1080
73 1081
82 1082
83 1083
80 1084
88 1085
100 1086
104 1087
133 1088
132 1089
135 1090
133 1091
157 1092
145 1093
144 1094
166 1095
176 1096
151 1097
182 1098
172 1099
161 1100
166 1101
167 1102
176 1103
157 1104
119 1105
129 1106
117 1107
122 1108
128 1109
116 1110
83 1111
80 1112
77 1113
67 1114
59 1115
57 1116
33 1117
39 1118
44 1119
28 1120
22 1121
20 1122
22 1123
26 1124
15 1125
11 1126
15 1127
12 1128
8 1129
11 1130
9 1131
4 1132
9 1133
10 1134
5 1135
5 1136
4 1137
8 1138
4 1139
4 1140
5 1141
7 1142
7 1143
4 1144
8 1145
7 1146
4 1147
4 1148
3 1149
7 1150
6 1151
4 1152
8 1153
7 1154
12 1155
4 1156
3 1157
9 1158
14 1159
6 1160
5 1161
14 1162
9 1163
7 1164
12 1165
8 1166
11 1167
15 1168
15 1169
10 1170
16 1171
8 1172
15 1173
13 1174
16 1175
12 1176
18 1177
17 1178
27 1179
14 1180
11 1181
20 1182
24 1183
11 1184
21 1185
17 1186
18 1187
24 1188
23 1189
27 1190
14 1191
18 1192
17 1193
21 1194
18 1195
16 1196
15 1197
9 1198
14 1199
18 1200
9 1201
6 1202
12 1203
6 1204
10 1205
6 1206
8 1207
8 1208
5 1209
4 1210
2 1211
6 1212
4 1214
7 1215
3 1216
1 1217
4 1218
5 1219
2 1220
2 1221
2 1222
1 1223
3 1224
2 1225
3 1226
3 1228
1 1230
3 1231
3 1232
2 1234
2 1235
2 1238
3 1239
1 1240
3 1241
3 1242
1 1243
1 1244
2 1245
2 1246
7 1247
2 1248
4 1249
3 1250
2 1251
3 1252
4 1253
2 1254
1 1255
2 1256
5 1258
6 1259
2 1260
3 1262
2 1263
1 1264
3 1265
6 1266
4 1267
2 1268
4 1269
3 1270
3 1271
3 1272
5 1273
5 1274
2 1275
4 1276
2 1277
1 1278
5 1279
5 1280
5 1281
5 1282
4 1283
4 1284
6 1285
2 1286
3 1287
4 1288
5 1289
4 1290
7 1291
5 1292
3 1293
7 1294
4 1295
1 1296
7 1297
1 1298
3 1299
1 1300
3 1301
3 1302
1 1303
2 1304
3 1305
1 1306
1 1307
2 1309
1 1310
1 1311
3 1313
1 1314
2 1315
2 1316
1 1317
3 1318
1 1319
1 1320
2 1321
4 1322
2 1323
1 1324
1 1325
1 1326
3 1327
2 1328
2 1330
2 1331
4 1332
3 1333
2 1334
2 1335
1 1336
1 1337
1 1338
4 1339
4 1341
1 1342
2 1343
3 1344
2 1345
1 1346
1 1347
2 1348
5 1349
2 1350
1 1351
3 1352
2 1354
3 1355
3 1356
3 1357
2 1358
3 1359
4 1360
1 1361
2 1362
2 1363
3 1364
3 1365
3 1366
2 1367
2 1368
3 1369
4 1370
3 1371
2 1372
5 1373
3 1374
5 1375
3 1376
2 1377
3 1378
3 1379
6 1380
4 1381
5 1382
4 1383
4 1384
3 1385
7 1386
4 1387
4 1388
5 1389
1 1390
6 1391
3 1392
4 1393
2 1394
5 1395
3 1396
7 1397
1 1398
4 1399
2 1400
3 1401
3 1402
4 1403
4 1404
2 1405
6 1406
3 1407
2 1408
7 1409
7 1411
3 1412
4 1413
6 1414
2 1415
3 1416
5 1417
4 1419
1 1421
1 1422
4 1423
1 1424
1 1425
3 1426
3 1427
2 1428
2 1429
2 1430
3 1431
1 1432
3 1433
2 1434
7 1435
1 1436
4 1437
4 1438
2 1439
3 1440
2 1441
4 1442
2 1444
4 1445
1 1446
2 1447
4 1448
4 1450
4 1451
3 1452
4 1453
4 1454
3 1455
4 1456
1 1457
1 1458
5 1459
3 1460
2 1461
2 1462
4 1463
4 1464
4 1465
5 1466
2 1467
3 1468
4 1470
2 1471
2 1472
3 1473
6 1474
2 1475
6 1476
5 1477
1 1478
3 1479
1 1480
2 1481
2 1482
4 1483
4 1484
5 1485
4 1486
1 1487
2 1488
4 1489
1 1490
2 1491
3 1492
5 1493
2 1494
4 1495
5 1496
1 1497
5 1498
3 1499
5 1500
4 1501
2 1502
3 1503
1 1504
6 1505
2 1506
3 1507
7 1508
4 1509
3 1510
7 1511
2 1512
3 1513
5 1514
2 1515
4 1516
3 1517
1 1518
2 1519
1 1520
5 1521
4 1522
2 1523
4 1524
2 1525
3 1526
4 1527
2 1528
4 1529
6 1530
4 1531
2 1532
2 1533
7 1534
4 1535
2 1536
4 1537
5 1538
2 1539
3 1540
3 1541
2 1542
2 1543
1 1544
4 1545
5 1546
2 1547
3 1548
6 1549
7 1550
5 1551
6 1552
2 1553
4 1554
5 1555
3 1556
3 1557
6 1558
1 1559
7 1560
6 1561
7 1562
5 1563
2 1564
4 1565
3 1567
3 1568
1 1569
3 1570
7 1571
9 1572
8 1573
4 1574
6 1575
6 1576
9 1577
5 1578
11 1579
4 1580
2 1581
9 1582
8 1583
13 1584
10 1585
12 1586
8 1587
15 1588
13 1589
5 1590
11 1591
6 1592
10 1593
13 1594
12 1595
10 1596
13 1597
6 1598
9 1599
11 1600
15 1601
16 1602
12 1603
7 1604
9 1605
16 1606
14 1607
11 1608
15 1609
9 1610
15 1611
13 1612
11 1613
9 1614
11 1615
10 1616
13 1617
11 1618
12 1619
11 1620
13 1621
13 1622
16 1623
17 1624
12 1625
18 1626
26 1627
11 1628
8 1629
7 1630
11 1631
25 1632
21 1633
19 1634
24 1635
22 1636
19 1637
17 1638
16 1639
15 1640
19 1641
18 1642
17 1643
12 1644
20 1645
32 1646
22 1647
12 1648
24 1649
19 1650
15 1651
16 1652
22 1653
18 1654
20 1655
12 1656
18 1657
14 1658
12 1659
10 1660
9 1661
14 1662
13 1663
17 1664
8 1665
16 1666
9 1667
11 1668
20 1669
17 1670
13 1671
8 1672
14 1673
12 1674
16 1675
18 1676
15 1677
19 1678
13 1679
21 1680
13 1681
20 1682
19 1683
27 1684
22 1685
22 1686
19 1687
24 1688
25 1689
17 1690
26 1691
27 1692
34 1693
35 1694
34 1695
30 1696
36 1697
38 1698
44 1699
41 1700
44 1701
47 1702
48 1703
52 1704
55 1705
52 1706
61 1707
53 1708
64 1709
78 1710
75 1711
71 1712
69 1713
84 1714
77 1715
92 1716
91 1717
85 1718
99 1719
95 1720
99 1721
84 1722
112 1723
107 1724
104 1725
112 1726
131 1727
108 1728
103 1729
128 1730
129 1731
129 1732
114 1733
98 1734
106 1735
97 1736
113 1737
99 1738
105 1739
94 1740
83 1741
77 1742
79 1743
87 1744
83 1745
62 1746
75 1747
71 1748
64 1749
56 1750
48 1751
48 1752
47 1753
51 1754
53 1755
49 1756
42 1757
45 1758
35 1759
49 1760
30 1761
35 1762
38 1763
41 1764
35 1765
40 1766
41 1767
32 1768
35 1769
26 1770
24 1771
34 1772
27 1773
25 1774
25 1775
24 1776
27 1777
17 1778
20 1779
19 1780
13 1781
22 1782
15 1783
21 1784
19 1785
11 1786
16 1787
15 1788
14 1789
6 1790
8 1791
12 1792
17 1793
14 1794
13 1795
12 1796
7 1797
8 1798
10 1799
10 1800
11 1801
17 1802
7 1803
10 1804
10 1805
10 1806
7 1807
10 1808
13 1809
7 1810
14 1811
8 1812
8 1813
7 1814
6 1815
9 1816
7 1817
7 1818
9 1819
6 1820
10 1821
11 1822
10 1823
8 1824
11 1825
5 1826
9 1827
10 1828
8 1829
13 1830
10 1831
7 1832
8 1833
12 1834
9 1835
9 1836
4 1837
8 1838
10 1839
9 1840
6 1841
9 1842
10 1843
9 1844
13 1845
7 1846
10 1847
9 1848
9 1849
12 1850
10 1851
15 1852
15 1853
4 1854
11 1855
13 1856
13 1857
11 1858
10 1859
7 1860
14 1861
8 1862
8 1863
13 1864
11 1865
13 1866
8 1867
12 1868
7 1869
9 1870
5 1871
10 1872
7 1873
11 1874
8 1875
9 1876
10 1877
11 1878
17 1879
10 1880
11 1881
18 1882
19 1883
11 1884
9 1885
15 1886
10 1887
16 1888
19 1889
14 1890
22 1891
16 1892
20 1893
22 1894
21 1895
24 1896
27 1897
29 1898
27 1899
33 1900
33 1901
33 1902
31 1903
40 1904
37 1905
50 1906
41 1907
37 1908
59 1909
54 1910
50 1911
58 1912
48 1913
60 1914
74 1915
48 1916
73 1917
47 1918
58 1919
45 1920
77 1921
77 1922
69 1923
67 1924
59 1925
65 1926
71 1927
53 1928
64 1929
59 1930
51 1931
43 1932
57 1933
66 1934
36 1935
41 1936
44 1937
47 1938
43 1939
29 1940
34 1941
26 1942
34 1943
26 1944
13 1945
27 1946
13 1947
15 1948
16 1949
24 1950
13 1951
9 1952
7 1953
15 1954
8 1955
11 1956
8 1957
5 1958
6 1959
6 1960
5 1961
4 1962
7 1963
5 1964
4 1965
4 1966
1 1967
3 1968
2 1969
7 1970
2 1971
3 1972
1 1976
1 1977
3 1978
2 1979
2 1984
2 1985
1 1986
1 1988
1 1989
1 1991
2 1992
1 1993
1 1994
1 1995
1 1998
1 1999
1 2000
1 2002
1 2003
1 2004
1 2007
1 2008
1 2010
1 2011
1 2013
1 2015
1 2018
1 2025
1 2028
2 2030
1 2036
1 2041
1 2047
1 2049
1 2064
1 2065
1 2069
1 2071
1 2075
1 2086
1 2089
1 2093
1 2098
1 2099
1 2113
1 2124
1 2134
1 2138
1 2142
2 2147
1 2158
1 2162
1 2163
1 2164
1 2177
1 2205
1 2209
1 2210
1 2219
2 2222
2 2223
1 2227
1 2238
1 2243
1 2248
1 2250
2 2251
1 2252
1 2267
1 2279
1 2285
1 2287
1 2291
1 2299
1 2305
1 2314
1 2330
1 2331
1 2337
2 2343
1 2359
1 2363
1 2365
1 2366
1 2371
1 2382
1 2383
1 2391
1 2425
2 2431
1 2437
1 2444
1 2449
2 2459
1 2469
1 2475
1 2485
2 2491
1 2494
1 2499
1 2522
1 2528
2 2537
1 2541
1 2544
1 2545
1 2563
1 2572
1 2574
2 2576
3 2577
1 2578
2 2585
1 2588
2 2591
1 2593
1 2596
1 2600
2 2601
1 2602
2 2603
1 2606
3 2607
3 2608
1 2610
1 2612
1 2613
2 2614
1 2615
4 2616
2 2617
2 2618
2 2619
3 2620
1 2621
2 2622
1 2624
3 2625
3 2627
4 2628
3 2630
5 2631
1 2632
1 2633
3 2634
3 2635
6 2636
1 2637
2 2639
5 2640
3 2641
3 2643
3 2644
2 2645
2 2646
1 2648
1 2650
1 2652
3 2653
2 2654
2 2655
2 2656
1 2657
1 2658
1 2659
2 2660
1 2661
3 2664
1 2665
2 2666
2 2667
1 2668
1 2672
1 2673
2 2675
1 2694
1 2700
1 2708
1 2711
1 2734
1 2761
1 2774
1 2801
1 2833
1 2841
1 2882
1 2891
1 2892
1 2897
1 2905
1 2911
1 2913
1 2917
1 2918
1 2920
1 2929
2 2936
1 2938
1 2945
1 2946
1 2947
1 2948
1 2949
1 2950
1 2952
1 2955
1 2958
1 2964
1 2968
1 2973
1 2980
2 2991
1 2996
1 3001
1 3007
1 3017
1 3055
1 3084
1 3148
1 3162
1 3196
1 3201
1 3217
1 3236
1 3299
1 3309
1 3337
1 3370
1 3380
1 3421
1 3422
1 3448
1 3469
1 3488
1 3493
1 3499
1 3532
1 3550
1 3575
1 3744
1 4157
1 4189
1 4294
1 4332
1 4351
1 4626
1 4649
1 4660
1 5039
1 6591
