1 6
1 7
1 8
2 11
2 14
1 15
2 16
1 17
1 18
1 19
1 20
1 21
2 23
3 25
1 27
1 28
1 29
1 30
2 32
2 33
1 34
1 35
1 39
1 41
2 42
1 43
1 44
3 45
1 46
1 47
1 48
1 49
2 51
4 52
4 53
3 54
2 56
1 57
3 59
1 60
1 61
2 62
5 63
7 64
9 65
4 66
3 67
2 68
3 69
4 70
2 71
1 72
1 73
2 74
2 75
2 76
5 77
1 78
1 79
1 80
4 81
3 82
1 83
4 84
6 85
3 86
8 87
3 88
9 89
13 90
12 91
18 92
14 93
17 94
12 95
10 96
8 97
14 98
11 99
9 100
5 101
5 102
3 103
5 104
5 105
4 106
1 107
7 108
2 109
3 110
4 111
4 112
4 113
5 114
2 115
4 116
5 117
3 118
2 119
3 120
5 121
5 122
13 123
1 124
2 125
8 126
5 127
13 128
7 129
9 130
4 131
9 132
12 133
10 134
9 135
6 136
5 137
4 138
6 139
4 140
3 141
11 142
10 143
9 144
8 145
8 146
9 147
6 148
7 149
5 150
16 151
10 152
11 153
9 154
7 155
11 156
9 157
12 158
7 159
8 160
6 161
15 162
8 163
3 164
5 165
8 166
6 167
5 168
14 169
14 170
15 171
11 172
13 173
11 174
12 175
14 176
10 177
16 178
15 179
15 180
14 181
16 182
29 183
24 184
18 185
26 186
23 187
25 188
26 189
36 190
29 191
51 192
28 193
31 194
34 195
33 196
21 197
30 198
31 199
26 200
31 201
20 202
23 203
14 204
7 205
11 206
11 207
16 208
22 209
16 210
12 211
21 212
22 213
21 214
23 215
21 216
26 217
24 218
24 219
38 220
48 221
70 222
63 223
81 224
111 225
137 226
155 227
204 228
250 229
324 230
408 231
547 232
659 233
692 234
876 235
940 236
978 237
959 238
954 239
869 240
771 241
593 242
414 243
364 244
249 245
186 246
139 247
114 248
66 249
64 250
36 251
35 252
28 253
22 254
20 255
29 256
18 257
21 258
22 259
16 260
17 261
11 262
11 263
17 264
16 265
13 266
11 267
9 268
7 269
8 270
5 271
2 272
6 273
10 274
9 275
15 276
11 277
9 278
11 279
13 280
10 281
10 282
10 283
6 284
9 285
8 286
16 287
17 288
11 289
11 290
12 291
10 292
12 293
8 294
11 295
12 296
13 297
13 298
15 299
10 300
13 301
12 302
10 303
11 304
8 305
12 306
12 307
16 308
10 309
9 310
16 311
15 312
13 313
14 314
11 315
12 316
18 317
16 318
17 319
15 320
20 321
20 322
22 323
22 324
21 325
31 326
25 327
32 328
40 329
44 330
55 331
67 332
65 333
76 334
77 335
54 336
92 337
79 338
101 339
119 340
105 341
112 342
129 343
99 344
96 345
104 346
90 347
65 348
64 349
59 350
50 351
54 352
40 353
34 354
26 355
36 356
14 357
27 358
18 359
20 360
24 361
21 362
26 363
16 364
23 365
15 366
10 367
17 368
7 369
13 370
6 371
13 372
15 373
12 374
16 375
25 376
17 377
15 378
14 379
16 380
19 381
12 382
10 383
19 384
12 385
4 386
7 387
12 388
7 389
8 390
8 391
6 392
8 393
6 394
9 395
4 396
7 397
6 398
5 399
2 400
3 401
11 402
4 403
3 404
10 405
6 406
9 407
10 408
6 409
8 410
4 411
7 412
9 413
8 414
5 415
6 416
6 417
5 418
8 419
9 420
4 421
10 422
9 423
10 424
9 425
17 426
10 427
9 428
5 429
10 430
6 431
13 432
6 433
11 434
9 435
10 436
7 437
9 438
9 439
8 440
8 441
12 442
19 443
13 444
5 445
8 446
14 447
5 448
5 449
5 450
8 451
9 452
9 453
10 454
3 455
12 456
18 457
8 458
13 459
12 460
11 461
14 462
11 463
11 464
15 465
12 466
15 467
14 468
14 469
21 470
13 471
16 472
19 473
18 474
22 475
21 476
25 477
22 478
20 479
19 480
14 481
17 482
15 483
13 484
16 485
12 486
15 487
9 488
17 489
17 490
18 491
17 492
18 493
13 494
17 495
19 496
12 497
21 498
15 499
14 500
19 501
14 502
18 503
19 504
23 505
20 506
32 507
27 508
28 509
34 510
42 511
30 512
43 513
42 514
38 515
49 516
39 517
62 518
76 519
75 520
80 521
99 522
91 523
129 524
112 525
114 526
142 527
136 528
139 529
167 530
160 531
171 532
204 533
178 534
181 535
186 536
154 537
174 538
142 539
183 540
149 541
131 542
114 543
97 544
84 545
72 546
59 547
52 548
58 549
54 550
35 551
30 552
30 553
24 554
20 555
25 556
21 557
17 558
21 559
13 560
22 561
16 562
16 563
12 564
12 565
13 566
18 567
20 568
13 569
20 570
13 571
19 572
24 573
22 574
23 575
27 576
20 577
22 578
33 579
26 580
42 581
29 582
35 583
35 584
43 585
36 586
27 587
47 588
38 589
42 590
32 591
30 592
29 593
29 594
28 595
22 596
23 597
16 598
24 599
16 600
15 601
16 602
24 603
15 604
21 605
16 606
12 607
12 608
14 609
15 610
11 611
18 612
12 613
21 614
18 615
18 616
22 617
24 618
19 619
22 620
26 621
27 622
12 623
16 624
28 625
24 626
21 627
18 628
13 629
8 630
15 631
13 632
13 633
12 634
16 635
16 636
20 637
11 638
7 639
10 640
7 641
10 642
12 643
11 644
8 645
13 646
19 647
15 648
11 649
8 650
7 651
14 652
10 653
11 654
8 655
18 656
16 657
10 658
20 659
9 660
17 661
29 662
13 663
17 664
21 665
20 666
26 667
32 668
22 669
21 670
27 671
26 672
26 673
36 674
35 675
38 676
41 677
41 678
42 679
37 680
41 681
28 682
36 683
30 684
42 685
32 686
37 687
29 688
32 689
30 690
36 691
32 692
27 693
32 694
29 695
19 696
19 697
28 698
27 699
24 700
31 701
20 702
20 703
17 704
13 705
18 706
17 707
18 708
14 709
14 710
16 711
15 712
10 713
9 714
3 715
8 716
9 717
12 718
9 719
6 720
4 721
7 722
10 723
3 724
4 725
4 726
5 727
1 728
2 729
2 730
4 731
5 732
7 733
2 734
5 735
8 736
6 737
3 738
2 739
2 740
5 741
5 742
8 743
8 744
4 745
5 746
4 747
5 748
6 749
5 750
8 751
7 752
5 753
6 754
4 755
4 756
6 757
7 758
5 759
10 760
10 761
12 762
11 763
15 764
13 765
9 766
7 767
13 768
7 769
16 770
7 771
13 772
11 773
18 774
16 775
16 776
14 777
25 778
23 779
19 780
25 781
31 782
31 783
26 784
38 785
36 786
42 787
36 788
45 789
42 790
51 791
60 792
67 793
63 794
83 795
82 796
86 797
84 798
102 799
105 800
121 801
104 802
125 803
110 804
106 805
105 806
87 807
98 808
112 809
108 810
105 811
85 812
87 813
72 814
69 815
50 816
57 817
47 818
41 819
29 820
30 821
18 822
21 823
15 824
12 825
16 826
12 827
14 828
12 829
11 830
3 831
3 832
5 833
9 834
3 835
3 836
6 837
5 838
7 839
3 840
5 841
3 842
6 843
4 844
1 845
3 846
3 847
4 848
2 849
6 850
2 851
2 852
4 853
3 854
1 855
2 856
4 857
3 858
4 859
4 860
5 861
2 862
2 863
8 864
2 865
2 866
5 867
5 868
6 869
7 870
4 871
6 872
3 873
7 874
7 875
14 876
7 877
7 878
5 879
4 880
9 881
5 882
8 883
6 884
10 885
9 886
9 887
11 888
9 889
8 890
10 891
13 892
13 893
7 894
11 895
10 896
11 897
13 898
5 899
11 900
11 901
8 902
11 903
12 904
8 905
7 906
7 907
8 908
3 909
4 910
5 911
7 912
4 913
5 914
13 915
2 916
1 917
6 918
5 919
7 920
5 921
11 922
5 923
2 924
4 925
19 926
8 927
3 928
9 929
5 930
9 931
11 932
3 933
4 934
7 935
7 936
6 937
6 938
12 939
9 940
6 941
11 942
11 943
10 944
12 945
13 946
14 947
10 948
10 949
8 950
11 951
9 952
5 953
7 954
9 955
9 956
9 957
7 958
11 959
10 960
4 961
3 962
6 963
8 964
3 965
9 966
2 967
6 968
8 969
8 970
1 971
8 972
4 973
12 974
6 975
2 976
2 977
9 978
10 979
6 980
4 981
4 982
6 983
1 984
5 985
10 986
6 987
1 988
8 989
4 990
4 991
8 992
4 993
4 994
3 995
3 996
6 997
3 998
2 999
3 1000
4 1001
2 1002
2 1003
1 1004
3 1005
1 1006
1 1007
4 1008
2 1009
5 1010
4 1011
7 1012
2 1013
2 1014
1 1015
1 1016
5 1017
2 1018
2 1019
2 1020
3 1021
6 1022
4 1023
1 1024
4 1025
4 1026
3 1027
5 1028
4 1029
3 1030
5 1031
5 1033
2 1034
10 1035
4 1036
2 1037
2 1038
3 1039
3 1040
6 1041
6 1042
2 1043
1 1044
4 1045
1 1046
4 1047
6 1048
2 1049
5 1050
3 1051
1 1052
4 1053
2 1055
6 1056
3 1057
4 1059
1 1060
5 1061
2 1062
6 1063
2 1064
8 1065
4 1066
2 1068
4 1069
3 1071
4 1072
2 1073
7 1074
2 1075
2 1076
4 1077
4 1078
3 1079
1 1080
2 1081
3 1083
1 1084
9 1085
5 1086
6 1087
3 1088
2 1089
5 1090
4 1091
1 1092
3 1093
3 1094
3 1095
2 1096
3 1097
4 1098
2 1099
5 1100
3 1101
4 1102
6 1104
8 1105
5 1106
4 1107
3 1108
4 1109
5 1110
7 1111
5 1112
5 1113
8 1114
4 1115
3 1116
5 1117
10 1118
6 1119
8 1120
9 1121
8 1122
9 1123
7 1124
10 1125
10 1126
12 1127
7 1128
12 1129
12 1130
16 1131
17 1132
17 1133
17 1134
17 1135
26 1136
24 1137
24 1138
27 1139
27 1140
18 1141
23 1142
27 1143
20 1144
38 1145
30 1146
24 1147
28 1148
34 1149
25 1150
27 1151
31 1152
27 1153
22 1154
23 1155
26 1156
17 1157
37 1158
20 1159
15 1160
20 1161
17 1162
15 1163
20 1164
14 1165
8 1166
18 1167
13 1168
11 1169
6 1170
10 1171
5 1172
8 1173
5 1174
12 1175
4 1176
6 1177
8 1178
6 1179
3 1180
8 1181
5 1182
2 1183
6 1184
5 1185
10 1186
4 1187
4 1188
9 1189
6 1190
6 1191
8 1192
9 1193
14 1194
8 1195
6 1196
8 1197
12 1198
6 1199
8 1200
11 1201
12 1202
13 1203
10 1204
15 1205
11 1206
12 1207
9 1208
6 1209
7 1210
10 1211
8 1212
13 1213
9 1214
9 1215
6 1216
8 1217
7 1218
7 1219
7 1220
11 1221
7 1222
6 1223
5 1224
5 1225
5 1226
3 1227
5 1228
5 1229
1 1230
3 1231
6 1232
3 1233
4 1234
4 1235
4 1236
3 1237
2 1238
3 1239
4 1241
2 1242
1 1243
2 1244
6 1246
2 1247
4 1248
1 1249
1 1250
2 1251
2 1252
1 1253
4 1254
3 1255
1 1256
3 1257
2 1258
3 1259
3 1261
1 1263
3 1264
2 1265
1 1266
3 1267
1 1268
3 1270
2 1271
3 1272
6 1273
1 1274
1 1275
3 1276
3 1277
3 1278
3 1280
3 1282
4 1283
6 1284
2 1285
2 1286
3 1287
3 1288
1 1290
5 1291
5 1292
5 1293
10 1294
6 1295
7 1296
5 1298
6 1299
6 1300
6 1301
8 1302
3 1303
6 1304
9 1305
7 1306
7 1307
6 1308
8 1309
4 1310
8 1311
6 1312
10 1313
6 1314
4 1315
7 1316
6 1317
6 1318
7 1319
5 1320
5 1321
1 1322
7 1323
3 1324
5 1325
1 1326
5 1327
1 1328
2 1329
4 1330
4 1331
3 1332
4 1333
5 1334
1 1335
1 1336
2 1337
4 1339
3 1340
1 1341
1 1344
3 1345
2 1347
1 1348
5 1349
1 1350
2 1351
3 1352
1 1353
1 1355
6 1356
1 1357
2 1358
1 1359
4 1360
2 1361
3 1362
1 1363
1 1364
2 1365
2 1366
3 1367
1 1368
1 1369
3 1370
4 1371
2 1372
1 1373
1 1374
1 1375
1 1376
2 1377
1 1378
3 1379
6 1380
4 1381
3 1382
1 1383
2 1384
2 1385
4 1386
1 1387
2 1388
1 1390
3 1391
3 1393
1 1394
2 1395
3 1396
2 1400
5 1401
3 1402
1 1403
5 1404
5 1405
3 1406
5 1407
10 1408
5 1409
4 1410
3 1411
2 1412
3 1413
1 1414
2 1415
4 1416
2 1417
3 1418
5 1419
5 1420
8 1421
4 1422
2 1423
2 1424
7 1425
6 1426
8 1427
4 1428
4 1429
6 1430
6 1431
7 1432
6 1433
6 1434
4 1435
8 1436
1 1437
5 1438
10 1439
5 1440
9 1441
8 1442
3 1443
4 1444
5 1445
8 1446
9 1447
2 1448
2 1449
3 1451
4 1452
1 1453
4 1454
1 1455
2 1456
3 1457
1 1458
2 1459
2 1460
2 1462
2 1463
2 1464
4 1465
2 1466
3 1467
1 1468
3 1469
2 1470
1 1473
1 1475
1 1477
3 1479
3 1480
1 1481
2 1482
2 1485
1 1486
1 1487
3 1488
1 1490
1 1492
2 1493
1 1494
1 1495
1 1496
1 1497
1 1498
3 1500
1 1501
1 1502
2 1503
1 1504
1 1505
1 1506
2 1508
1 1509
1 1510
1 1511
2 1512
1 1514
2 1515
1 1516
1 1517
2 1518
1 1519
1 1520
1 1521
2 1522
1 1524
5 1525
1 1526
1 1527
3 1528
1 1531
1 1533
1 1534
3 1535
3 1536
1 1537
2 1539
2 1540
1 1542
3 1543
1 1545
2 1546
1 1548
1 1549
5 1550
2 1552
1 1553
1 1555
3 1556
3 1557
3 1558
2 1559
3 1560
2 1561
4 1563
2 1564
1 1565
1 1566
1 1567
1 1568
1 1569
1 1570
1 1571
1 1572
3 1573
1 1574
2 1575
2 1576
2 1577
2 1578
1 1580
1 1582
2 1583
3 1584
1 1585
1 1587
1 1588
1 1589
2 1591
2 1592
1 1593
2 1594
2 1595
2 1596
2 1598
3 1599
1 1600
1 1601
1 1603
3 1604
7 1605
3 1607
2 1608
1 1609
2 1611
2 1612
2 1613
3 1614
5 1615
3 1616
2 1617
2 1618
1 1619
1 1620
2 1621
1 1622
3 1623
1 1624
3 1625
2 1626
1 1627
3 1628
3 1629
1 1630
3 1631
3 1632
3 1633
4 1634
2 1635
1 1636
4 1637
1 1638
3 1639
2 1640
2 1641
3 1643
1 1645
5 1646
5 1647
3 1648
2 1649
5 1650
2 1651
2 1652
2 1653
2 1655
3 1656
1 1657
1 1658
2 1659
2 1660
1 1662
8 1663
4 1664
3 1665
6 1666
3 1667
2 1668
4 1669
2 1670
1 1671
6 1672
5 1673
1 1674
5 1675
6 1676
6 1677
3 1678
4 1679
1 1680
4 1681
5 1682
7 1683
6 1684
3 1685
5 1686
3 1687
3 1688
6 1689
7 1690
6 1691
6 1692
8 1693
7 1694
6 1695
5 1696
1 1697
5 1698
4 1699
5 1700
3 1701
4 1702
6 1703
5 1704
10 1705
5 1706
14 1707
7 1708
6 1709
5 1710
7 1711
7 1712
5 1713
7 1714
5 1715
2 1716
3 1717
6 1718
8 1719
4 1720
6 1721
4 1722
9 1723
2 1724
3 1725
10 1726
3 1727
7 1728
5 1729
3 1730
7 1731
5 1732
8 1733
6 1734
7 1735
7 1736
2 1737
5 1738
5 1739
6 1740
2 1741
6 1742
6 1743
6 1744
4 1745
7 1746
7 1747
6 1748
6 1749
3 1750
5 1751
5 1752
4 1753
5 1754
4 1755
6 1756
2 1757
5 1758
5 1759
3 1760
8 1761
6 1762
6 1763
3 1764
2 1765
4 1766
6 1767
5 1768
5 1769
2 1770
4 1771
2 1772
1 1773
3 1774
5 1775
5 1776
2 1777
4 1778
5 1779
4 1780
4 1781
4 1782
8 1783
2 1784
5 1785
6 1786
7 1787
4 1788
5 1789
14 1790
4 1791
2 1792
2 1793
6 1794
9 1795
6 1796
7 1797
7 1798
8 1799
4 1800
3 1801
3 1802
3 1803
4 1804
5 1805
5 1806
7 1807
6 1808
4 1809
4 1810
6 1811
7 1812
5 1813
5 1814
4 1815
4 1816
5 1817
7 1818
5 1819
8 1820
4 1821
6 1822
5 1823
8 1824
3 1825
12 1826
8 1827
9 1828
9 1829
13 1830
7 1831
6 1832
12 1833
9 1834
9 1835
11 1836
6 1837
3 1838
11 1839
8 1840
5 1841
13 1842
12 1843
10 1844
4 1845
13 1846
7 1847
7 1848
7 1849
19 1850
9 1851
10 1852
8 1853
16 1854
9 1855
7 1856
8 1857
8 1858
14 1859
7 1860
8 1861
13 1862
9 1863
3 1864
7 1865
8 1866
11 1867
10 1868
12 1869
12 1870
11 1871
12 1872
10 1873
8 1874
7 1875
12 1876
12 1877
10 1878
8 1879
16 1880
6 1881
6 1882
7 1883
11 1884
12 1885
13 1886
16 1887
17 1888
10 1889
8 1890
13 1891
16 1892
9 1893
16 1894
14 1895
10 1896
14 1897
19 1898
14 1899
15 1900
23 1901
16 1902
20 1903
20 1904
14 1905
18 1906
17 1907
23 1908
20 1909
21 1910
22 1911
30 1912
23 1913
22 1914
27 1915
30 1916
29 1917
23 1918
27 1919
19 1920
30 1921
28 1922
26 1923
35 1924
24 1925
38 1926
30 1927
37 1928
37 1929
31 1930
38 1931
39 1932
35 1933
35 1934
45 1935
53 1936
48 1937
46 1938
53 1939
51 1940
56 1941
47 1942
63 1943
49 1944
61 1945
73 1946
80 1947
72 1948
82 1949
77 1950
82 1951
71 1952
89 1953
88 1954
89 1955
103 1956
97 1957
109 1958
112 1959
114 1960
140 1961
111 1962
142 1963
134 1964
142 1965
157 1966
143 1967
147 1968
148 1969
169 1970
153 1971
158 1972
156 1973
166 1974
150 1975
171 1976
162 1977
162 1978
142 1979
158 1980
154 1981
157 1982
145 1983
139 1984
124 1985
157 1986
125 1987
129 1988
137 1989
129 1990
110 1991
127 1992
92 1993
86 1994
72 1995
87 1996
84 1997
75 1998
56 1999
47 2000
65 2001
61 2002
44 2003
42 2004
43 2005
40 2006
33 2007
38 2008
31 2009
26 2010
16 2011
13 2012
13 2013
15 2014
14 2015
11 2016
12 2017
6 2018
11 2019
6 2020
9 2021
8 2022
4 2023
5 2024
6 2025
2 2026
3 2027
4 2028
5 2029
3 2030
3 2031
2 2032
2 2033
2 2034
4 2035
1 2037
1 2039
3 2040
2 2041
3 2042
1 2043
2 2044
1 2049
2 2052
3 2054
1 2055
2 2056
1 2059
3 2060
3 2061
4 2063
3 2064
2 2065
1 2066
2 2067
3 2070
2 2071
1 2072
1 2073
3 2074
2 2076
3 2077
1 2078
2 2079
2 2080
4 2081
3 2082
4 2083
1 2084
4 2085
1 2086
1 2088
4 2089
2 2090
2 2091
6 2092
2 2093
3 2094
5 2096
1 2097
3 2098
1 2099
3 2101
2 2102
2 2103
1 2104
1 2105
1 2106
3 2107
1 2108
4 2109
3 2110
1 2111
1 2112
2 2116
1 2118
3 2119
2 2120
1 2124
1 2129
1 2136
1 2139
2 2141
1 2143
1 2144
1 2146
1 2152
1 2158
1 2170
1 2177
1 2180
1 2188
1 2192
1 2194
1 2199
1 2200
1 2204
1 2205
1 2207
1 2209
1 2214
1 2219
2 2222
1 2224
1 2225
1 2228
1 2233
1 2234
2 2236
2 2237
1 2238
2 2241
2 2245
1 2248
1 2249
1 2251
1 2255
1 2257
2 2258
1 2259
1 2263
1 2264
1 2270
1 2274
1 2285
1 2298
1 2303
1 2307
1 2308
1 2315
1 2318
1 2321
2 2322
1 2325
1 2329
1 2332
1 2335
1 2336
1 2339
1 2343
1 2345
1 2355
2 2365
3 2366
1 2368
1 2373
1 2377
1 2381
2 2382
1 2384
1 2386
1 2387
1 2388
1 2391
1 2394
1 2396
1 2399
1 2403
2 2405
1 2407
2 2411
1 2414
1 2416
1 2417
1 2418
2 2422
1 2425
1 2431
1 2435
1 2439
1 2442
1 2453
1 2454
1 2456
1 2460
1 2461
1 2462
2 2467
1 2472
1 2475
3 2477
1 2478
2 2479
1 2480
1 2481
1 2483
2 2484
1 2485
2 2487
2 2488
1 2489
1 2491
1 2492
2 2493
1 2500
1 2502
3 2503
1 2504
1 2505
1 2506
2 2507
1 2508
1 2509
2 2510
1 2511
1 2512
1 2513
1 2515
2 2516
1 2517
1 2518
2 2520
1 2522
1 2523
2 2525
1 2527
1 2528
1 2531
1 2532
1 2533
1 2535
1 2540
2 2542
1 2544
1 2546
1 2549
2 2550
2 2554
1 2557
1 2558
1 2561
1 2562
1 2563
1 2566
2 2570
1 2571
1 2572
2 2573
2 2576
1 2584
1 2590
1 2593
2 2594
1 2595
2 2602
1 2609
1 2610
1 2612
1 2618
1 2623
1 2629
1 2634
1 2644
1 2662
2 2664
1 2669
1 2670
1 2672
1 2682
1 2692
1 2693
2 2694
1 2696
2 2699
1 2703
1 2704
3 2709
2 2712
1 2714
1 2715
1 2717
1 2718
2 2719
1 2723
1 2724
1 2726
2 2729
2 2731
1 2732
3 2733
1 2735
1 2737
1 2739
3 2741
2 2749
2 2752
1 2753
2 2755
1 2758
1 2761
1 2762
1 2765
1 2766
1 2767
1 2768
2 2769
1 2770
1 2772
1 2774
2 2776
1 2779
1 2780
1 2782
1 2783
2 2784
1 2785
1 2786
1 2787
1 2788
1 2789
3 2790
1 2793
1 2794
4 2798
2 2802
1 2803
1 2804
2 2805
2 2806
1 2808
1 2809
1 2810
1 2812
1 2813
2 2814
1 2817
1 2818
1 2820
1 2822
2 2825
2 2826
2 2827
2 2828
3 2829
3 2830
3 2831
1 2832
1 2833
1 2834
3 2835
2 2836
2 2838
3 2839
2 2840
1 2841
2 2842
2 2843
1 2844
2 2845
3 2846
1 2847
2 2848
2 2849
6 2850
4 2851
3 2852
2 2853
2 2854
2 2855
2 2857
2 2858
5 2859
4 2860
2 2861
2 2862
6 2863
2 2864
4 2865
2 2866
7 2867
4 2868
5 2869
4 2870
1 2871
6 2872
3 2873
3 2874
3 2875
5 2876
5 2877
3 2878
3 2879
1 2880
3 2881
3 2882
2 2884
1 2885
3 2886
2 2889
2 2891
2 2892
5 2893
4 2894
2 2895
3 2897
2 2898
1 2899
1 2900
1 2901
1 2902
2 2903
1 2904
2 2906
1 2910
1 2912
1 2913
1 2914
1 2918
2 2920
1 2929
1 2939
1 3009
1 3111
1 3188
1 3282
1 3333
1 3462
1 3488
1 3490
1 3753
1 3823
1 3856
1 4157
1 4280
