1 1
1 2
2 3
3 4
4 5
1 6
1 7
1 8
1 9
2 11
2 12
1 13
1 16
1 17
1 18
2 19
1 20
3 21
2 22
1 23
3 24
2 25
3 26
2 27
3 29
4 30
2 31
3 33
2 35
3 37
3 38
1 39
2 42
1 43
1 44
3 45
1 46
4 47
1 48
1 49
2 50
1 52
3 53
1 54
2 55
2 56
5 57
4 58
1 59
2 60
2 61
3 62
5 64
2 65
3 66
3 67
2 68
2 69
4 70
3 71
1 72
2 73
6 75
3 76
3 77
2 78
1 79
4 80
2 81
3 82
2 83
9 84
3 86
3 87
5 88
2 89
2 91
2 92
2 93
2 94
1 95
3 96
2 97
4 99
6 100
5 101
2 102
6 103
2 104
6 105
4 106
5 107
2 108
4 109
2 110
3 111
1 112
2 113
1 115
1 116
1 117
4 118
5 119
3 120
1 122
4 123
6 124
2 125
1 126
7 127
4 128
3 129
6 130
9 131
7 132
6 133
5 134
2 135
8 136
2 137
6 138
1 139
2 140
5 141
1 142
6 143
5 144
1 145
4 146
4 147
2 148
3 149
3 150
5 151
2 152
2 153
5 154
6 155
6 157
3 158
5 159
4 160
6 161
4 162
2 163
3 164
4 165
2 166
2 167
4 168
3 169
6 170
1 171
2 172
2 173
1 174
2 175
5 176
5 178
3 179
3 180
2 181
1 182
1 183
9 184
2 185
1 186
2 187
5 188
2 189
1 190
3 191
2 192
3 193
2 194
2 195
8 196
1 197
1 198
3 199
6 200
3 201
4 202
4 203
4 204
9 205
2 206
7 207
1 208
4 209
2 211
5 212
5 213
5 214
3 215
3 216
3 217
3 218
3 219
3 220
6 221
5 222
2 223
2 224
5 225
1 226
2 227
7 228
4 229
3 230
4 231
7 232
4 233
7 234
4 235
6 236
7 237
9 238
6 239
5 240
9 241
2 242
1 243
3 244
4 245
8 246
3 247
3 248
5 249
2 250
9 251
5 252
6 253
10 254
5 255
8 256
5 257
7 258
5 259
3 260
4 261
4 262
6 263
5 264
3 265
5 266
4 267
4 268
2 269
1 270
1 271
3 272
5 273
3 274
2 275
4 276
4 277
5 278
4 280
4 281
4 282
6 283
5 284
7 285
4 286
5 287
6 288
2 289
7 290
4 291
4 292
6 293
3 294
7 295
4 296
4 297
7 298
3 299
2 300
5 301
3 302
4 303
3 304
3 305
4 306
4 307
3 308
2 309
2 310
2 311
5 312
8 313
4 314
1 315
8 316
5 317
5 318
2 319
2 320
3 321
6 322
6 323
11 324
6 325
3 326
3 327
5 328
8 329
5 330
6 331
5 332
8 333
4 334
11 335
9 336
4 337
5 338
3 339
10 340
8 341
6 342
8 343
4 344
5 345
13 346
2 347
7 348
5 349
9 350
9 351
6 352
7 353
9 354
8 355
9 356
13 357
9 358
3 359
9 360
4 361
9 362
6 363
7 364
4 365
8 366
5 367
14 368
6 369
7 370
7 371
7 372
4 373
6 374
6 375
2 376
3 377
2 378
3 379
5 380
4 381
7 382
3 383
6 384
2 385
3 387
5 388
4 389
4 390
9 391
1 392
10 393
5 394
7 395
5 396
2 397
6 398
3 399
3 400
6 401
10 402
6 403
7 404
7 405
5 406
7 407
7 408
7 409
5 410
5 411
3 412
3 413
2 414
6 415
5 416
8 417
5 418
6 419
6 420
3 421
3 423
7 424
3 425
4 427
2 428
3 429
1 430
3 431
5 432
6 433
5 434
4 435
6 436
3 437
3 438
5 439
5 440
2 441
6 442
1 443
9 444
3 445
9 446
13 447
8 448
10 449
6 450
4 451
14 452
8 453
12 454
8 455
7 456
14 457
17 458
12 459
22 460
20 461
26 462
24 463
29 464
30 465
21 466
37 467
37 468
56 469
35 470
43 471
38 472
47 473
35 474
31 475
36 476
33 477
29 478
36 479
25 480
36 481
13 482
20 483
9 484
12 485
9 486
12 487
6 488
12 489
4 490
7 491
10 492
4 493
8 494
5 495
10 496
5 497
8 498
5 499
5 500
4 501
9 502
5 503
5 504
8 505
8 506
2 507
7 508
9 509
6 510
6 511
4 512
2 513
6 514
9 515
3 516
4 517
6 518
3 519
4 520
5 521
3 522
3 523
4 524
8 525
4 526
6 527
7 528
5 529
9 530
7 531
3 532
9 533
2 534
2 535
6 536
9 537
2 538
5 539
4 540
9 541
4 542
7 543
8 544
2 545
5 546
9 547
3 548
1 549
2 550
7 551
4 552
7 553
6 554
9 555
5 556
3 557
5 558
6 559
2 560
5 561
3 562
6 563
3 564
4 565
6 566
2 567
5 568
2 569
4 570
7 571
2 572
5 573
3 574
5 575
2 576
4 577
3 578
2 579
4 580
5 581
8 582
2 583
5 584
4 585
5 586
4 587
5 588
1 589
5 590
3 591
7 592
5 594
1 595
7 596
4 597
3 598
3 599
10 600
8 601
4 602
2 603
2 604
8 605
3 606
5 607
8 608
3 609
6 610
7 611
11 612
5 613
7 614
5 615
4 616
7 617
2 618
6 619
4 620
5 621
8 622
7 623
8 624
4 625
7 626
8 627
6 628
7 629
7 630
4 631
6 632
6 633
7 634
8 635
9 636
5 637
5 638
9 639
7 640
6 641
8 642
7 643
5 644
7 645
9 646
9 647
9 648
9 649
10 650
6 651
6 652
8 653
6 654
10 655
4 656
8 657
10 658
14 659
9 660
14 661
8 662
7 663
9 664
17 665
10 666
14 667
7 668
8 669
9 670
11 671
15 672
12 673
18 674
19 675
26 676
21 677
14 678
17 679
19 680
18 681
16 682
19 683
21 684
18 685
23 686
20 687
17 688
20 689
22 690
15 691
21 692
19 693
27 694
16 695
15 696
22 697
15 698
15 699
25 700
27 701
25 702
30 703
28 704
19 705
19 706
34 707
23 708
22 709
23 710
34 711
24 712
37 713
24 714
23 715
29 716
34 717
33 718
30 719
35 720
37 721
47 722
33 723
33 724
37 725
38 726
39 727
44 728
44 729
36 730
39 731
46 732
45 733
46 734
47 735
46 736
45 737
48 738
45 739
46 740
43 741
42 742
35 743
46 744
44 745
43 746
53 747
60 748
47 749
58 750
45 751
54 752
45 753
48 754
54 755
45 756
40 757
47 758
51 759
58 760
48 761
40 762
33 763
45 764
44 765
42 766
20 767
38 768
39 769
29 770
37 771
50 772
41 773
39 774
43 775
36 776
43 777
51 778
58 779
44 780
42 781
58 782
66 783
54 784
56 785
67 786
77 787
93 788
104 789
88 790
102 791
103 792
106 793
119 794
115 795
126 796
146 797
156 798
154 799
202 800
171 801
177 802
184 803
161 804
162 805
179 806
167 807
161 808
182 809
188 810
156 811
184 812
158 813
193 814
183 815
196 816
195 817
223 818
226 819
225 820
230 821
235 822
231 823
229 824
251 825
265 826
241 827
292 828
271 829
240 830
248 831
249 832
240 833
208 834
221 835
175 836
172 837
162 838
160 839
144 840
146 841
136 842
137 843
93 844
89 845
106 846
84 847
88 848
89 849
77 850
72 851
64 852
82 853
79 854
66 855
74 856
56 857
83 858
69 859
51 860
59 861
70 862
50 863
52 864
53 865
53 866
49 867
40 868
38 869
41 870
42 871
38 872
36 873
36 874
21 875
22 876
20 877
19 878
20 879
16 880
15 881
15 882
10 883
10 884
14 885
16 886
13 887
14 888
8 889
12 890
13 891
9 892
6 893
7 894
16 895
7 896
12 897
9 898
8 899
8 900
9 901
10 902
8 903
15 904
12 905
15 906
17 907
12 908
16 909
17 910
10 911
13 912
17 913
18 914
15 915
23 916
15 917
14 918
14 919
10 920
10 921
13 922
11 923
18 924
15 925
12 926
14 927
20 928
12 929
17 930
16 931
23 932
15 933
21 934
19 935
21 936
20 937
24 938
19 939
23 940
23 941
19 942
15 943
24 944
24 945
8 946
14 947
19 948
23 949
20 950
26 951
13 952
26 953
21 954
31 955
28 956
38 957
17 958
29 959
29 960
17 961
32 962
30 963
16 964
27 965
25 966
23 967
24 968
22 969
25 970
27 971
31 972
25 973
32 974
33 975
36 976
43 977
47 978
39 979
53 980
48 981
44 982
44 983
62 984
51 985
57 986
62 987
55 988
61 989
65 990
53 991
61 992
48 993
60 994
51 995
78 996
69 997
48 998
53 999
50 1000
49 1001
42 1002
33 1003
40 1004
46 1005
52 1006
38 1007
41 1008
41 1009
36 1010
43 1011
48 1012
54 1013
47 1014
49 1015
49 1016
57 1017
45 1018
56 1019
53 1020
47 1021
67 1022
63 1023
82 1024
80 1025
75 1026
71 1027
83 1028
86 1029
96 1030
120 1031
109 1032
120 1033
109 1034
137 1035
125 1036
142 1037
158 1038
152 1039
166 1040
170 1041
164 1042
190 1043
185 1044
220 1045
236 1046
216 1047
237 1048
217 1049
229 1050
201 1051
206 1052
197 1053
216 1054
220 1055
158 1056
162 1057
163 1058
161 1059
150 1060
152 1061
137 1062
130 1063
125 1064
129 1065
102 1066
83 1067
99 1068
86 1069
102 1070
75 1071
87 1072
92 1073
96 1074
99 1075
92 1076
100 1077
100 1078
88 1079
107 1080
120 1081
128 1082
122 1083
123 1084
141 1085
112 1086
107 1087
126 1088
114 1089
123 1090
119 1091
125 1092
104 1093
130 1094
96 1095
97 1096
87 1097
85 1098
64 1099
70 1100
54 1101
53 1102
71 1103
66 1104
48 1105
59 1106
50 1107
56 1108
42 1109
49 1110
48 1111
36 1112
45 1113
53 1114
37 1115
45 1116
41 1117
36 1118
40 1119
33 1120
35 1121
33 1122
29 1123
35 1124
29 1125
33 1126
34 1127
30 1128
32 1129
33 1130
28 1131
34 1132
34 1133
22 1134
32 1135
26 1136
21 1137
35 1138
34 1139
29 1140
34 1141
31 1142
32 1143
31 1144
40 1145
36 1146
35 1147
24 1148
31 1149
28 1150
40 1151
36 1152
41 1153
42 1154
52 1155
51 1156
52 1157
52 1158
60 1159
59 1160
42 1161
56 1162
49 1163
60 1164
57 1165
54 1166
48 1167
53 1168
56 1169
54 1170
52 1171
46 1172
56 1173
46 1174
49 1175
50 1176
44 1177
47 1178
40 1179
36 1180
49 1181
45 1182
46 1183
39 1184
43 1185
36 1186
46 1187
33 1188
42 1189
41 1190
52 1191
52 1192
53 1193
33 1194
47 1195
48 1196
49 1197
54 1198
61 1199
59 1200
66 1201
68 1202
64 1203
88 1204
81 1205
81 1206
67 1207
102 1208
108 1209
89 1210
125 1211
90 1212
108 1213
91 1214
116 1215
122 1216
111 1217
101 1218
113 1219
131 1220
126 1221
98 1222
112 1223
86 1224
88 1225
86 1226
78 1227
87 1228
85 1229
87 1230
68 1231
57 1232
47 1233
41 1234
35 1235
44 1236
41 1237
26 1238
43 1239
34 1240
31 1241
27 1242
26 1243
27 1244
18 1245
20 1246
25 1247
23 1248
25 1249
17 1250
15 1251
14 1252
7 1253
10 1254
14 1255
15 1256
6 1257
10 1258
10 1259
10 1260
3 1261
5 1262
6 1263
5 1264
7 1265
3 1266
4 1267
8 1269
5 1270
1 1271
6 1272
3 1273
3 1274
3 1275
6 1276
2 1277
2 1278
1 1279
2 1280
1 1281
2 1282
1 1283
3 1285
4 1286
2 1287
2 1290
1 1291
3 1292
2 1294
2 1295
1 1296
1 1297
1 1298
1 1299
1 1300
1 1301
1 1303
1 1304
4 1305
1 1306
2 1307
2 1309
2 1310
2 1311
1 1312
2 1313
3 1314
1 1315
2 1316
1 1317
1 1320
1 1321
1 1322
3 1323
1 1324
3 1325
2 1326
1 1327
1 1328
3 1329
3 1331
2 1332
3 1334
1 1335
3 1337
4 1338
2 1339
5 1340
2 1341
3 1343
2 1344
5 1345
1 1346
5 1347
7 1348
7 1349
4 1350
5 1351
4 1352
6 1353
1 1354
6 1355
3 1356
8 1357
9 1358
8 1359
7 1360
8 1361
6 1362
8 1363
8 1364
8 1365
10 1366
11 1367
8 1368
5 1369
12 1370
6 1371
12 1372
15 1373
14 1374
15 1375
18 1376
13 1377
11 1378
14 1379
12 1380
11 1381
17 1382
14 1383
18 1384
17 1385
15 1386
15 1387
10 1388
17 1389
19 1390
14 1391
16 1392
8 1393
13 1394
15 1395
6 1396
6 1397
9 1398
6 1399
2 1400
4 1401
6 1402
3 1403
5 1404
5 1405
4 1406
5 1407
2 1409
2 1410
3 1412
3 1413
1 1414
1 1418
2 1419
1 1420
1 1421
5 1422
3 1424
1 1425
1 1426
4 1427
2 1430
1 1434
2 1435
1 1437
1 1438
1 1441
2 1442
2 1443
2 1444
1 1445
2 1447
1 1449
1 1450
2 1452
1 1454
3 1455
1 1456
2 1457
2 1458
1 1462
1 1463
1 1464
1 1465
1 1466
1 1467
1 1468
1 1469
1 1472
2 1473
2 1474
2 1475
1 1476
2 1479
1 1481
1 1487
2 1488
1 1489
1 1492
1 1496
1 1497
1 1500
1 1502
1 1503
1 1504
1 1507
1 1508
1 1509
1 1515
1 1521
1 1522
1 1524
1 1525
1 1527
1 1528
1 1529
2 1531
2 1532
2 1537
2 1538
1 1539
1 1541
1 1542
1 1545
2 1548
1 1551
1 1552
2 1554
1 1555
1 1556
1 1563
1 1566
1 1568
2 1571
1 1572
2 1575
1 1576
3 1580
1 1589
1 1595
3 1596
1 1600
1 1601
1 1602
1 1603
1 1604
1 1605
1 1608
2 1611
1 1612
1 1614
2 1618
1 1620
1 1624
1 1625
1 1626
1 1631
1 1633
1 1636
4 1637
1 1639
1 1640
1 1643
1 1644
1 1645
2 1646
2 1650
2 1652
1 1655
1 1657
1 1658
2 1662
1 1663
1 1666
1 1668
1 1671
1 1675
1 1676
1 1682
2 1684
1 1686
1 1687
3 1688
1 1689
3 1694
1 1699
1 1700
1 1701
3 1707
2 1709
2 1710
1 1711
1 1713
1 1717
1 1719
1 1721
1 1722
1 1726
1 1728
1 1730
1 1732
1 1738
1 1739
1 1742
1 1744
1 1747
2 1748
1 1749
1 1752
2 1755
1 1756
1 1757
2 1759
1 1760
1 1762
1 1763
1 1765
1 1771
1 1772
2 1774
1 1775
1 1776
1 1780
1 1781
1 1787
1 1790
1 1793
2 1795
2 1798
1 1799
1 1806
1 1815
1 1816
1 1822
1 1824
1 1825
1 1826
1 1828
1 1832
1 1833
1 1836
1 1838
2 1839
1 1841
2 1844
1 1845
1 1849
1 1854
1 1856
1 1857
1 1858
1 1861
1 1863
1 1866
1 1867
1 1875
1 1876
1 1879
2 1882
1 1883
1 1885
2 1886
2 1887
1 1888
4 1892
1 1893
1 1894
1 1895
1 1896
1 1900
1 1901
1 1903
1 1904
2 1907
1 1910
1 1911
1 1912
1 1914
3 1917
2 1920
1 1924
2 1928
1 1929
2 1932
1 1939
3 1945
1 1948
3 1952
1 1953
1 1954
1 1955
1 1957
1 1959
1 1960
2 1961
1 1962
1 1965
1 1966
1 1969
1 1971
1 1972
1 1973
1 1974
3 1977
3 1979
4 1981
1 1982
2 1983
2 1984
1 1985
2 1989
3 1990
4 1993
1 1994
2 1995
2 1996
3 1999
1 2001
3 2002
1 2003
1 2004
2 2005
1 2006
1 2007
1 2009
1 2010
2 2011
1 2014
1 2015
2 2016
1 2017
1 2019
1 2020
3 2022
1 2026
1 2027
3 2028
2 2029
1 2030
1 2031
3 2032
2 2033
1 2035
1 2036
2 2039
2 2041
4 2042
1 2043
1 2047
2 2048
2 2049
3 2050
1 2051
1 2052
1 2053
2 2054
1 2055
2 2056
1 2058
1 2059
1 2060
1 2061
2 2063
1 2064
1 2066
1 2069
1 2070
1 2073
1 2074
1 2075
3 2076
1 2077
2 2078
1 2079
2 2080
1 2081
1 2083
3 2084
1 2086
1 2087
1 2091
1 2092
1 2094
1 2096
1 2097
1 2099
3 2101
2 2103
1 2104
1 2108
2 2113
1 2114
3 2115
1 2116
1 2118
2 2120
1 2121
3 2123
1 2124
2 2126
1 2129
1 2130
1 2131
1 2132
1 2134
1 2135
1 2136
2 2137
1 2138
1 2139
1 2140
3 2141
1 2142
2 2143
2 2145
1 2148
3 2149
5 2150
1 2152
1 2153
1 2154
1 2157
2 2158
2 2160
1 2162
1 2163
3 2164
2 2165
2 2166
2 2167
1 2168
1 2169
1 2170
4 2171
1 2172
3 2173
3 2174
3 2175
1 2178
2 2179
2 2180
2 2181
2 2182
2 2183
1 2184
1 2186
2 2187
2 2188
2 2190
3 2191
2 2194
2 2196
2 2197
1 2198
1 2200
3 2204
1 2205
1 2206
1 2207
2 2208
3 2209
1 2210
1 2213
1 2214
2 2216
1 2217
2 2218
1 2219
1 2220
1 2221
1 2222
2 2224
1 2228
1 2229
1 2230
3 2232
1 2234
1 2236
2 2237
1 2240
1 2241
1 2242
1 2243
2 2244
1 2245
2 2248
2 2253
2 2254
3 2255
1 2256
1 2259
3 2261
2 2263
2 2264
4 2265
3 2266
5 2268
3 2269
5 2270
3 2272
1 2273
3 2274
3 2275
2 2276
1 2277
5 2278
4 2279
1 2280
2 2281
3 2282
2 2283
3 2284
1 2285
2 2286
2 2288
3 2289
5 2290
3 2291
1 2292
2 2293
1 2294
3 2295
2 2296
1 2297
2 2298
2 2299
4 2300
1 2301
1 2302
2 2303
1 2305
5 2306
1 2307
5 2310
3 2312
1 2313
4 2314
1 2315
3 2316
3 2318
3 2319
1 2320
5 2321
1 2322
3 2323
2 2324
3 2325
2 2326
2 2327
1 2328
2 2330
5 2331
4 2332
3 2333
4 2334
3 2335
1 2336
1 2337
3 2338
5 2339
1 2340
1 2342
2 2343
3 2344
2 2345
3 2346
4 2347
3 2348
4 2349
4 2350
1 2351
4 2352
3 2353
6 2354
4 2356
2 2357
4 2358
2 2359
4 2361
5 2362
5 2363
2 2364
5 2365
5 2366
3 2367
2 2368
10 2369
1 2370
4 2371
6 2372
7 2373
5 2374
6 2375
3 2376
3 2377
2 2378
2 2379
3 2380
4 2381
7 2382
9 2383
6 2384
4 2385
4 2386
7 2387
3 2388
12 2389
8 2390
8 2391
8 2392
11 2393
10 2394
12 2395
10 2396
6 2397
9 2398
12 2399
7 2400
5 2401
11 2402
7 2403
17 2404
11 2405
8 2406
8 2407
13 2408
12 2409
6 2410
14 2411
9 2412
12 2413
8 2414
11 2415
11 2416
6 2417
5 2418
7 2419
6 2420
13 2421
8 2422
11 2423
7 2424
8 2425
10 2426
12 2427
8 2428
11 2429
12 2430
5 2431
9 2432
6 2433
8 2434
6 2435
7 2436
7 2437
9 2438
10 2439
6 2440
9 2441
9 2442
9 2443
5 2444
9 2445
7 2446
9 2447
8 2448
6 2449
8 2450
11 2451
6 2452
9 2453
14 2454
15 2455
10 2456
5 2457
13 2458
8 2459
10 2460
10 2461
12 2462
16 2463
12 2464
12 2465
15 2466
12 2467
15 2468
16 2469
19 2470
17 2471
13 2472
13 2473
22 2474
23 2475
18 2476
18 2477
29 2478
9 2479
20 2480
20 2481
18 2482
18 2483
20 2484
31 2485
22 2486
26 2487
22 2488
20 2489
29 2490
23 2491
24 2492
19 2493
26 2494
32 2495
25 2496
27 2497
32 2498
18 2499
22 2500
19 2501
15 2502
23 2503
25 2504
12 2505
25 2506
20 2507
14 2508
30 2509
20 2510
13 2511
20 2512
22 2513
17 2514
12 2515
10 2516
15 2517
14 2518
7 2519
15 2520
11 2521
12 2522
10 2523
17 2524
8 2525
10 2526
10 2527
8 2528
1 2529
6 2530
7 2531
8 2532
6 2533
4 2534
4 2535
5 2536
5 2537
4 2538
4 2539
5 2540
3 2541
4 2542
1 2543
4 2544
2 2545
3 2546
4 2547
6 2548
2 2549
4 2550
6 2551
3 2552
2 2553
9 2554
2 2555
3 2556
7 2557
6 2558
3 2559
1 2560
6 2561
2 2562
4 2563
2 2564
6 2565
2 2566
2 2567
6 2568
1 2569
2 2570
4 2571
5 2572
4 2573
3 2574
3 2576
4 2577
5 2578
2 2579
6 2580
6 2581
3 2582
2 2583
2 2584
5 2585
4 2586
2 2587
3 2588
3 2589
4 2590
2 2591
3 2592
7 2593
1 2594
5 2595
2 2596
1 2597
4 2598
2 2599
2 2600
3 2601
4 2602
4 2603
5 2604
4 2605
1 2606
4 2607
5 2608
4 2609
4 2610
3 2611
5 2612
5 2613
1 2614
2 2615
3 2616
2 2617
1 2618
2 2619
3 2620
3 2621
4 2622
4 2623
3 2624
5 2625
1 2626
1 2627
1 2628
1 2629
2 2630
3 2631
2 2632
4 2633
5 2634
3 2635
1 2637
2 2638
2 2639
2 2640
3 2641
3 2642
1 2643
2 2644
2 2645
3 2646
2 2647
2 2648
4 2650
1 2652
1 2654
2 2655
2 2656
3 2657
1 2658
3 2660
2 2661
3 2662
1 2663
3 2665
4 2666
2 2667
3 2668
5 2669
1 2671
2 2672
1 2673
2 2674
4 2675
2 2676
4 2678
3 2679
4 2680
1 2681
2 2682
2 2683
4 2684
2 2685
6 2687
7 2688
5 2689
7 2690
8 2691
1 2692
6 2693
7 2694
2 2695
4 2696
4 2697
3 2698
4 2699
6 2700
4 2701
11 2702
5 2703
3 2704
7 2705
5 2706
5 2707
8 2708
4 2709
6 2710
11 2711
2 2712
7 2713
5 2714
6 2715
10 2716
10 2717
4 2718
10 2719
10 2720
6 2721
4 2722
9 2723
8 2724
4 2725
10 2726
9 2727
8 2728
4 2729
5 2730
4 2731
5 2732
6 2733
6 2734
3 2735
4 2736
9 2737
5 2738
1 2739
3 2740
4 2741
4 2742
3 2743
5 2744
9 2745
5 2746
2 2747
2 2748
3 2749
7 2750
2 2751
1 2752
2 2753
2 2754
6 2755
1 2756
2 2757
2 2758
1 2760
1 2762
1 2763
4 2765
2 2766
2 2767
1 2768
2 2769
2 2770
2 2771
1 2772
3 2773
1 2774
1 2775
1 2776
4 2778
2 2779
1 2780
1 2781
2 2782
1 2783
1 2784
4 2786
3 2788
3 2789
3 2790
4 2791
7 2792
3 2793
1 2794
4 2796
2 2797
1 2798
3 2799
1 2800
4 2802
1 2803
1 2804
3 2805
1 2806
3 2807
4 2808
1 2810
2 2811
5 2812
4 2813
1 2814
2 2815
1 2818
3 2819
1 2820
4 2821
2 2822
3 2823
2 2824
6 2825
2 2826
1 2828
4 2829
4 2830
4 2831
1 2832
1 2833
2 2834
2 2835
1 2837
2 2838
4 2839
2 2841
1 2842
1 2843
1 2845
2 2846
4 2847
2 2848
2 2849
3 2850
1 2851
4 2852
1 2859
1 2866
1 2875
1 2876
1 2880
1 2883
1 2888
1 2898
1 2900
1 2903
1 2911
1 2914
1 2915
1 2931
1 2933
1 2942
1 2943
1 2952
1 2956
1 2957
1 2960
1 2967
1 2969
1 2970
1 2975
1 2976
1 2981
2 2986
1 2988
1 3009
2 3011
2 3012
1 3013
2 3015
1 3017
1 3021
1 3023
1 3024
1 3025
1 3028
1 3031
1 3032
1 3034
1 3036
1 3037
2 3038
1 3042
2 3045
1 3046
2 3047
2 3048
2 3052
1 3054
1 3055
1 3056
2 3057
1 3059
1 3060
1 3062
1 3063
1 3064
5 3065
1 3066
1 3070
1 3071
1 3072
1 3073
2 3075
1 3076
1 3077
2 3078
1 3081
2 3082
1 3083
4 3084
2 3086
2 3087
1 3089
2 3091
1 3092
1 3093
1 3094
2 3095
1 3096
2 3097
1 3098
1 3100
2 3102
1 3103
1 3105
1 3106
2 3107
2 3108
1 3110
2 3111
1 3112
2 3113
2 3114
2 3115
2 3116
2 3117
4 3118
3 3119
4 3120
1 3121
1 3123
1 3124
2 3126
2 3127
1 3128
1 3130
1 3131
1 3132
1 3134
1 3135
6 3136
3 3137
2 3138
3 3139
2 3141
3 3142
1 3143
4 3144
3 3145
3 3146
1 3147
2 3148
4 3149
2 3150
1 3151
2 3152
3 3153
1 3154
1 3155
3 3156
1 3158
1 3160
2 3162
1 3163
1 3167
1 3170
1 3173
2 3174
1 3175
2 3177
2 3179
2 3180
1 3181
1 3183
1 3185
1 3189
1 3193
1 3195
1 3196
1 3201
1 3202
1 3208
1 3238
1 3254
1 3257
1 3259
1 3265
1 3275
1 3277
1 3314
1 3324
1 3332
1 3347
1 3376
1 3391
1 3396
1 3418
1 3441
1 3512
1 3538
1 3539
1 3553
1 3587
1 3647
1 3703
1 3709
1 3774
1 3782
1 3783
1 3908
1 3968
1 4114
1 4126
1 4133
1 4153
1 4185
1 4190
1 4214
1 4231
1 4238
1 4244
1 4268
1 4305
1 4441
1 4494
1 4578
1 4606
1 4629
1 4861
1 4880
1 4949
1 5003
1 5638
