1 5
1 7
2 8
2 16
1 18
1 19
2 20
2 23
1 24
1 28
2 32
2 36
1 37
1 38
1 42
2 49
2 53
2 56
1 57
1 60
1 61
1 62
1 63
1 64
1 65
2 66
3 67
1 68
2 69
1 71
3 72
1 73
1 74
3 75
2 76
2 77
1 78
1 79
2 80
3 81
2 83
1 84
1 86
2 87
1 88
1 89
1 91
3 93
1 94
1 95
1 97
2 98
1 99
2 101
3 103
1 104
1 105
1 106
2 108
1 109
1 110
1 111
3 112
2 113
2 115
3 117
2 118
2 119
2 120
4 121
3 122
4 124
2 125
3 126
2 127
2 129
3 130
2 131
2 133
2 134
1 136
2 137
4 138
1 139
2 140
2 141
4 142
5 143
2 145
3 147
2 148
3 150
5 151
1 152
1 153
3 154
3 155
2 157
5 158
2 159
2 160
2 161
3 162
3 163
2 164
4 165
2 166
2 167
3 168
1 169
1 171
4 172
2 173
3 174
2 175
2 176
4 178
6 181
1 182
3 183
3 184
5 185
2 186
9 187
14 188
7 189
10 190
16 191
11 192
26 193
36 194
29 195
31 196
42 197
34 198
33 199
25 200
33 201
29 202
21 203
10 204
9 205
7 206
5 207
6 208
6 209
1 210
5 211
4 212
5 213
4 214
5 215
6 216
3 217
4 218
7 219
1 220
1 221
5 222
4 223
2 224
3 225
1 226
3 227
6 228
4 229
4 230
7 231
1 232
4 233
3 234
2 235
2 236
4 237
4 238
7 239
3 240
5 241
4 242
5 243
8 244
6 245
5 246
6 247
3 248
1 249
3 250
6 251
6 252
3 253
10 254
3 255
7 256
10 257
5 258
7 259
5 260
9 261
6 262
10 263
8 264
6 265
5 266
4 267
7 268
3 269
8 270
5 271
9 272
6 273
6 274
9 275
12 276
7 277
8 278
11 279
4 280
7 281
12 282
10 283
5 284
12 285
8 286
13 287
8 288
14 289
10 290
11 291
11 292
7 293
14 294
9 295
10 296
18 297
8 298
23 299
25 300
24 301
18 302
29 303
22 304
17 305
27 306
25 307
25 308
12 309
11 310
12 311
24 312
13 313
12 314
20 315
19 316
13 317
17 318
14 319
20 320
22 321
23 322
26 323
22 324
27 325
24 326
22 327
37 328
25 329
25 330
29 331
29 332
19 333
20 334
10 335
22 336
19 337
13 338
19 339
14 340
17 341
14 342
17 343
11 344
6 345
7 346
8 347
5 348
19 349
11 350
7 351
11 352
12 353
13 354
7 355
13 356
5 357
6 358
13 359
9 360
9 361
12 362
22 363
11 364
8 365
15 366
10 367
9 368
13 369
16 370
20 371
11 372
14 373
19 374
19 375
19 376
10 377
5 378
17 379
15 380
10 381
19 382
13 383
9 384
11 385
18 386
13 387
10 388
17 389
12 390
6 391
14 392
10 393
8 394
13 395
13 396
9 397
13 398
12 399
16 400
7 401
12 402
7 403
8 404
12 405
14 406
13 407
15 408
12 409
9 410
15 411
20 412
19 413
20 414
21 415
24 416
27 417
27 418
30 419
27 420
32 421
30 422
38 423
46 424
54 425
55 426
60 427
62 428
85 429
91 430
101 431
109 432
88 433
109 434
140 435
124 436
135 437
131 438
85 439
119 440
105 441
106 442
92 443
82 444
71 445
53 446
61 447
43 448
49 449
35 450
32 451
31 452
28 453
39 454
22 455
35 456
31 457
39 458
31 459
26 460
28 461
36 462
38 463
42 464
25 465
40 466
30 467
27 468
34 469
31 470
24 471
13 472
18 473
19 474
22 475
14 476
16 477
16 478
10 479
6 480
8 481
9 482
4 483
15 484
10 485
8 486
12 487
13 488
14 489
14 490
15 491
9 492
10 493
18 494
9 495
15 496
20 497
24 498
18 499
11 500
20 501
26 502
18 503
22 504
25 505
29 506
26 507
32 508
32 509
40 510
40 511
33 512
38 513
42 514
39 515
58 516
50 517
56 518
41 519
60 520
50 521
55 522
48 523
58 524
56 525
61 526
49 527
49 528
66 529
65 530
65 531
48 532
32 533
43 534
34 535
25 536
34 537
27 538
17 539
14 540
9 541
11 542
19 543
15 544
13 545
9 546
14 547
7 548
10 549
10 550
7 551
10 552
6 553
3 554
5 555
6 556
3 557
5 558
5 559
7 560
4 561
4 562
3 563
2 564
4 565
5 566
2 567
3 568
5 569
7 570
2 571
5 572
6 573
5 574
5 575
5 576
9 577
13 578
7 579
7 580
7 581
5 582
2 583
7 584
7 585
7 586
10 587
8 588
9 589
3 590
9 591
9 592
7 593
13 594
7 595
11 596
9 597
13 598
10 599
13 600
12 601
13 602
10 603
13 604
11 605
15 606
15 607
11 608
10 609
13 610
13 611
9 612
9 613
9 614
12 615
8 616
7 617
11 618
4 619
12 620
6 621
3 622
2 623
3 624
2 626
6 627
4 628
2 629
3 630
5 631
8 632
4 633
5 634
8 635
6 636
8 637
10 638
8 639
5 640
1 641
11 642
5 643
10 644
5 645
7 646
8 647
6 648
6 649
10 650
8 651
12 652
12 653
13 654
13 655
11 656
13 657
19 658
12 659
22 660
18 661
12 662
15 663
24 664
18 665
10 666
12 667
11 668
11 669
19 670
12 671
8 672
11 673
11 674
11 675
13 676
9 677
12 678
7 679
9 680
6 681
6 682
8 683
7 684
11 685
9 686
11 687
8 688
4 689
8 690
16 691
9 692
8 693
12 694
8 695
7 696
3 697
6 698
16 699
5 700
12 701
6 702
6 703
5 704
8 705
6 706
8 707
9 708
4 709
10 710
8 711
4 712
6 713
8 714
6 715
7 716
3 717
9 718
5 719
4 720
4 721
6 722
2 723
6 724
3 725
3 726
8 727
5 728
3 729
6 730
5 731
3 732
7 733
2 734
8 735
4 736
5 737
5 738
3 739
6 740
4 741
3 742
6 743
5 744
3 745
4 746
6 747
4 748
7 749
4 750
6 751
3 752
9 753
7 754
2 755
5 756
5 757
11 758
6 759
5 760
7 761
2 762
2 763
8 764
8 765
4 766
10 767
6 768
8 769
5 770
9 771
11 772
8 773
10 774
6 775
9 776
8 777
9 778
11 779
16 780
13 781
12 782
16 783
13 784
6 785
13 786
19 787
20 788
18 789
16 790
13 791
15 792
17 793
20 794
12 795
18 796
19 797
9 798
11 799
10 800
13 801
7 802
9 803
8 804
11 805
9 806
9 807
7 808
8 809
8 810
3 811
11 812
6 813
7 814
6 815
2 816
11 817
5 818
7 819
5 820
3 821
11 822
6 823
2 824
11 825
11 826
8 827
8 828
8 829
13 830
13 831
15 832
12 833
10 834
10 835
10 836
17 837
10 838
13 839
19 840
12 841
14 842
19 843
19 844
17 845
13 846
17 847
15 848
24 849
21 850
33 851
26 852
25 853
25 854
24 855
24 856
27 857
33 858
38 859
25 860
52 861
43 862
30 863
26 864
34 865
24 866
30 867
21 868
30 869
34 870
22 871
26 872
29 873
25 874
13 875
16 876
18 877
20 878
20 879
16 880
21 881
13 882
8 883
15 884
13 885
15 886
7 887
21 888
17 889
16 890
10 891
16 892
15 893
16 894
28 895
22 896
20 897
19 898
25 899
26 900
22 901
29 902
30 903
22 904
14 905
24 906
21 907
33 908
22 909
13 910
18 911
21 912
18 913
16 914
21 915
10 916
7 917
17 918
9 919
11 920
7 921
8 922
3 923
4 924
4 925
5 926
5 927
2 928
5 929
1 930
3 931
5 932
3 933
4 934
3 935
2 936
3 937
6 938
8 939
3 940
3 941
4 942
2 943
1 944
2 946
4 947
3 948
1 949
1 951
1 952
1 954
2 955
1 956
2 957
1 958
1 959
1 960
4 961
1 962
1 965
1 967
2 968
1 969
1 971
1 972
1 974
2 975
1 978
1 980
1 981
1 984
2 986
1 989
1 991
1 995
2 996
1 998
1 1000
1 1002
1 1003
1 1004
1 1005
2 1006
1 1012
3 1013
2 1015
2 1016
2 1017
1 1021
2 1022
1 1023
1 1024
2 1025
3 1026
1 1027
1 1029
1 1030
3 1033
2 1036
1 1037
2 1039
1 1040
1 1041
1 1042
1 1043
3 1045
2 1046
1 1047
1 1048
2 1049
2 1051
3 1053
5 1054
1 1055
1 1056
1 1058
2 1059
2 1060
2 1063
3 1064
5 1065
2 1066
4 1067
2 1068
1 1069
2 1070
2 1072
1 1073
1 1074
2 1076
1 1077
3 1078
2 1080
2 1081
4 1082
1 1083
1 1084
2 1085
4 1087
2 1088
1 1089
2 1090
4 1091
1 1092
4 1093
1 1094
1 1095
3 1097
2 1098
2 1099
1 1100
2 1101
3 1102
4 1103
1 1104
2 1105
4 1106
1 1107
2 1108
3 1109
4 1110
3 1111
2 1112
2 1113
5 1114
3 1115
4 1116
6 1117
3 1120
2 1121
3 1122
1 1123
1 1124
2 1125
2 1126
3 1128
2 1129
4 1130
2 1131
4 1132
2 1133
1 1134
4 1135
2 1138
2 1139
1 1140
4 1141
2 1142
2 1143
2 1144
3 1145
3 1146
1 1147
2 1148
1 1150
2 1151
1 1152
2 1153
1 1154
2 1155
3 1156
2 1157
2 1158
1 1159
2 1162
1 1163
2 1164
8 1165
5 1166
2 1167
4 1168
6 1169
4 1170
2 1171
2 1172
9 1173
8 1174
7 1175
7 1176
2 1177
6 1178
3 1179
8 1180
4 1181
10 1182
12 1183
7 1184
8 1185
12 1186
9 1187
9 1188
9 1189
7 1190
5 1191
12 1192
6 1193
6 1194
3 1195
5 1196
10 1197
6 1198
8 1199
7 1200
6 1201
5 1202
12 1203
8 1204
4 1205
3 1206
5 1207
8 1208
5 1209
3 1210
4 1211
7 1212
4 1213
4 1214
4 1215
3 1216
2 1217
2 1218
1 1220
4 1221
3 1222
4 1223
6 1224
2 1226
3 1228
3 1229
2 1230
4 1231
2 1232
2 1233
2 1234
5 1235
2 1236
1 1237
2 1238
2 1240
2 1242
1 1243
2 1244
6 1245
1 1246
9 1247
1 1248
4 1249
1 1250
1 1251
2 1252
6 1253
6 1255
7 1256
5 1257
2 1258
4 1259
3 1260
3 1261
5 1262
3 1263
3 1264
3 1265
6 1266
4 1267
2 1268
5 1269
2 1270
6 1271
3 1272
10 1273
8 1274
8 1275
12 1276
8 1277
7 1278
8 1279
14 1280
15 1281
12 1282
14 1283
13 1284
19 1285
19 1286
12 1287
12 1288
8 1289
16 1290
13 1291
13 1292
10 1293
14 1294
15 1295
14 1296
15 1297
15 1298
12 1299
21 1300
15 1301
14 1302
10 1303
9 1304
16 1305
12 1306
8 1307
13 1308
11 1309
12 1310
4 1311
8 1312
3 1313
14 1314
5 1315
14 1316
5 1317
5 1318
8 1319
8 1320
4 1321
4 1322
2 1323
3 1324
2 1325
9 1326
4 1327
3 1328
4 1329
3 1330
5 1331
5 1332
4 1333
6 1334
3 1335
5 1336
4 1337
7 1338
8 1339
4 1340
1 1341
7 1342
4 1343
1 1344
2 1346
3 1347
4 1348
3 1349
1 1350
4 1351
4 1352
5 1353
3 1354
4 1355
3 1356
2 1357
2 1358
3 1359
1 1360
4 1361
3 1362
5 1363
8 1364
5 1365
5 1366
6 1367
4 1368
3 1369
3 1370
10 1371
8 1372
7 1373
5 1374
4 1375
3 1376
3 1377
4 1378
2 1379
3 1380
4 1381
5 1382
9 1383
5 1384
3 1385
2 1386
2 1387
3 1389
5 1390
6 1391
3 1392
4 1393
2 1394
2 1396
3 1397
1 1398
1 1399
5 1400
1 1401
3 1402
2 1403
2 1404
2 1405
2 1406
4 1407
4 1408
2 1410
1 1411
1 1413
1 1414
1 1416
4 1417
2 1418
2 1419
1 1420
2 1421
3 1422
1 1423
2 1424
4 1425
1 1426
2 1427
6 1428
4 1430
4 1431
1 1432
3 1435
2 1437
2 1438
1 1439
1 1440
2 1441
3 1442
3 1443
2 1444
1 1445
2 1448
4 1449
4 1450
1 1451
6 1452
2 1453
3 1454
1 1455
3 1456
2 1457
1 1458
2 1459
4 1460
3 1461
1 1462
2 1463
6 1464
1 1467
1 1468
4 1469
4 1472
4 1473
4 1474
3 1475
2 1477
3 1478
3 1479
6 1480
3 1481
3 1482
6 1483
4 1484
4 1485
5 1486
1 1487
3 1488
3 1489
1 1490
1 1491
3 1492
3 1493
4 1494
6 1495
7 1496
5 1497
9 1498
4 1499
4 1500
5 1501
6 1502
5 1503
7 1504
7 1505
6 1506
10 1507
5 1508
7 1509
4 1510
4 1511
9 1512
13 1513
5 1514
4 1515
10 1516
9 1517
8 1518
9 1519
6 1520
7 1521
8 1522
15 1523
16 1524
11 1525
13 1526
13 1527
9 1528
12 1529
16 1530
15 1531
17 1532
19 1533
25 1534
16 1535
16 1536
16 1537
12 1538
21 1539
18 1540
20 1541
23 1542
12 1543
10 1544
11 1545
21 1546
6 1547
11 1548
16 1549
16 1550
18 1551
19 1552
17 1553
20 1554
9 1555
12 1556
7 1557
13 1558
8 1559
7 1560
5 1561
10 1562
12 1563
12 1564
6 1565
5 1566
4 1567
7 1568
3 1569
7 1570
3 1571
5 1572
3 1573
5 1574
2 1575
2 1576
6 1577
4 1578
2 1579
1 1580
2 1581
4 1582
4 1583
3 1584
2 1585
2 1586
3 1588
5 1589
2 1590
3 1591
3 1592
4 1593
3 1594
2 1595
4 1596
2 1597
3 1598
2 1599
2 1600
4 1601
2 1602
2 1603
2 1604
1 1605
4 1606
6 1607
1 1608
4 1609
3 1610
2 1611
1 1612
3 1613
2 1614
2 1615
4 1616
4 1617
2 1618
3 1619
3 1620
4 1621
7 1622
2 1623
2 1624
2 1625
2 1626
1 1627
4 1628
5 1630
5 1631
3 1632
3 1633
4 1634
2 1635
2 1636
2 1637
6 1638
3 1639
6 1640
5 1641
2 1642
2 1643
3 1644
4 1645
3 1646
3 1647
7 1648
4 1649
7 1650
4 1651
3 1652
5 1653
6 1654
3 1655
7 1656
4 1657
3 1658
3 1659
2 1660
2 1661
1 1662
3 1663
1 1664
2 1665
2 1668
1 1669
1 1670
3 1672
4 1673
1 1674
6 1675
3 1676
2 1677
4 1678
2 1679
3 1681
1 1683
4 1684
2 1685
1 1687
1 1689
1 1690
2 1692
1 1693
1 1694
2 1695
2 1696
2 1697
2 1698
1 1700
2 1701
2 1702
1 1704
1 1705
2 1707
1 1708
2 1709
1 1710
2 1711
1 1712
4 1716
3 1717
1 1718
2 1719
2 1720
2 1721
2 1722
3 1723
1 1726
1 1727
2 1729
3 1730
1 1732
2 1734
2 1735
1 1736
2 1737
4 1738
1 1741
1 1742
5 1743
4 1744
2 1746
1 1747
4 1748
1 1749
3 1750
1 1751
1 1753
1 1755
2 1756
5 1757
7 1759
2 1760
13 1761
3 1762
5 1763
5 1764
4 1765
6 1766
1 1767
4 1768
3 1769
6 1770
5 1771
4 1772
7 1773
9 1774
3 1775
9 1776
7 1777
2 1778
2 1779
5 1780
5 1781
11 1782
6 1783
6 1784
6 1785
9 1786
8 1787
5 1788
6 1789
5 1790
8 1791
7 1792
3 1793
10 1794
2 1795
8 1796
4 1797
5 1798
5 1799
8 1800
5 1801
4 1802
8 1803
2 1804
8 1805
6 1806
4 1807
3 1808
2 1809
6 1810
5 1811
4 1812
1 1813
2 1814
7 1815
2 1816
5 1817
2 1818
4 1819
2 1820
5 1821
2 1822
2 1823
4 1824
5 1825
1 1826
2 1827
8 1829
1 1830
5 1831
2 1832
2 1834
3 1835
2 1836
3 1837
2 1838
2 1839
9 1840
5 1841
2 1842
5 1843
4 1844
4 1845
4 1846
3 1847
2 1848
6 1849
8 1850
1 1851
4 1852
6 1853
4 1854
4 1855
8 1856
4 1857
7 1858
2 1859
4 1860
7 1861
7 1862
8 1863
5 1864
5 1865
8 1866
9 1867
5 1868
9 1869
5 1870
10 1871
12 1872
13 1873
9 1874
14 1875
10 1876
14 1877
17 1878
19 1879
9 1880
12 1881
13 1882
6 1883
12 1884
8 1885
10 1886
14 1887
14 1888
13 1889
8 1890
11 1891
15 1892
8 1893
6 1894
5 1895
8 1896
6 1897
9 1898
9 1899
8 1900
12 1901
7 1902
10 1903
4 1904
4 1905
6 1906
8 1907
6 1908
6 1909
3 1910
8 1911
7 1912
3 1913
2 1915
6 1916
5 1917
4 1918
2 1920
1 1921
4 1922
4 1923
1 1925
5 1926
1 1927
2 1928
1 1929
5 1930
4 1932
1 1933
1 1934
1 1935
2 1937
1 1938
1 1939
1 1941
2 1943
2 1944
2 1945
1 1946
2 1947
1 1948
2 1950
1 1952
2 1953
2 1954
1 1955
4 1957
5 1958
2 1960
2 1961
2 1962
3 1963
4 1964
1 1965
4 1966
2 1967
1 1968
5 1970
1 1972
2 1973
2 1974
2 1975
1 1976
1 1978
2 1979
1 1980
3 1981
4 1982
1 1985
2 1986
2 1987
2 1988
1 1989
1 1990
2 1992
3 1995
1 1996
1 1997
2 2001
2 2002
2 2003
2 2006
1 2010
1 2012
1 2013
1 2016
2 2019
2 2021
1 2023
1 2026
1 2028
1 2029
1 2031
1 2035
1 2039
1 2041
2 2042
1 2043
2 2044
1 2047
2 2049
2 2052
1 2057
1 2058
1 2061
1 2062
1 2063
2 2064
1 2065
2 2068
1 2069
1 2072
1 2075
1 2076
1 2079
1 2086
1 2087
1 2090
1 2092
2 2094
2 2096
1 2097
1 2098
1 2100
1 2101
2 2104
2 2105
1 2106
2 2107
1 2110
2 2111
1 2115
2 2116
1 2124
1 2126
1 2127
2 2129
1 2130
1 2131
1 2137
2 2138
2 2139
1 2140
1 2141
1 2143
1 2144
1 2146
1 2150
1 2151
1 2156
1 2160
1 2161
1 2162
2 2163
1 2164
1 2165
1 2167
1 2169
1 2174
2 2179
1 2180
1 2181
1 2184
2 2185
1 2188
1 2190
1 2191
1 2192
2 2193
1 2195
1 2196
1 2198
2 2199
1 2202
3 2203
2 2204
1 2205
2 2206
5 2207
1 2208
3 2209
2 2214
1 2216
5 2217
2 2218
3 2219
1 2220
1 2221
2 2222
2 2224
3 2225
2 2226
3 2227
5 2228
4 2229
1 2230
1 2231
1 2232
2 2233
3 2235
4 2236
2 2238
1 2239
1 2241
1 2242
3 2243
4 2244
4 2246
4 2247
3 2249
3 2250
3 2251
5 2252
4 2253
6 2254
2 2256
2 2257
2 2258
2 2260
2 2261
2 2262
3 2263
2 2264
3 2265
7 2266
2 2267
7 2268
3 2269
7 2270
4 2271
5 2272
4 2273
1 2274
3 2275
9 2276
6 2277
3 2278
3 2279
3 2280
9 2281
7 2282
5 2283
8 2284
3 2285
3 2286
2 2287
6 2288
5 2289
4 2290
4 2291
12 2292
1 2293
4 2294
6 2295
11 2296
7 2297
8 2298
5 2299
3 2300
10 2301
10 2302
7 2303
10 2304
6 2305
3 2306
5 2307
7 2308
7 2309
7 2310
6 2311
5 2312
8 2313
4 2314
9 2315
6 2316
8 2317
7 2318
5 2319
6 2320
5 2321
5 2322
3 2323
3 2324
8 2325
2 2326
7 2327
6 2328
5 2329
2 2330
4 2331
5 2332
4 2333
4 2334
6 2335
4 2336
5 2337
2 2338
3 2339
7 2340
5 2341
2 2342
7 2343
6 2344
2 2345
3 2346
6 2347
3 2348
6 2349
3 2350
7 2351
6 2352
5 2353
5 2354
6 2355
3 2356
5 2357
5 2358
5 2359
9 2360
7 2361
6 2362
5 2363
5 2364
9 2365
7 2366
12 2367
11 2368
8 2369
9 2370
8 2371
9 2372
8 2373
14 2374
10 2375
6 2376
7 2377
12 2378
10 2379
5 2380
11 2381
13 2382
13 2383
14 2384
11 2385
12 2386
15 2387
12 2388
15 2389
15 2390
16 2391
11 2392
30 2393
20 2394
17 2395
17 2396
15 2397
20 2398
18 2399
18 2400
24 2401
21 2402
16 2403
16 2404
27 2405
19 2406
10 2407
17 2408
15 2409
12 2410
26 2411
14 2412
15 2413
11 2414
8 2415
18 2416
13 2417
9 2418
7 2419
6 2420
8 2421
10 2422
10 2423
14 2424
8 2425
6 2426
12 2427
4 2428
7 2429
7 2430
6 2431
4 2432
8 2433
3 2434
2 2436
2 2437
1 2438
6 2439
1 2440
3 2441
2 2442
1 2446
2 2447
1 2448
1 2450
1 2451
1 2453
2 2454
2 2455
1 2456
1 2461
1 2462
1 2463
2 2464
1 2465
1 2466
1 2467
1 2468
1 2469
1 2472
1 2473
1 2475
2 2476
2 2477
1 2480
2 2481
2 2483
1 2485
1 2492
1 2494
1 2497
1 2499
1 2503
1 2514
1 2522
1 2528
2 2530
1 2532
1 2533
1 2535
1 2540
1 2552
2 2559
2 2565
1 2566
1 2569
1 2576
1 2578
1 2583
1 2592
2 2594
2 2595
1 2601
1 2602
1 2604
1 2607
1 2612
2 2619
1 2620
1 2624
1 2627
1 2632
2 2635
1 2636
1 2637
1 2639
2 2641
3 2647
1 2651
1 2652
1 2653
1 2654
1 2655
1 2658
1 2659
1 2661
1 2662
1 2665
2 2668
1 2670
1 2671
1 2673
1 2674
1 2676
1 2677
1 2678
1 2680
1 2682
3 2686
3 2688
1 2689
1 2693
1 2696
2 2697
2 2700
1 2701
1 2703
1 2704
1 2706
2 2709
2 2711
2 2714
1 2716
1 2717
2 2719
1 2720
5 2721
2 2723
1 2725
1 2730
1 2732
1 2736
1 2737
2 2738
1 2739
1 2742
1 2743
1 2744
1 2745
1 2746
1 2747
1 2748
1 2750
1 2753
2 2755
2 2756
2 2757
1 2758
1 2760
1 2761
1 2764
2 2767
2 2773
1 2779
2 2781
4 2783
1 2784
1 2785
2 2786
2 2787
1 2788
2 2791
1 2792
1 2793
1 2794
1 2797
1 2799
1 2804
1 2807
1 2808
2 2811
1 2813
1 2814
2 2815
2 2816
2 2817
1 2818
1 2819
4 2820
1 2822
1 2823
1 2824
1 2825
1 2826
2 2828
1 2829
1 2831
2 2832
4 2833
1 2835
3 2838
1 2839
3 2840
1 2842
1 2843
2 2845
3 2846
1 2847
2 2848
3 2850
3 2851
1 2852
1 2855
1 2856
1 2857
4 2858
4 2859
1 2860
1 2861
2 2862
1 2863
3 2864
1 2865
2 2866
1 2868
2 2869
1 2870
3 2871
3 2873
1 2874
1 2875
3 2876
1 2878
1 2879
2 2880
5 2881
1 2882
3 2883
1 2884
1 2885
1 2888
5 2889
3 2890
3 2891
1 2892
1 2893
5 2894
4 2896
2 2898
2 2899
3 2900
5 2901
1 2902
2 2903
2 2904
2 2905
5 2906
3 2907
2 2908
4 2910
7 2911
3 2912
7 2913
3 2914
3 2915
4 2916
8 2917
5 2918
6 2919
4 2920
5 2921
6 2922
5 2923
2 2924
8 2925
6 2926
4 2927
6 2928
5 2929
9 2930
8 2931
4 2932
11 2933
10 2934
3 2935
6 2936
4 2937
3 2938
8 2939
4 2940
7 2941
4 2942
6 2943
5 2944
1 2945
7 2946
3 2947
8 2948
7 2949
10 2950
7 2951
4 2952
16 2953
4 2954
6 2955
6 2956
7 2957
3 2958
4 2959
7 2960
1 2961
3 2962
1 2963
2 2964
2 2965
5 2966
3 2967
4 2968
3 2969
2 2970
1 2971
1 2972
1 2973
2 2974
2 2975
2 2976
2 2977
4 2978
2 2980
2 2981
3 2983
1 2984
1 2985
1 2989
1 2992
2 2993
1 2994
1 2996
1 3000
1 3004
1 3006
1 3010
2 3011
1 3017
1 3026
1 3046
1 3049
1 3060
1 3073
1 3106
1 3138
1 3152
1 3167
1 3169
1 3173
1 3186
1 3202
1 3205
2 3210
1 3215
1 3218
1 3251
1 3252
1 3276
1 3280
1 3295
1 3297
1 3326
1 3335
1 3348
1 3350
1 3351
1 3361
1 3423
1 3448
1 3498
1 3499
1 3536
1 3550
1 3560
1 3566
1 3588
1 3592
1 3610
1 3637
1 3661
1 3725
1 3732
1 3734
1 3748
1 3758
1 3759
1 3768
1 3771
1 3817
1 3844
1 3945
1 3962
1 4121
1 4180
1 4206
1 4211
1 4226
1 4248
1 4256
1 4284
1 4289
1 4339
1 4358
1 4393
1 4398
1 4408
1 4419
1 4545
1 4551
1 4614
1 4666
1 4707
1 5065
1 5152
1 5216
1 5534
