2 1
1 2
1 4
2 5
1 6
1 7
1 8
1 9
1 10
4 11
6 12
6 13
5 14
2 15
3 16
11 17
4 18
2 19
2 20
1 22
2 23
2 24
2 25
3 26
1 27
1 29
1 30
1 31
1 32
1 34
1 35
3 37
1 38
4 39
1 41
1 42
4 44
2 45
2 46
2 47
4 48
1 50
1 51
2 52
1 53
2 54
2 55
2 56
2 57
5 58
5 59
2 60
3 61
2 62
4 63
1 64
2 65
1 66
1 67
2 68
1 69
5 70
3 71
2 72
3 73
2 74
3 75
1 76
2 78
3 79
1 80
3 81
2 82
2 83
2 84
2 85
2 86
4 87
1 88
4 89
4 90
3 91
1 92
2 93
1 94
7 95
3 96
5 97
3 98
4 99
4 100
3 101
4 102
1 103
4 104
1 106
2 107
2 108
6 109
5 110
4 111
5 112
2 113
2 114
8 115
3 116
5 117
3 118
6 119
7 120
4 121
1 122
6 123
2 124
6 125
7 126
4 127
2 128
6 129
4 130
3 131
2 132
5 133
3 134
3 135
6 136
2 137
3 138
4 139
6 140
2 141
2 142
12 143
4 144
3 146
3 147
2 148
6 149
8 150
6 151
6 152
1 153
3 154
2 155
3 156
7 157
5 158
3 159
10 160
8 161
9 162
7 163
13 164
13 165
15 166
16 167
18 168
14 169
10 170
19 171
20 172
13 173
16 174
25 175
14 176
25 177
25 178
21 179
28 180
14 181
17 182
12 183
14 184
10 185
8 186
6 187
8 188
7 189
10 190
8 191
7 192
5 193
3 194
3 195
5 196
9 197
11 198
5 199
9 200
5 201
4 202
9 203
9 204
6 205
8 206
8 207
8 208
6 209
16 210
9 211
12 212
17 213
16 214
8 215
17 216
16 217
20 218
11 219
8 220
15 221
23 222
17 223
24 224
25 225
30 226
35 227
33 228
34 229
35 230
24 231
25 232
16 233
20 234
19 235
19 236
18 237
8 238
18 239
16 240
25 241
15 242
14 243
13 244
16 245
27 246
14 247
20 248
18 249
16 250
14 251
19 252
27 253
13 254
20 255
15 256
19 257
21 258
14 259
13 260
18 261
16 262
23 263
19 264
20 265
28 266
30 267
25 268
27 269
26 270
42 271
42 272
52 273
48 274
69 275
54 276
47 277
80 278
82 279
102 280
103 281
104 282
119 283
106 284
102 285
107 286
132 287
98 288
98 289
120 290
108 291
116 292
102 293
89 294
78 295
53 296
51 297
57 298
41 299
38 300
44 301
35 302
27 303
30 304
30 305
32 306
40 307
38 308
24 309
38 310
60 311
50 312
51 313
60 314
55 315
57 316
61 317
82 318
68 319
84 320
84 321
80 322
79 323
61 324
80 325
69 326
75 327
69 328
51 329
61 330
51 331
68 332
80 333
57 334
74 335
94 336
70 337
103 338
101 339
91 340
135 341
130 342
150 343
147 344
158 345
141 346
170 347
165 348
167 349
144 350
143 351
131 352
113 353
107 354
90 355
93 356
71 357
86 358
86 359
92 360
79 361
71 362
82 363
57 364
66 365
55 366
63 367
60 368
64 369
51 370
50 371
37 372
42 373
59 374
49 375
48 376
52 377
63 378
57 379
60 380
69 381
50 382
66 383
67 384
60 385
74 386
60 387
69 388
56 389
44 390
49 391
42 392
50 393
46 394
49 395
37 396
39 397
27 398
29 399
27 400
28 401
17 402
20 403
17 404
19 405
19 406
14 407
26 408
30 409
23 410
18 411
25 412
27 413
33 414
34 415
56 416
33 417
47 418
53 419
64 420
77 421
71 422
69 423
74 424
78 425
84 426
84 427
71 428
69 429
69 430
62 431
54 432
54 433
49 434
48 435
30 436
48 437
40 438
31 439
38 440
37 441
43 442
21 443
33 444
30 445
22 446
25 447
14 448
27 449
16 450
12 451
16 452
19 453
11 454
12 455
11 456
9 457
11 458
17 459
9 460
14 461
7 462
13 463
16 464
11 465
16 466
17 467
21 468
14 469
11 470
20 471
23 472
27 473
21 474
28 475
19 476
40 477
28 478
25 479
26 480
18 481
18 482
13 483
26 484
22 485
20 486
18 487
11 488
20 489
20 490
13 491
7 492
16 493
12 494
18 495
12 496
16 497
15 498
21 499
18 500
18 501
22 502
26 503
32 504
32 505
34 506
24 507
25 508
27 509
26 510
28 511
32 512
27 513
28 514
27 515
27 516
31 517
30 518
34 519
32 520
32 521
38 522
30 523
36 524
35 525
27 526
26 527
29 528
29 529
22 530
17 531
13 532
15 533
13 534
14 535
16 536
14 537
19 538
14 539
9 540
11 541
6 542
9 543
9 544
13 545
16 546
8 547
5 548
10 549
10 550
12 551
7 552
8 553
8 554
7 555
3 556
3 557
4 558
5 559
6 560
7 561
5 562
7 563
9 564
6 565
3 566
5 567
2 568
7 569
10 570
6 571
6 572
7 573
5 574
8 575
11 576
3 577
9 578
2 579
7 580
13 581
9 582
11 583
7 584
9 585
11 586
9 587
10 588
12 589
9 590
10 591
4 592
5 593
3 594
4 595
12 596
8 597
8 598
7 599
7 600
3 601
6 602
12 603
6 604
5 605
5 606
10 607
14 608
12 609
16 610
6 611
8 612
10 613
9 614
8 615
7 616
16 617
13 618
20 619
19 620
15 621
19 622
18 623
19 624
22 625
21 626
16 627
10 628
15 629
13 630
17 631
8 632
17 633
11 634
10 635
6 636
6 637
8 638
3 639
5 640
2 641
5 642
8 643
4 644
2 645
4 646
4 648
5 649
5 650
2 651
5 652
7 653
4 654
4 655
3 656
1 657
5 658
6 659
4 660
2 661
5 662
4 663
2 664
5 665
2 666
4 667
4 668
5 669
4 670
5 671
5 672
8 673
7 674
4 675
3 676
7 677
2 678
3 679
2 680
4 681
7 682
4 683
4 684
7 685
3 686
8 687
6 688
5 689
4 690
2 691
2 692
1 693
2 694
6 695
6 696
6 697
4 698
3 699
4 700
4 701
8 702
7 703
3 704
4 705
3 706
3 707
7 708
7 709
2 710
9 711
7 712
4 713
8 714
4 715
4 716
4 717
5 718
6 719
10 720
4 721
8 722
4 723
2 724
8 725
5 726
6 727
6 728
3 729
11 730
8 731
10 732
8 733
8 734
7 735
5 736
6 737
7 738
7 739
7 740
4 741
11 742
8 743
6 744
11 745
6 746
11 747
7 748
10 749
4 750
4 751
10 752
7 753
4 754
8 755
8 756
7 757
12 758
5 759
12 760
9 761
7 762
3 763
3 764
8 765
6 766
3 767
4 768
3 769
5 770
13 771
5 772
11 773
10 774
11 775
9 776
5 777
11 778
11 779
10 780
12 781
12 782
9 783
6 784
16 785
10 786
13 787
11 788
16 789
12 790
18 791
18 792
10 793
22 794
19 795
18 796
23 797
16 798
14 799
11 800
18 801
13 802
9 803
11 804
15 805
12 806
8 807
6 808
9 809
7 810
3 811
8 812
2 813
4 814
2 815
7 816
5 817
3 818
7 819
4 820
3 821
10 822
6 823
8 824
4 825
3 826
9 827
6 828
6 829
7 830
2 831
5 832
10 833
5 834
8 835
7 836
4 837
4 838
5 839
3 840
5 841
3 842
4 843
3 844
7 845
8 846
5 847
9 848
4 849
7 850
3 851
2 852
5 853
5 854
4 855
6 856
6 857
6 858
7 859
5 860
5 861
9 862
12 863
3 864
8 865
7 866
13 867
15 868
10 869
4 870
10 871
7 872
11 873
12 874
15 875
10 876
7 877
13 878
11 879
13 880
25 881
11 882
19 883
17 884
14 885
15 886
16 887
18 888
13 889
19 890
17 891
15 892
12 893
18 894
5 895
21 896
18 897
16 898
9 899
16 900
15 901
12 902
21 903
12 904
17 905
9 906
7 907
17 908
9 909
14 910
9 911
9 912
12 913
9 914
9 915
5 916
14 917
11 918
13 919
15 920
9 921
11 922
17 923
13 924
12 925
10 926
7 927
16 928
15 929
17 930
14 931
21 932
15 933
16 934
22 935
19 936
15 937
31 938
17 939
21 940
31 941
27 942
30 943
25 944
28 945
22 946
24 947
28 948
34 949
29 950
21 951
21 952
19 953
15 954
20 955
22 956
20 957
11 958
24 959
9 960
10 961
11 962
6 963
11 964
7 965
13 966
9 967
11 968
8 969
5 970
5 971
7 972
8 973
4 974
5 975
9 976
5 977
6 978
4 979
4 980
6 981
8 982
2 983
6 984
8 985
3 986
6 987
8 988
11 989
8 990
7 991
3 992
4 993
7 995
10 996
3 997
7 998
7 999
12 1000
8 1001
7 1002
10 1003
9 1004
10 1005
14 1006
9 1007
8 1008
8 1009
4 1010
10 1011
8 1012
6 1013
6 1014
9 1015
9 1016
8 1017
15 1018
13 1019
4 1020
6 1021
12 1022
10 1023
12 1024
13 1025
12 1026
15 1027
11 1028
9 1029
12 1030
15 1031
14 1032
10 1033
24 1034
12 1035
13 1036
16 1037
22 1038
15 1039
13 1040
15 1041
9 1042
10 1043
20 1044
14 1045
18 1046
17 1047
23 1048
14 1049
15 1050
20 1051
16 1052
19 1053
14 1054
27 1055
18 1056
18 1057
20 1058
10 1059
15 1060
27 1061
20 1062
25 1063
24 1064
25 1065
20 1066
31 1067
20 1068
34 1069
20 1070
23 1071
22 1072
31 1073
26 1074
30 1075
16 1076
27 1077
28 1078
24 1079
23 1080
26 1081
20 1082
23 1083
22 1084
19 1085
18 1086
14 1087
14 1088
26 1089
17 1090
22 1091
26 1092
25 1093
15 1094
15 1095
10 1096
18 1097
25 1098
21 1099
23 1100
24 1101
12 1102
22 1103
23 1104
19 1105
25 1106
14 1107
14 1108
17 1109
26 1110
20 1111
25 1112
15 1113
31 1114
23 1115
24 1116
23 1117
34 1118
24 1119
18 1120
26 1121
24 1122
24 1123
29 1124
28 1125
35 1126
25 1127
28 1128
34 1129
33 1130
33 1131
39 1132
30 1133
34 1134
22 1135
35 1136
36 1137
28 1138
25 1139
28 1140
34 1141
32 1142
32 1143
35 1144
33 1145
31 1146
35 1147
32 1148
41 1149
42 1150
25 1151
35 1152
48 1153
53 1154
45 1155
35 1156
46 1157
53 1158
45 1159
54 1160
52 1161
43 1162
61 1163
65 1164
44 1165
47 1166
60 1167
56 1168
66 1169
63 1170
62 1171
68 1172
74 1173
69 1174
71 1175
81 1176
84 1177
77 1178
94 1179
107 1180
99 1181
112 1182
118 1183
131 1184
122 1185
142 1186
167 1187
144 1188
175 1189
183 1190
187 1191
221 1192
212 1193
187 1194
213 1195
180 1196
199 1197
211 1198
182 1199
179 1200
202 1201
180 1202
229 1203
197 1204
221 1205
195 1206
160 1207
196 1208
175 1209
157 1210
146 1211
129 1212
141 1213
113 1214
105 1215
103 1216
84 1217
99 1218
75 1219
61 1220
74 1221
48 1222
59 1223
38 1224
37 1225
31 1226
28 1227
35 1228
30 1229
31 1230
30 1231
18 1232
23 1233
28 1234
21 1235
25 1236
23 1237
19 1238
20 1239
19 1240
25 1241
24 1242
27 1243
21 1244
20 1245
15 1246
14 1247
17 1248
26 1249
20 1250
25 1251
21 1252
17 1253
15 1254
26 1255
34 1256
33 1257
38 1258
22 1259
29 1260
33 1261
21 1262
34 1263
29 1264
34 1265
28 1266
30 1267
33 1268
34 1269
33 1270
26 1271
36 1272
28 1273
29 1274
31 1275
37 1276
33 1277
36 1278
35 1279
36 1280
37 1281
29 1282
34 1283
33 1284
26 1285
34 1286
31 1287
36 1288
37 1289
30 1290
30 1291
32 1292
33 1293
30 1294
31 1295
18 1296
28 1297
20 1298
25 1299
24 1300
28 1301
18 1302
18 1303
21 1304
21 1305
18 1306
16 1307
18 1308
13 1309
10 1310
13 1311
13 1312
8 1313
15 1314
11 1315
4 1316
3 1317
2 1318
2 1319
2 1320
5 1321
8 1322
7 1323
11 1324
7 1325
6 1326
2 1327
6 1328
2 1329
2 1330
5 1331
5 1332
5 1333
1 1334
2 1335
4 1336
2 1337
3 1338
3 1339
1 1340
3 1341
3 1342
3 1343
1 1344
1 1345
2 1346
5 1347
6 1348
1 1349
2 1350
2 1351
7 1352
3 1353
5 1354
3 1355
4 1356
1 1358
2 1359
3 1360
3 1361
1 1362
5 1363
2 1365
3 1366
1 1367
1 1368
3 1369
1 1370
1 1371
3 1372
4 1373
2 1374
3 1375
1 1376
1 1377
2 1378
2 1379
2 1380
6 1381
2 1382
2 1383
3 1384
9 1385
3 1386
5 1387
7 1388
3 1389
4 1390
7 1391
4 1392
1 1393
5 1394
2 1395
3 1396
5 1397
6 1398
3 1399
3 1400
2 1401
4 1402
2 1403
7 1404
1 1405
1 1406
3 1407
6 1408
4 1409
4 1410
3 1411
9 1412
7 1413
7 1414
5 1415
7 1416
1 1417
3 1418
5 1419
5 1420
4 1421
3 1422
4 1423
4 1424
5 1425
2 1426
5 1427
10 1428
14 1429
6 1430
2 1431
7 1432
6 1433
7 1434
5 1435
10 1436
3 1437
6 1438
5 1439
8 1440
12 1441
5 1442
7 1443
8 1444
17 1445
10 1446
11 1447
10 1448
13 1449
9 1450
7 1451
15 1452
10 1453
21 1454
7 1455
11 1456
16 1457
15 1458
11 1459
21 1460
11 1461
19 1462
23 1463
17 1464
20 1465
10 1466
17 1467
11 1468
18 1469
16 1470
18 1471
14 1472
17 1473
20 1474
17 1475
17 1476
13 1477
19 1478
20 1479
16 1480
26 1481
18 1482
15 1483
16 1484
21 1485
6 1486
18 1487
8 1488
6 1489
11 1490
18 1491
11 1492
4 1493
5 1494
9 1495
5 1496
8 1497
5 1498
7 1499
7 1500
4 1501
8 1502
5 1503
4 1504
7 1505
3 1506
3 1507
2 1508
4 1509
4 1510
4 1511
3 1512
2 1514
3 1515
5 1516
3 1517
3 1518
5 1519
7 1520
6 1521
5 1522
7 1523
7 1524
7 1525
4 1526
2 1527
5 1528
7 1529
5 1530
6 1531
2 1532
3 1533
3 1534
5 1535
4 1536
1 1537
7 1538
6 1539
8 1540
1 1541
6 1542
8 1543
4 1544
4 1545
8 1546
5 1547
3 1548
6 1549
6 1550
4 1551
3 1552
4 1553
7 1554
9 1555
4 1556
4 1557
6 1558
3 1559
3 1560
5 1561
5 1562
6 1563
5 1564
6 1565
9 1566
5 1567
3 1568
2 1569
15 1570
5 1571
7 1572
9 1573
6 1574
6 1575
8 1576
14 1577
11 1578
8 1579
9 1580
15 1581
13 1582
8 1583
7 1584
6 1585
7 1586
5 1587
4 1588
6 1589
9 1590
5 1591
9 1592
9 1593
5 1594
12 1595
4 1596
9 1597
8 1598
8 1599
4 1600
9 1601
9 1602
2 1603
9 1604
6 1605
10 1606
8 1607
5 1608
10 1609
5 1610
9 1611
8 1612
4 1613
7 1614
8 1615
5 1616
10 1617
6 1618
8 1619
4 1620
12 1621
6 1622
7 1623
6 1624
6 1625
7 1626
5 1627
7 1628
13 1629
11 1630
5 1631
7 1632
11 1633
12 1634
8 1635
7 1636
9 1637
9 1638
5 1639
15 1640
11 1641
12 1642
11 1643
13 1644
10 1645
10 1646
8 1647
18 1648
12 1649
14 1650
9 1651
9 1652
15 1653
17 1654
12 1655
16 1656
16 1657
14 1658
14 1659
20 1660
14 1661
14 1662
22 1663
24 1664
18 1665
24 1666
17 1667
19 1668
19 1669
30 1670
24 1671
31 1672
24 1673
25 1674
29 1675
34 1676
33 1677
32 1678
25 1679
32 1680
32 1681
29 1682
35 1683
35 1684
30 1685
35 1686
37 1687
27 1688
42 1689
38 1690
40 1691
47 1692
47 1693
47 1694
43 1695
34 1696
38 1697
47 1698
47 1699
31 1700
44 1701
56 1702
39 1703
54 1704
44 1705
60 1706
35 1707
34 1708
60 1709
44 1710
49 1711
47 1712
55 1713
53 1714
68 1715
41 1716
55 1717
44 1718
46 1719
39 1720
53 1721
44 1722
48 1723
45 1724
40 1725
42 1726
36 1727
39 1728
47 1729
46 1730
47 1731
43 1732
49 1733
51 1734
36 1735
29 1736
31 1737
33 1738
27 1739
24 1740
25 1741
22 1742
26 1743
24 1744
33 1745
27 1746
28 1747
23 1748
25 1749
23 1750
19 1751
15 1752
16 1753
11 1754
15 1755
17 1756
16 1757
12 1758
17 1759
19 1760
11 1761
8 1762
19 1763
14 1764
9 1765
7 1766
10 1767
8 1768
13 1769
14 1770
9 1771
10 1772
14 1773
11 1774
20 1775
16 1776
8 1777
4 1778
7 1779
11 1780
13 1781
7 1782
11 1783
13 1784
8 1785
7 1786
13 1787
16 1788
12 1789
13 1790
11 1791
8 1792
9 1793
17 1794
13 1795
9 1796
6 1797
6 1798
7 1799
8 1800
10 1801
10 1802
11 1803
15 1804
17 1805
10 1806
14 1807
9 1808
11 1809
14 1810
11 1811
9 1812
4 1813
10 1814
9 1815
8 1816
7 1817
12 1818
12 1819
10 1820
7 1821
8 1822
12 1823
5 1824
8 1825
4 1826
6 1827
4 1828
6 1829
7 1830
4 1831
6 1832
8 1833
7 1834
9 1835
3 1836
4 1837
7 1838
4 1839
5 1840
3 1841
4 1842
3 1843
4 1844
2 1845
6 1846
4 1847
1 1848
1 1849
4 1850
3 1851
4 1852
1 1853
7 1854
5 1855
3 1856
1 1857
2 1858
3 1859
4 1860
6 1861
4 1862
3 1863
1 1864
8 1865
4 1866
5 1867
5 1868
3 1869
4 1870
5 1871
5 1872
3 1873
2 1874
6 1875
3 1876
5 1877
3 1878
4 1879
3 1880
5 1881
2 1882
4 1883
3 1884
3 1885
7 1886
6 1887
7 1888
2 1889
7 1890
4 1891
7 1892
5 1893
7 1894
4 1895
2 1896
6 1897
8 1898
8 1899
2 1900
3 1901
11 1902
7 1903
9 1904
11 1905
4 1906
2 1907
6 1908
8 1909
4 1910
4 1911
5 1912
3 1913
5 1914
5 1915
8 1916
8 1917
6 1918
6 1919
9 1920
5 1921
4 1922
5 1923
7 1924
5 1925
9 1926
4 1927
5 1928
3 1929
4 1930
9 1931
7 1932
5 1933
5 1934
4 1935
6 1936
4 1937
2 1938
4 1939
2 1940
3 1941
4 1942
5 1943
3 1945
3 1946
6 1947
2 1950
1 1951
3 1953
2 1954
4 1955
3 1956
1 1957
1 1959
2 1960
1 1964
2 1965
1 1966
1 1969
1 1972
2 1973
1 1974
1 1977
1 1983
2 1984
2 1990
1 1993
2 1995
1 1996
1 1997
1 2000
1 2001
1 2002
1 2003
1 2004
1 2005
1 2011
2 2013
1 2014
1 2016
2 2017
1 2019
1 2020
1 2023
2 2025
1 2026
1 2031
2 2034
1 2035
3 2036
2 2037
3 2038
2 2039
1 2040
1 2042
1 2044
3 2047
1 2048
1 2051
1 2052
1 2053
1 2054
2 2055
2 2057
1 2058
1 2059
2 2060
2 2061
1 2062
2 2063
1 2064
4 2065
2 2066
1 2067
2 2069
1 2072
2 2073
3 2075
3 2076
1 2077
1 2078
2 2079
3 2081
1 2082
2 2083
3 2084
2 2085
1 2088
1 2090
1 2091
2 2092
1 2093
3 2094
3 2095
1 2096
3 2097
1 2098
1 2099
2 2101
1 2102
2 2104
1 2106
1 2108
2 2110
1 2111
2 2115
3 2117
2 2120
1 2121
1 2122
2 2124
1 2126
1 2130
2 2132
1 2133
1 2134
2 2135
1 2136
1 2138
2 2140
1 2144
3 2149
1 2150
2 2151
1 2152
1 2155
1 2158
1 2160
2 2162
1 2164
1 2165
1 2168
1 2170
1 2175
1 2176
1 2179
2 2180
1 2182
1 2184
2 2185
3 2186
2 2188
1 2190
2 2191
1 2193
1 2196
1 2198
1 2199
1 2201
2 2202
3 2203
1 2204
1 2205
2 2206
1 2207
1 2211
1 2212
1 2213
1 2216
4 2217
1 2218
2 2221
3 2222
1 2226
1 2227
2 2229
1 2230
1 2231
4 2232
1 2235
2 2236
3 2237
1 2238
3 2239
1 2241
1 2242
1 2244
2 2245
2 2246
1 2249
2 2250
1 2253
2 2254
1 2257
1 2258
1 2259
1 2262
1 2263
1 2265
1 2269
2 2270
1 2273
1 2274
1 2276
1 2289
2 2300
2 2301
2 2307
1 2318
2 2322
1 2323
1 2326
1 2327
1 2332
1 2337
1 2339
2 2342
1 2356
1 2363
1 2367
1 2369
1 2370
1 2372
1 2373
1 2374
1 2375
1 2383
2 2385
3 2386
2 2391
1 2393
1 2394
3 2396
1 2397
2 2399
1 2400
1 2401
2 2403
1 2404
3 2407
1 2408
2 2409
1 2412
2 2414
1 2415
1 2416
2 2418
1 2419
1 2420
1 2421
2 2424
2 2425
1 2428
1 2429
3 2430
1 2431
2 2432
1 2435
2 2436
1 2437
1 2439
1 2440
3 2441
2 2447
2 2452
1 2453
1 2456
2 2457
2 2459
1 2461
1 2462
1 2463
3 2464
2 2472
1 2475
1 2477
3 2478
1 2480
2 2481
1 2485
1 2486
2 2490
1 2503
2 2512
1 2514
3 2516
1 2517
1 2521
1 2525
2 2527
1 2534
2 2538
1 2539
2 2541
1 2542
1 2544
1 2545
1 2549
2 2550
2 2551
2 2552
2 2558
2 2567
1 2568
1 2574
1 2575
2 2579
1 2580
1 2584
1 2585
1 2589
1 2590
1 2591
1 2592
1 2593
1 2600
2 2604
1 2605
1 2616
1 2620
1 2626
1 2628
1 2637
1 2648
1 2659
1 2660
1 2671
1 2688
1 2709
1 2713
1 2721
1 2729
1 2730
1 2731
1 2736
2 2739
1 2743
1 2745
1 2746
2 2755
1 2761
1 2768
1 2773
1 2780
1 2781
1 2788
1 2791
1 2799
1 2805
1 2810
1 2813
1 2819
1 2820
1 2827
2 2833
1 2837
1 2839
1 2841
1 2843
1 2850
1 2853
1 2854
3 2857
2 2859
2 2860
1 2862
1 2864
1 2867
2 2868
2 2869
1 2870
1 2872
2 2873
2 2874
1 2876
1 2877
2 2884
1 2885
3 2886
2 2890
3 2891
1 2894
1 2900
1 2901
1 2907
1 2909
2 2911
1 2913
1 2918
1 2926
1 2927
1 2928
1 2933
1 2938
1 2940
1 2941
2 2943
1 2946
1 2947
1 2948
1 2949
1 2956
1 2958
1 2960
1 2972
2 2973
2 2974
1 2979
1 2981
1 2983
1 2988
2 2989
1 2990
1 2992
1 2997
1 2998
2 2999
1 3006
1 3008
1 3010
2 3011
1 3012
1 3013
2 3014
1 3015
1 3018
1 3021
2 3022
3 3026
1 3028
3 3030
1 3031
1 3032
1 3035
2 3038
1 3039
1 3043
1 3050
1 3054
2 3058
1 3059
1 3063
3 3076
1 3077
1 3080
1 3089
1 3090
1 3092
1 3117
1 3143
1 3158
1 3167
1 3202
1 3246
1 3259
1 3262
1 3264
1 3268
1 3277
1 3280
2 3291
1 3293
1 3297
1 3309
1 3312
1 3315
1 3321
1 3370
1 3378
1 3388
1 3511
1 3514
1 3522
1 3530
1 3534
1 3548
1 3570
1 3593
1 3624
1 3632
1 3656
1 3660
1 3663
1 3696
2 3709
1 3736
1 3794
1 3988
1 3998
1 4085
1 4107
1 4110
1 4150
1 4185
1 4282
1 4313
1 4411
1 5210
