2 4
2 6
3 9
3 10
2 11
2 12
2 13
6 14
3 15
1 16
5 17
2 18
1 20
3 22
1 23
1 24
1 27
2 28
3 33
2 35
1 36
1 40
1 41
4 42
1 43
1 44
1 45
2 46
1 49
3 51
1 52
1 53
2 54
1 55
2 56
3 57
1 58
2 60
1 62
2 63
1 64
2 65
1 66
1 67
2 68
2 69
3 70
1 71
3 72
3 73
1 74
2 76
1 77
3 78
3 79
1 81
4 82
2 83
1 84
1 85
2 86
1 87
4 88
2 89
2 90
5 91
2 92
3 93
3 95
1 96
3 97
2 98
4 99
4 100
3 101
2 102
1 103
2 104
3 106
1 107
2 108
7 109
3 110
2 111
2 112
3 113
3 114
3 115
3 116
3 117
3 119
3 120
4 121
1 122
7 123
4 124
2 125
2 126
2 127
2 128
4 129
3 130
4 131
3 132
1 133
4 134
2 136
2 137
5 138
2 139
5 140
2 141
4 142
3 143
1 144
3 145
3 147
2 148
3 149
4 151
2 152
2 153
2 154
5 155
4 156
4 157
3 158
5 159
4 160
4 161
5 162
4 163
4 164
3 165
4 166
10 167
11 168
4 169
10 170
3 171
10 172
12 173
9 174
11 175
9 176
10 177
6 178
7 179
10 180
8 181
9 182
4 183
6 184
9 185
8 186
10 187
7 188
4 189
3 190
6 191
6 192
6 193
9 194
5 195
1 196
8 197
5 198
5 199
7 200
3 201
2 202
1 203
1 204
4 205
1 206
6 207
6 208
10 209
14 210
8 211
8 212
14 213
6 214
14 215
16 216
11 217
14 218
10 219
9 220
16 221
22 222
17 223
17 224
33 225
25 226
19 227
16 228
31 229
23 230
35 231
23 232
19 233
29 234
19 235
14 236
13 237
6 238
13 239
7 240
15 241
8 242
10 243
13 244
13 245
13 246
14 247
22 248
15 249
21 250
21 251
13 252
11 253
9 254
14 255
14 256
18 257
15 258
25 259
13 260
19 261
9 262
14 263
20 264
18 265
18 266
16 267
18 268
21 269
10 270
23 271
27 272
33 273
26 274
35 275
47 276
63 277
66 278
92 279
72 280
76 281
85 282
106 283
106 284
96 285
105 286
119 287
87 288
86 289
105 290
93 291
84 292
70 293
71 294
64 295
58 296
46 297
37 298
37 299
36 300
37 301
35 302
34 303
28 304
32 305
31 306
22 307
28 308
35 309
43 310
37 311
33 312
44 313
41 314
53 315
40 316
69 317
55 318
50 319
68 320
57 321
68 322
57 323
57 324
63 325
40 326
50 327
36 328
43 329
43 330
48 331
63 332
46 333
44 334
50 335
69 336
67 337
70 338
99 339
102 340
98 341
122 342
133 343
127 344
151 345
110 346
139 347
154 348
132 349
109 350
119 351
114 352
100 353
95 354
76 355
71 356
66 357
80 358
78 359
75 360
72 361
84 362
72 363
61 364
48 365
57 366
55 367
41 368
47 369
38 370
37 371
37 372
35 373
26 374
26 375
32 376
33 377
32 378
30 379
37 380
36 381
32 382
36 383
38 384
50 385
46 386
34 387
37 388
51 389
43 390
42 391
28 392
32 393
33 394
28 395
33 396
26 397
21 398
29 399
26 400
22 401
24 402
21 403
15 404
13 405
18 406
30 407
20 408
17 409
18 410
37 411
26 412
25 413
38 414
37 415
35 416
41 417
44 418
67 419
52 420
69 421
49 422
62 423
82 424
78 425
60 426
76 427
72 428
73 429
72 430
60 431
49 432
49 433
49 434
56 435
40 436
41 437
44 438
34 439
35 440
44 441
33 442
30 443
23 444
28 445
28 446
23 447
22 448
13 449
14 450
16 451
19 452
17 453
8 454
8 455
8 456
5 457
3 458
12 459
13 460
8 461
6 462
7 463
13 464
13 465
10 466
9 467
10 468
12 469
10 470
15 471
23 472
16 473
22 474
16 475
9 476
20 477
27 478
13 479
12 480
16 481
13 482
12 483
14 484
19 485
14 486
14 487
15 488
15 489
19 490
13 491
13 492
17 493
12 494
12 495
20 496
12 497
11 498
12 499
11 500
12 501
18 502
15 503
8 504
24 505
16 506
12 507
20 508
26 509
21 510
22 511
27 512
21 513
25 514
31 515
28 516
29 517
21 518
33 519
29 520
25 521
25 522
25 523
23 524
21 525
33 526
27 527
17 528
16 529
13 530
21 531
12 532
10 533
13 534
9 535
15 536
14 537
16 538
16 539
9 540
2 541
8 542
6 543
11 544
5 545
3 546
7 547
7 548
7 549
7 550
3 551
5 552
2 553
2 554
4 555
4 556
5 557
1 558
5 559
1 560
8 561
5 562
2 563
4 564
4 565
5 566
2 567
3 568
5 569
5 570
3 571
6 572
1 573
5 574
8 575
6 576
3 577
6 578
6 579
11 580
7 581
5 582
4 583
6 584
4 585
4 586
11 587
6 588
9 589
8 590
11 591
7 592
4 593
9 594
7 595
4 596
3 597
5 598
4 599
5 600
7 601
5 602
6 603
6 604
7 605
4 606
5 607
7 608
5 609
6 610
5 611
3 612
10 613
6 614
6 615
6 616
9 617
8 618
11 619
15 620
9 621
6 622
16 623
12 624
4 625
7 626
8 627
8 628
11 629
7 630
6 631
5 632
6 633
8 634
3 635
5 636
7 637
8 638
4 639
3 640
2 641
7 642
1 643
5 644
5 645
5 646
2 647
3 648
1 649
5 650
1 651
2 652
1 653
3 654
4 655
1 656
5 657
5 658
3 660
3 661
2 662
2 663
3 664
3 665
4 667
6 668
2 669
4 670
2 671
3 672
2 673
3 674
1 676
2 677
4 678
4 679
3 680
2 681
2 682
3 683
3 684
3 685
4 686
3 687
5 688
7 689
1 690
2 691
3 692
7 693
2 694
3 695
4 696
6 697
7 698
3 699
4 700
5 701
3 702
3 703
3 704
2 705
2 706
2 707
3 708
3 709
1 710
2 711
4 712
2 713
3 714
3 715
3 716
5 717
2 718
6 719
4 720
4 721
4 722
4 723
3 724
1 725
3 726
7 727
1 728
5 729
2 730
3 732
4 733
6 734
3 735
6 736
3 737
7 738
6 739
8 740
3 741
6 742
1 743
5 744
2 745
8 746
3 747
1 748
5 749
3 750
6 751
3 752
3 753
5 754
3 755
5 756
5 757
7 758
6 759
2 760
3 761
4 762
4 763
3 764
2 765
3 766
12 767
5 768
2 769
5 770
5 771
3 772
4 773
4 774
3 775
4 776
4 777
4 778
8 779
5 780
5 781
7 782
9 783
8 784
5 785
3 786
6 787
12 788
10 789
6 790
7 791
9 792
10 793
9 794
4 795
6 796
5 797
10 798
8 799
3 800
13 801
8 802
11 803
3 804
5 805
5 806
6 807
5 808
8 809
3 810
3 811
4 812
5 813
1 814
2 816
4 817
1 818
3 819
4 820
2 821
1 822
5 823
5 824
3 826
3 827
4 828
1 829
1 830
3 831
2 833
6 834
4 835
2 836
2 837
2 838
2 839
2 840
1 841
1 842
2 843
1 844
3 846
1 847
3 848
5 849
3 850
3 851
4 852
3 853
1 854
7 855
3 856
4 858
3 859
2 860
3 861
1 862
3 863
5 864
1 865
5 866
6 867
4 868
6 869
3 870
5 871
4 872
4 873
4 874
4 875
4 876
2 877
3 878
12 879
6 880
5 881
6 882
6 883
7 884
9 885
9 886
5 887
7 888
6 889
8 890
9 891
6 892
7 893
8 894
6 895
5 896
5 897
7 898
2 899
3 900
8 901
5 902
9 903
3 904
10 905
4 906
8 907
6 908
6 909
4 910
8 911
6 912
9 913
5 914
8 915
3 916
2 917
6 918
9 919
4 920
9 921
6 922
11 923
13 924
7 925
10 926
7 927
4 928
13 929
5 930
10 931
15 932
10 933
8 934
15 935
7 936
14 937
12 938
15 939
13 940
18 941
13 942
13 943
20 944
15 945
14 946
21 947
10 948
18 949
10 950
16 951
18 952
11 953
19 954
11 955
10 956
19 957
15 958
10 959
9 960
13 961
3 962
7 963
8 964
5 965
5 966
4 967
4 968
2 969
10 970
7 971
6 972
3 973
2 974
4 975
6 976
3 977
4 978
2 979
3 980
2 981
4 982
2 983
4 984
1 985
6 986
6 987
5 988
7 989
6 990
5 991
4 992
5 993
2 994
5 995
10 996
7 997
5 998
4 999
6 1000
9 1001
12 1002
7 1003
10 1004
6 1005
7 1006
3 1007
2 1008
8 1009
8 1010
2 1011
5 1012
11 1013
8 1014
12 1015
5 1016
8 1017
8 1018
9 1019
7 1020
9 1021
12 1022
14 1023
5 1024
8 1025
4 1026
8 1027
5 1028
9 1029
4 1030
6 1031
13 1032
10 1033
7 1034
10 1035
15 1036
9 1037
7 1038
8 1039
14 1040
10 1041
7 1042
9 1043
10 1044
16 1045
8 1046
12 1047
14 1048
13 1049
19 1050
16 1051
17 1052
16 1053
11 1054
15 1055
9 1056
15 1057
14 1058
19 1059
23 1060
17 1061
28 1062
19 1063
23 1064
19 1065
27 1066
20 1067
14 1068
15 1069
17 1070
26 1071
22 1072
21 1073
10 1074
16 1075
20 1076
15 1077
22 1078
25 1079
21 1080
14 1081
16 1082
19 1083
19 1084
24 1085
18 1086
14 1087
12 1088
13 1089
10 1090
19 1091
10 1092
21 1093
19 1094
17 1095
20 1096
12 1097
21 1098
17 1099
10 1100
18 1101
14 1102
16 1103
18 1104
14 1105
15 1106
11 1107
15 1108
12 1109
20 1110
9 1111
17 1112
15 1113
14 1114
16 1115
12 1116
19 1117
14 1118
14 1119
17 1120
20 1121
17 1122
29 1123
16 1124
19 1125
25 1126
24 1127
13 1128
18 1129
29 1130
28 1131
19 1132
22 1133
25 1134
18 1135
16 1136
28 1137
25 1138
21 1139
28 1140
23 1141
24 1142
26 1143
30 1144
27 1145
31 1146
24 1147
25 1148
28 1149
25 1150
31 1151
38 1152
14 1153
22 1154
25 1155
32 1156
26 1157
31 1158
38 1159
32 1160
35 1161
33 1162
27 1163
37 1164
46 1165
32 1166
51 1167
56 1168
44 1169
55 1170
52 1171
69 1172
59 1173
66 1174
57 1175
52 1176
63 1177
60 1178
66 1179
70 1180
71 1181
88 1182
94 1183
96 1184
108 1185
106 1186
115 1187
121 1188
112 1189
128 1190
138 1191
137 1192
146 1193
154 1194
158 1195
152 1196
152 1197
170 1198
191 1199
152 1200
153 1201
183 1202
166 1203
149 1204
153 1205
134 1206
156 1207
127 1208
117 1209
134 1210
108 1211
109 1212
99 1213
87 1214
93 1215
79 1216
68 1217
67 1218
51 1219
56 1220
38 1221
33 1222
45 1223
31 1224
32 1225
27 1226
27 1227
26 1228
20 1229
13 1230
19 1231
24 1232
24 1233
12 1234
15 1235
19 1236
23 1237
17 1238
17 1239
10 1240
12 1241
16 1242
15 1243
17 1244
15 1245
15 1246
9 1247
12 1248
18 1249
24 1250
19 1251
25 1252
15 1253
18 1254
21 1255
19 1256
16 1257
24 1258
11 1259
27 1260
19 1261
21 1262
12 1263
18 1264
35 1265
21 1266
24 1267
23 1268
18 1269
26 1270
20 1271
26 1272
27 1273
27 1274
20 1275
26 1276
21 1277
15 1278
20 1279
19 1280
24 1281
21 1282
24 1283
22 1284
23 1285
22 1286
15 1287
29 1288
20 1289
20 1290
15 1291
13 1292
19 1293
21 1294
18 1295
17 1296
15 1297
19 1298
14 1299
15 1300
17 1301
16 1302
12 1303
8 1304
7 1305
14 1306
7 1307
9 1308
6 1309
7 1310
6 1311
4 1312
6 1313
7 1314
5 1315
2 1316
3 1317
4 1318
3 1319
1 1320
3 1321
4 1322
2 1323
1 1324
2 1325
1 1327
3 1328
2 1329
2 1330
1 1331
2 1332
1 1333
6 1334
2 1335
4 1337
1 1338
3 1342
2 1343
2 1345
4 1347
2 1348
1 1349
3 1350
2 1351
3 1352
2 1353
1 1355
3 1356
3 1357
1 1358
3 1359
3 1360
2 1361
2 1362
3 1364
5 1365
2 1366
4 1367
1 1368
2 1370
1 1371
1 1372
2 1374
2 1375
2 1377
2 1378
1 1379
1 1381
2 1382
3 1385
1 1386
1 1388
2 1389
3 1390
3 1392
2 1393
2 1394
1 1395
3 1396
1 1397
3 1398
1 1399
3 1400
5 1401
2 1402
2 1403
4 1404
3 1405
4 1406
1 1407
3 1408
1 1409
2 1410
2 1411
3 1412
1 1413
5 1414
2 1415
5 1416
3 1417
6 1418
4 1419
1 1420
3 1421
1 1422
2 1423
3 1424
3 1425
3 1426
3 1427
1 1428
2 1429
4 1430
5 1431
3 1432
6 1433
4 1434
3 1435
4 1436
3 1437
2 1438
8 1439
2 1440
4 1441
4 1442
6 1443
7 1444
3 1445
9 1446
4 1447
5 1448
7 1449
5 1450
4 1451
3 1452
4 1453
14 1454
6 1455
7 1456
6 1457
6 1458
9 1459
8 1460
18 1461
5 1462
5 1463
7 1464
11 1465
6 1466
6 1467
12 1468
6 1469
6 1470
9 1471
8 1472
8 1473
10 1474
12 1475
13 1476
4 1477
9 1478
7 1479
10 1480
3 1481
10 1482
9 1483
10 1484
6 1485
6 1486
8 1487
5 1488
3 1489
8 1490
4 1491
8 1492
2 1493
6 1494
5 1495
6 1496
2 1497
2 1498
7 1500
3 1501
5 1502
4 1503
1 1504
2 1505
3 1506
5 1507
1 1508
2 1509
3 1510
2 1511
5 1512
1 1513
4 1514
1 1515
2 1516
2 1517
3 1518
2 1519
1 1520
7 1521
4 1522
3 1523
2 1524
4 1525
4 1526
4 1527
2 1528
3 1529
3 1530
4 1531
5 1533
2 1534
2 1535
2 1536
3 1537
1 1538
2 1539
2 1541
6 1542
7 1543
1 1544
4 1546
1 1547
5 1549
6 1551
3 1552
2 1553
5 1554
3 1555
3 1556
5 1557
4 1558
3 1559
1 1560
4 1561
7 1562
2 1563
2 1564
1 1565
10 1566
5 1567
1 1568
4 1569
10 1570
5 1571
4 1572
4 1573
4 1574
5 1575
9 1576
5 1577
8 1578
9 1579
6 1580
5 1581
3 1582
10 1583
7 1584
3 1585
6 1586
2 1587
3 1588
5 1589
4 1590
8 1591
7 1592
7 1593
9 1594
2 1595
5 1596
2 1597
5 1598
5 1599
2 1600
5 1601
4 1602
4 1603
4 1604
3 1605
3 1606
1 1607
7 1608
4 1609
6 1610
2 1611
6 1612
4 1613
4 1614
3 1615
2 1616
2 1617
2 1618
1 1619
4 1620
3 1621
3 1622
6 1623
6 1624
7 1625
7 1626
3 1627
3 1628
5 1629
5 1630
4 1631
4 1632
5 1633
4 1634
9 1635
4 1636
3 1637
8 1638
7 1639
6 1640
5 1641
6 1642
7 1643
12 1644
3 1645
12 1646
2 1647
13 1648
11 1649
3 1650
12 1651
7 1652
9 1653
8 1654
4 1655
10 1656
11 1657
8 1658
7 1659
18 1660
22 1661
8 1662
19 1663
11 1664
17 1665
14 1666
13 1667
21 1668
10 1669
22 1670
17 1671
13 1672
15 1673
17 1674
17 1675
18 1676
21 1677
13 1678
10 1679
28 1680
16 1681
17 1682
23 1683
24 1684
26 1685
21 1686
30 1687
23 1688
27 1689
25 1690
27 1691
29 1692
26 1693
31 1694
24 1695
27 1696
28 1697
32 1698
37 1699
27 1700
23 1701
23 1702
32 1703
27 1704
20 1705
29 1706
30 1707
25 1708
38 1709
24 1710
30 1711
39 1712
30 1713
27 1714
33 1715
49 1716
37 1717
37 1718
31 1719
29 1720
41 1721
31 1722
33 1723
28 1724
25 1725
31 1726
31 1727
22 1728
33 1729
25 1730
23 1731
22 1732
23 1733
21 1734
20 1735
15 1736
19 1737
20 1738
18 1739
20 1740
23 1741
15 1742
10 1743
10 1744
9 1745
14 1746
15 1747
13 1748
13 1749
8 1750
10 1751
10 1752
4 1753
10 1754
9 1755
6 1756
7 1757
9 1758
9 1759
8 1760
9 1761
12 1762
7 1763
6 1764
8 1765
12 1766
14 1767
2 1768
7 1769
6 1770
6 1771
8 1772
8 1773
5 1774
6 1775
4 1776
9 1777
6 1778
15 1779
13 1780
5 1781
4 1782
7 1783
5 1784
9 1785
9 1786
5 1787
6 1788
3 1789
4 1790
14 1791
8 1792
4 1793
12 1794
6 1795
5 1796
8 1797
5 1798
6 1799
4 1800
9 1801
9 1802
11 1803
7 1804
7 1805
10 1806
4 1807
12 1808
5 1809
6 1810
6 1811
4 1812
6 1813
6 1814
10 1815
12 1816
9 1817
7 1818
7 1819
2 1820
5 1821
10 1822
6 1823
6 1824
3 1825
4 1826
8 1827
3 1828
1 1829
3 1830
3 1831
5 1832
4 1833
3 1834
4 1835
2 1836
2 1837
1 1838
3 1839
3 1840
1 1841
1 1842
2 1843
1 1844
5 1845
3 1846
3 1847
1 1848
2 1849
4 1850
1 1851
1 1852
3 1853
2 1854
3 1855
3 1856
3 1857
1 1859
1 1860
1 1862
2 1863
1 1866
1 1867
6 1868
2 1869
2 1870
2 1872
3 1873
2 1875
4 1877
1 1878
1 1879
1 1880
1 1882
1 1883
1 1884
4 1885
4 1886
2 1887
2 1888
1 1889
2 1890
4 1891
5 1892
1 1893
3 1894
1 1895
1 1896
4 1897
3 1898
1 1899
1 1900
1 1901
1 1902
1 1904
4 1905
5 1906
3 1907
1 1908
2 1909
3 1910
3 1912
2 1913
3 1914
2 1915
1 1916
1 1917
1 1918
1 1919
1 1920
4 1921
1 1922
3 1923
1 1924
1 1925
4 1926
2 1927
2 1928
5 1929
1 1930
2 1931
1 1932
2 1934
1 1935
1 1938
2 1940
1 1941
1 1943
1 1944
1 1950
2 1951
2 1954
1 1955
2 1956
1 1967
1 1968
1 1970
1 1971
1 1976
1 1978
1 1985
1 1989
3 1991
1 1992
1 1993
2 1994
1 1996
1 1997
1 1998
2 2000
2 2003
1 2005
2 2006
1 2015
1 2016
2 2017
2 2019
1 2021
3 2022
3 2023
1 2027
1 2033
1 2035
1 2038
1 2039
1 2040
1 2041
1 2045
1 2047
1 2048
1 2056
1 2057
1 2059
1 2060
1 2066
1 2067
1 2068
2 2069
1 2070
1 2078
1 2081
1 2092
2 2093
2 2094
4 2095
1 2096
2 2097
1 2100
3 2101
2 2103
1 2104
1 2107
1 2110
1 2111
1 2112
1 2114
2 2115
1 2117
1 2118
2 2120
1 2121
1 2123
2 2125
1 2127
1 2129
1 2132
1 2135
1 2136
2 2139
1 2140
1 2143
1 2144
1 2146
1 2147
1 2148
1 2153
1 2155
2 2156
1 2157
1 2160
2 2161
1 2167
1 2168
1 2169
1 2172
1 2173
1 2176
1 2177
1 2178
1 2184
1 2187
1 2197
1 2199
2 2200
1 2203
1 2204
1 2206
1 2210
1 2212
1 2216
1 2217
1 2218
1 2219
2 2220
1 2223
1 2226
1 2229
1 2231
2 2234
1 2239
1 2240
1 2241
1 2243
2 2244
1 2248
1 2252
1 2253
1 2256
1 2257
2 2259
1 2264
1 2267
1 2268
1 2276
1 2277
1 2278
1 2280
1 2283
1 2291
1 2295
1 2302
1 2305
1 2322
1 2335
1 2339
1 2357
1 2371
1 2383
1 2390
1 2395
1 2418
1 2433
1 2445
2 2469
1 2473
1 2474
1 2515
1 2543
1 2553
1 2571
1 2578
1 2581
1 2589
1 2591
1 2607
1 2612
1 2613
1 2622
1 2631
1 2632
1 2638
1 2651
1 2652
1 2656
1 2666
1 2673
1 2677
1 2701
1 2718
1 2720
1 2723
1 2751
1 2760
1 2765
1 2768
1 2773
1 2806
1 2811
1 2818
3 2840
1 2860
2 2861
1 2868
1 2893
1 2894
1 2903
1 2923
2 2930
1 2946
1 2948
1 2958
1 2962
1 2973
1 2975
1 2981
1 3009
1 3020
1 3021
1 3025
1 3036
1 3038
1 3043
1 3045
2 3046
1 3050
2 3055
1 3063
1 3070
1 3073
1 3099
1 3107
1 3117
1 3235
1 3242
1 3280
1 3304
1 3326
1 3351
1 3363
1 3440
1 3611
1 3617
1 3638
1 3665
1 3685
1 3717
1 3768
1 4083
1 4274
1 4571
