1 1
4 2
5 4
5 5
6 6
2 7
1 8
2 9
2 10
5 11
4 13
3 14
5 15
4 16
5 17
3 19
1 20
4 21
2 22
2 23
3 24
2 25
2 26
4 27
2 28
3 29
1 30
3 31
4 32
2 33
4 34
2 35
1 36
2 37
4 38
2 39
2 40
3 41
4 43
8 44
1 45
7 46
5 47
2 48
4 49
5 50
3 51
2 52
2 53
5 54
2 55
6 56
4 58
2 59
3 60
3 61
5 62
8 63
3 64
6 65
3 66
5 67
1 68
6 69
6 70
6 71
6 72
4 73
4 75
2 76
8 78
5 79
2 80
6 81
2 82
6 83
2 84
11 85
2 86
7 87
3 88
5 89
4 91
3 92
3 93
8 94
5 95
6 96
5 97
5 98
4 99
7 100
6 101
8 102
5 103
3 104
7 105
8 106
4 107
4 108
7 109
3 110
7 111
10 112
4 113
11 114
7 115
7 116
12 117
11 118
7 119
3 120
2 121
5 122
6 123
10 124
7 125
5 126
6 127
6 128
10 129
4 130
7 131
10 132
8 133
7 134
6 135
7 136
2 137
12 138
9 139
5 140
6 141
5 142
8 143
5 144
9 145
7 146
10 147
12 148
10 149
7 150
14 151
11 152
14 153
6 154
12 155
11 156
9 157
7 158
9 159
5 160
6 161
6 162
6 163
5 164
4 165
5 166
9 167
9 168
6 169
6 170
7 171
8 172
2 173
3 174
9 175
11 176
7 177
13 178
9 179
5 180
7 181
9 182
7 183
15 184
6 185
13 186
5 187
8 188
13 189
16 190
14 191
8 192
10 193
10 194
11 195
8 196
16 197
17 198
13 199
9 200
9 201
11 202
23 203
19 204
36 205
17 206
23 207
38 208
42 209
30 210
51 211
27 212
32 213
34 214
30 215
41 216
31 217
44 218
34 219
51 220
45 221
51 222
49 223
61 224
68 225
82 226
89 227
89 228
103 229
115 230
149 231
135 232
162 233
145 234
136 235
122 236
108 237
98 238
64 239
52 240
57 241
45 242
38 243
41 244
37 245
45 246
41 247
32 248
43 249
42 250
37 251
51 252
59 253
66 254
65 255
72 256
81 257
58 258
63 259
37 260
37 261
26 262
30 263
22 264
29 265
15 266
24 267
12 268
12 269
14 270
21 271
8 272
7 273
10 274
11 275
19 276
13 277
12 278
15 279
14 280
12 281
15 282
11 283
4 284
10 285
9 286
5 287
13 288
8 289
7 290
19 291
9 292
7 293
12 294
8 295
24 296
19 297
16 298
16 299
18 300
19 301
14 302
16 303
19 304
26 305
18 306
23 307
23 308
25 309
34 310
26 311
22 312
32 313
29 314
24 315
22 316
39 317
29 318
28 319
29 320
29 321
24 322
29 323
36 324
27 325
31 326
43 327
40 328
47 329
39 330
33 331
37 332
28 333
38 334
38 335
33 336
33 337
32 338
30 339
33 340
36 341
28 342
36 343
29 344
33 345
30 346
35 347
22 348
24 349
26 350
37 351
34 352
38 353
34 354
42 355
38 356
71 357
56 358
79 359
77 360
107 361
102 362
133 363
134 364
152 365
169 366
172 367
178 368
156 369
189 370
165 371
135 372
144 373
104 374
109 375
95 376
79 377
62 378
60 379
49 380
48 381
42 382
41 383
29 384
26 385
24 386
28 387
21 388
32 389
30 390
26 391
17 392
14 393
21 394
19 395
20 396
16 397
22 398
11 399
19 400
23 401
21 402
21 403
20 404
24 405
24 406
34 407
23 408
31 409
23 410
25 411
31 412
57 413
40 414
57 415
60 416
47 417
49 418
60 419
69 420
60 421
84 422
94 423
58 424
82 425
98 426
94 427
92 428
79 429
116 430
91 431
83 432
98 433
94 434
82 435
80 436
66 437
75 438
61 439
58 440
47 441
55 442
48 443
41 444
37 445
42 446
29 447
19 448
19 449
29 450
16 451
22 452
18 453
12 454
17 455
10 456
14 457
11 458
11 459
16 460
17 461
14 462
10 463
15 464
20 465
16 466
16 467
15 468
19 469
14 470
24 471
30 472
17 473
21 474
16 475
26 476
21 477
21 478
18 479
16 480
21 481
15 482
23 483
11 484
9 485
7 486
17 487
14 488
7 489
11 490
3 491
10 492
5 493
6 494
11 495
6 496
10 497
10 498
8 499
6 500
9 501
6 502
9 503
7 504
9 505
11 506
7 507
12 508
11 509
13 510
13 511
21 512
23 513
16 514
16 515
17 516
15 517
18 518
28 519
28 520
28 521
30 522
36 523
40 524
53 525
41 526
53 527
55 528
45 529
52 530
72 531
62 532
73 533
68 534
98 535
62 536
89 537
83 538
90 539
82 540
78 541
75 542
59 543
57 544
53 545
65 546
44 547
28 548
20 549
16 550
19 551
25 552
5 553
12 554
10 555
9 556
11 557
7 558
10 559
13 560
4 561
15 562
9 563
13 564
11 565
9 566
8 567
9 568
10 569
7 570
10 571
12 572
9 573
8 574
6 575
10 576
10 577
7 578
4 579
8 580
7 581
4 582
7 583
8 584
12 585
4 586
3 587
7 588
8 589
5 590
11 591
7 592
11 593
8 594
6 595
11 596
5 597
9 598
4 599
5 600
4 601
6 602
2 603
8 604
2 605
5 606
1 607
2 608
4 609
4 610
4 611
5 612
4 613
5 614
3 615
4 616
2 617
5 618
4 619
6 620
6 621
7 622
7 623
6 624
5 625
4 626
1 627
2 628
3 629
8 630
3 631
3 632
2 633
2 634
5 635
3 636
8 637
4 638
7 639
8 640
6 641
6 642
7 643
8 644
7 645
7 646
4 647
7 648
7 649
6 650
10 651
7 652
9 653
7 654
14 655
6 656
10 657
10 658
10 659
9 660
11 661
9 662
10 663
8 664
10 665
7 666
7 667
10 668
9 669
10 670
7 671
4 672
9 673
6 674
4 675
7 676
10 677
5 678
3 679
7 680
6 681
6 682
4 683
5 684
8 685
7 686
10 687
6 688
4 689
2 690
7 691
6 692
3 693
3 694
11 695
9 696
3 697
8 698
8 699
6 700
7 701
4 702
5 703
2 704
7 705
5 706
5 707
8 708
3 709
5 710
4 711
4 712
4 713
9 714
5 715
6 716
3 717
6 718
2 719
3 720
6 721
4 722
5 723
5 724
5 725
4 726
7 727
6 728
3 729
7 730
5 731
7 732
4 733
6 734
8 735
7 736
8 737
6 738
6 739
9 740
10 741
14 742
4 743
8 744
13 745
10 746
9 747
8 748
16 749
17 750
14 751
9 752
19 753
16 754
13 755
19 756
12 757
18 758
11 759
17 760
17 761
9 762
12 763
13 764
6 765
10 766
9 767
8 768
6 769
5 770
5 771
6 772
3 773
6 774
3 775
6 776
3 777
6 778
4 779
5 780
2 781
3 782
1 783
1 784
4 785
1 786
9 787
4 788
1 789
4 790
4 791
1 792
2 793
4 794
5 795
6 796
6 797
3 798
3 799
2 800
2 801
6 802
3 803
5 804
3 805
2 806
8 807
2 808
3 809
5 810
2 811
3 812
1 813
5 814
4 815
8 816
5 817
7 818
2 819
4 820
5 821
2 822
7 823
9 824
7 825
14 826
6 827
6 828
10 829
16 830
6 831
9 832
6 833
6 834
7 835
17 836
8 837
12 838
8 839
8 840
10 841
14 842
12 843
11 844
8 845
10 846
6 847
8 848
10 849
7 850
7 851
7 852
9 853
7 854
7 855
7 856
5 857
8 858
7 859
2 860
2 861
3 862
7 863
5 864
7 865
4 866
9 867
7 868
6 869
7 870
4 871
3 872
6 873
3 874
3 875
5 876
2 877
2 878
5 879
10 880
3 881
4 882
5 883
4 884
3 885
2 886
6 887
2 888
5 889
3 890
5 891
6 892
1 893
5 894
8 895
2 896
5 897
1 898
8 899
3 900
4 901
3 902
8 903
2 904
6 905
6 906
7 907
7 908
6 909
3 910
6 911
3 912
5 913
10 914
7 915
3 916
6 917
5 918
10 919
3 920
1 921
1 922
8 923
7 924
6 925
10 926
5 927
6 928
3 929
9 930
5 931
3 932
5 933
10 934
6 935
8 936
3 937
9 938
11 939
1 940
6 941
2 942
3 943
2 944
10 945
11 946
12 947
11 948
8 949
4 950
8 951
6 952
9 953
12 954
11 955
5 956
10 957
14 958
8 959
12 960
4 961
9 962
5 963
11 964
11 965
5 966
9 967
7 968
8 969
7 970
7 971
6 972
9 973
3 974
11 975
4 976
3 977
3 978
4 979
4 980
5 981
3 982
5 983
3 984
5 985
7 986
4 987
4 988
6 989
11 990
9 992
5 993
8 994
9 995
8 996
7 997
8 998
6 999
7 1000
16 1001
5 1002
6 1003
10 1004
13 1005
8 1006
10 1007
8 1008
6 1009
8 1010
9 1011
11 1012
8 1013
11 1014
6 1015
10 1016
8 1017
17 1018
13 1019
23 1020
15 1021
13 1022
16 1023
18 1024
12 1025
9 1026
11 1027
18 1028
18 1029
16 1030
18 1031
14 1032
21 1033
18 1034
13 1035
19 1036
13 1037
17 1038
20 1039
7 1040
24 1041
25 1042
16 1043
21 1044
15 1045
19 1046
33 1047
19 1048
42 1049
35 1050
26 1051
24 1052
20 1053
30 1054
34 1055
30 1056
29 1057
36 1058
34 1059
26 1060
41 1061
40 1062
37 1063
34 1064
36 1065
37 1066
39 1067
36 1068
33 1069
27 1070
29 1071
31 1072
21 1073
38 1074
38 1075
33 1076
41 1077
49 1078
43 1079
30 1080
51 1081
58 1082
66 1083
65 1084
73 1085
53 1086
64 1087
67 1088
74 1089
94 1090
82 1091
93 1092
100 1093
123 1094
126 1095
124 1096
109 1097
107 1098
119 1099
111 1100
96 1101
101 1102
78 1103
89 1104
111 1105
97 1106
73 1107
76 1108
77 1109
69 1110
47 1111
64 1112
56 1113
55 1114
37 1115
39 1116
33 1117
25 1118
27 1119
24 1120
24 1121
23 1122
17 1123
16 1124
10 1125
16 1126
14 1127
12 1128
11 1129
3 1130
5 1131
2 1132
8 1133
4 1134
3 1135
3 1136
4 1137
2 1138
5 1139
6 1140
5 1141
5 1142
2 1143
4 1144
1 1145
3 1146
5 1147
1 1148
2 1149
9 1150
1 1151
1 1152
6 1153
6 1154
5 1155
4 1156
9 1157
7 1158
10 1159
3 1160
1 1161
7 1162
12 1163
2 1164
10 1165
6 1166
10 1167
9 1168
6 1169
7 1170
10 1171
11 1172
8 1173
13 1174
10 1175
18 1176
7 1177
12 1178
16 1179
16 1180
12 1181
13 1182
10 1183
13 1184
11 1185
15 1186
11 1187
19 1188
15 1189
17 1190
6 1191
10 1192
10 1193
10 1194
9 1195
9 1196
7 1197
12 1198
7 1199
9 1200
6 1201
7 1202
8 1203
6 1204
7 1205
5 1206
1 1207
6 1208
5 1209
10 1210
5 1211
5 1212
3 1213
2 1214
1 1215
5 1216
5 1217
2 1218
6 1219
1 1220
2 1221
3 1222
2 1223
1 1224
2 1225
3 1226
1 1227
5 1228
2 1229
5 1230
3 1231
1 1232
2 1233
1 1235
3 1236
3 1238
2 1239
3 1240
1 1241
2 1242
3 1244
1 1245
1 1247
3 1248
4 1249
2 1250
2 1251
3 1252
3 1253
4 1254
2 1255
3 1256
3 1257
1 1258
7 1259
5 1260
4 1261
5 1262
3 1264
1 1265
5 1267
2 1269
4 1270
5 1271
4 1272
1 1273
2 1274
5 1275
1 1276
3 1277
2 1278
5 1279
7 1280
4 1281
4 1282
2 1283
6 1284
5 1285
4 1286
1 1287
4 1288
1 1289
3 1290
3 1291
7 1292
6 1293
5 1294
2 1295
1 1297
6 1298
4 1300
2 1301
5 1302
4 1304
4 1305
1 1306
1 1308
3 1309
3 1311
2 1312
3 1313
2 1316
1 1317
3 1320
1 1321
2 1322
4 1323
2 1324
2 1326
2 1327
4 1328
1 1329
1 1331
1 1333
2 1334
1 1335
2 1338
1 1339
1 1340
2 1341
1 1342
2 1343
1 1345
2 1346
1 1347
3 1348
1 1349
3 1350
2 1351
5 1352
1 1353
3 1354
4 1355
1 1358
2 1359
2 1360
2 1361
2 1362
1 1363
1 1364
2 1365
2 1366
1 1367
3 1368
3 1369
3 1370
3 1371
5 1372
1 1373
3 1374
2 1375
1 1376
4 1377
4 1378
7 1379
3 1380
1 1381
3 1382
2 1383
3 1384
4 1385
6 1386
5 1387
5 1388
4 1389
6 1390
2 1391
3 1392
5 1393
4 1394
6 1395
3 1396
10 1397
5 1398
8 1399
4 1400
3 1401
7 1402
4 1403
2 1404
6 1405
6 1406
6 1407
6 1408
4 1409
4 1410
4 1411
7 1412
4 1413
5 1414
9 1415
2 1416
3 1417
4 1418
5 1419
5 1420
5 1421
3 1422
2 1423
2 1424
3 1425
2 1427
3 1428
2 1429
3 1430
1 1431
4 1433
3 1434
2 1435
2 1436
3 1437
3 1438
4 1439
1 1440
2 1441
3 1442
1 1443
2 1444
5 1445
4 1446
2 1447
1 1448
1 1449
4 1450
5 1451
3 1454
7 1455
5 1456
2 1457
3 1458
3 1459
1 1460
2 1461
3 1462
3 1463
1 1464
2 1465
6 1467
3 1468
2 1469
3 1470
2 1471
1 1472
3 1473
1 1474
2 1475
1 1476
2 1477
2 1479
1 1480
3 1481
3 1482
3 1483
2 1484
2 1485
1 1486
1 1487
4 1488
2 1490
3 1493
2 1495
1 1497
2 1498
3 1499
1 1500
2 1502
1 1504
1 1505
2 1506
1 1507
1 1508
1 1509
1 1515
2 1516
1 1517
2 1518
1 1519
1 1520
5 1521
1 1522
1 1523
2 1524
2 1525
2 1526
2 1527
1 1528
1 1531
1 1532
3 1533
1 1534
4 1535
2 1536
1 1537
2 1538
1 1540
1 1541
2 1542
2 1544
1 1545
1 1546
1 1547
1 1548
1 1549
2 1550
1 1551
3 1552
2 1553
5 1554
3 1555
4 1556
3 1557
1 1559
1 1560
1 1563
7 1564
2 1565
1 1566
1 1567
2 1568
1 1569
1 1570
4 1571
3 1572
5 1573
5 1574
1 1575
2 1576
4 1577
4 1578
1 1579
3 1580
5 1581
1 1582
3 1583
1 1584
3 1585
4 1586
4 1587
2 1588
3 1589
2 1590
7 1591
2 1592
3 1593
5 1594
3 1595
2 1597
6 1598
1 1599
5 1600
5 1601
3 1602
3 1603
2 1604
7 1605
1 1606
4 1607
4 1608
8 1609
4 1610
5 1611
7 1612
5 1613
1 1614
2 1615
9 1616
5 1617
2 1618
1 1619
4 1620
10 1621
3 1622
5 1623
6 1624
4 1625
3 1626
3 1627
6 1628
9 1629
8 1630
3 1631
3 1632
6 1633
5 1634
4 1635
9 1636
5 1637
2 1638
5 1639
9 1640
6 1641
14 1642
6 1643
8 1644
11 1645
5 1646
7 1647
2 1648
6 1649
6 1650
4 1651
10 1652
3 1653
11 1654
5 1655
5 1656
5 1657
11 1658
8 1659
4 1660
6 1661
4 1662
4 1663
6 1664
4 1665
5 1666
7 1667
4 1668
6 1669
9 1670
4 1671
4 1672
4 1673
8 1674
11 1675
3 1676
7 1677
4 1678
4 1679
11 1680
5 1681
5 1682
7 1683
9 1684
5 1685
12 1686
6 1687
12 1688
11 1689
10 1690
7 1691
5 1692
11 1693
12 1694
16 1695
10 1696
9 1697
10 1698
13 1699
15 1700
20 1701
14 1702
22 1703
17 1704
25 1705
21 1706
19 1707
27 1708
28 1709
14 1710
21 1711
22 1712
25 1713
24 1714
35 1715
22 1716
32 1717
34 1718
24 1719
30 1720
43 1721
35 1722
39 1723
28 1724
43 1725
40 1726
40 1727
38 1728
37 1729
31 1730
44 1731
46 1732
33 1733
48 1734
39 1735
38 1736
33 1737
37 1738
34 1739
46 1740
37 1741
43 1742
30 1743
31 1744
30 1745
25 1746
27 1747
39 1748
17 1749
23 1750
24 1751
19 1752
20 1753
20 1754
16 1755
17 1756
28 1757
17 1758
16 1759
14 1760
6 1761
9 1762
12 1763
24 1764
11 1765
7 1766
11 1767
5 1768
15 1769
17 1770
11 1771
15 1772
5 1773
12 1774
14 1775
8 1776
8 1777
9 1778
9 1779
7 1780
8 1781
8 1782
11 1783
7 1784
8 1785
3 1786
5 1787
7 1788
5 1789
4 1790
3 1791
3 1792
2 1793
5 1794
2 1795
5 1796
4 1797
4 1798
2 1799
8 1800
5 1801
5 1802
2 1803
9 1804
1 1805
2 1806
2 1807
3 1808
6 1809
7 1810
5 1811
5 1812
2 1813
3 1814
2 1815
4 1816
4 1817
1 1818
3 1819
4 1820
5 1821
4 1822
4 1823
6 1824
3 1825
1 1826
1 1827
2 1828
5 1829
3 1830
1 1831
1 1832
2 1833
9 1834
4 1835
2 1836
4 1837
7 1838
4 1839
7 1840
3 1841
3 1842
3 1843
3 1844
4 1845
3 1846
2 1847
1 1848
8 1849
1 1850
4 1851
8 1852
2 1853
4 1854
2 1855
5 1856
2 1857
7 1858
4 1859
7 1860
3 1861
3 1862
5 1863
5 1864
3 1865
1 1866
1 1867
3 1868
7 1869
8 1870
4 1871
2 1872
3 1873
2 1874
5 1875
4 1876
2 1877
2 1878
7 1879
1 1880
5 1881
2 1882
8 1883
10 1884
5 1885
6 1886
9 1887
6 1888
6 1889
7 1890
6 1891
9 1892
13 1893
7 1894
8 1895
6 1896
10 1897
10 1898
8 1899
15 1900
7 1901
16 1902
16 1903
22 1904
14 1905
13 1906
15 1907
11 1908
17 1909
23 1910
25 1911
17 1912
26 1913
32 1914
19 1915
19 1916
25 1917
26 1918
18 1919
27 1920
23 1921
20 1922
28 1923
19 1924
28 1925
20 1926
18 1927
24 1928
16 1929
29 1930
13 1931
29 1932
11 1933
13 1934
22 1935
12 1936
11 1937
14 1938
12 1939
17 1940
7 1941
11 1942
9 1943
10 1944
4 1945
11 1946
6 1947
3 1948
7 1949
7 1950
5 1951
6 1952
4 1953
3 1954
4 1955
2 1956
2 1959
3 1960
2 1964
2 1965
1 1966
2 1967
1 1969
3 1970
2 1971
2 1972
1 1973
2 1974
1 1975
1 1977
1 1980
1 1983
2 1987
1 1989
1 1990
1 2013
1 2014
1 2015
1 2017
1 2022
1 2024
2 2026
1 2035
2 2051
1 2053
1 2056
1 2058
2 2073
2 2089
1 2096
1 2100
1 2117
1 2127
1 2129
1 2142
1 2145
1 2147
1 2149
1 2181
1 2193
1 2206
1 2212
1 2217
1 2222
1 2244
1 2248
1 2253
1 2278
1 2286
1 2289
1 2295
1 2296
1 2300
1 2306
1 2312
1 2319
1 2321
1 2327
1 2329
1 2338
1 2341
1 2365
1 2372
2 2390
1 2393
1 2402
1 2416
1 2434
1 2436
1 2437
1 2458
1 2519
1 2521
1 2540
1 2552
1 2557
1 2564
1 2565
1 2568
1 2572
1 2575
2 2603
2 2605
1 2606
4 2608
1 2612
1 2616
1 2617
1 2625
2 2627
1 2628
1 2631
2 2632
1 2636
1 2637
1 2638
2 2639
1 2640
3 2641
3 2642
1 2643
1 2644
1 2645
2 2646
1 2648
1 2652
1 2654
1 2658
1 2660
1 2661
1 2666
1 2671
1 2673
1 2700
1 2704
1 2774
1 2822
1 2839
1 2872
1 2883
1 2894
1 2900
1 2906
1 2935
1 2953
1 2957
1 2964
1 2972
1 2994
1 3073
1 3152
1 3153
1 3200
1 3231
1 3424
1 3530
1 3551
1 3554
1 4022
1 4251
1 4259
1 4510
1 4543
1 4717
