1 2
2 3
1 6
1 16
2 18
2 20
2 31
1 32
1 33
1 46
1 47
1 48
1 50
2 51
1 55
1 56
1 61
2 62
1 63
1 64
2 65
1 67
1 70
1 72
1 73
1 76
1 77
2 78
1 79
1 82
1 83
1 84
1 85
1 86
1 87
2 88
2 89
1 90
6 91
2 92
3 93
2 94
4 95
7 96
4 97
6 98
1 99
3 100
1 101
3 102
1 103
1 105
3 106
3 107
1 108
1 109
2 110
2 111
2 112
2 114
1 115
1 117
1 118
1 119
1 122
2 123
1 124
4 125
3 126
1 129
1 130
1 131
1 133
1 134
1 135
2 136
1 137
2 138
1 139
2 140
2 141
1 142
4 145
1 146
2 147
3 149
1 150
2 151
1 152
1 154
1 155
1 156
1 158
2 159
1 160
1 161
1 162
1 165
3 166
4 167
2 168
2 170
7 171
2 173
5 174
2 175
3 176
3 178
2 179
2 180
1 181
2 182
3 183
6 184
6 185
3 186
2 187
4 188
4 189
3 190
6 191
6 192
3 193
2 194
3 195
1 196
2 197
2 198
2 199
1 200
2 201
1 202
3 203
2 204
1 205
3 206
5 207
1 208
2 209
3 210
2 211
1 212
3 213
4 214
6 215
1 216
3 217
6 218
1 219
10 220
4 221
5 222
8 223
5 224
11 225
4 226
10 227
9 228
19 229
31 230
30 231
34 232
44 233
47 234
53 235
52 236
73 237
63 238
69 239
66 240
63 241
39 242
31 243
30 244
20 245
16 246
14 247
8 248
8 249
5 250
10 251
4 252
6 253
6 254
1 255
2 256
4 257
2 258
5 259
5 260
2 261
5 262
1 263
2 264
4 265
2 266
2 267
3 268
5 270
4 271
1 272
3 273
5 274
1 276
2 278
3 279
1 280
1 281
2 282
1 283
2 284
2 285
3 286
6 287
2 288
2 289
2 290
2 291
3 292
5 293
3 294
4 295
2 296
4 297
3 298
5 299
1 301
3 302
4 303
1 304
2 305
4 306
4 307
1 308
6 309
5 310
2 311
2 312
2 313
5 314
1 315
1 316
4 317
7 318
2 319
3 320
4 321
7 322
5 323
7 324
4 325
2 326
3 327
4 328
3 329
5 330
5 331
3 332
11 333
4 334
6 335
12 336
17 337
13 338
12 339
6 340
12 341
14 342
8 343
13 344
10 345
9 346
10 347
10 348
6 349
4 350
8 351
5 352
6 353
1 354
3 355
2 356
4 357
6 358
5 359
4 360
4 361
5 362
2 363
4 364
8 365
6 366
6 367
1 368
8 369
2 370
2 371
6 372
4 373
2 374
8 375
9 376
6 377
3 378
7 379
4 380
9 381
3 382
1 383
8 384
6 385
2 386
4 387
5 388
2 389
3 390
3 391
2 392
2 393
3 394
4 395
8 396
4 397
2 399
2 400
3 401
4 402
7 403
2 404
1 405
5 407
2 408
3 410
3 411
1 412
1 413
1 414
3 415
3 416
5 417
2 418
6 419
4 420
2 421
5 422
5 423
1 424
4 425
3 426
3 427
4 428
3 429
5 430
5 431
2 432
8 433
4 434
6 435
2 436
2 437
1 438
6 439
3 440
3 441
6 442
4 443
4 444
5 445
3 446
4 447
7 448
3 449
6 450
1 451
6 452
5 453
3 454
4 455
5 456
1 457
5 458
2 459
2 460
6 461
6 462
7 463
8 464
8 466
4 467
12 468
3 469
16 470
6 471
2 472
7 473
4 474
8 475
14 476
7 477
6 478
10 479
4 480
10 481
8 482
12 483
5 484
11 485
10 486
9 487
7 488
12 489
2 490
3 491
9 492
11 493
5 494
3 495
8 496
10 497
9 498
6 499
5 500
6 501
8 502
15 503
11 504
11 505
9 506
8 507
5 508
14 509
11 510
14 511
16 512
15 513
16 514
22 515
20 516
22 517
22 518
26 519
31 520
35 521
29 522
39 523
40 524
46 525
57 526
43 527
54 528
63 529
60 530
73 531
52 532
78 533
73 534
73 535
61 536
67 537
50 538
63 539
48 540
48 541
32 542
36 543
38 544
20 545
32 546
28 547
15 548
25 549
19 550
21 551
16 552
9 553
8 554
12 555
11 556
7 557
6 558
13 559
8 560
10 561
2 562
7 563
6 564
16 565
3 566
8 567
9 568
8 569
5 570
3 571
6 572
6 573
10 574
19 575
16 576
15 577
14 578
18 579
20 580
17 581
20 582
24 583
23 584
25 585
18 586
17 587
20 588
24 589
27 590
16 591
16 592
17 593
20 594
19 595
12 596
19 597
8 598
16 599
18 600
18 601
14 602
14 603
17 604
12 605
9 606
19 607
16 608
11 609
15 610
9 611
22 612
19 613
19 614
10 615
21 616
28 617
38 618
28 619
33 620
22 621
21 622
23 623
21 624
20 625
26 626
21 627
19 628
15 629
11 630
20 631
18 632
20 633
13 634
13 635
16 636
12 637
10 638
6 639
11 640
10 641
9 642
7 643
7 644
11 645
9 646
7 647
11 648
6 649
4 650
6 651
5 652
7 653
5 654
6 655
5 656
6 657
5 658
3 659
6 660
10 661
8 662
10 663
15 664
12 665
14 666
11 667
14 668
18 669
14 670
21 671
15 672
12 673
20 674
16 675
17 676
14 677
20 678
21 679
17 680
16 681
17 682
9 683
17 684
16 685
20 686
20 687
15 688
11 689
17 690
13 691
16 692
17 693
17 694
17 695
18 696
19 697
6 698
13 699
9 700
11 701
17 702
11 703
8 704
9 705
11 706
14 707
8 708
12 709
7 710
8 711
11 712
9 713
11 714
6 715
2 716
8 717
2 718
5 719
9 720
3 721
4 722
3 723
6 724
5 725
5 726
2 727
6 728
1 729
1 730
3 731
2 732
3 733
1 734
4 735
4 736
2 737
7 738
5 739
4 740
5 741
4 742
3 743
3 744
4 745
4 746
3 747
5 748
5 749
8 750
2 751
2 752
7 753
7 754
6 755
3 756
4 757
3 758
10 759
2 760
11 761
6 762
5 763
9 764
6 765
12 766
10 767
8 768
9 769
15 770
8 771
14 772
11 773
19 774
6 775
14 776
16 777
12 778
21 779
22 780
15 781
25 782
18 783
27 784
27 785
35 786
35 787
39 788
43 789
59 790
53 791
50 792
56 793
67 794
70 795
76 796
75 797
86 798
66 799
92 800
104 801
80 802
86 803
87 804
91 805
92 806
93 807
75 808
83 809
75 810
78 811
70 812
74 813
56 814
46 815
55 816
47 817
34 818
32 819
28 820
19 821
14 822
16 823
15 824
17 825
15 826
13 827
15 828
8 829
9 830
7 831
6 832
9 833
8 834
5 835
4 836
4 837
4 838
3 839
10 840
8 841
5 842
2 843
3 844
5 845
4 846
8 847
4 848
6 849
7 850
6 851
2 852
12 853
4 854
2 855
6 856
9 857
6 858
4 859
6 860
5 861
3 862
12 863
4 864
9 865
15 866
14 867
8 868
10 869
10 870
8 871
8 872
11 873
8 874
14 875
13 876
9 877
10 878
11 879
15 880
11 881
5 882
12 883
7 884
14 885
15 886
16 887
14 888
15 889
20 890
17 891
13 892
11 893
15 894
26 895
20 896
18 897
18 898
15 899
20 900
6 901
15 902
8 903
17 904
15 905
6 906
5 907
16 908
16 909
4 910
11 911
6 912
3 913
1 914
10 915
5 916
7 917
3 918
3 919
3 920
12 921
7 922
5 923
4 924
7 925
6 926
2 927
4 928
4 929
8 930
8 931
9 932
5 933
7 934
6 935
9 936
7 937
8 938
8 939
9 940
6 941
5 942
9 943
8 944
10 945
7 946
8 947
14 948
6 949
5 950
3 951
10 952
5 953
7 954
8 955
8 956
12 957
8 958
5 959
9 960
6 961
5 962
2 963
8 964
4 965
2 966
8 967
6 968
3 969
3 970
4 971
6 972
3 973
6 974
5 975
5 976
2 977
5 978
8 979
5 980
3 981
6 982
5 983
3 984
4 985
2 986
3 987
2 988
2 989
2 990
2 991
2 992
5 993
3 994
3 995
1 996
1 997
6 998
1 999
2 1001
8 1002
2 1003
2 1004
3 1005
2 1006
3 1007
1 1008
2 1009
3 1010
4 1011
5 1012
2 1013
3 1014
8 1015
2 1016
4 1017
4 1018
2 1019
6 1020
5 1021
2 1022
3 1023
3 1024
5 1025
6 1026
5 1027
7 1028
2 1029
4 1030
6 1031
6 1032
3 1033
3 1034
6 1035
3 1036
3 1037
9 1038
4 1039
8 1040
3 1041
8 1042
4 1043
4 1044
4 1045
13 1046
3 1048
7 1049
1 1050
2 1051
5 1052
9 1053
4 1054
8 1055
7 1056
5 1057
4 1058
5 1059
6 1060
3 1061
2 1062
8 1063
3 1064
7 1065
9 1066
4 1067
11 1068
7 1069
7 1070
3 1071
8 1072
9 1073
2 1074
5 1075
2 1076
4 1077
6 1078
8 1079
12 1080
8 1081
4 1082
2 1083
4 1084
9 1085
8 1086
2 1087
8 1088
8 1089
8 1090
7 1091
7 1092
9 1093
10 1094
8 1095
1 1096
3 1097
3 1098
4 1099
4 1100
5 1101
5 1102
10 1103
4 1104
8 1105
9 1106
10 1107
7 1108
5 1109
13 1110
9 1111
16 1112
11 1113
11 1114
16 1115
13 1116
12 1117
13 1118
15 1119
19 1120
8 1121
20 1122
13 1123
19 1124
20 1125
24 1126
35 1127
24 1128
22 1129
37 1130
31 1131
40 1132
30 1133
34 1134
34 1135
39 1136
35 1137
49 1138
47 1139
45 1140
50 1141
40 1142
42 1143
62 1144
49 1145
76 1146
55 1147
62 1148
59 1149
61 1150
51 1151
59 1152
67 1153
36 1154
42 1155
58 1156
46 1157
44 1158
36 1159
26 1160
52 1161
25 1162
34 1163
26 1164
17 1165
19 1166
23 1167
17 1168
15 1169
20 1170
14 1171
13 1172
8 1173
11 1174
16 1175
14 1176
11 1177
13 1178
11 1179
10 1180
7 1181
11 1182
12 1183
9 1184
15 1185
13 1186
19 1187
12 1188
10 1189
7 1190
14 1191
22 1192
14 1193
19 1194
23 1195
21 1196
19 1197
25 1198
21 1199
16 1200
25 1201
22 1202
31 1203
30 1204
16 1205
30 1206
29 1207
36 1208
35 1209
22 1210
27 1211
29 1212
19 1213
29 1214
30 1215
31 1216
21 1217
19 1218
22 1219
17 1220
25 1221
14 1222
15 1223
24 1224
15 1225
16 1226
17 1227
15 1228
12 1229
9 1230
14 1231
9 1232
9 1233
6 1234
6 1235
7 1236
12 1237
6 1238
7 1239
6 1240
9 1241
7 1242
8 1243
4 1244
2 1245
6 1246
4 1247
7 1248
1 1249
3 1250
3 1251
4 1252
4 1253
2 1254
3 1255
3 1256
4 1257
4 1258
5 1259
7 1260
5 1261
5 1262
2 1263
6 1264
3 1265
3 1266
5 1267
8 1268
7 1269
11 1270
4 1271
3 1272
6 1273
9 1274
11 1275
6 1276
9 1277
6 1278
11 1279
2 1280
12 1281
12 1282
3 1283
9 1284
7 1285
8 1286
14 1287
8 1288
10 1289
11 1290
14 1291
10 1292
5 1293
13 1294
11 1295
6 1296
5 1297
16 1298
8 1299
8 1300
11 1301
14 1302
10 1303
15 1304
16 1305
11 1306
13 1307
18 1308
12 1309
8 1310
10 1311
10 1312
15 1313
14 1314
4 1315
12 1316
14 1317
8 1318
8 1319
9 1320
13 1321
13 1322
10 1323
8 1324
18 1325
8 1326
7 1327
8 1328
6 1329
4 1330
5 1331
9 1332
6 1333
12 1334
8 1335
6 1336
7 1337
5 1338
6 1339
9 1340
5 1341
8 1342
9 1343
7 1344
13 1345
6 1346
5 1347
3 1348
10 1349
11 1350
8 1351
17 1352
10 1353
10 1354
11 1355
15 1356
18 1357
12 1358
7 1359
9 1360
12 1361
10 1362
12 1363
11 1364
13 1365
10 1366
15 1367
9 1368
6 1369
10 1370
12 1371
9 1372
6 1373
13 1374
10 1375
12 1376
8 1377
7 1378
10 1379
6 1380
1 1381
5 1382
9 1383
8 1384
9 1385
9 1386
7 1387
9 1388
14 1389
11 1390
5 1391
6 1392
8 1393
4 1394
7 1395
6 1396
12 1397
16 1398
7 1399
5 1400
10 1401
17 1402
4 1403
8 1404
10 1405
13 1406
15 1407
17 1408
14 1409
19 1410
18 1411
14 1412
20 1413
9 1414
15 1415
25 1416
22 1417
19 1418
16 1419
15 1420
17 1421
7 1422
30 1423
23 1424
13 1425
19 1426
20 1427
21 1428
26 1429
21 1430
25 1431
16 1432
21 1433
18 1434
23 1435
21 1436
26 1437
15 1438
22 1439
26 1440
19 1441
20 1442
32 1443
23 1444
18 1445
16 1446
14 1447
13 1448
15 1449
15 1450
14 1451
5 1452
13 1453
15 1454
10 1455
11 1456
6 1457
13 1458
8 1459
6 1460
7 1461
2 1462
7 1463
6 1464
6 1465
3 1467
3 1468
4 1469
2 1470
7 1471
3 1472
3 1473
3 1474
1 1475
2 1476
1 1477
2 1478
1 1479
1 1480
1 1481
3 1482
1 1483
2 1486
2 1489
1 1491
2 1492
1 1493
2 1495
1 1496
3 1497
1 1498
3 1499
1 1500
1 1503
3 1505
1 1506
1 1507
1 1510
2 1511
2 1514
2 1516
2 1517
1 1518
1 1519
3 1520
1 1521
1 1522
1 1524
2 1526
1 1527
1 1528
1 1530
1 1532
1 1534
1 1535
1 1536
3 1537
1 1538
2 1539
2 1543
1 1544
1 1546
1 1547
1 1548
1 1549
1 1552
2 1553
2 1554
1 1555
2 1556
3 1557
1 1558
1 1559
2 1560
1 1561
2 1562
1 1563
3 1564
3 1567
2 1569
1 1570
2 1572
1 1573
1 1574
4 1578
1 1580
2 1581
1 1583
2 1584
2 1586
1 1587
1 1588
2 1589
1 1592
2 1593
1 1597
2 1598
1 1599
1 1600
3 1601
1 1602
1 1603
1 1604
1 1605
2 1606
2 1607
3 1608
1 1609
1 1611
2 1612
1 1613
2 1616
2 1617
1 1619
4 1620
2 1621
3 1622
3 1623
2 1624
2 1625
1 1626
2 1628
2 1629
2 1630
6 1631
1 1632
2 1633
1 1635
1 1637
2 1638
4 1641
2 1642
1 1644
2 1645
1 1646
4 1647
3 1648
1 1649
1 1650
1 1651
2 1652
3 1653
4 1654
2 1655
3 1656
2 1657
1 1658
2 1659
3 1660
4 1661
3 1662
2 1663
1 1664
4 1665
2 1666
2 1667
2 1668
5 1669
2 1671
1 1672
3 1673
4 1674
3 1675
3 1676
8 1677
1 1678
5 1679
2 1680
4 1681
4 1682
3 1683
5 1684
2 1685
7 1686
3 1687
7 1688
11 1689
6 1690
4 1691
3 1692
4 1693
6 1694
8 1695
5 1696
7 1697
8 1698
6 1699
7 1700
8 1701
8 1702
5 1703
5 1704
8 1705
10 1706
5 1707
6 1708
5 1709
8 1710
10 1711
13 1712
2 1713
8 1714
9 1715
7 1716
6 1717
9 1718
5 1719
6 1720
7 1721
9 1722
9 1723
8 1724
12 1725
6 1726
5 1727
8 1728
3 1729
4 1730
4 1731
4 1732
4 1733
4 1734
3 1735
4 1736
3 1737
5 1738
2 1739
6 1740
3 1741
6 1742
4 1744
2 1745
4 1746
1 1747
4 1748
4 1749
4 1750
1 1751
4 1752
2 1753
2 1755
3 1757
2 1758
5 1759
2 1760
2 1761
6 1762
3 1763
2 1764
1 1766
4 1767
2 1768
3 1769
5 1770
7 1771
3 1772
1 1773
2 1774
1 1775
5 1776
2 1777
7 1778
4 1779
1 1780
4 1781
2 1782
4 1783
7 1784
3 1785
5 1786
5 1787
2 1788
2 1789
2 1790
1 1791
4 1792
3 1794
5 1795
3 1796
2 1797
1 1798
2 1799
2 1800
1 1801
3 1802
7 1803
4 1804
3 1805
2 1806
3 1807
6 1808
1 1809
2 1810
3 1811
4 1812
2 1813
4 1814
4 1815
5 1816
4 1817
3 1818
4 1819
3 1820
2 1821
6 1822
4 1823
7 1824
5 1825
7 1826
4 1827
8 1828
8 1829
2 1830
1 1831
5 1832
1 1833
4 1834
5 1835
6 1836
5 1837
3 1838
4 1840
6 1841
6 1842
4 1843
8 1844
5 1845
5 1846
4 1847
6 1848
1 1849
6 1850
3 1852
4 1853
8 1854
6 1855
6 1856
6 1857
5 1858
5 1859
6 1861
2 1862
9 1863
8 1864
8 1865
2 1866
6 1867
9 1868
5 1869
4 1870
7 1871
7 1872
6 1873
4 1874
10 1875
6 1876
13 1877
4 1878
8 1879
4 1880
8 1881
8 1882
5 1883
4 1884
7 1885
5 1886
7 1887
7 1888
5 1889
8 1890
8 1891
5 1892
22 1893
7 1894
12 1895
11 1896
3 1897
10 1898
8 1899
8 1900
5 1901
10 1902
12 1903
11 1904
10 1905
14 1906
12 1907
14 1908
11 1909
13 1910
16 1911
12 1912
18 1913
13 1914
20 1915
10 1916
12 1917
11 1918
12 1919
11 1920
11 1921
22 1922
19 1923
23 1924
18 1925
19 1926
16 1927
31 1928
23 1929
14 1930
18 1931
31 1932
29 1933
20 1934
27 1935
28 1936
24 1937
31 1938
29 1939
22 1940
34 1941
34 1942
34 1943
25 1944
52 1945
40 1946
39 1947
36 1948
41 1949
41 1950
48 1951
38 1952
51 1953
45 1954
56 1955
50 1956
58 1957
52 1958
56 1959
49 1960
64 1961
60 1962
66 1963
49 1964
61 1965
62 1966
65 1967
60 1968
56 1969
63 1970
64 1971
46 1972
64 1973
67 1974
63 1975
63 1976
67 1977
70 1978
69 1979
64 1980
51 1981
65 1982
55 1983
65 1984
53 1985
52 1986
61 1987
51 1988
46 1989
56 1990
35 1991
44 1992
41 1993
37 1994
27 1995
32 1996
32 1997
38 1998
24 1999
22 2000
18 2001
27 2002
24 2003
22 2004
18 2005
21 2006
20 2007
13 2008
13 2009
16 2010
10 2011
10 2012
13 2013
5 2014
7 2015
6 2016
2 2017
8 2018
3 2019
7 2020
2 2021
7 2022
4 2023
5 2024
3 2025
5 2026
2 2027
5 2028
1 2029
1 2031
2 2033
2 2034
4 2035
3 2036
1 2037
3 2038
5 2039
4 2040
1 2041
3 2042
2 2043
1 2044
1 2047
2 2048
1 2049
3 2050
3 2051
2 2052
2 2053
4 2054
1 2056
1 2057
5 2058
3 2059
5 2060
2 2061
4 2062
3 2063
3 2064
3 2065
1 2066
3 2067
5 2068
5 2069
6 2070
5 2071
6 2072
3 2073
8 2074
6 2075
5 2076
8 2077
6 2078
7 2079
6 2080
8 2081
9 2082
8 2083
9 2084
8 2085
15 2086
9 2087
5 2088
7 2089
10 2090
8 2091
10 2092
3 2093
10 2094
3 2095
7 2096
8 2097
6 2098
4 2099
11 2100
6 2101
7 2102
7 2103
8 2104
5 2105
9 2106
3 2107
1 2108
1 2109
2 2110
4 2111
4 2112
4 2113
1 2114
3 2115
5 2116
1 2121
5 2122
1 2123
2 2125
1 2126
1 2127
1 2128
3 2130
1 2131
1 2132
2 2133
1 2135
2 2136
2 2138
1 2143
1 2144
1 2149
1 2151
1 2153
1 2156
1 2157
1 2159
1 2161
1 2162
3 2163
1 2165
1 2168
1 2169
1 2171
1 2173
4 2178
1 2179
1 2181
2 2187
2 2190
1 2192
1 2194
1 2195
2 2196
1 2197
1 2198
1 2199
2 2201
2 2202
1 2203
1 2204
2 2206
1 2208
1 2209
2 2210
1 2211
1 2213
2 2214
2 2215
1 2216
1 2218
1 2222
1 2230
1 2231
1 2234
1 2237
2 2238
1 2239
2 2240
3 2242
2 2243
2 2244
2 2247
1 2251
1 2253
1 2254
1 2255
1 2256
1 2258
1 2263
1 2267
2 2269
2 2271
2 2272
1 2273
1 2277
1 2301
1 2305
1 2309
1 2310
1 2315
1 2319
1 2321
1 2324
1 2326
1 2329
1 2331
1 2332
2 2333
1 2334
1 2339
1 2341
2 2346
1 2353
1 2355
1 2356
2 2358
1 2364
1 2365
1 2371
2 2372
1 2373
1 2374
1 2375
1 2376
1 2378
1 2379
1 2382
1 2388
1 2389
1 2391
1 2392
1 2393
1 2395
1 2397
1 2398
1 2400
1 2402
1 2403
1 2404
2 2406
1 2407
1 2412
1 2417
1 2419
1 2423
1 2426
2 2431
1 2437
1 2438
1 2439
1 2445
1 2448
1 2450
1 2451
1 2454
1 2456
1 2458
1 2460
1 2464
1 2466
3 2468
1 2469
1 2470
4 2471
1 2472
1 2473
1 2474
1 2475
1 2476
1 2478
1 2480
1 2484
1 2488
1 2489
1 2490
3 2492
2 2494
1 2496
1 2497
2 2500
1 2501
3 2502
2 2505
2 2506
1 2507
2 2508
1 2515
1 2517
2 2518
1 2520
2 2521
1 2522
1 2523
2 2524
3 2525
1 2526
2 2527
1 2529
1 2531
1 2532
1 2533
1 2535
1 2536
1 2538
2 2539
2 2540
2 2541
2 2542
1 2543
1 2544
2 2546
1 2547
2 2548
1 2549
2 2552
1 2553
1 2556
1 2557
1 2558
1 2562
1 2565
1 2566
1 2567
2 2568
1 2569
2 2573
2 2576
1 2579
2 2581
1 2584
1 2588
1 2590
1 2599
1 2602
1 2615
1 2618
1 2630
1 2633
1 2634
1 2637
2 2641
1 2654
1 2659
1 2663
1 2665
1 2669
1 2671
1 2673
1 2674
1 2681
1 2688
1 2689
1 2695
2 2698
1 2703
1 2707
1 2709
1 2710
1 2713
1 2715
1 2716
1 2723
1 2726
1 2727
1 2730
1 2733
1 2736
1 2741
1 2743
2 2744
1 2746
2 2752
1 2753
1 2754
1 2755
1 2756
2 2757
1 2758
3 2761
1 2762
1 2765
1 2766
1 2772
1 2774
1 2777
1 2778
1 2779
2 2780
1 2782
1 2790
1 2794
1 2796
1 2797
2 2799
1 2805
1 2809
3 2810
3 2812
2 2816
2 2818
2 2819
1 2820
2 2822
4 2825
1 2826
1 2827
3 2828
2 2829
1 2830
2 2832
2 2833
2 2834
2 2835
1 2836
2 2837
2 2838
1 2839
1 2840
1 2841
3 2842
2 2843
3 2844
3 2846
3 2847
2 2848
1 2849
3 2850
5 2851
2 2852
2 2853
2 2854
2 2855
2 2856
3 2857
6 2858
2 2859
3 2860
2 2861
1 2862
6 2863
4 2864
6 2865
1 2866
1 2867
3 2868
4 2869
4 2870
4 2871
2 2872
3 2873
3 2874
5 2875
1 2876
3 2877
1 2878
6 2879
2 2880
5 2881
4 2882
1 2883
2 2884
1 2885
2 2886
1 2887
3 2888
2 2889
1 2890
1 2891
3 2892
2 2894
2 2895
1 2896
1 2898
1 2900
2 2901
2 2902
2 2904
1 2908
1 2910
1 2914
3 2917
1 2925
1 2927
1 2932
1 2937
1 2938
1 2943
1 2956
1 2975
1 3006
1 3020
1 3035
1 3036
1 3044
1 3083
1 3092
1 3156
1 3163
1 3196
1 3200
1 3229
1 3269
1 3315
1 3395
1 3446
1 3453
1 3468
1 3474
1 3489
1 3564
1 3568
1 3584
1 3611
1 3664
1 3670
1 3677
1 3779
1 4151
1 4183
1 4241
