1 1
2 2
5 3
2 4
1 5
1 6
1 8
2 10
1 12
1 13
4 15
2 16
2 17
2 19
1 21
3 22
1 23
2 24
2 25
2 26
2 27
1 28
1 29
1 30
1 31
2 32
2 33
1 35
1 36
4 37
1 38
1 39
1 42
3 43
2 44
2 45
2 46
1 48
3 49
1 50
4 51
2 52
5 54
1 55
2 56
2 57
3 59
2 60
4 61
3 62
1 63
6 64
3 66
5 67
2 68
4 69
3 70
2 71
1 72
5 73
2 74
2 75
3 76
4 77
1 78
1 79
4 80
3 81
3 82
4 83
3 84
1 85
3 86
4 88
2 89
2 90
6 91
3 92
2 93
5 94
2 95
7 96
5 97
4 98
1 99
3 100
8 101
3 102
3 103
2 104
3 105
5 106
2 107
4 108
4 109
1 110
4 111
5 112
8 113
5 114
6 115
5 116
5 117
5 118
5 119
5 120
5 121
13 122
5 123
4 124
3 125
6 126
4 127
4 128
6 129
5 130
4 131
3 132
4 133
3 134
8 135
3 136
2 137
4 138
6 139
2 140
4 141
6 142
3 144
4 145
7 146
5 147
1 148
8 149
5 150
12 151
5 152
8 153
10 154
5 155
7 156
3 157
8 158
6 159
9 160
1 161
10 162
4 163
5 164
4 165
6 166
7 167
10 168
3 169
5 170
6 171
3 172
9 173
7 174
3 175
4 176
5 177
7 178
6 179
7 180
5 181
8 182
11 183
13 184
11 185
8 186
17 187
26 188
24 189
26 190
33 191
34 192
39 193
43 194
61 195
62 196
68 197
60 198
61 199
82 200
44 201
46 202
34 203
25 204
24 205
14 206
23 207
10 208
14 209
16 210
6 211
9 212
6 213
11 214
19 215
8 216
5 217
8 218
10 219
8 220
10 221
10 222
10 223
14 224
12 225
9 226
13 227
13 228
16 229
18 230
13 231
24 232
22 233
17 234
15 235
16 236
17 237
13 238
13 239
12 240
10 241
14 242
8 243
9 244
11 245
8 246
9 247
6 248
8 249
13 250
19 251
9 252
12 253
10 254
14 255
10 256
10 257
16 258
13 259
15 260
16 261
10 262
19 263
14 264
14 265
12 266
13 267
18 268
12 269
16 270
19 271
19 272
24 273
25 274
30 275
22 276
24 277
23 278
22 279
27 280
11 281
10 282
17 283
12 284
19 285
14 286
21 287
18 288
19 289
23 290
26 291
26 292
34 293
28 294
34 295
56 296
59 297
83 298
86 299
90 300
87 301
95 302
87 303
94 304
90 305
88 306
73 307
67 308
58 309
42 310
44 311
27 312
45 313
45 314
30 315
25 316
34 317
29 318
26 319
27 320
37 321
36 322
32 323
38 324
47 325
28 326
41 327
60 328
48 329
42 330
47 331
47 332
38 333
30 334
46 335
35 336
30 337
17 338
28 339
30 340
36 341
35 342
24 343
23 344
27 345
26 346
22 347
29 348
33 349
26 350
31 351
42 352
32 353
28 354
28 355
29 356
31 357
21 358
22 359
32 360
40 361
33 362
49 363
33 364
36 365
29 366
43 367
33 368
44 369
41 370
39 371
41 372
27 373
51 374
38 375
37 376
32 377
29 378
38 379
39 380
33 381
26 382
28 383
20 384
29 385
23 386
23 387
24 388
17 389
10 390
22 391
16 392
10 393
17 394
16 395
16 396
13 397
12 398
11 399
12 400
12 401
12 402
19 403
12 404
17 405
22 406
10 407
17 408
19 409
26 410
17 411
10 412
15 413
21 414
15 415
21 416
18 417
19 418
14 419
27 420
28 421
19 422
13 423
22 424
22 425
31 426
35 427
26 428
25 429
19 430
27 431
32 432
25 433
34 434
38 435
20 436
26 437
20 438
26 439
26 440
23 441
21 442
16 443
22 444
24 445
23 446
14 447
21 448
18 449
23 450
18 451
20 452
17 453
22 454
22 455
24 456
14 457
25 458
16 459
22 460
19 461
18 462
28 463
24 464
21 465
18 466
22 467
23 468
28 469
24 470
23 471
23 472
30 473
26 474
27 475
12 476
42 477
20 478
32 479
27 480
35 481
32 482
24 483
19 484
31 485
27 486
21 487
31 488
27 489
33 490
25 491
38 492
33 493
25 494
27 495
28 496
25 497
37 498
33 499
26 500
21 501
37 502
35 503
30 504
30 505
24 506
34 507
29 508
27 509
21 510
26 511
33 512
30 513
37 514
26 515
31 516
40 517
43 518
41 519
35 520
46 521
51 522
45 523
48 524
55 525
57 526
64 527
59 528
64 529
53 530
58 531
57 532
58 533
58 534
44 535
35 536
43 537
41 538
41 539
26 540
33 541
23 542
30 543
28 544
18 545
19 546
21 547
16 548
17 549
17 550
13 551
19 552
15 553
21 554
12 555
22 556
15 557
9 558
6 559
8 560
6 561
19 562
5 563
20 564
15 565
13 566
16 567
12 568
14 569
16 570
13 571
12 572
15 573
23 574
11 575
12 576
18 577
19 578
24 579
14 580
22 581
18 582
20 583
27 584
24 585
24 586
24 587
28 588
20 589
17 590
28 591
25 592
21 593
22 594
32 595
30 596
21 597
34 598
35 599
25 600
32 601
23 602
29 603
27 604
20 605
30 606
38 607
31 608
26 609
27 610
18 611
20 612
17 613
26 614
29 615
18 616
13 617
12 618
12 619
15 620
16 621
18 622
7 623
16 624
11 625
18 626
9 627
15 628
20 629
11 630
17 631
12 632
16 633
16 634
14 635
19 636
17 637
17 638
14 639
23 640
19 641
23 642
17 643
21 644
17 645
24 646
19 647
15 648
24 649
22 650
18 651
34 652
32 653
41 654
35 655
36 656
44 657
48 658
39 659
47 660
65 661
59 662
63 663
53 664
54 665
52 666
50 667
48 668
48 669
48 670
47 671
57 672
49 673
50 674
50 675
30 676
42 677
42 678
45 679
36 680
36 681
54 682
45 683
36 684
40 685
33 686
31 687
32 688
31 689
34 690
28 691
26 692
15 693
22 694
22 695
17 696
24 697
20 698
31 699
24 700
23 701
15 702
18 703
17 704
13 705
15 706
14 707
17 708
11 709
20 710
15 711
14 712
21 713
16 714
13 715
22 716
13 717
13 718
12 719
9 720
10 721
21 722
20 723
18 724
13 725
18 726
24 727
13 728
31 729
26 730
19 731
24 732
22 733
23 734
29 735
27 736
33 737
27 738
36 739
35 740
35 741
32 742
36 743
32 744
31 745
41 746
41 747
31 748
35 749
28 750
32 751
33 752
28 753
23 754
23 755
27 756
22 757
22 758
22 759
28 760
21 761
22 762
17 763
12 764
20 765
21 766
10 767
12 768
20 769
14 770
13 771
10 772
13 773
16 774
22 775
13 776
15 777
11 778
17 779
21 780
18 781
11 782
27 783
16 784
24 785
22 786
27 787
24 788
24 789
25 790
33 791
24 792
20 793
17 794
25 795
20 796
18 797
19 798
21 799
18 800
27 801
15 802
18 803
15 804
22 805
21 806
18 807
18 808
20 809
15 810
15 811
12 812
6 813
19 814
16 815
13 816
13 817
17 818
25 819
14 820
27 821
25 822
21 823
23 824
26 825
18 826
30 827
29 828
21 829
26 830
25 831
29 832
30 833
27 834
29 835
33 836
31 837
34 838
37 839
29 840
30 841
28 842
21 843
36 844
33 845
40 846
43 847
37 848
37 849
53 850
45 851
56 852
47 853
53 854
36 855
46 856
50 857
61 858
64 859
52 860
76 861
69 862
51 863
53 864
60 865
49 866
54 867
45 868
52 869
58 870
49 871
35 872
56 873
43 874
35 875
42 876
45 877
41 878
38 879
42 880
44 881
44 882
37 883
58 884
74 885
54 886
76 887
58 888
78 889
85 890
96 891
90 892
113 893
113 894
115 895
123 896
96 897
131 898
117 899
119 900
143 901
147 902
129 903
132 904
120 905
117 906
121 907
109 908
106 909
93 910
75 911
83 912
63 913
64 914
60 915
44 916
43 917
50 918
34 919
26 920
32 921
29 922
26 923
23 924
23 925
20 926
10 927
12 928
16 929
14 930
10 931
10 932
7 933
9 934
8 935
2 936
3 937
2 938
4 939
3 940
3 941
3 942
3 943
4 944
6 945
5 946
2 947
5 948
4 949
3 950
6 951
2 952
3 953
3 954
5 955
3 956
1 957
3 958
6 959
3 960
3 961
5 962
2 963
2 964
5 965
6 966
6 968
3 969
1 970
3 971
2 972
2 973
6 974
5 975
3 976
2 977
3 978
1 979
3 980
3 981
2 982
3 983
1 984
2 985
8 986
3 987
3 988
5 989
2 990
3 991
3 992
3 993
1 994
3 995
1 996
4 997
1 998
3 999
4 1000
1 1001
1 1002
2 1003
4 1004
2 1005
3 1006
2 1007
2 1008
4 1011
4 1012
1 1013
2 1014
4 1015
1 1016
4 1017
1 1018
3 1019
4 1020
3 1021
5 1022
4 1023
3 1024
2 1027
2 1028
7 1029
4 1031
2 1032
2 1033
3 1034
3 1035
2 1036
2 1037
4 1038
4 1039
2 1040
3 1041
4 1042
4 1043
7 1044
7 1045
7 1046
7 1047
2 1048
2 1049
2 1050
5 1051
6 1052
4 1053
3 1054
4 1055
1 1056
8 1057
7 1058
7 1059
4 1060
6 1061
9 1062
3 1063
8 1064
6 1065
5 1066
5 1067
1 1068
3 1069
6 1070
4 1071
2 1072
5 1073
8 1074
7 1075
2 1076
4 1077
5 1078
5 1079
5 1080
4 1081
4 1082
4 1083
3 1084
8 1085
3 1086
3 1087
3 1088
4 1089
10 1090
7 1091
6 1092
7 1093
4 1094
6 1095
5 1096
5 1097
6 1098
3 1099
2 1100
12 1101
8 1102
3 1103
7 1104
5 1105
10 1106
4 1107
5 1108
5 1109
12 1110
5 1111
6 1112
7 1113
6 1114
4 1115
6 1116
3 1117
6 1118
3 1119
3 1120
2 1122
4 1123
7 1124
6 1125
2 1126
5 1127
6 1128
9 1129
6 1130
4 1131
4 1132
2 1133
3 1134
3 1135
3 1136
5 1138
3 1139
6 1140
4 1141
4 1142
4 1143
4 1144
4 1145
5 1146
5 1147
4 1148
7 1149
8 1150
6 1151
4 1152
3 1153
8 1154
3 1155
8 1156
9 1157
8 1158
4 1159
5 1160
3 1161
6 1162
5 1163
7 1164
11 1165
9 1166
9 1167
4 1168
9 1169
8 1170
13 1171
13 1172
9 1173
12 1174
16 1175
13 1176
12 1177
16 1178
21 1179
9 1180
16 1181
17 1182
22 1183
16 1184
25 1185
22 1186
22 1187
21 1188
24 1189
25 1190
15 1191
22 1192
19 1193
32 1194
31 1195
17 1196
25 1197
14 1198
22 1199
20 1200
23 1201
17 1202
10 1203
15 1204
12 1205
11 1206
10 1207
12 1208
18 1209
12 1210
9 1211
12 1212
7 1213
9 1214
2 1215
9 1216
6 1217
1 1218
5 1219
4 1220
2 1221
4 1222
5 1223
4 1224
3 1225
3 1226
5 1227
6 1228
7 1229
6 1230
6 1231
4 1232
4 1233
9 1234
6 1235
5 1236
3 1237
2 1238
5 1239
9 1240
1 1241
4 1242
4 1243
7 1244
7 1245
5 1246
4 1247
8 1248
10 1249
7 1250
3 1251
5 1252
4 1253
6 1254
5 1255
5 1256
7 1257
2 1258
9 1259
9 1260
11 1261
13 1262
7 1263
10 1264
12 1265
15 1266
15 1267
9 1268
12 1269
12 1270
17 1271
19 1272
16 1273
27 1274
24 1275
20 1276
26 1277
15 1278
25 1279
31 1280
32 1281
29 1282
24 1283
28 1284
30 1285
32 1286
36 1287
37 1288
33 1289
38 1290
46 1291
38 1292
47 1293
36 1294
43 1295
40 1296
31 1297
40 1298
45 1299
46 1300
34 1301
43 1302
20 1303
33 1304
43 1305
31 1306
41 1307
35 1308
34 1309
24 1310
16 1311
28 1312
13 1313
31 1314
19 1315
25 1316
26 1317
23 1318
25 1319
17 1320
26 1321
16 1322
16 1323
14 1324
16 1325
14 1326
14 1327
18 1328
17 1329
15 1330
14 1331
10 1332
17 1333
10 1334
14 1335
14 1336
11 1337
10 1338
11 1339
10 1340
11 1341
5 1342
8 1343
7 1344
7 1345
8 1346
7 1347
7 1348
6 1349
4 1350
2 1351
7 1352
3 1353
2 1354
6 1355
2 1356
10 1357
6 1358
1 1359
3 1360
6 1361
5 1362
3 1363
1 1364
2 1365
5 1366
4 1367
3 1368
5 1369
2 1370
1 1371
4 1372
6 1373
5 1374
2 1375
5 1376
3 1378
3 1379
7 1380
3 1381
6 1382
6 1383
12 1384
8 1385
5 1386
6 1387
2 1388
7 1389
4 1390
4 1391
9 1392
3 1393
2 1394
4 1395
3 1396
2 1397
6 1398
3 1399
9 1400
7 1401
2 1402
3 1403
6 1404
10 1405
5 1406
3 1407
3 1408
7 1409
2 1410
6 1411
2 1412
5 1413
4 1414
3 1415
2 1416
1 1417
6 1418
3 1419
3 1420
4 1421
7 1422
3 1423
1 1424
4 1425
5 1426
5 1427
2 1428
4 1429
5 1430
2 1431
3 1432
4 1433
7 1434
4 1435
4 1436
5 1437
7 1438
7 1439
5 1440
3 1441
11 1442
9 1443
9 1444
5 1445
5 1446
5 1447
4 1448
8 1449
3 1450
7 1451
4 1452
9 1453
6 1454
1 1455
9 1456
4 1457
8 1458
6 1459
9 1460
3 1461
8 1462
6 1463
6 1464
11 1465
7 1466
7 1467
5 1468
4 1469
1 1470
11 1471
5 1472
5 1473
6 1474
8 1475
2 1476
9 1477
7 1478
5 1479
7 1480
6 1481
6 1482
5 1483
2 1484
5 1485
3 1486
5 1487
8 1488
5 1489
4 1490
6 1491
3 1492
2 1493
4 1494
4 1495
3 1496
2 1498
4 1499
1 1500
2 1501
2 1502
3 1504
4 1505
1 1506
1 1507
3 1508
1 1509
1 1510
1 1511
1 1512
2 1513
3 1514
1 1515
4 1516
3 1517
3 1519
2 1520
1 1521
2 1522
4 1523
3 1526
2 1527
2 1528
1 1529
2 1531
3 1532
3 1533
4 1534
3 1535
3 1537
2 1538
2 1539
2 1540
1 1541
2 1542
2 1543
5 1544
4 1545
2 1546
2 1547
2 1548
3 1549
2 1550
1 1552
2 1553
2 1554
3 1555
3 1556
5 1557
2 1558
1 1559
1 1561
1 1562
3 1563
1 1564
1 1567
2 1568
1 1569
1 1571
2 1572
3 1574
2 1575
1 1577
1 1578
1 1580
1 1583
2 1584
2 1585
2 1587
1 1589
1 1590
3 1592
1 1595
1 1596
1 1600
2 1601
2 1602
2 1603
1 1604
3 1605
3 1606
1 1607
2 1608
5 1609
3 1610
2 1611
2 1612
3 1613
4 1614
2 1615
6 1616
2 1617
4 1618
3 1619
1 1620
4 1621
1 1622
4 1624
3 1625
6 1626
4 1627
8 1628
2 1629
7 1630
9 1631
8 1632
8 1633
5 1634
4 1635
3 1636
5 1637
6 1638
6 1639
5 1640
10 1641
7 1642
5 1643
4 1644
9 1645
6 1646
7 1647
8 1648
5 1649
6 1650
8 1651
5 1652
6 1653
6 1654
6 1655
6 1656
4 1657
5 1658
2 1659
4 1660
3 1661
1 1662
3 1664
3 1665
2 1666
2 1667
2 1668
1 1669
2 1671
1 1672
2 1673
1 1674
1 1675
1 1676
3 1678
1 1680
1 1684
1 1685
1 1686
2 1687
3 1689
1 1690
2 1692
1 1693
1 1694
2 1696
1 1699
2 1700
3 1701
1 1702
2 1703
2 1705
1 1707
3 1708
1 1709
1 1710
1 1712
3 1713
1 1714
3 1715
1 1716
2 1718
2 1719
1 1720
2 1721
3 1722
1 1724
2 1725
1 1726
4 1727
3 1728
4 1729
4 1730
1 1731
2 1732
2 1734
2 1735
3 1736
2 1737
1 1738
1 1739
3 1740
1 1741
1 1742
3 1743
3 1744
3 1745
2 1747
2 1748
2 1750
1 1751
1 1753
2 1754
1 1756
2 1759
1 1762
1 1763
1 1764
1 1765
3 1766
5 1767
1 1768
2 1770
1 1771
3 1772
3 1774
2 1775
1 1776
2 1777
1 1781
2 1782
2 1783
1 1784
1 1785
2 1786
3 1788
4 1790
3 1791
2 1792
3 1793
1 1794
2 1795
3 1796
1 1797
1 1798
1 1799
1 1800
2 1802
1 1803
1 1804
2 1805
2 1806
1 1808
2 1809
1 1810
2 1811
1 1812
1 1813
2 1814
3 1816
2 1817
3 1820
1 1821
2 1822
3 1823
2 1824
1 1825
2 1826
2 1828
4 1829
2 1830
2 1831
1 1832
3 1833
2 1834
2 1836
2 1838
1 1840
2 1841
3 1842
1 1843
1 1845
1 1846
1 1847
1 1848
3 1850
1 1851
1 1852
1 1853
2 1854
2 1855
2 1856
4 1857
2 1858
2 1859
1 1860
6 1861
1 1862
4 1863
2 1864
2 1865
2 1866
2 1867
2 1868
5 1869
2 1871
1 1872
6 1873
1 1874
3 1875
4 1876
3 1877
8 1878
5 1879
2 1880
3 1881
4 1882
3 1883
2 1884
2 1885
3 1886
4 1887
4 1888
3 1889
4 1890
7 1891
6 1892
1 1893
1 1894
4 1895
5 1896
4 1897
3 1898
2 1899
9 1900
2 1901
1 1902
2 1903
4 1904
1 1905
7 1906
2 1907
3 1908
7 1909
5 1910
5 1911
3 1912
2 1913
7 1914
3 1915
4 1916
7 1917
3 1918
6 1919
5 1920
6 1921
3 1922
3 1923
7 1924
1 1925
3 1926
4 1927
2 1928
4 1929
2 1930
1 1931
6 1932
4 1933
6 1934
2 1935
4 1936
5 1937
2 1938
3 1939
1 1940
2 1941
1 1942
2 1943
2 1944
2 1945
3 1946
1 1947
2 1948
5 1949
4 1950
3 1951
2 1952
4 1953
5 1954
3 1955
1 1956
1 1957
2 1958
1 1960
5 1961
2 1962
1 1964
4 1965
4 1966
1 1967
2 1968
3 1969
3 1970
2 1971
3 1972
2 1973
1 1974
3 1976
1 1977
3 1978
2 1979
3 1980
1 1985
2 1986
1 1987
3 1989
1 1990
1 1991
3 1992
1 1993
1 1995
1 1998
2 2000
1 2006
1 2009
2 2010
2 2020
2 2023
1 2024
1 2027
1 2028
1 2032
2 2033
1 2036
2 2039
1 2041
1 2042
1 2043
1 2045
1 2046
1 2047
1 2053
1 2055
2 2057
1 2059
2 2061
1 2062
1 2064
1 2065
1 2066
3 2067
3 2068
2 2070
1 2071
1 2072
1 2073
3 2074
1 2075
1 2078
3 2081
1 2082
1 2084
3 2087
2 2088
1 2090
1 2091
1 2092
2 2093
1 2094
1 2095
4 2096
1 2099
1 2100
1 2101
1 2104
1 2107
1 2108
1 2109
1 2110
1 2116
1 2117
1 2119
1 2121
1 2125
1 2127
1 2129
2 2130
1 2131
1 2132
1 2133
1 2134
1 2135
2 2137
1 2142
1 2144
2 2145
1 2146
2 2147
1 2150
1 2151
1 2152
2 2153
1 2155
1 2156
2 2157
2 2160
1 2161
2 2165
1 2166
1 2167
1 2168
1 2169
2 2170
1 2171
2 2172
2 2173
1 2175
2 2176
6 2178
3 2179
1 2180
1 2182
5 2183
1 2186
5 2187
1 2188
1 2189
1 2190
1 2191
4 2192
2 2193
1 2194
3 2195
1 2197
1 2200
1 2201
4 2202
1 2203
4 2204
3 2205
2 2206
2 2208
1 2209
1 2210
1 2211
2 2212
1 2215
1 2216
2 2218
1 2219
2 2221
1 2222
3 2223
4 2224
6 2225
3 2228
3 2229
3 2230
1 2231
1 2233
1 2234
1 2235
1 2236
2 2237
2 2239
1 2240
1 2241
1 2242
3 2243
2 2244
2 2246
2 2248
1 2251
1 2252
2 2253
1 2254
3 2255
4 2256
3 2257
2 2261
1 2263
1 2264
1 2265
3 2266
2 2267
2 2269
1 2270
2 2271
3 2272
3 2273
1 2274
3 2276
3 2277
3 2278
2 2279
2 2280
2 2281
1 2282
3 2283
1 2284
3 2286
1 2287
3 2288
1 2289
3 2290
4 2291
4 2292
1 2293
1 2294
1 2295
2 2296
3 2297
1 2299
4 2300
3 2301
6 2302
3 2305
3 2306
1 2307
4 2308
1 2309
4 2310
2 2311
5 2312
1 2313
2 2314
1 2316
5 2317
3 2318
3 2319
4 2320
1 2321
3 2322
4 2323
3 2324
1 2325
2 2326
2 2329
2 2331
3 2333
1 2335
1 2336
3 2337
3 2338
3 2339
1 2340
5 2341
1 2343
3 2344
3 2345
3 2346
2 2347
3 2348
3 2349
3 2351
2 2352
6 2353
3 2354
3 2355
6 2356
3 2357
11 2358
5 2359
4 2360
1 2361
1 2362
2 2363
7 2364
2 2365
9 2366
5 2367
6 2368
8 2369
9 2370
6 2371
7 2372
8 2373
6 2374
5 2375
5 2376
5 2377
4 2378
6 2379
8 2380
6 2381
12 2382
11 2383
8 2384
11 2385
5 2386
10 2387
7 2388
12 2389
8 2390
5 2391
9 2392
2 2393
12 2394
14 2395
12 2396
17 2397
10 2398
12 2399
7 2400
10 2401
18 2402
16 2403
8 2404
12 2405
13 2406
13 2407
4 2408
9 2409
10 2410
10 2411
8 2412
5 2413
6 2414
6 2415
5 2416
11 2417
8 2418
10 2419
7 2420
4 2421
11 2422
2 2423
9 2424
3 2425
8 2426
3 2427
4 2428
4 2429
1 2431
4 2432
2 2434
1 2435
5 2437
3 2438
3 2439
1 2441
2 2442
1 2444
2 2445
1 2446
2 2447
1 2448
3 2450
1 2454
1 2456
1 2461
1 2468
1 2470
1 2474
1 2475
2 2488
1 2495
2 2497
1 2514
2 2517
1 2518
1 2519
2 2522
1 2524
1 2525
1 2526
1 2528
1 2534
2 2540
1 2541
1 2548
2 2550
1 2553
1 2556
1 2558
1 2560
1 2580
1 2581
1 2589
1 2594
2 2597
1 2602
1 2605
2 2606
1 2607
1 2612
1 2615
3 2616
3 2622
1 2623
1 2627
1 2628
1 2631
2 2633
1 2636
1 2639
1 2643
3 2644
1 2648
1 2651
1 2652
1 2655
2 2656
1 2657
1 2664
1 2665
2 2666
2 2667
1 2671
1 2672
1 2673
1 2674
1 2675
1 2676
2 2678
2 2679
1 2681
2 2682
1 2683
3 2684
2 2687
1 2688
2 2689
2 2690
3 2692
1 2693
1 2694
1 2696
1 2697
2 2699
1 2700
1 2701
1 2703
5 2707
2 2709
1 2710
2 2711
1 2712
1 2713
1 2714
1 2716
1 2717
1 2719
2 2720
1 2721
1 2722
1 2723
1 2725
2 2727
2 2728
1 2729
2 2730
1 2734
1 2741
1 2742
1 2745
1 2746
4 2747
1 2751
2 2752
1 2756
2 2757
1 2761
2 2763
1 2764
3 2765
1 2767
1 2771
1 2775
1 2778
1 2779
1 2780
1 2783
2 2786
1 2787
2 2789
1 2791
1 2792
2 2794
2 2795
1 2797
2 2798
1 2799
1 2800
1 2801
1 2802
1 2804
1 2805
1 2806
1 2808
1 2809
3 2813
1 2814
2 2815
1 2818
1 2819
3 2820
1 2821
2 2822
1 2823
3 2824
1 2826
2 2827
1 2829
1 2831
1 2832
2 2833
5 2834
1 2835
1 2836
1 2838
2 2839
1 2840
2 2841
3 2842
4 2844
2 2845
3 2846
1 2848
2 2849
1 2850
1 2851
4 2852
2 2853
1 2854
7 2855
3 2856
1 2858
2 2859
2 2860
3 2861
2 2862
1 2865
3 2866
3 2867
4 2868
4 2869
1 2870
3 2872
1 2873
3 2874
3 2875
2 2876
3 2877
1 2878
2 2879
1 2880
2 2881
1 2882
2 2883
1 2884
2 2885
2 2886
2 2887
3 2888
3 2889
3 2890
3 2891
2 2892
7 2893
3 2894
5 2895
8 2896
1 2897
4 2898
3 2899
7 2900
5 2901
3 2902
2 2903
5 2904
3 2905
6 2906
4 2907
6 2908
6 2909
4 2910
7 2911
4 2912
3 2913
3 2914
6 2915
2 2916
4 2917
4 2918
4 2919
7 2920
5 2921
7 2922
8 2923
10 2924
5 2925
5 2926
6 2927
4 2928
8 2929
8 2930
7 2931
13 2932
9 2933
10 2934
9 2935
5 2936
8 2937
5 2938
8 2939
10 2940
6 2941
7 2942
4 2943
9 2944
11 2945
9 2946
12 2947
9 2948
11 2949
3 2950
11 2951
7 2952
1 2953
9 2954
7 2955
5 2956
7 2957
6 2958
4 2959
10 2960
3 2961
3 2962
6 2963
7 2964
5 2965
1 2966
3 2968
2 2969
3 2970
4 2971
2 2972
1 2973
6 2974
2 2975
2 2977
5 2978
1 2979
1 2980
3 2981
5 2982
1 2983
2 2984
4 2985
4 2986
1 2987
2 2989
1 2991
2 2992
1 2993
1 2994
3 2996
3 2998
1 2999
2 3002
1 3004
1 3008
1 3014
2 3015
2 3018
1 3020
1 3023
1 3025
1 3031
1 3032
1 3037
2 3045
1 3047
1 3050
1 3054
1 3080
1 3094
1 3096
1 3098
1 3115
1 3118
1 3123
1 3124
1 3145
1 3154
1 3199
1 3203
1 3216
1 3230
1 3239
1 3256
1 3263
1 3275
1 3279
1 3289
2 3294
1 3297
1 3300
1 3308
2 3325
1 3328
1 3332
1 3343
1 3344
2 3346
1 3356
1 3357
1 3374
1 3375
1 3386
1 3391
1 3396
1 3397
1 3399
1 3402
1 3406
1 3408
1 3409
1 3415
1 3417
1 3418
1 3419
1 3421
3 3423
1 3424
1 3426
1 3428
1 3429
1 3430
1 3431
1 3432
1 3437
2 3439
1 3442
1 3443
1 3444
1 3446
1 3451
1 3453
1 3455
2 3457
1 3464
1 3467
2 3468
1 3469
1 3472
1 3476
1 3478
1 3480
2 3481
1 3482
2 3485
1 3487
1 3488
2 3490
2 3493
1 3494
1 3495
1 3497
4 3498
2 3500
1 3501
1 3502
1 3504
1 3506
1 3508
2 3510
1 3511
2 3512
3 3513
2 3514
2 3515
1 3517
2 3518
5 3519
1 3520
2 3521
2 3522
4 3523
2 3524
2 3527
2 3528
4 3529
1 3530
2 3531
2 3532
1 3533
1 3535
1 3536
2 3537
2 3538
3 3539
1 3540
2 3541
3 3542
2 3543
2 3544
2 3546
1 3547
2 3549
3 3550
1 3551
3 3552
1 3553
1 3554
4 3555
2 3556
1 3557
2 3559
2 3560
5 3562
3 3563
3 3564
5 3565
1 3566
2 3567
3 3569
5 3570
2 3572
1 3574
1 3575
2 3579
1 3580
3 3584
1 3585
2 3588
1 3589
1 3590
1 3592
1 3596
1 3608
1 3609
1 3614
1 3621
1 3624
1 3654
1 3689
1 3700
1 3701
1 3714
1 3745
1 3754
1 3766
1 3778
1 3780
1 3832
1 3856
1 3989
1 4003
1 4024
1 4029
1 4045
1 4050
1 4070
1 4113
1 4114
2 4140
1 4157
1 4164
1 4175
1 4176
1 4183
1 4191
1 4203
1 4223
1 4256
1 4260
2 4276
1 4286
1 4288
1 4297
1 4304
1 4316
1 4317
1 4329
1 4331
2 4335
1 4348
1 4351
1 4353
1 4357
2 4359
1 4363
1 4365
1 4367
1 4370
1 4371
1 4373
1 4380
1 4384
1 4432
1 4466
1 4541
1 4543
1 4567
1 4603
1 4606
1 4618
1 4636
1 4642
1 4650
1 4654
1 4658
1 4659
1 4661
1 4663
2 4672
2 4684
1 4691
1 4692
1 4696
1 4697
1 4705
1 4715
1 4744
1 5038
1 5083
1 5136
1 5147
1 5149
1 5157
1 5175
1 5181
1 5198
1 5291
1 5295
1 5432
1 5503
1 5532
1 5536
1 5550
1 5557
1 5591
