1 1
1 2
1 3
1 4
2 6
1 9
2 10
1 18
1 21
1 22
1 27
2 28
2 30
1 33
3 35
1 36
1 37
2 38
2 42
1 45
2 46
2 47
2 48
1 50
1 51
1 52
1 54
4 56
1 57
3 59
1 60
2 62
1 64
1 65
2 66
3 67
4 68
1 70
1 71
1 72
3 73
3 74
1 76
3 78
1 80
1 81
1 82
1 83
2 84
1 85
2 86
1 87
1 91
2 92
1 94
2 95
1 96
1 97
1 98
1 101
1 102
1 103
2 104
1 105
2 106
2 108
1 111
1 112
1 113
3 115
2 117
6 118
2 119
2 120
2 121
2 122
2 123
2 124
4 125
3 126
5 129
7 130
2 131
4 132
4 133
5 134
8 135
2 136
7 137
1 138
5 139
1 140
3 141
2 142
3 143
3 144
3 145
3 146
2 147
4 148
4 149
3 150
3 151
2 152
1 153
4 154
5 156
2 157
3 158
3 159
1 160
4 161
3 162
4 163
4 164
2 165
3 166
7 167
6 168
8 169
6 170
4 171
2 172
2 173
1 174
4 175
1 176
1 177
4 178
1 179
4 180
2 181
1 182
2 183
1 184
2 185
7 186
3 187
7 188
1 189
5 190
2 191
3 192
1 193
2 194
3 195
2 196
2 197
1 198
2 199
3 200
1 201
2 202
2 203
2 204
6 205
3 206
3 207
1 208
2 209
5 211
2 212
2 213
4 214
3 215
1 216
1 217
6 218
2 219
1 220
4 221
2 222
4 223
1 224
1 225
6 226
3 227
2 228
2 229
2 230
1 231
1 232
2 233
4 234
4 235
3 236
7 237
4 238
5 239
7 240
2 241
8 242
5 243
12 244
10 245
9 246
5 247
13 248
9 249
14 250
9 251
21 252
9 253
17 254
13 255
17 256
19 257
11 258
16 259
4 260
4 261
6 262
4 263
3 264
4 265
7 266
4 267
7 269
3 270
2 272
2 273
3 274
4 275
5 276
1 277
4 278
1 279
5 280
6 281
4 282
4 283
1 284
2 285
4 286
5 287
5 288
7 289
3 290
2 291
5 292
4 293
3 294
6 295
10 296
3 297
5 298
7 299
4 300
6 301
3 302
2 303
5 304
2 305
5 306
6 307
4 308
7 309
4 310
4 311
2 312
1 313
3 314
7 315
2 316
3 317
1 318
8 319
3 320
7 321
1 322
2 323
2 324
3 325
9 326
5 327
3 328
4 329
5 330
7 331
4 332
6 333
6 334
7 335
2 336
7 337
3 338
10 339
9 340
8 341
7 342
5 343
5 344
4 345
10 346
7 347
4 348
7 349
2 350
7 351
12 352
8 353
11 354
11 355
9 356
7 357
14 358
14 359
11 360
15 361
11 362
4 363
13 364
10 365
9 366
6 367
7 368
6 369
12 370
8 371
6 372
8 373
8 374
11 375
6 376
12 377
7 378
10 379
9 380
12 381
12 382
10 383
12 384
10 385
17 386
11 387
17 388
15 389
10 390
12 391
15 392
16 393
10 394
13 395
22 396
14 397
23 398
24 399
34 400
38 401
43 402
50 403
70 404
70 405
86 406
74 407
91 408
92 409
108 410
100 411
90 412
97 413
116 414
104 415
75 416
85 417
86 418
62 419
56 420
50 421
39 422
27 423
22 424
13 425
14 426
10 427
14 428
8 429
7 430
9 431
5 432
6 433
6 434
13 435
3 436
3 437
4 438
2 439
2 440
1 441
1 442
5 443
10 444
8 445
5 446
5 447
6 448
1 449
9 450
5 451
3 452
6 453
3 454
6 455
7 456
9 457
6 458
8 459
9 460
3 461
7 462
11 463
20 464
11 465
14 466
9 467
12 468
9 469
15 470
10 471
12 472
19 473
16 474
17 475
12 476
5 477
8 478
12 479
5 480
4 481
4 482
2 483
6 484
5 485
6 486
4 487
5 488
4 489
5 490
1 491
2 492
3 493
2 494
2 495
2 496
1 497
3 498
2 499
6 500
4 501
3 502
1 503
1 504
2 506
5 507
4 508
3 509
2 510
2 511
2 513
4 514
1 515
4 516
4 517
4 518
3 519
5 520
1 521
2 522
9 523
3 524
3 525
3 526
5 527
1 528
4 529
2 530
4 531
3 532
8 533
1 534
4 536
1 537
8 538
1 539
3 540
5 541
2 542
3 543
6 544
3 545
3 546
11 547
5 548
3 549
6 550
4 551
10 552
3 553
4 554
2 555
7 556
8 557
1 559
5 560
2 561
7 562
7 563
7 564
3 565
2 566
3 567
2 568
4 569
7 570
2 571
3 572
1 573
4 574
2 575
3 577
6 578
8 579
5 580
5 581
5 582
4 584
3 586
1 587
2 588
1 589
2 590
2 591
4 592
2 593
1 594
4 595
5 597
5 598
4 599
3 601
1 602
3 603
3 604
2 605
4 606
3 607
7 608
5 609
3 610
7 611
3 612
4 613
5 614
10 615
2 616
5 617
8 618
8 619
8 621
9 622
8 623
5 624
6 625
4 626
4 627
5 628
9 629
4 630
6 631
5 632
6 633
6 634
9 635
5 636
9 637
1 638
4 639
7 640
5 641
11 642
3 643
8 644
6 645
4 646
8 647
9 648
16 649
10 650
7 651
10 652
8 653
5 654
6 655
9 656
10 657
9 658
5 659
9 660
10 661
7 662
4 663
10 664
12 665
15 666
7 667
8 668
11 669
15 670
14 671
10 672
13 673
19 674
8 675
20 676
10 677
11 678
4 679
15 680
9 681
19 682
22 683
13 684
18 685
14 686
10 687
18 688
15 689
16 690
15 691
12 692
11 693
14 694
20 695
9 696
9 697
24 698
11 699
18 700
18 701
21 702
25 703
25 704
25 705
25 706
24 707
19 708
30 709
33 710
26 711
40 712
30 713
31 714
32 715
32 716
47 717
33 718
40 719
37 720
41 721
38 722
38 723
41 724
42 725
42 726
49 727
41 728
52 729
45 730
43 731
44 732
34 733
51 734
45 735
43 736
37 737
43 738
42 739
46 740
52 741
49 742
44 743
31 744
44 745
62 746
45 747
55 748
39 749
50 750
43 751
52 752
65 753
53 754
53 755
66 756
64 757
44 758
56 759
45 760
55 761
48 762
51 763
51 764
27 765
46 766
42 767
35 768
33 769
35 770
22 771
38 772
35 773
40 774
34 775
38 776
28 777
25 778
33 779
35 780
32 781
22 782
50 783
40 784
34 785
41 786
38 787
39 788
47 789
45 790
38 791
47 792
59 793
46 794
60 795
49 796
68 797
60 798
69 799
78 800
74 801
69 802
97 803
100 804
94 805
99 806
134 807
134 808
165 809
155 810
159 811
179 812
172 813
197 814
203 815
247 816
228 817
258 818
296 819
297 820
305 821
341 822
370 823
370 824
396 825
394 826
383 827
393 828
392 829
352 830
405 831
366 832
355 833
319 834
335 835
309 836
265 837
278 838
266 839
224 840
203 841
195 842
167 843
178 844
139 845
135 846
144 847
118 848
108 849
128 850
123 851
114 852
118 853
119 854
121 855
124 856
122 857
120 858
116 859
118 860
118 861
134 862
127 863
120 864
124 865
108 866
123 867
116 868
100 869
82 870
108 871
109 872
83 873
83 874
56 875
69 876
56 877
44 878
48 879
46 880
39 881
23 882
37 883
23 884
17 885
25 886
14 887
12 888
13 889
17 890
10 891
9 892
8 893
10 894
7 895
5 896
10 897
3 898
3 899
11 900
6 901
2 902
6 903
6 904
5 905
11 906
12 907
4 908
8 909
7 910
5 911
3 912
8 913
12 914
8 915
6 916
8 917
9 918
7 919
4 920
4 921
3 922
10 923
10 924
8 925
6 926
6 927
8 928
9 929
9 930
9 931
7 932
13 933
7 934
6 935
10 936
10 937
9 938
12 939
11 940
10 941
12 942
19 943
9 944
17 945
10 946
11 947
14 948
15 949
16 950
10 951
17 952
16 953
10 954
21 955
18 956
22 957
19 958
22 959
14 960
13 961
20 962
9 963
20 964
21 965
31 966
19 967
17 968
20 969
19 970
16 971
19 972
15 973
12 974
19 975
16 976
17 977
15 978
12 979
17 980
17 981
15 982
15 983
8 984
14 985
9 986
10 987
8 988
9 989
13 990
8 991
17 992
5 993
10 994
11 995
5 996
9 997
11 998
5 999
12 1000
2 1001
5 1002
8 1003
8 1004
9 1005
10 1006
12 1007
13 1008
13 1009
10 1010
15 1011
14 1012
23 1013
23 1014
21 1015
27 1016
27 1017
23 1018
30 1019
18 1020
34 1021
30 1022
27 1023
29 1024
36 1025
26 1026
25 1027
32 1028
42 1029
39 1030
31 1031
20 1032
28 1033
26 1034
24 1035
34 1036
20 1037
22 1038
24 1039
19 1040
11 1041
9 1042
13 1043
18 1044
22 1045
15 1046
17 1047
17 1048
9 1049
9 1050
10 1051
18 1052
16 1053
18 1054
11 1055
16 1056
23 1057
18 1058
11 1059
18 1060
21 1061
21 1062
11 1063
17 1064
13 1065
17 1066
12 1067
15 1068
27 1069
15 1070
11 1071
25 1072
21 1073
23 1074
21 1075
20 1076
25 1077
20 1078
30 1079
26 1080
31 1081
30 1082
26 1083
27 1084
25 1085
24 1086
36 1087
28 1088
38 1089
40 1090
33 1091
38 1092
43 1093
34 1094
34 1095
18 1096
34 1097
31 1098
33 1099
37 1100
33 1101
29 1102
53 1103
25 1104
29 1105
38 1106
27 1107
35 1108
30 1109
28 1110
25 1111
23 1112
23 1113
22 1114
35 1115
21 1116
34 1117
33 1118
27 1119
28 1120
35 1121
23 1122
36 1123
28 1124
30 1125
32 1126
24 1127
22 1128
24 1129
22 1130
18 1131
17 1132
19 1133
21 1134
21 1135
7 1136
10 1137
5 1138
12 1139
7 1140
9 1141
6 1142
8 1143
4 1144
4 1145
6 1146
6 1147
3 1148
4 1149
5 1150
5 1151
2 1152
1 1153
4 1154
2 1155
2 1156
3 1157
3 1158
4 1159
3 1160
1 1161
1 1162
3 1163
3 1165
1 1167
4 1169
1 1170
2 1171
1 1172
2 1173
1 1174
2 1177
1 1178
1 1181
1 1182
1 1183
1 1184
1 1186
1 1187
1 1188
2 1189
1 1190
2 1191
1 1192
1 1193
2 1195
1 1197
2 1199
2 1202
2 1203
1 1205
2 1209
2 1210
1 1211
2 1212
2 1214
2 1215
2 1216
4 1217
1 1218
4 1219
3 1220
3 1221
1 1224
1 1225
3 1226
1 1227
1 1228
3 1229
3 1230
5 1231
2 1232
3 1233
1 1234
3 1235
5 1236
2 1237
3 1238
1 1239
4 1240
1 1241
3 1242
3 1243
2 1244
2 1246
3 1247
3 1248
3 1249
3 1250
2 1251
4 1252
2 1253
1 1254
1 1255
3 1256
2 1257
3 1258
4 1259
2 1260
3 1261
2 1262
2 1263
3 1264
3 1265
3 1266
2 1267
2 1268
4 1269
3 1270
5 1271
4 1272
3 1273
2 1274
4 1276
3 1277
1 1278
2 1279
2 1280
2 1281
3 1282
1 1283
3 1284
2 1285
2 1286
2 1287
2 1288
1 1289
1 1290
3 1291
2 1292
2 1293
1 1294
4 1295
3 1296
1 1297
3 1298
1 1299
3 1300
2 1301
3 1302
1 1303
2 1304
7 1305
5 1306
4 1307
3 1308
1 1309
2 1310
3 1311
3 1312
2 1313
6 1314
3 1315
5 1316
3 1317
2 1318
1 1319
3 1320
2 1321
2 1322
2 1323
2 1324
2 1326
3 1327
7 1328
3 1329
7 1330
4 1331
7 1332
2 1333
1 1334
3 1335
5 1336
5 1337
4 1338
4 1339
8 1340
7 1341
8 1342
5 1343
8 1344
1 1345
11 1346
2 1347
2 1348
7 1349
10 1350
12 1351
10 1352
9 1353
3 1354
13 1355
13 1356
12 1357
12 1358
7 1359
10 1360
14 1361
15 1362
14 1363
18 1364
28 1365
20 1366
22 1367
14 1368
21 1369
18 1370
31 1371
18 1372
26 1373
23 1374
30 1375
31 1376
30 1377
39 1378
45 1379
33 1380
31 1381
30 1382
30 1383
43 1384
38 1385
28 1386
26 1387
28 1388
24 1389
20 1390
26 1391
31 1392
26 1393
20 1394
20 1395
24 1396
14 1397
16 1398
14 1399
10 1400
10 1401
12 1402
8 1403
7 1404
7 1405
7 1406
6 1407
5 1408
4 1409
5 1411
5 1412
5 1413
3 1415
3 1416
2 1417
3 1418
1 1419
4 1420
2 1421
1 1423
1 1424
3 1425
1 1427
1 1428
3 1429
1 1430
2 1431
2 1432
1 1434
2 1435
1 1441
1 1444
1 1445
1 1446
1 1447
1 1448
1 1451
1 1452
1 1454
2 1455
1 1456
1 1459
1 1461
1 1466
1 1467
1 1468
1 1470
2 1471
1 1477
1 1481
2 1482
2 1483
1 1489
2 1490
2 1492
1 1495
2 1500
1 1501
1 1503
1 1505
1 1506
1 1507
1 1508
3 1519
2 1520
1 1528
1 1530
1 1532
1 1535
3 1536
1 1545
1 1546
1 1548
1 1550
1 1551
1 1553
1 1557
2 1558
1 1562
1 1563
1 1564
2 1565
1 1567
1 1571
1 1572
1 1573
2 1577
2 1578
1 1579
1 1583
1 1589
2 1592
1 1594
2 1595
1 1597
1 1598
2 1599
1 1601
1 1602
2 1603
1 1604
1 1607
1 1608
3 1613
3 1616
1 1617
1 1618
1 1620
1 1625
1 1626
2 1629
1 1630
3 1632
2 1633
1 1634
2 1637
1 1638
2 1639
2 1642
1 1643
1 1644
3 1648
2 1651
1 1653
2 1654
1 1655
1 1657
1 1659
2 1662
1 1665
1 1666
1 1667
1 1668
1 1670
3 1671
1 1673
1 1674
1 1679
1 1680
1 1683
1 1684
1 1685
1 1688
1 1689
1 1690
1 1694
1 1699
1 1700
2 1701
1 1703
1 1705
1 1706
1 1708
1 1709
1 1710
2 1711
1 1713
1 1715
2 1717
2 1721
2 1730
2 1731
1 1735
1 1736
1 1737
1 1738
1 1740
1 1741
1 1742
1 1744
1 1747
1 1748
1 1749
1 1767
1 1771
1 1776
1 1777
1 1778
1 1780
1 1783
1 1784
1 1788
1 1789
1 1790
1 1791
2 1797
2 1801
1 1805
1 1806
1 1807
1 1809
2 1811
3 1812
1 1813
1 1815
1 1816
1 1817
1 1819
1 1823
2 1825
1 1828
1 1829
1 1831
1 1834
2 1835
3 1838
1 1839
2 1840
1 1842
1 1843
2 1844
1 1846
2 1847
2 1849
1 1851
1 1856
1 1858
1 1861
2 1862
1 1863
2 1864
1 1865
1 1868
1 1869
2 1870
1 1873
1 1874
1 1875
1 1877
1 1878
1 1879
2 1883
1 1886
2 1887
3 1888
1 1889
1 1893
2 1894
2 1902
4 1903
1 1909
1 1910
2 1912
3 1914
2 1916
1 1918
1 1919
1 1920
1 1921
1 1922
1 1923
2 1926
1 1927
3 1928
2 1929
2 1930
2 1932
4 1933
1 1934
2 1935
2 1936
1 1937
2 1938
1 1941
1 1942
1 1943
2 1945
5 1946
1 1947
1 1949
2 1950
1 1951
1 1952
1 1954
2 1955
4 1958
1 1960
1 1961
3 1962
1 1964
1 1965
1 1966
3 1968
3 1971
1 1974
3 1975
1 1976
1 1977
3 1979
1 1980
4 1981
1 1983
1 1984
1 1985
3 1989
1 1990
2 1991
1 1992
3 1993
1 1995
3 1996
1 1997
1 1998
4 1999
3 2000
1 2001
2 2002
1 2003
2 2005
1 2006
2 2008
1 2009
1 2010
3 2011
4 2012
5 2013
3 2014
2 2015
3 2016
5 2017
4 2018
2 2019
1 2020
5 2021
3 2022
5 2024
5 2025
2 2026
5 2027
1 2028
2 2029
4 2031
3 2032
4 2033
1 2034
3 2035
1 2036
3 2037
3 2038
3 2039
2 2040
2 2041
3 2042
2 2043
3 2044
4 2045
1 2046
2 2049
1 2050
3 2052
2 2053
2 2057
1 2058
1 2059
1 2060
1 2061
1 2062
2 2063
2 2065
2 2066
2 2067
2 2068
1 2069
3 2071
1 2072
1 2076
1 2080
2 2081
2 2082
1 2084
3 2085
3 2086
3 2087
2 2088
1 2091
2 2094
1 2095
1 2098
4 2099
1 2100
3 2102
2 2103
1 2105
4 2109
1 2110
1 2115
2 2117
1 2118
2 2119
1 2120
5 2122
3 2123
2 2124
2 2125
1 2126
1 2127
2 2128
3 2129
1 2130
2 2131
3 2132
1 2133
3 2134
4 2135
2 2136
1 2137
5 2138
6 2139
4 2140
5 2141
3 2142
1 2143
5 2144
3 2145
1 2146
1 2147
8 2148
8 2149
3 2150
3 2151
9 2152
6 2153
4 2154
3 2155
3 2156
4 2157
4 2158
4 2159
4 2160
2 2161
2 2162
2 2163
4 2164
2 2166
2 2168
3 2169
3 2170
1 2171
6 2172
1 2173
2 2174
1 2175
2 2176
4 2177
2 2178
2 2180
1 2182
3 2183
1 2185
2 2186
1 2187
4 2188
1 2189
1 2190
2 2191
1 2192
3 2193
1 2194
1 2195
1 2197
1 2198
1 2199
1 2200
1 2202
1 2203
1 2204
1 2207
2 2209
2 2210
1 2211
1 2213
1 2214
1 2216
2 2218
3 2219
1 2221
1 2222
2 2227
1 2231
2 2232
1 2233
1 2236
1 2237
2 2244
2 2245
2 2249
1 2250
2 2253
1 2255
3 2257
3 2259
3 2260
2 2261
2 2262
1 2265
3 2266
1 2268
1 2269
2 2270
1 2271
1 2272
2 2273
2 2274
1 2275
2 2276
3 2278
1 2279
3 2280
3 2281
4 2282
1 2283
1 2284
1 2285
2 2286
1 2287
3 2288
2 2289
1 2290
1 2291
2 2292
2 2293
4 2294
2 2295
1 2297
2 2298
1 2299
4 2300
1 2301
4 2302
2 2303
1 2305
1 2306
1 2307
1 2308
1 2309
5 2310
3 2312
1 2313
3 2314
1 2315
1 2316
2 2317
2 2318
1 2319
5 2320
2 2321
2 2322
2 2323
1 2324
2 2325
3 2326
1 2327
4 2328
3 2329
5 2330
2 2331
2 2332
2 2333
4 2335
5 2336
1 2337
1 2338
2 2339
2 2340
4 2342
1 2343
1 2344
3 2345
3 2346
3 2347
1 2348
1 2349
3 2350
2 2351
4 2353
2 2354
2 2355
2 2356
4 2357
9 2358
3 2360
3 2361
5 2362
2 2363
3 2364
2 2365
5 2367
3 2369
3 2370
2 2372
5 2373
3 2374
2 2375
1 2376
3 2377
2 2378
2 2379
4 2380
3 2381
3 2382
1 2383
4 2384
7 2385
4 2386
2 2387
6 2388
6 2389
6 2390
8 2391
1 2392
3 2393
4 2394
5 2395
5 2396
8 2397
5 2398
5 2399
8 2400
5 2401
3 2402
4 2403
3 2404
2 2405
5 2406
1 2407
6 2408
4 2409
3 2410
5 2411
6 2412
9 2413
4 2414
7 2415
4 2416
3 2417
6 2418
7 2419
1 2420
10 2421
6 2422
7 2423
11 2424
5 2425
3 2426
4 2427
2 2428
5 2429
8 2430
11 2431
5 2432
10 2433
5 2434
13 2435
8 2436
3 2437
2 2438
6 2439
4 2440
5 2441
4 2442
2 2443
7 2444
4 2445
3 2446
2 2447
3 2448
3 2449
1 2450
7 2451
5 2452
5 2453
3 2454
2 2455
4 2456
3 2457
6 2458
7 2459
7 2460
6 2461
2 2462
6 2463
7 2464
4 2465
5 2466
9 2467
9 2468
8 2469
9 2470
10 2471
6 2472
8 2473
10 2474
18 2475
8 2476
8 2477
9 2478
7 2479
12 2480
16 2481
19 2482
11 2483
12 2484
8 2485
4 2486
8 2487
6 2488
16 2489
11 2490
12 2491
9 2492
17 2493
11 2494
15 2495
14 2496
10 2497
11 2498
11 2499
18 2500
5 2501
9 2502
13 2503
10 2504
12 2505
11 2506
8 2507
9 2508
9 2509
6 2510
11 2511
7 2512
10 2513
5 2514
1 2515
10 2516
7 2517
8 2518
4 2519
6 2520
8 2521
2 2522
2 2523
2 2524
5 2525
4 2526
3 2527
5 2528
1 2529
3 2530
3 2531
2 2532
1 2533
2 2534
3 2535
3 2536
5 2537
2 2538
1 2539
2 2540
1 2542
3 2544
1 2545
2 2547
1 2548
3 2549
2 2556
4 2557
1 2558
1 2560
2 2562
1 2563
1 2565
1 2566
1 2568
2 2569
1 2571
1 2573
1 2575
1 2577
1 2578
2 2579
1 2580
1 2581
1 2582
1 2585
3 2587
1 2590
1 2592
1 2593
1 2596
2 2597
1 2598
1 2600
2 2603
2 2604
3 2605
3 2607
1 2608
2 2610
2 2611
1 2614
1 2616
1 2617
2 2618
2 2625
1 2626
2 2627
1 2628
2 2629
1 2632
1 2633
1 2634
2 2635
1 2637
1 2639
2 2641
1 2645
1 2646
3 2647
1 2648
2 2649
1 2650
2 2653
2 2657
1 2660
1 2662
1 2666
1 2668
1 2669
1 2673
1 2677
2 2678
3 2680
1 2681
1 2683
2 2684
1 2686
1 2687
1 2688
3 2689
2 2690
1 2691
1 2692
2 2694
1 2695
2 2696
1 2697
1 2698
3 2699
1 2700
2 2701
1 2703
1 2704
1 2705
2 2706
4 2707
3 2708
1 2709
1 2710
3 2711
2 2712
3 2713
3 2714
5 2715
1 2716
5 2717
7 2719
4 2720
2 2721
4 2722
4 2723
2 2724
3 2725
6 2726
5 2727
1 2728
5 2729
2 2731
1 2732
2 2733
4 2734
1 2735
3 2737
1 2738
2 2740
3 2741
1 2742
1 2743
2 2744
4 2745
2 2746
2 2747
2 2748
2 2749
1 2750
1 2751
1 2754
1 2755
1 2757
1 2758
1 2763
1 2772
1 2773
1 2774
2 2776
2 2777
1 2780
1 2781
1 2782
2 2784
1 2786
1 2787
2 2790
2 2791
1 2792
1 2793
1 2794
1 2796
1 2799
1 2801
1 2802
1 2810
1 2811
2 2812
1 2815
1 2817
1 2819
1 2820
1 2822
1 2824
1 2825
3 2826
1 2828
1 2830
1 2831
1 2833
1 2834
1 2836
1 2839
2 2843
1 2846
1 2850
2 2855
2 2856
1 2863
1 2877
1 2886
1 2888
1 2891
1 2892
1 2906
1 2908
1 2917
1 2920
1 2935
1 2950
1 2959
1 2960
1 2974
1 2982
1 2993
1 2998
1 3007
1 3008
1 3020
1 3028
1 3033
1 3037
1 3060
3 3061
1 3064
1 3065
1 3067
1 3069
1 3073
2 3074
1 3080
1 3081
2 3082
1 3083
1 3087
1 3095
1 3096
1 3100
1 3101
1 3104
1 3105
1 3109
1 3110
2 3113
2 3117
1 3118
2 3120
1 3121
1 3122
1 3123
3 3124
1 3126
1 3128
1 3129
1 3130
2 3131
2 3132
1 3136
2 3138
1 3139
4 3140
3 3141
1 3143
1 3144
1 3145
1 3147
1 3149
1 3150
1 3151
1 3154
1 3157
2 3162
1 3164
1 3165
2 3166
1 3168
1 3172
1 3173
1 3174
1 3176
1 3184
1 3187
1 3191
2 3194
1 3197
2 3200
2 3204
1 3213
1 3253
1 3303
1 3314
1 3318
1 3347
1 3351
1 3366
1 3387
1 3394
1 3398
1 3406
1 3432
1 3484
1 3485
1 3507
1 3508
1 3633
1 3679
1 3781
1 3790
1 3858
1 3912
1 4195
1 4230
1 4386
1 4419
1 4493
1 4950
1 5495
1 5542
1 6094
