2 1
1 4
1 11
2 12
1 15
1 16
1 17
2 18
1 19
3 23
3 25
1 29
1 33
3 34
3 35
1 39
1 40
1 41
1 43
1 48
1 49
1 53
1 56
2 57
3 58
1 59
2 60
1 64
1 65
3 66
1 67
2 68
2 70
3 71
2 73
3 74
1 76
2 77
1 78
2 79
1 80
1 81
3 82
1 83
2 84
1 85
2 86
3 87
1 90
2 92
1 93
3 94
3 95
2 96
3 97
4 98
1 99
5 100
1 101
1 102
3 103
3 104
2 105
3 106
4 107
1 108
2 109
2 110
2 111
1 112
2 113
1 114
2 115
3 116
1 117
3 118
2 121
4 122
3 124
4 125
1 126
5 127
1 128
4 129
2 130
3 131
4 132
3 133
3 135
1 136
1 137
1 138
1 139
1 140
5 141
2 142
3 143
2 144
3 146
4 147
2 148
6 149
2 150
2 151
5 152
2 153
3 154
6 155
3 156
7 157
4 158
2 159
6 160
5 161
9 162
5 163
6 164
1 165
3 166
3 167
6 168
2 169
2 170
3 171
1 172
3 173
1 174
4 175
2 176
6 177
2 178
1 179
1 180
1 181
3 182
3 183
3 184
4 185
5 186
7 187
7 188
7 189
6 190
16 191
13 192
16 193
15 194
25 195
24 196
32 197
24 198
25 199
23 200
18 201
18 202
16 203
9 204
7 205
6 206
9 207
8 208
7 209
7 210
7 211
4 212
4 213
8 215
2 216
2 217
5 218
2 219
5 220
5 221
5 222
6 223
6 224
5 225
3 226
3 227
3 228
1 229
3 230
5 231
3 232
3 233
5 234
8 235
2 236
8 237
9 238
8 239
7 240
4 241
2 242
4 243
5 244
5 245
4 246
9 247
5 248
10 249
9 250
9 251
5 252
7 253
10 254
5 255
10 256
7 257
10 258
9 259
7 260
8 261
4 262
5 263
7 264
9 265
7 266
9 267
8 268
6 269
3 270
14 271
5 272
5 273
3 274
10 275
7 276
9 277
10 278
10 279
12 280
15 281
7 282
13 283
12 284
12 285
14 286
11 287
23 288
12 289
13 290
19 291
16 292
24 293
28 294
26 295
28 296
36 297
26 298
41 299
39 300
51 301
42 302
39 303
46 304
51 305
45 306
40 307
36 308
41 309
32 310
27 311
36 312
34 313
26 314
26 315
21 316
21 317
25 318
20 319
26 320
22 321
31 322
30 323
41 324
41 325
31 326
44 327
36 328
38 329
37 330
33 331
24 332
33 333
31 334
24 335
30 336
19 337
15 338
7 339
22 340
21 341
22 342
14 343
19 344
18 345
19 346
25 347
27 348
19 349
31 350
32 351
24 352
24 353
30 354
26 355
24 356
22 357
17 358
24 359
23 360
17 361
25 362
22 363
25 364
22 365
31 366
25 367
26 368
26 369
18 370
34 371
25 372
25 373
30 374
39 375
22 376
38 377
24 378
19 379
24 380
34 381
29 382
27 383
20 384
20 385
23 386
21 387
18 388
16 389
18 390
13 391
16 392
18 393
20 394
24 395
20 396
14 397
15 398
12 399
21 400
22 401
31 402
22 403
19 404
27 405
35 406
32 407
28 408
22 409
49 410
39 411
44 412
39 413
36 414
45 415
51 416
51 417
61 418
57 419
53 420
70 421
79 422
102 423
103 424
128 425
137 426
120 427
151 428
163 429
210 430
216 431
232 432
261 433
286 434
286 435
273 436
298 437
286 438
288 439
272 440
249 441
227 442
213 443
187 444
147 445
156 446
133 447
103 448
87 449
69 450
64 451
57 452
63 453
53 454
56 455
59 456
63 457
56 458
65 459
68 460
67 461
60 462
64 463
59 464
60 465
59 466
64 467
43 468
60 469
40 470
43 471
43 472
47 473
23 474
41 475
29 476
17 477
28 478
25 479
20 480
27 481
15 482
13 483
19 484
15 485
16 486
21 487
23 488
20 489
27 490
17 491
17 492
27 493
24 494
27 495
28 496
28 497
35 498
24 499
32 500
36 501
32 502
27 503
51 504
45 505
47 506
50 507
68 508
69 509
58 510
64 511
76 512
75 513
79 514
79 515
71 516
70 517
95 518
83 519
83 520
78 521
80 522
70 523
56 524
63 525
69 526
48 527
52 528
58 529
47 530
45 531
56 532
46 533
47 534
12 535
31 536
27 537
21 538
22 539
12 540
17 541
12 542
10 543
6 544
4 545
8 546
12 547
11 548
8 549
6 550
5 551
8 552
5 553
5 554
4 555
7 556
5 557
4 558
6 559
3 560
3 561
3 562
7 563
1 564
3 565
5 566
4 567
4 568
2 569
3 570
9 571
2 572
3 573
5 574
2 575
1 576
8 577
1 578
5 579
7 580
6 581
5 582
4 583
6 584
10 585
7 586
6 587
3 588
5 589
3 590
10 591
8 592
13 593
10 594
6 595
6 596
8 597
8 598
6 599
12 600
8 601
15 602
10 603
8 604
12 605
7 606
14 607
13 608
13 609
11 610
10 611
8 612
7 613
6 614
12 615
6 616
6 617
5 618
11 619
4 620
4 621
2 622
6 623
2 624
9 625
1 626
4 627
3 628
7 629
3 630
5 631
5 632
8 633
9 634
4 635
4 636
2 637
4 638
6 639
8 640
7 641
8 642
7 643
13 644
4 645
10 646
15 647
11 648
14 649
13 650
11 651
16 652
18 653
19 654
19 655
17 656
29 657
22 658
24 659
24 660
19 661
16 662
22 663
29 664
21 665
25 666
28 667
27 668
23 669
32 670
17 671
14 672
20 673
12 674
19 675
22 676
11 677
12 678
13 679
13 680
11 681
9 682
9 683
9 684
8 685
12 686
8 687
10 688
13 689
14 690
14 691
7 692
7 693
6 694
13 695
6 696
4 697
8 698
6 699
10 700
5 701
7 702
10 703
7 704
11 705
3 706
4 707
5 708
7 709
2 710
3 711
4 712
7 713
6 714
2 715
5 716
3 717
9 718
6 719
3 720
1 721
13 722
7 723
3 724
5 725
3 726
4 727
4 728
8 729
5 730
1 731
5 732
4 733
6 734
6 735
4 736
4 737
6 738
6 739
5 740
7 741
4 742
12 743
8 744
6 745
7 746
5 747
4 748
8 749
5 750
9 751
9 752
4 753
2 754
8 755
13 756
9 757
3 758
7 759
4 760
9 761
3 762
6 763
7 764
4 765
10 766
2 767
7 768
8 769
6 770
8 771
5 772
11 773
4 774
6 775
6 776
1 777
8 778
7 779
10 780
8 781
11 782
5 783
8 784
3 785
7 786
8 787
10 788
3 789
13 790
11 791
14 792
12 793
13 794
10 795
7 796
7 797
6 798
3 799
12 800
6 801
3 802
8 803
5 804
6 805
7 806
5 807
9 808
1 809
4 810
3 811
3 812
1 813
2 814
6 815
9 816
13 817
10 818
10 819
5 820
7 821
9 822
7 823
7 824
11 825
12 826
5 827
16 828
12 829
7 830
10 831
15 832
7 833
14 834
20 835
10 836
18 837
10 838
11 839
12 840
17 841
20 842
9 843
16 844
19 845
19 846
16 847
20 848
16 849
18 850
17 851
26 852
25 853
23 854
18 855
22 856
25 857
22 858
26 859
22 860
35 861
32 862
22 863
32 864
26 865
22 866
24 867
23 868
26 869
27 870
14 871
18 872
30 873
27 874
20 875
16 876
20 877
16 878
19 879
12 880
14 881
21 882
13 883
18 884
26 885
15 886
25 887
23 888
19 889
19 890
19 891
25 892
25 893
30 894
23 895
33 896
35 897
26 898
45 899
45 900
39 901
34 902
43 903
41 904
42 905
35 906
32 907
25 908
25 909
24 910
27 911
24 912
23 913
19 914
13 915
12 916
17 917
6 918
13 919
8 920
13 921
11 922
1 923
4 924
8 925
7 926
6 927
7 928
3 929
6 930
3 931
4 932
4 933
2 934
3 935
1 936
1 937
1 938
4 939
2 940
2 941
1 942
2 943
3 944
1 946
3 947
3 948
2 950
1 952
1 954
1 955
1 957
1 959
2 960
3 961
1 962
4 963
1 964
2 965
1 967
1 968
5 969
1 970
1 971
2 972
2 975
1 978
3 980
1 981
1 983
1 984
2 986
3 990
1 992
1 994
1 995
1 997
2 998
1 999
1 1002
1 1006
1 1007
1 1008
2 1011
2 1012
1 1014
2 1017
2 1019
1 1022
1 1023
1 1027
1 1031
1 1033
2 1035
2 1037
1 1038
2 1039
1 1040
2 1042
3 1043
3 1045
1 1047
1 1048
2 1050
1 1052
2 1053
2 1055
5 1056
2 1057
1 1058
1 1060
3 1062
4 1063
1 1064
2 1065
2 1066
1 1067
1 1068
1 1070
1 1071
1 1072
2 1073
2 1074
1 1075
1 1077
3 1083
2 1085
4 1086
3 1087
1 1089
2 1090
1 1093
1 1094
1 1095
2 1097
1 1098
1 1099
2 1100
3 1101
2 1103
2 1104
1 1105
1 1106
1 1107
2 1108
4 1109
2 1110
3 1111
2 1112
3 1114
4 1115
3 1116
3 1118
1 1119
2 1121
2 1122
1 1123
3 1124
1 1125
3 1126
3 1128
2 1129
1 1130
2 1131
1 1132
2 1133
1 1135
1 1139
3 1140
1 1141
1 1142
1 1143
1 1144
1 1146
1 1148
3 1149
2 1150
1 1151
1 1152
3 1153
1 1154
2 1155
1 1156
2 1157
1 1158
1 1159
1 1160
1 1161
4 1162
3 1163
3 1164
2 1165
2 1166
2 1167
4 1168
5 1169
3 1171
11 1172
4 1173
5 1174
5 1175
10 1176
7 1177
4 1178
9 1179
10 1180
7 1181
4 1182
13 1183
11 1184
6 1185
8 1186
9 1187
4 1188
12 1189
11 1190
8 1191
11 1192
7 1193
10 1194
8 1195
6 1196
10 1197
10 1198
8 1199
6 1200
5 1201
5 1202
7 1203
7 1204
7 1205
7 1206
2 1207
2 1208
3 1209
4 1210
2 1211
4 1212
5 1213
1 1214
3 1215
4 1216
1 1217
2 1218
7 1219
3 1220
7 1221
2 1222
3 1223
1 1224
1 1225
3 1227
4 1228
1 1229
5 1230
1 1233
3 1235
3 1236
1 1237
1 1238
2 1239
2 1240
3 1242
1 1243
2 1244
2 1245
2 1246
1 1247
1 1248
1 1249
3 1250
4 1251
1 1252
2 1253
1 1254
5 1255
3 1256
2 1257
1 1258
8 1259
6 1260
4 1261
2 1262
8 1263
3 1264
4 1265
5 1266
5 1267
10 1268
7 1269
5 1270
5 1271
3 1272
8 1273
7 1274
3 1275
6 1276
12 1277
9 1278
10 1279
8 1280
10 1281
9 1282
9 1283
17 1284
12 1285
16 1286
21 1287
20 1288
21 1289
16 1290
17 1291
11 1292
17 1293
26 1294
11 1295
20 1296
16 1297
10 1298
18 1299
12 1300
19 1301
19 1302
11 1303
12 1304
8 1305
19 1306
10 1307
13 1308
8 1309
10 1310
7 1311
10 1312
7 1313
6 1314
11 1315
8 1316
5 1317
6 1318
3 1319
6 1320
2 1321
3 1322
4 1323
4 1324
11 1325
5 1326
9 1327
5 1328
4 1329
5 1330
4 1331
5 1332
5 1333
5 1334
1 1335
3 1336
4 1337
3 1338
6 1339
4 1341
2 1342
3 1343
3 1344
2 1346
3 1347
2 1349
2 1350
2 1351
1 1352
4 1353
2 1355
2 1356
3 1357
1 1358
3 1360
1 1361
2 1362
2 1363
2 1364
2 1365
2 1366
3 1368
2 1370
2 1371
4 1372
2 1373
1 1374
5 1375
4 1376
3 1378
4 1379
6 1380
2 1381
4 1382
3 1383
2 1384
4 1385
2 1386
1 1387
6 1388
3 1389
4 1390
1 1391
3 1393
1 1395
3 1396
1 1398
1 1400
1 1402
2 1403
4 1404
1 1406
1 1407
1 1408
1 1409
1 1410
1 1411
1 1412
2 1413
3 1414
3 1415
2 1416
1 1418
3 1419
2 1421
3 1423
3 1426
3 1427
1 1428
3 1429
2 1430
2 1431
2 1432
2 1434
5 1436
2 1437
1 1438
2 1439
2 1440
1 1441
1 1442
1 1443
2 1445
2 1446
1 1447
3 1449
2 1450
4 1451
4 1452
1 1453
5 1457
1 1458
2 1459
3 1460
2 1461
3 1462
3 1463
3 1464
2 1466
3 1467
4 1468
4 1469
1 1470
1 1471
3 1472
6 1473
2 1475
2 1476
1 1477
7 1478
4 1479
3 1481
3 1482
1 1483
2 1484
3 1485
6 1486
3 1487
2 1488
4 1489
3 1490
2 1491
3 1492
2 1493
3 1494
6 1495
1 1496
3 1497
3 1498
1 1499
3 1500
2 1501
2 1502
1 1504
2 1505
1 1506
2 1507
2 1508
2 1509
2 1511
3 1512
5 1513
4 1514
2 1515
10 1516
3 1517
4 1518
3 1519
7 1520
5 1521
6 1522
3 1523
9 1524
3 1525
9 1526
9 1527
11 1528
9 1529
8 1530
8 1531
7 1532
5 1533
8 1534
9 1535
9 1536
6 1537
8 1538
11 1539
8 1540
6 1541
10 1542
10 1543
6 1544
9 1545
10 1546
7 1547
3 1548
8 1549
6 1550
8 1551
11 1552
7 1553
3 1554
4 1555
9 1556
13 1557
10 1558
2 1559
7 1560
2 1561
4 1562
8 1563
3 1564
8 1565
5 1567
2 1568
1 1569
4 1571
6 1572
2 1573
3 1574
3 1575
3 1576
2 1577
2 1578
4 1579
3 1580
2 1581
3 1582
3 1583
1 1584
2 1585
3 1586
2 1587
1 1588
2 1589
2 1592
4 1593
1 1594
1 1595
1 1598
2 1600
2 1602
5 1603
3 1604
1 1605
1 1607
1 1610
1 1611
2 1612
1 1613
1 1614
4 1615
1 1616
2 1617
2 1618
2 1620
1 1621
3 1622
1 1623
3 1624
3 1625
1 1626
7 1627
4 1628
2 1629
5 1630
3 1631
4 1632
3 1633
4 1634
2 1635
3 1636
8 1637
3 1638
1 1639
9 1640
4 1641
6 1642
3 1643
7 1644
6 1645
1 1646
5 1647
7 1648
7 1649
4 1650
1 1651
3 1652
2 1653
3 1654
4 1655
2 1656
2 1657
2 1658
2 1659
1 1660
1 1661
3 1662
3 1663
3 1664
3 1665
1 1666
1 1667
1 1668
2 1669
1 1670
1 1671
1 1672
2 1675
1 1676
2 1677
2 1678
2 1679
2 1680
1 1681
1 1682
1 1683
1 1684
1 1686
1 1687
1 1688
1 1690
1 1691
1 1692
1 1694
1 1696
1 1697
1 1698
1 1700
1 1701
2 1702
1 1703
1 1704
1 1705
3 1707
3 1710
1 1711
3 1712
1 1714
2 1717
4 1718
2 1720
2 1721
2 1722
2 1723
2 1724
3 1725
1 1726
5 1727
1 1728
3 1729
2 1730
1 1731
2 1732
2 1735
2 1738
1 1739
4 1740
1 1742
2 1744
1 1745
3 1746
1 1747
2 1749
2 1750
2 1751
3 1752
2 1753
4 1754
2 1755
1 1756
1 1757
2 1758
3 1759
2 1760
4 1761
2 1762
4 1763
8 1764
5 1765
8 1766
2 1767
1 1768
7 1769
3 1770
9 1771
3 1772
2 1773
6 1774
7 1775
8 1776
3 1777
4 1778
6 1779
5 1780
4 1781
4 1782
5 1783
7 1784
5 1785
6 1786
6 1787
8 1788
6 1789
4 1790
5 1791
4 1792
3 1793
2 1794
2 1795
5 1796
3 1797
4 1798
5 1799
6 1800
5 1801
4 1802
5 1803
6 1805
3 1806
4 1807
2 1808
1 1809
1 1810
2 1811
1 1813
1 1814
1 1815
4 1816
4 1817
1 1819
1 1820
2 1821
3 1822
5 1823
1 1826
1 1827
1 1828
3 1829
3 1830
1 1831
1 1833
1 1834
3 1835
3 1836
1 1838
3 1839
1 1840
4 1841
2 1842
2 1843
1 1844
2 1845
1 1846
1 1847
2 1848
6 1849
3 1850
3 1851
2 1852
8 1853
2 1854
2 1855
3 1856
6 1857
3 1858
2 1859
4 1860
2 1861
5 1862
4 1863
2 1864
5 1865
6 1866
5 1867
9 1868
8 1869
7 1870
3 1871
5 1872
6 1873
6 1874
3 1875
2 1876
4 1877
8 1878
8 1879
5 1880
2 1881
10 1882
8 1883
4 1884
7 1885
4 1886
4 1887
7 1888
7 1889
5 1890
4 1891
7 1892
4 1893
3 1894
3 1895
4 1896
5 1897
2 1898
3 1899
3 1900
12 1901
2 1902
4 1903
4 1904
5 1905
3 1906
3 1907
3 1908
2 1909
2 1910
6 1911
2 1912
1 1913
2 1914
6 1915
3 1916
4 1917
3 1918
1 1919
2 1920
1 1921
1 1923
1 1924
2 1925
1 1926
2 1927
4 1929
3 1930
2 1931
1 1932
1 1933
3 1935
1 1936
5 1937
1 1939
2 1941
1 1942
1 1943
2 1944
2 1946
2 1947
3 1948
2 1949
1 1950
2 1951
5 1952
3 1953
1 1954
2 1955
4 1956
2 1957
1 1958
1 1959
1 1960
2 1961
2 1962
2 1963
4 1964
2 1965
1 1966
1 1967
3 1968
2 1969
1 1970
3 1972
2 1973
1 1974
3 1975
2 1976
4 1977
2 1978
1 1979
1 1981
1 1982
1 1983
2 1984
2 1985
2 1987
1 1989
1 1990
1 1991
1 1992
3 1994
2 1998
1 1999
1 2001
1 2002
1 2003
1 2004
1 2006
1 2008
1 2013
2 2014
1 2015
1 2016
1 2018
2 2023
1 2025
1 2034
1 2036
1 2041
2 2042
1 2049
1 2051
1 2054
1 2056
1 2058
2 2062
1 2063
2 2064
1 2069
1 2070
1 2076
1 2077
2 2081
1 2082
1 2083
1 2087
1 2088
1 2089
1 2090
1 2092
1 2096
1 2103
1 2105
1 2108
2 2109
1 2111
1 2113
1 2115
3 2118
1 2120
1 2121
1 2123
1 2125
1 2126
1 2131
1 2137
2 2139
1 2142
2 2144
1 2147
1 2150
1 2152
2 2153
1 2156
2 2159
1 2160
1 2162
1 2163
1 2164
1 2166
1 2167
2 2169
1 2171
2 2172
1 2174
1 2176
1 2179
2 2181
2 2182
2 2185
1 2186
1 2187
1 2189
1 2190
1 2191
1 2194
2 2195
1 2197
2 2198
2 2200
1 2201
1 2203
1 2204
1 2206
4 2207
1 2208
3 2210
3 2211
2 2212
2 2213
2 2214
2 2215
1 2217
3 2218
2 2219
1 2220
1 2221
4 2222
1 2223
2 2224
1 2225
3 2227
2 2228
2 2230
2 2231
1 2232
5 2233
2 2235
2 2236
2 2237
2 2238
3 2240
1 2241
3 2242
1 2243
1 2244
1 2245
2 2246
1 2247
1 2248
2 2250
1 2251
1 2252
1 2253
4 2255
5 2256
2 2257
4 2258
3 2259
1 2260
2 2261
5 2263
2 2264
3 2265
6 2266
2 2267
1 2268
1 2270
2 2271
2 2273
3 2274
3 2275
3 2276
2 2277
7 2278
2 2279
5 2280
3 2281
4 2282
2 2283
2 2284
5 2285
3 2286
2 2287
6 2288
7 2289
3 2290
6 2291
3 2292
1 2293
4 2294
4 2295
7 2296
4 2297
2 2298
6 2299
5 2300
3 2301
1 2302
9 2303
2 2304
3 2305
6 2306
5 2307
6 2308
4 2309
7 2310
2 2311
6 2312
2 2313
5 2314
2 2315
4 2316
2 2317
4 2318
8 2319
5 2320
7 2321
5 2322
6 2323
3 2324
5 2325
7 2326
5 2327
3 2328
4 2329
5 2330
6 2331
4 2332
6 2333
4 2334
2 2335
1 2336
3 2337
3 2338
8 2339
4 2340
6 2341
5 2342
5 2343
2 2344
1 2345
4 2346
7 2347
2 2348
1 2349
8 2350
3 2351
6 2352
7 2353
4 2354
4 2355
5 2356
2 2357
7 2358
6 2359
6 2360
6 2361
5 2362
9 2363
7 2364
12 2365
9 2366
6 2367
4 2368
9 2369
9 2370
11 2371
13 2372
9 2373
6 2374
9 2375
10 2376
6 2377
11 2378
13 2379
15 2380
10 2381
13 2382
9 2383
10 2384
10 2385
21 2386
14 2387
7 2388
10 2389
16 2390
11 2391
8 2392
14 2393
15 2394
13 2395
14 2396
22 2397
18 2398
22 2399
12 2400
17 2401
22 2402
19 2403
16 2404
15 2405
20 2406
14 2407
15 2408
20 2409
21 2410
19 2411
21 2412
11 2413
14 2414
14 2415
17 2416
9 2417
12 2418
14 2419
9 2420
12 2421
4 2422
11 2423
9 2424
7 2425
9 2426
7 2427
7 2428
5 2429
9 2430
2 2431
6 2432
6 2433
8 2434
5 2436
5 2437
2 2438
3 2439
6 2440
2 2442
2 2443
2 2446
3 2447
2 2448
1 2449
1 2450
2 2451
1 2453
2 2454
2 2455
1 2456
1 2459
2 2461
3 2465
1 2467
1 2470
2 2471
1 2474
1 2476
1 2477
1 2479
2 2482
2 2484
2 2485
1 2487
1 2488
1 2491
1 2492
2 2493
1 2500
1 2504
1 2506
2 2515
2 2523
2 2524
1 2526
1 2527
1 2529
1 2530
1 2531
1 2540
1 2544
1 2548
1 2552
2 2553
1 2556
1 2561
2 2562
1 2571
1 2573
1 2576
1 2577
1 2578
2 2580
1 2586
2 2589
1 2590
1 2594
2 2601
1 2602
2 2606
1 2608
2 2611
1 2617
1 2618
1 2621
1 2625
3 2626
1 2628
1 2629
3 2630
1 2631
1 2639
1 2640
1 2642
1 2646
2 2651
2 2652
3 2654
3 2655
3 2658
1 2662
3 2663
2 2664
2 2666
1 2668
4 2669
2 2671
4 2673
1 2674
1 2675
1 2676
1 2681
1 2682
5 2683
2 2684
1 2686
2 2689
1 2690
1 2695
3 2696
3 2697
1 2698
2 2700
1 2701
3 2702
2 2703
1 2704
1 2705
2 2706
2 2708
2 2709
4 2710
1 2711
2 2712
1 2715
1 2717
2 2718
2 2719
1 2720
2 2721
2 2722
1 2724
2 2726
1 2727
2 2728
1 2734
2 2738
1 2740
1 2744
1 2745
1 2746
2 2747
1 2749
1 2750
2 2752
2 2753
1 2754
2 2755
3 2758
1 2760
2 2761
1 2762
1 2763
2 2768
1 2769
1 2770
1 2771
1 2772
1 2773
2 2774
1 2775
1 2778
1 2780
2 2781
1 2784
1 2785
2 2787
1 2788
2 2789
2 2790
2 2792
4 2793
1 2794
2 2795
2 2796
1 2798
2 2799
1 2800
2 2801
5 2802
3 2803
4 2804
1 2805
2 2806
1 2808
2 2809
2 2810
2 2811
2 2813
3 2814
3 2815
3 2816
1 2817
1 2818
1 2819
1 2820
1 2821
3 2822
4 2823
2 2824
1 2825
2 2826
1 2828
3 2829
2 2830
2 2831
3 2832
1 2833
4 2834
2 2835
3 2836
2 2837
2 2838
2 2839
4 2840
4 2841
4 2842
3 2843
3 2844
3 2845
7 2846
1 2847
2 2848
6 2849
4 2850
1 2851
4 2852
4 2853
5 2854
4 2855
1 2856
2 2857
6 2858
4 2859
2 2860
3 2861
3 2862
2 2863
2 2864
3 2865
1 2866
6 2867
1 2868
4 2869
1 2870
5 2871
4 2872
4 2873
6 2874
4 2875
3 2876
2 2878
4 2879
2 2880
3 2881
2 2882
2 2883
2 2884
2 2885
4 2886
6 2887
5 2888
6 2889
2 2890
3 2891
2 2892
8 2893
5 2894
4 2895
6 2896
8 2897
6 2898
7 2899
7 2900
6 2901
9 2902
9 2903
7 2904
9 2905
10 2906
10 2907
7 2908
5 2909
7 2910
4 2911
6 2912
4 2913
17 2914
12 2915
12 2916
4 2917
8 2918
12 2919
8 2920
17 2921
12 2922
18 2923
6 2924
10 2925
12 2926
14 2927
11 2928
14 2929
14 2930
9 2931
12 2932
16 2933
18 2934
19 2935
11 2936
11 2937
12 2938
25 2939
15 2940
18 2941
12 2942
11 2943
11 2944
11 2945
9 2946
15 2947
17 2948
19 2949
20 2950
9 2951
8 2952
13 2953
13 2954
12 2955
9 2956
9 2957
9 2958
14 2959
10 2960
11 2961
17 2962
15 2963
3 2964
4 2965
5 2966
12 2967
3 2968
5 2969
1 2970
4 2971
10 2972
8 2973
4 2974
5 2975
5 2976
1 2977
2 2978
5 2979
2 2980
2 2981
3 2982
4 2983
3 2984
2 2985
1 2986
2 2987
1 2989
1 2992
1 2996
2 2997
1 2998
1 2999
1 3000
1 3003
1 3004
1 3009
1 3010
1 3018
1 3021
2 3022
1 3023
1 3026
1 3027
1 3031
1 3036
1 3037
1 3042
1 3064
1 3082
1 3182
1 3205
1 3209
1 3220
1 3225
1 3228
1 3241
1 3243
1 3252
1 3279
1 3280
1 3291
1 3294
1 3298
1 3300
1 3318
1 3325
1 3328
1 3332
1 3333
1 3335
1 3351
1 3354
1 3406
1 3453
1 3463
1 3490
1 3531
1 3607
1 3652
1 3674
1 3685
2 3691
1 3710
1 3714
1 3715
1 3717
1 3722
1 3726
1 3731
1 3739
1 3740
1 3756
1 3758
1 3761
1 3765
1 3801
1 3811
1 3812
1 3836
1 3852
1 3861
1 3938
1 3947
1 3972
2 4001
1 4037
1 4075
1 4121
1 4129
1 4134
1 4141
1 4150
1 4156
1 4165
1 4167
1 4184
2 4187
1 4211
1 4213
1 4225
1 4226
1 4244
1 4259
1 4275
1 4287
1 4289
1 4295
1 4301
2 4310
1 4311
1 4317
2 4325
1 4332
1 4337
1 4341
1 4363
1 4365
1 4380
1 4383
1 4386
1 4397
1 4417
1 4476
1 4563
1 4636
2 4661
1 4673
1 4684
1 4706
1 4710
1 4714
1 4726
1 4788
1 4884
1 5028
1 5029
1 5042
1 5066
1 5077
1 5100
1 5118
1 5151
1 5231
1 5350
1 5495
1 5506
1 5518
1 5521
1 5541
1 5548
1 5575
1 5576
1 5602
