1 3
1 5
4 6
1 8
1 12
1 13
1 14
1 15
4 19
1 24
2 25
1 26
1 29
2 30
2 37
1 38
4 39
5 40
5 41
7 42
2 43
2 44
2 45
1 47
1 49
2 50
1 51
1 54
2 56
1 58
1 59
1 60
1 61
1 62
1 63
2 64
1 65
1 67
1 71
1 72
1 73
1 75
1 77
1 79
2 81
1 82
1 83
3 85
4 86
3 87
1 89
1 90
1 92
2 93
1 94
1 96
1 100
1 101
3 102
1 103
1 104
1 105
1 107
1 109
1 110
2 113
2 114
1 115
2 116
1 118
2 119
1 120
2 122
1 123
1 125
3 126
1 127
3 128
2 129
1 130
2 131
2 133
4 134
1 135
3 136
4 137
3 138
7 139
5 140
3 141
6 142
9 143
5 144
3 145
2 146
3 147
4 148
2 149
2 150
2 151
1 152
1 154
2 155
2 156
2 157
3 159
1 161
1 162
1 163
3 165
3 166
2 167
1 168
4 169
2 170
1 171
2 172
1 174
4 175
2 177
2 178
2 179
5 180
3 181
5 183
5 184
4 185
1 186
2 187
4 188
5 189
11 190
7 191
7 192
7 193
10 194
8 195
9 196
7 197
5 198
7 199
9 200
4 201
5 202
2 203
4 204
5 205
7 206
4 207
3 208
1 209
5 210
4 211
3 212
3 213
4 214
6 215
4 216
2 217
5 218
2 219
3 220
2 221
5 222
4 223
5 224
6 225
2 226
2 227
1 228
2 229
2 230
2 231
2 232
4 233
3 234
2 235
2 236
3 237
3 238
6 239
2 240
2 241
1 242
2 244
1 245
5 246
3 247
3 248
1 249
5 250
9 251
4 252
3 253
5 254
7 255
8 256
8 257
5 258
6 259
8 260
5 261
2 262
6 263
4 264
4 265
4 266
2 267
2 268
6 269
1 270
3 271
4 272
6 273
7 274
4 275
2 276
3 277
6 278
3 279
6 280
3 281
3 282
4 283
4 284
7 285
2 286
4 287
6 288
10 289
3 290
7 291
3 292
7 293
9 294
4 295
5 296
7 297
4 298
7 299
5 300
10 301
6 302
6 303
7 304
4 305
7 306
8 307
7 308
7 309
10 310
11 311
10 312
11 313
12 314
10 315
8 316
12 317
13 318
12 319
7 320
14 321
13 322
9 323
20 324
9 325
12 326
11 327
12 328
15 329
13 330
6 331
15 332
7 333
10 334
5 335
6 336
7 337
6 338
2 339
4 340
3 341
8 342
6 343
5 344
4 345
3 346
6 347
7 348
5 349
4 350
2 351
6 352
8 353
5 354
3 355
3 356
8 357
7 358
6 359
9 360
9 361
9 362
12 363
13 364
9 365
7 366
11 367
2 368
5 369
7 370
9 371
7 372
6 373
16 374
14 375
12 376
6 377
7 378
10 379
11 380
13 381
7 382
10 383
9 384
7 385
7 386
7 387
13 388
10 389
3 390
10 391
15 392
11 393
12 394
8 395
12 396
12 397
14 398
10 399
24 400
19 401
25 402
27 403
17 404
25 405
22 406
26 407
21 408
22 409
27 410
20 411
23 412
19 413
30 414
38 415
29 416
23 417
22 418
21 419
23 420
19 421
24 422
17 423
29 424
19 425
32 426
16 427
26 428
30 429
31 430
33 431
40 432
26 433
40 434
39 435
51 436
56 437
48 438
59 439
47 440
42 441
38 442
50 443
35 444
36 445
33 446
26 447
26 448
28 449
22 450
29 451
26 452
25 453
20 454
23 455
15 456
22 457
15 458
29 459
33 460
23 461
21 462
27 463
30 464
24 465
34 466
40 467
35 468
29 469
38 470
52 471
46 472
51 473
58 474
62 475
49 476
59 477
71 478
59 479
78 480
61 481
69 482
66 483
77 484
90 485
111 486
116 487
136 488
151 489
181 490
175 491
211 492
228 493
278 494
316 495
337 496
395 497
437 498
450 499
467 500
465 501
544 502
520 503
513 504
530 505
485 506
456 507
427 508
370 509
343 510
282 511
234 512
212 513
189 514
147 515
115 516
85 517
63 518
48 519
63 520
39 521
28 522
30 523
20 524
15 525
20 526
11 527
8 528
13 529
11 530
8 531
7 532
5 533
5 534
5 535
4 536
3 537
5 538
4 539
5 540
3 541
1 542
3 543
4 544
2 545
3 547
3 548
3 549
4 550
1 551
1 552
3 553
2 554
3 555
3 556
2 557
1 558
2 559
4 560
2 561
1 562
3 563
2 564
3 565
1 566
1 567
2 568
4 569
2 570
1 571
5 573
3 574
2 575
1 576
1 577
1 580
1 581
5 582
4 583
4 584
1 585
1 586
3 588
1 589
4 590
5 591
2 592
3 594
1 595
5 597
1 598
1 599
2 600
1 601
2 602
1 603
2 604
1 605
1 606
2 607
1 608
2 609
3 610
1 611
1 612
1 613
3 614
2 615
2 616
2 618
2 619
1 620
3 621
3 622
2 623
2 624
1 626
5 627
4 628
8 629
4 630
2 631
1 633
2 634
1 635
1 636
4 637
2 638
2 639
1 640
1 641
4 642
2 643
1 644
2 645
3 646
3 647
3 648
5 649
1 650
2 651
3 652
2 653
2 654
1 655
3 656
4 657
1 658
1 659
1 661
3 662
3 663
2 665
2 666
2 667
2 668
1 669
3 670
1 671
1 672
1 673
3 675
2 676
2 677
3 678
5 680
4 681
3 682
1 683
6 684
2 685
2 686
6 687
4 688
2 689
3 690
3 691
3 692
5 693
6 695
7 696
6 697
2 698
1 699
3 700
6 701
6 702
1 703
3 704
1 705
2 706
5 707
8 708
3 709
5 710
6 712
4 713
9 714
4 715
2 716
4 717
2 718
3 719
3 720
1 721
5 722
4 723
7 724
3 725
1 726
3 727
4 728
6 729
5 730
5 731
4 732
6 733
6 734
5 735
10 736
13 737
14 738
7 739
5 740
5 741
10 742
10 743
10 744
4 745
8 746
12 747
14 748
18 749
12 750
10 751
13 752
21 753
14 754
17 755
25 756
15 757
16 758
19 759
16 760
21 761
20 762
27 763
11 764
14 765
15 766
23 767
12 768
14 769
12 770
10 771
21 772
8 773
10 774
12 775
7 776
4 777
14 778
11 779
9 780
7 781
7 782
10 783
9 784
4 785
10 786
7 787
6 788
5 789
9 790
10 791
8 792
9 793
7 794
4 795
13 796
9 797
7 798
7 799
6 800
4 801
8 802
8 803
6 804
9 805
12 806
14 807
9 808
3 809
8 810
16 811
11 812
16 813
15 814
17 815
21 816
13 817
9 818
15 819
21 820
17 821
18 822
19 823
21 824
10 825
28 826
25 827
13 828
22 829
23 830
23 831
17 832
22 833
24 834
21 835
27 836
25 837
23 838
21 839
22 840
17 841
13 842
16 843
16 844
11 845
8 846
9 847
9 848
15 849
8 850
17 851
5 852
10 853
11 854
9 855
9 856
4 857
9 858
5 859
11 860
10 861
13 862
12 863
10 864
11 865
12 866
13 867
13 868
13 869
7 870
9 871
18 872
14 873
16 874
10 875
9 876
16 877
20 878
21 879
13 880
17 881
14 882
24 883
32 884
16 885
25 886
23 887
21 888
28 889
24 890
24 891
31 892
27 893
41 894
41 895
31 896
28 897
40 898
35 899
38 900
32 901
53 902
39 903
52 904
35 905
50 906
47 907
43 908
49 909
45 910
38 911
38 912
51 913
29 914
30 915
27 916
35 917
29 918
25 919
18 920
19 921
17 922
14 923
14 924
12 925
18 926
13 927
8 928
8 929
6 930
7 931
4 932
5 933
7 934
2 935
5 936
2 937
3 938
2 939
5 940
3 941
2 942
5 944
4 945
4 946
4 947
1 949
3 951
4 952
4 953
3 954
1 955
5 956
2 957
3 958
3 959
3 960
4 961
4 962
5 963
3 964
3 965
3 966
4 967
4 968
7 969
7 970
6 971
10 972
8 973
6 974
5 975
14 976
6 977
7 978
9 979
11 980
17 981
9 982
6 983
13 984
10 985
6 986
13 987
7 988
8 989
11 990
7 991
10 992
9 993
9 994
6 995
8 996
9 997
5 998
7 999
8 1000
5 1001
9 1002
5 1003
6 1004
7 1005
7 1006
5 1007
4 1008
6 1009
5 1010
3 1011
5 1012
2 1013
1 1014
3 1015
3 1016
2 1017
7 1019
3 1020
3 1021
2 1022
3 1025
2 1027
1 1029
1 1031
3 1032
1 1034
1 1035
1 1036
2 1037
3 1040
1 1041
3 1042
2 1043
1 1044
1 1045
1 1047
2 1048
2 1050
2 1051
3 1052
3 1053
1 1055
3 1056
2 1058
4 1059
1 1060
3 1061
2 1062
2 1063
2 1064
2 1065
3 1066
4 1067
2 1068
3 1070
1 1071
3 1072
1 1073
2 1074
3 1075
4 1076
1 1077
2 1078
3 1079
4 1081
5 1082
1 1083
7 1084
1 1085
2 1086
5 1088
6 1089
3 1090
4 1091
2 1092
4 1093
2 1094
1 1095
4 1096
6 1097
4 1098
7 1099
3 1100
2 1101
5 1102
3 1103
2 1104
3 1105
2 1106
5 1107
6 1108
5 1109
5 1110
2 1111
5 1112
6 1113
7 1114
10 1115
8 1116
11 1117
11 1118
4 1119
12 1120
11 1121
10 1122
12 1123
9 1124
7 1125
8 1126
4 1127
11 1128
9 1129
12 1130
8 1131
8 1132
9 1133
10 1134
7 1135
9 1136
11 1137
3 1138
7 1139
2 1140
4 1141
5 1142
4 1143
6 1144
5 1145
7 1146
2 1147
1 1148
7 1149
3 1150
5 1151
5 1152
6 1153
2 1154
8 1155
4 1156
5 1157
4 1158
6 1159
4 1160
4 1161
4 1162
5 1163
3 1164
4 1165
6 1166
10 1167
4 1168
5 1169
5 1170
8 1171
3 1172
3 1173
4 1174
3 1175
7 1176
5 1177
2 1178
4 1179
4 1180
2 1181
5 1182
3 1183
3 1184
3 1185
5 1186
1 1187
1 1188
4 1189
4 1190
1 1191
2 1192
1 1193
3 1194
1 1195
2 1196
1 1197
2 1199
5 1201
2 1202
3 1203
1 1204
1 1205
1 1207
1 1208
1 1210
1 1215
1 1216
2 1221
1 1222
1 1224
1 1225
2 1226
1 1227
1 1230
1 1231
1 1232
2 1233
1 1236
1 1237
1 1238
3 1246
1 1247
1 1251
1 1255
3 1260
1 1262
1 1266
1 1269
1 1270
1 1271
2 1273
1 1277
2 1278
1 1284
1 1286
3 1288
1 1289
1 1290
1 1291
1 1295
1 1300
1 1303
2 1305
1 1307
2 1310
1 1312
1 1315
4 1316
1 1319
1 1321
1 1322
1 1323
1 1326
2 1327
2 1329
2 1331
1 1332
1 1333
1 1334
2 1335
1 1337
2 1338
1 1339
1 1340
2 1341
1 1342
1 1343
2 1346
1 1347
2 1348
2 1349
2 1351
1 1352
2 1355
1 1357
3 1358
1 1360
2 1363
1 1369
1 1370
1 1371
1 1372
2 1373
1 1374
1 1375
2 1376
2 1377
2 1380
2 1381
1 1382
1 1383
1 1386
2 1388
1 1389
3 1390
1 1391
2 1395
1 1396
2 1397
1 1399
1 1401
1 1406
2 1408
1 1411
1 1412
1 1414
1 1415
1 1416
1 1417
2 1418
2 1420
2 1421
2 1422
1 1423
2 1428
1 1429
1 1430
1 1431
2 1432
1 1433
1 1434
3 1435
3 1437
3 1438
2 1439
1 1440
2 1441
1 1442
1 1443
4 1444
3 1445
4 1448
1 1449
1 1450
2 1452
1 1453
1 1454
1 1455
3 1456
1 1457
3 1458
1 1459
2 1460
1 1462
2 1463
3 1464
2 1465
3 1466
1 1467
2 1469
1 1470
2 1471
1 1472
2 1474
1 1475
2 1476
3 1478
3 1479
4 1480
5 1482
1 1483
2 1484
4 1485
1 1486
3 1487
2 1488
1 1489
2 1490
5 1491
1 1492
3 1493
3 1494
2 1497
4 1498
3 1499
3 1500
1 1501
4 1502
3 1503
3 1504
3 1505
3 1506
2 1507
2 1508
3 1509
3 1510
5 1511
1 1512
1 1513
3 1515
2 1518
1 1520
3 1522
1 1523
1 1524
2 1525
2 1526
1 1528
2 1529
1 1531
2 1534
4 1535
4 1536
1 1537
2 1540
1 1541
2 1542
2 1543
1 1544
4 1545
4 1546
4 1547
3 1549
2 1550
3 1551
1 1552
3 1553
2 1555
3 1556
2 1558
1 1559
1 1560
2 1561
2 1563
3 1564
4 1565
4 1566
3 1567
4 1568
5 1569
1 1570
1 1571
3 1573
3 1574
3 1575
1 1576
4 1577
3 1578
4 1579
4 1580
3 1581
2 1582
2 1583
1 1584
5 1585
2 1586
2 1588
2 1589
1 1590
2 1591
1 1592
2 1593
1 1594
1 1596
1 1597
1 1598
1 1600
1 1601
1 1602
1 1603
1 1604
2 1606
2 1609
2 1610
1 1611
2 1613
1 1616
3 1617
1 1618
1 1620
3 1622
2 1623
1 1624
1 1625
2 1626
2 1628
2 1630
1 1632
3 1635
2 1636
1 1637
1 1638
3 1639
1 1640
1 1642
4 1643
4 1644
1 1646
1 1647
2 1648
2 1649
3 1650
2 1651
4 1652
3 1653
3 1654
1 1655
1 1656
2 1658
3 1659
4 1660
3 1661
3 1663
3 1664
1 1665
1 1667
4 1668
1 1669
2 1671
1 1672
3 1674
2 1675
1 1676
3 1678
2 1679
2 1680
1 1681
1 1682
4 1683
2 1684
3 1686
2 1687
1 1688
2 1689
2 1690
4 1691
1 1692
1 1693
1 1694
1 1695
3 1697
1 1698
1 1699
1 1701
2 1702
2 1703
3 1705
1 1707
2 1708
1 1709
3 1710
3 1711
2 1712
3 1713
2 1714
3 1715
1 1716
4 1717
3 1720
1 1721
5 1722
2 1723
4 1724
3 1725
2 1726
2 1727
1 1728
2 1729
6 1730
3 1731
1 1732
3 1733
3 1734
2 1735
6 1736
1 1737
1 1738
3 1739
2 1740
3 1741
2 1742
4 1743
6 1744
5 1745
9 1746
1 1747
2 1748
6 1749
1 1750
4 1751
6 1752
3 1753
3 1754
4 1755
9 1756
3 1757
5 1758
6 1759
2 1760
6 1761
10 1762
1 1763
3 1764
7 1765
4 1766
5 1767
3 1768
5 1769
6 1770
6 1771
7 1772
8 1773
6 1774
10 1775
4 1776
6 1777
9 1778
6 1779
13 1780
10 1781
3 1782
10 1783
4 1784
6 1785
16 1786
10 1787
7 1788
9 1789
9 1790
7 1791
7 1792
9 1793
13 1794
10 1795
13 1796
14 1797
7 1798
13 1799
13 1800
8 1801
10 1802
13 1803
13 1804
8 1805
8 1806
12 1807
8 1808
10 1809
9 1810
9 1811
6 1812
8 1813
12 1814
10 1815
11 1816
13 1817
6 1818
10 1819
7 1820
13 1821
18 1822
10 1823
7 1824
7 1825
11 1826
5 1827
8 1828
10 1829
6 1830
12 1831
9 1832
7 1833
9 1834
9 1835
3 1836
6 1837
6 1838
4 1839
3 1840
8 1841
4 1842
16 1843
5 1844
5 1845
5 1846
5 1847
8 1848
9 1849
7 1850
1 1851
5 1852
3 1853
6 1854
8 1855
8 1856
6 1857
4 1858
4 1859
6 1860
9 1861
7 1862
10 1863
3 1864
9 1865
7 1866
10 1867
3 1868
7 1869
7 1870
7 1871
6 1872
10 1873
7 1874
10 1875
5 1876
13 1877
10 1878
13 1879
11 1880
11 1881
8 1882
4 1883
15 1884
10 1885
12 1886
15 1887
7 1888
16 1889
12 1890
7 1891
13 1892
10 1893
13 1894
13 1895
22 1896
9 1897
11 1898
7 1899
6 1900
17 1901
9 1902
14 1903
11 1904
10 1905
10 1906
13 1907
14 1908
13 1909
14 1910
16 1911
18 1912
14 1913
16 1914
13 1915
29 1916
17 1917
16 1918
17 1919
18 1920
22 1921
20 1922
20 1923
24 1924
24 1925
25 1926
33 1927
34 1928
33 1929
28 1930
34 1931
35 1932
38 1933
35 1934
40 1935
43 1936
52 1937
41 1938
43 1939
62 1940
49 1941
60 1942
67 1943
70 1944
69 1945
53 1946
86 1947
80 1948
72 1949
68 1950
77 1951
81 1952
102 1953
94 1954
85 1955
98 1956
102 1957
78 1958
77 1959
85 1960
93 1961
89 1962
81 1963
61 1964
83 1965
72 1966
62 1967
76 1968
68 1969
68 1970
61 1971
57 1972
67 1973
65 1974
42 1975
39 1976
48 1977
49 1978
30 1979
34 1980
24 1981
29 1982
19 1983
18 1984
19 1985
20 1986
20 1987
14 1988
11 1989
13 1990
11 1991
13 1992
9 1993
3 1994
8 1995
10 1996
5 1997
7 1998
6 1999
3 2000
3 2001
3 2002
2 2003
2 2005
2 2006
2 2008
3 2009
1 2010
1 2013
4 2014
1 2015
3 2019
2 2020
1 2021
3 2023
3 2025
1 2027
1 2028
2 2029
1 2032
2 2033
1 2034
1 2035
1 2038
1 2039
1 2041
1 2047
2 2050
1 2057
1 2060
1 2061
2 2062
1 2065
2 2067
1 2070
1 2073
1 2075
1 2076
1 2077
1 2078
1 2080
2 2081
2 2083
1 2086
1 2087
1 2088
1 2089
1 2091
1 2094
1 2095
1 2096
1 2097
1 2098
2 2099
1 2102
1 2104
1 2105
2 2106
1 2107
1 2108
1 2111
2 2112
1 2113
1 2115
2 2117
1 2118
1 2120
1 2125
1 2129
1 2130
1 2131
1 2133
1 2136
2 2137
1 2138
1 2139
2 2140
1 2141
1 2142
1 2143
1 2146
2 2147
2 2148
2 2149
1 2151
1 2152
3 2153
2 2154
2 2156
1 2158
3 2159
2 2162
1 2164
2 2165
3 2168
1 2169
1 2170
3 2176
3 2178
3 2179
1 2182
1 2183
2 2184
2 2185
2 2186
1 2187
4 2189
1 2190
2 2192
2 2193
1 2195
2 2196
3 2198
1 2201
1 2203
1 2204
1 2206
2 2209
1 2210
2 2211
3 2212
2 2213
1 2214
1 2215
1 2216
3 2218
2 2219
2 2220
6 2221
1 2222
1 2223
2 2224
1 2225
1 2227
1 2228
3 2229
2 2230
2 2231
5 2232
2 2233
1 2234
3 2235
1 2237
2 2238
1 2239
3 2240
2 2241
1 2242
10 2243
2 2244
2 2245
1 2246
3 2247
1 2248
1 2249
4 2250
4 2251
7 2252
3 2253
1 2254
2 2255
2 2256
6 2257
1 2258
3 2259
3 2260
1 2261
1 2262
3 2263
2 2264
4 2265
1 2266
3 2267
4 2268
1 2269
4 2270
4 2271
3 2272
8 2275
7 2276
3 2277
2 2278
4 2279
2 2280
3 2281
2 2282
1 2283
3 2284
2 2285
3 2286
3 2287
1 2288
7 2289
2 2290
3 2291
2 2292
4 2293
2 2294
1 2295
2 2296
2 2298
1 2299
1 2300
3 2301
2 2302
1 2303
2 2304
5 2305
4 2306
5 2308
6 2309
1 2310
1 2312
2 2313
3 2314
3 2315
6 2316
1 2317
2 2318
1 2319
2 2320
2 2321
4 2324
1 2325
3 2326
2 2327
3 2328
1 2329
2 2330
1 2331
3 2332
1 2333
2 2334
2 2335
6 2336
4 2337
5 2338
2 2339
4 2341
5 2342
1 2343
3 2344
2 2345
4 2346
3 2347
3 2348
2 2349
4 2350
2 2351
4 2352
5 2353
4 2354
1 2355
1 2356
4 2357
1 2358
1 2359
3 2361
3 2362
2 2363
4 2364
2 2365
4 2366
5 2367
3 2368
3 2369
5 2370
4 2371
3 2372
9 2373
8 2374
4 2375
7 2376
8 2377
3 2378
10 2379
6 2380
5 2381
8 2382
7 2383
5 2384
15 2385
10 2386
8 2387
3 2388
11 2389
3 2390
9 2391
8 2392
11 2393
7 2394
10 2395
13 2396
14 2397
9 2398
7 2399
8 2400
13 2401
9 2402
14 2403
16 2404
12 2405
20 2406
26 2407
16 2408
25 2409
29 2410
22 2411
18 2412
24 2413
25 2414
20 2415
18 2416
20 2417
23 2418
20 2419
24 2420
24 2421
28 2422
22 2423
26 2424
31 2425
26 2426
32 2427
23 2428
26 2429
29 2430
18 2431
27 2432
24 2433
24 2434
22 2435
18 2436
33 2437
24 2438
18 2439
20 2440
21 2441
15 2442
20 2443
14 2444
12 2445
13 2446
17 2447
11 2448
7 2449
12 2450
9 2451
12 2452
9 2453
7 2454
10 2455
6 2456
6 2457
11 2458
7 2459
5 2460
2 2461
5 2462
3 2463
2 2464
6 2465
4 2466
3 2467
1 2468
3 2469
2 2470
1 2471
2 2473
3 2474
3 2475
2 2477
1 2478
1 2479
1 2480
1 2481
1 2483
1 2484
1 2487
1 2488
2 2489
2 2490
4 2491
4 2494
1 2496
1 2498
3 2499
3 2500
1 2501
4 2502
1 2503
1 2504
2 2505
3 2506
1 2508
1 2511
3 2512
1 2513
4 2514
1 2515
5 2518
1 2519
2 2521
2 2522
3 2523
1 2524
1 2525
1 2526
2 2528
2 2530
3 2531
2 2533
3 2534
2 2535
2 2536
3 2537
2 2538
1 2539
4 2541
3 2542
4 2543
4 2545
6 2546
1 2548
3 2550
6 2551
2 2552
3 2553
4 2554
6 2555
3 2556
3 2557
3 2558
2 2559
4 2560
1 2561
5 2562
6 2563
5 2564
3 2565
4 2566
4 2567
3 2568
6 2569
5 2570
6 2571
5 2572
4 2573
6 2574
4 2575
8 2576
9 2577
6 2578
5 2579
7 2580
7 2581
7 2582
8 2583
4 2584
1 2585
6 2586
6 2587
7 2588
5 2589
7 2590
6 2591
4 2592
1 2593
3 2594
4 2595
4 2596
4 2597
4 2598
5 2599
2 2600
6 2601
5 2602
5 2603
2 2604
1 2605
2 2606
2 2607
6 2608
2 2609
2 2610
1 2611
1 2612
3 2614
4 2615
3 2616
6 2617
2 2618
4 2619
1 2620
1 2621
2 2624
1 2625
1 2626
1 2628
1 2630
3 2631
1 2633
1 2637
2 2638
1 2640
1 2644
1 2645
2 2650
1 2661
1 2664
1 2670
1 2673
1 2684
1 2696
2 2697
1 2699
1 2701
2 2702
1 2704
1 2709
1 2716
2 2717
2 2721
1 2722
1 2726
1 2727
1 2728
1 2730
1 2731
1 2733
1 2736
2 2737
1 2740
1 2741
1 2742
1 2743
1 2744
1 2745
2 2751
3 2754
1 2755
2 2759
1 2760
2 2763
1 2764
1 2765
4 2766
1 2769
1 2770
1 2777
1 2779
1 2791
1 2795
1 2796
1 2808
1 2823
1 2853
1 2857
1 2868
1 2885
1 2890
1 2893
1 2907
1 2909
1 2921
2 2923
1 2927
1 2933
1 2940
1 2952
1 2953
1 2963
1 2977
1 2983
1 3021
1 3043
1 3069
1 3070
1 3086
1 3092
1 3095
1 3110
1 3124
1 3134
1 3140
1 3151
1 3155
2 3164
1 3167
1 3184
1 3195
1 3203
1 3204
1 3206
1 3211
1 3224
1 3226
1 3246
1 3267
1 3283
1 3287
1 3313
1 3326
1 3402
1 3416
1 3421
1 3424
1 3507
1 3542
1 3561
1 3567
1 3577
1 3656
1 3696
1 3697
1 3706
1 3713
1 3716
1 3748
1 3763
1 3828
1 3881
1 3923
1 3943
1 3951
1 3966
1 3972
1 3973
1 3976
1 3987
1 3994
1 4009
1 4012
1 4026
1 4027
1 4037
3 4038
1 4040
1 4041
1 4055
1 4056
1 4063
1 4065
1 4066
1 4068
2 4072
1 4075
2 4077
1 4082
2 4084
1 4085
1 4087
1 4088
1 4092
1 4094
2 4095
1 4097
1 4098
1 4099
1 4100
1 4102
2 4106
1 4107
1 4108
1 4111
1 4112
2 4115
1 4116
1 4120
2 4124
1 4129
1 4130
1 4131
1 4135
1 4136
1 4158
1 4165
1 4170
1 4171
1 4175
1 4177
1 4974
