1 7
1 14
1 15
2 16
2 18
1 19
1 23
1 24
1 27
1 30
1 32
1 35
1 36
2 41
1 42
1 46
1 49
2 50
2 52
2 54
1 55
1 56
1 57
1 59
1 60
1 66
1 67
2 70
1 72
1 74
2 77
1 78
1 79
2 80
1 81
5 82
1 83
4 84
3 85
2 86
2 87
5 88
2 89
1 90
3 92
3 93
2 94
2 95
2 96
1 97
1 98
2 99
1 100
1 101
5 102
4 103
5 104
2 105
3 106
5 107
8 108
7 109
5 110
4 111
9 112
6 113
4 114
10 115
4 116
7 117
7 118
6 119
1 120
5 121
7 122
2 123
2 124
3 125
1 126
4 127
4 129
2 130
1 131
4 132
3 133
2 134
2 136
3 137
3 138
2 139
5 140
2 141
3 143
1 144
2 146
3 147
2 148
1 149
2 150
2 152
1 153
2 154
1 156
1 157
2 158
3 159
1 160
4 161
2 162
1 163
2 164
2 165
1 167
1 168
2 169
1 170
2 171
3 172
1 173
3 174
1 175
3 176
2 177
1 178
3 179
3 180
2 181
3 182
4 183
3 184
4 185
1 186
4 187
1 188
4 189
4 190
2 191
6 192
7 193
1 194
4 195
6 196
1 197
5 198
2 199
3 200
4 201
4 202
7 203
6 204
3 205
1 206
7 207
3 208
4 209
3 210
5 211
4 212
3 213
3 214
1 215
3 216
7 217
4 218
4 219
7 220
8 221
5 222
5 223
3 224
4 225
6 226
3 227
4 228
1 229
4 230
6 231
5 232
3 233
4 234
3 235
6 236
4 237
2 238
5 239
4 240
5 241
4 242
5 243
8 244
7 245
11 246
10 247
14 248
10 249
10 250
14 251
18 252
14 253
7 254
17 255
22 256
22 257
13 258
25 259
9 260
13 261
19 262
9 263
8 264
11 265
6 266
4 267
7 268
9 269
5 270
4 272
2 273
6 274
7 275
2 276
4 277
2 278
4 279
5 280
6 281
2 282
4 283
4 284
6 285
4 286
5 288
5 289
2 290
3 291
4 292
2 293
2 294
1 295
5 296
5 297
7 298
6 299
4 300
5 301
3 302
3 303
5 304
7 305
5 306
4 307
3 308
4 309
6 310
3 311
4 312
7 313
4 314
4 315
8 316
6 317
3 318
2 319
2 320
3 321
4 322
4 323
3 324
7 325
3 326
8 327
3 328
7 329
7 330
7 331
3 332
5 333
4 334
5 335
8 336
3 337
7 338
6 339
3 340
4 341
1 342
6 343
2 344
6 345
4 346
3 347
4 348
4 349
3 350
5 351
3 352
5 353
3 354
4 355
2 356
6 357
5 358
1 359
3 360
5 361
2 362
7 363
3 364
3 365
4 366
2 367
3 368
2 369
3 370
6 371
3 372
8 373
3 374
4 375
5 376
2 377
2 378
4 379
7 380
2 381
4 383
6 384
3 385
3 386
2 387
6 388
5 389
5 390
2 391
5 392
4 393
5 394
8 395
5 396
4 397
7 398
8 399
6 400
9 401
10 402
5 403
16 404
7 405
9 406
13 407
10 408
11 409
12 410
15 411
14 412
11 413
17 414
14 415
20 416
13 417
15 418
9 419
15 420
13 421
12 422
18 423
13 424
11 425
11 426
12 427
14 428
21 429
9 430
10 431
12 432
12 433
13 434
14 435
12 436
14 437
15 438
15 439
18 440
27 441
15 442
30 443
25 444
38 445
31 446
28 447
34 448
40 449
39 450
31 451
28 452
30 453
33 454
29 455
49 456
33 457
35 458
29 459
28 460
26 461
18 462
14 463
13 464
16 465
10 466
10 467
6 468
10 469
10 470
8 471
7 472
6 473
6 474
4 475
6 476
4 477
7 478
7 479
8 480
9 481
9 482
2 483
4 484
3 485
3 486
3 487
5 488
4 490
3 491
2 493
4 494
5 495
3 496
6 497
2 498
5 499
8 500
1 501
2 502
4 503
4 504
4 505
6 506
3 507
8 508
2 509
8 510
5 511
2 512
1 513
8 514
8 515
2 516
8 517
9 518
4 519
8 520
5 521
3 522
4 523
9 524
8 525
4 526
7 527
8 528
3 529
6 530
9 531
6 532
10 533
10 534
5 535
3 536
9 537
11 538
6 539
7 540
18 541
12 542
8 543
8 544
20 545
15 546
13 547
13 548
15 549
8 550
9 551
14 552
16 553
12 554
9 555
8 556
12 557
11 558
6 559
4 560
7 561
7 562
5 563
13 564
9 565
5 566
9 567
7 568
10 569
6 570
6 571
5 572
9 573
9 574
9 575
6 576
4 577
6 578
4 579
3 580
6 581
1 582
7 583
3 585
5 586
3 587
4 588
3 589
4 590
5 591
10 592
4 593
2 594
4 595
2 596
2 597
5 598
3 599
4 600
8 601
2 602
5 603
6 604
4 605
4 606
7 607
4 608
5 609
2 610
3 611
6 612
9 613
7 614
11 615
11 616
10 617
8 618
9 619
11 620
12 621
10 622
11 623
6 624
13 625
7 626
10 627
14 628
8 629
9 630
8 631
8 632
6 633
8 634
5 635
8 636
7 637
4 638
8 639
9 640
10 641
4 642
6 643
6 644
9 645
3 646
4 647
1 648
3 649
2 650
2 651
6 652
8 653
4 654
8 655
4 656
2 657
1 658
6 659
6 660
1 661
2 662
8 663
5 664
6 665
5 666
7 667
9 668
4 669
7 670
8 671
8 672
7 673
7 674
8 675
10 676
11 677
9 678
6 679
5 680
8 681
11 682
6 683
9 684
9 685
12 686
7 687
5 688
7 689
6 690
9 691
7 692
6 693
7 694
5 695
4 696
7 697
7 698
8 699
6 700
9 701
11 702
6 703
6 704
6 705
11 706
7 707
9 708
9 709
7 710
11 711
4 712
10 713
4 714
14 715
10 716
19 717
8 718
13 719
12 720
15 721
19 722
15 723
14 724
20 725
16 726
16 727
16 728
24 729
11 730
18 731
15 732
24 733
16 734
18 735
28 736
22 737
20 738
34 739
31 740
22 741
18 742
19 743
40 744
39 745
41 746
29 747
54 748
55 749
43 750
61 751
64 752
68 753
53 754
71 755
72 756
63 757
70 758
64 759
73 760
80 761
80 762
83 763
78 764
75 765
52 766
89 767
74 768
54 769
64 770
60 771
36 772
73 773
51 774
37 775
44 776
36 777
31 778
36 779
23 780
23 781
14 782
13 783
17 784
14 785
12 786
14 787
18 788
13 789
14 790
10 791
10 792
12 793
10 794
5 795
9 796
11 797
9 798
6 799
4 800
15 801
9 802
11 803
9 804
12 805
11 806
8 807
10 808
8 809
10 810
10 811
6 812
13 813
12 814
6 815
14 816
12 817
12 818
8 819
5 820
10 821
11 822
10 823
10 824
9 825
11 826
9 827
14 828
10 829
11 830
21 831
16 832
10 833
8 834
14 835
15 836
17 837
13 838
13 839
20 840
13 841
22 842
14 843
19 844
12 845
17 846
9 847
25 848
13 849
19 850
18 851
20 852
17 853
13 854
15 855
20 856
29 857
19 858
23 859
20 860
24 861
40 862
29 863
30 864
36 865
23 866
16 867
26 868
33 869
34 870
22 871
21 872
34 873
23 874
20 875
23 876
29 877
22 878
25 879
18 880
27 881
13 882
17 883
9 884
24 885
18 886
17 887
23 888
21 889
9 890
26 891
17 892
15 893
20 894
19 895
27 896
28 897
18 898
23 899
23 900
29 901
20 902
24 903
19 904
29 905
25 906
30 907
23 908
25 909
43 910
40 911
33 912
38 913
34 914
33 915
41 916
43 917
40 918
46 919
47 920
56 921
45 922
62 923
49 924
64 925
72 926
74 927
81 928
81 929
77 930
89 931
81 932
102 933
91 934
119 935
100 936
137 937
102 938
93 939
127 940
131 941
130 942
143 943
134 944
148 945
167 946
183 947
196 948
185 949
201 950
255 951
261 952
258 953
258 954
271 955
273 956
332 957
344 958
318 959
340 960
338 961
354 962
367 963
351 964
350 965
386 966
314 967
369 968
386 969
356 970
323 971
327 972
280 973
284 974
243 975
233 976
249 977
192 978
170 979
163 980
141 981
126 982
108 983
90 984
74 985
71 986
56 987
52 988
47 989
47 990
23 991
20 992
27 993
21 994
12 995
18 996
15 997
15 998
8 999
6 1000
7 1001
7 1002
1 1003
2 1004
1 1005
5 1006
4 1007
7 1008
5 1009
1 1010
1 1012
3 1013
4 1014
2 1016
3 1017
1 1018
3 1019
2 1020
1 1021
3 1023
2 1027
1 1028
3 1030
1 1031
1 1032
1 1033
1 1034
1 1035
1 1036
1 1038
2 1039
2 1040
1 1041
1 1042
2 1043
1 1045
1 1046
1 1047
2 1048
1 1049
1 1051
1 1053
1 1055
1 1060
1 1064
1 1066
2 1067
1 1068
2 1070
1 1071
1 1072
2 1076
3 1078
2 1079
1 1080
3 1083
2 1084
2 1086
1 1087
2 1089
1 1090
1 1092
2 1095
2 1098
1 1100
1 1101
3 1102
4 1104
1 1105
5 1106
1 1108
1 1109
1 1110
1 1111
1 1112
3 1114
1 1115
2 1116
2 1117
1 1118
2 1119
3 1121
2 1122
2 1123
1 1124
1 1125
1 1126
1 1127
3 1128
5 1129
1 1130
2 1131
1 1132
3 1133
1 1134
3 1135
3 1136
1 1137
1 1138
2 1139
3 1140
2 1141
3 1142
6 1143
1 1144
3 1145
5 1147
2 1148
7 1149
4 1150
3 1151
6 1152
3 1153
9 1154
4 1155
2 1157
2 1158
1 1159
11 1160
4 1161
2 1162
6 1163
10 1164
3 1165
5 1166
5 1167
4 1168
1 1169
4 1170
2 1172
5 1173
3 1174
1 1175
1 1176
1 1177
2 1178
1 1181
2 1182
5 1183
1 1184
1 1186
2 1187
1 1188
1 1189
1 1190
1 1191
1 1192
1 1194
2 1195
1 1196
2 1197
1 1199
1 1200
2 1202
1 1203
1 1204
3 1205
3 1206
1 1207
2 1209
1 1210
3 1212
1 1213
2 1214
3 1215
3 1216
2 1218
2 1219
1 1221
2 1223
1 1224
2 1225
1 1226
1 1227
3 1228
2 1229
1 1231
1 1232
2 1233
1 1236
1 1237
2 1238
1 1240
1 1241
3 1242
1 1243
1 1246
1 1248
1 1249
1 1250
1 1251
1 1252
2 1255
2 1259
1 1260
2 1261
1 1264
1 1267
3 1268
3 1269
1 1271
2 1276
1 1277
2 1281
1 1282
2 1283
1 1285
1 1286
1 1287
2 1289
1 1290
4 1291
2 1292
1 1293
1 1294
3 1295
1 1297
2 1298
2 1305
1 1306
2 1307
5 1310
1 1311
2 1313
1 1314
1 1317
2 1318
1 1319
3 1320
1 1322
1 1323
1 1326
1 1328
1 1330
2 1332
1 1333
1 1334
1 1335
2 1336
2 1337
1 1338
1 1340
1 1342
1 1344
2 1345
1 1347
1 1349
1 1351
1 1353
1 1356
1 1357
1 1359
2 1361
1 1362
2 1363
1 1364
1 1366
2 1367
1 1368
2 1369
1 1371
1 1372
1 1373
2 1376
1 1377
3 1378
2 1379
1 1380
1 1381
1 1383
1 1384
1 1386
1 1387
2 1388
1 1389
1 1390
1 1391
1 1392
1 1393
1 1394
1 1395
1 1396
3 1397
2 1398
1 1399
2 1401
2 1403
3 1406
2 1407
1 1408
1 1409
1 1410
1 1411
1 1412
1 1413
1 1414
1 1416
2 1417
2 1420
1 1421
1 1426
2 1427
2 1429
1 1430
1 1431
2 1432
1 1433
2 1439
1 1440
1 1442
3 1443
3 1445
2 1446
2 1447
1 1448
3 1449
1 1450
2 1452
2 1453
2 1457
2 1458
1 1459
1 1460
1 1464
2 1465
2 1467
1 1468
2 1469
1 1470
1 1471
1 1472
2 1474
1 1475
1 1479
1 1480
2 1481
3 1483
1 1486
2 1487
1 1488
1 1490
1 1491
1 1492
1 1493
3 1494
3 1495
2 1497
2 1499
2 1500
1 1501
1 1502
1 1504
1 1508
1 1510
1 1515
2 1517
1 1518
2 1520
2 1521
1 1522
2 1523
1 1525
1 1526
1 1528
2 1529
2 1530
2 1531
1 1533
3 1534
1 1535
2 1536
1 1538
3 1539
2 1540
1 1541
1 1547
1 1549
4 1552
2 1555
1 1556
2 1557
1 1563
1 1566
1 1568
1 1569
1 1575
1 1576
1 1577
1 1578
1 1579
1 1581
2 1582
1 1583
1 1584
1 1585
2 1586
1 1587
1 1588
1 1589
1 1590
2 1592
2 1593
1 1594
1 1596
1 1598
1 1599
1 1600
1 1601
2 1602
1 1603
1 1606
1 1608
3 1609
2 1610
2 1612
3 1614
1 1615
2 1616
2 1617
2 1618
1 1619
1 1620
1 1621
2 1623
3 1624
2 1625
2 1626
2 1627
1 1628
2 1629
1 1630
2 1631
2 1632
3 1633
3 1634
1 1638
2 1640
1 1642
2 1644
2 1645
2 1646
1 1648
2 1650
2 1651
1 1652
2 1653
2 1654
3 1655
2 1656
2 1658
2 1660
1 1661
1 1662
2 1663
1 1664
3 1665
4 1667
2 1668
1 1669
1 1670
1 1672
2 1675
2 1677
2 1678
1 1679
2 1680
1 1681
1 1682
2 1683
1 1684
1 1686
2 1687
1 1689
2 1691
1 1693
3 1694
2 1697
1 1698
1 1699
1 1700
3 1701
1 1702
2 1703
2 1705
1 1706
3 1707
1 1708
1 1709
4 1710
1 1711
3 1712
1 1713
2 1714
1 1715
5 1717
3 1718
2 1720
1 1721
2 1722
2 1723
2 1725
1 1726
1 1727
2 1728
1 1730
3 1731
1 1732
1 1733
1 1737
1 1738
1 1741
1 1742
1 1743
1 1744
1 1745
3 1746
2 1747
1 1749
1 1750
1 1752
1 1753
1 1755
1 1757
2 1758
1 1760
1 1761
1 1763
2 1764
2 1765
1 1767
2 1768
1 1769
2 1770
2 1772
1 1773
1 1776
2 1777
1 1778
2 1779
1 1780
2 1782
2 1783
4 1784
1 1785
2 1786
1 1787
1 1788
1 1789
2 1791
1 1792
1 1794
1 1799
1 1801
1 1802
1 1803
1 1805
2 1806
1 1807
1 1815
1 1818
1 1819
1 1820
1 1821
2 1824
3 1825
1 1827
1 1831
2 1832
1 1834
1 1835
1 1838
2 1843
1 1844
1 1847
1 1850
3 1851
1 1852
2 1854
2 1855
1 1856
1 1857
2 1861
1 1862
1 1863
3 1864
1 1866
2 1869
1 1870
2 1871
2 1872
1 1873
1 1876
2 1877
2 1879
2 1883
2 1884
1 1885
1 1886
1 1888
2 1889
1 1893
2 1895
1 1896
1 1897
1 1898
3 1899
4 1903
1 1905
1 1907
1 1908
2 1909
2 1910
3 1911
1 1915
1 1917
2 1918
1 1919
2 1920
1 1922
3 1923
2 1924
3 1925
1 1926
2 1927
1 1928
1 1930
1 1932
3 1937
1 1939
1 1940
2 1941
4 1942
1 1944
1 1946
1 1947
1 1949
2 1950
2 1951
2 1954
1 1956
3 1957
2 1958
2 1959
3 1960
3 1961
3 1963
1 1964
7 1965
1 1966
3 1967
1 1969
2 1970
3 1973
3 1975
2 1976
5 1977
2 1978
2 1979
1 1980
3 1981
2 1982
1 1983
3 1984
1 1986
1 1987
3 1989
2 1990
1 1991
3 1993
2 1994
3 1996
3 1997
1 1998
2 1999
4 2001
2 2002
4 2003
2 2004
3 2005
4 2006
5 2007
2 2008
2 2009
2 2010
1 2011
2 2012
1 2013
1 2016
2 2017
2 2018
2 2019
1 2020
1 2021
1 2022
1 2023
1 2024
3 2025
2 2026
1 2027
1 2029
2 2030
1 2032
2 2033
1 2034
1 2035
1 2036
1 2038
2 2039
2 2040
1 2041
2 2042
1 2043
3 2044
2 2045
2 2046
6 2047
3 2048
2 2050
2 2051
3 2052
1 2053
2 2054
4 2055
1 2056
2 2057
3 2061
1 2062
2 2064
1 2065
1 2066
2 2067
2 2068
7 2069
1 2071
3 2072
3 2073
4 2074
2 2075
2 2077
1 2078
1 2079
6 2080
2 2082
2 2083
6 2086
6 2087
2 2088
1 2089
3 2091
3 2092
3 2093
1 2094
1 2095
1 2096
5 2098
2 2099
3 2100
3 2101
4 2102
1 2103
3 2104
2 2105
2 2107
2 2108
1 2109
4 2110
3 2111
2 2112
3 2113
6 2114
1 2115
4 2116
5 2117
3 2118
3 2119
2 2120
5 2121
3 2122
2 2123
3 2124
3 2125
3 2126
5 2127
6 2128
4 2129
3 2130
4 2131
4 2132
5 2133
3 2134
3 2135
3 2136
4 2137
4 2138
7 2139
9 2140
2 2141
4 2142
2 2143
3 2144
1 2145
5 2146
6 2147
2 2148
3 2149
4 2150
5 2151
5 2152
2 2153
6 2154
4 2155
5 2156
5 2157
6 2158
4 2159
6 2160
4 2161
3 2162
4 2163
5 2164
5 2165
3 2166
2 2167
5 2168
3 2169
3 2170
6 2171
2 2172
7 2173
3 2174
7 2175
4 2176
7 2177
7 2178
9 2179
5 2180
2 2181
5 2182
8 2183
8 2184
9 2185
5 2186
6 2187
6 2188
9 2189
5 2190
6 2191
8 2192
8 2193
6 2194
10 2195
16 2196
8 2197
12 2198
15 2199
6 2200
4 2201
4 2202
7 2203
14 2204
14 2205
9 2206
20 2207
5 2208
6 2209
8 2210
9 2211
11 2212
13 2213
16 2214
13 2215
5 2216
11 2217
10 2218
15 2219
11 2220
7 2221
15 2222
14 2223
18 2224
11 2225
14 2226
15 2227
11 2228
7 2229
19 2230
5 2231
15 2232
13 2233
14 2234
13 2235
12 2236
13 2237
11 2238
17 2239
17 2240
15 2241
20 2242
13 2243
14 2244
15 2245
30 2246
19 2247
11 2248
31 2249
23 2250
19 2251
18 2252
19 2253
21 2254
23 2255
28 2256
17 2257
21 2258
18 2259
15 2260
22 2261
33 2262
23 2263
24 2264
26 2265
21 2266
29 2267
23 2268
23 2269
21 2270
21 2271
27 2272
33 2273
15 2274
24 2275
17 2276
15 2277
27 2278
20 2279
15 2280
33 2281
17 2282
29 2283
19 2284
15 2285
30 2286
23 2287
25 2288
16 2289
27 2290
15 2291
18 2292
11 2293
16 2294
31 2295
23 2296
20 2297
19 2298
26 2299
24 2300
30 2301
21 2302
30 2303
21 2304
23 2305
15 2306
26 2307
19 2308
19 2309
34 2310
16 2311
23 2312
21 2313
23 2314
19 2315
23 2316
21 2317
28 2318
21 2319
35 2320
22 2321
32 2322
26 2323
22 2324
27 2325
21 2326
22 2327
25 2328
27 2329
40 2330
36 2331
31 2332
38 2333
50 2334
37 2335
41 2336
38 2337
40 2338
45 2339
28 2340
46 2341
53 2342
45 2343
59 2344
54 2345
50 2346
65 2347
51 2348
58 2349
69 2350
55 2351
61 2352
67 2353
62 2354
57 2355
63 2356
56 2357
69 2358
66 2359
73 2360
73 2361
63 2362
69 2363
90 2364
71 2365
94 2366
76 2367
84 2368
75 2369
76 2370
79 2371
69 2372
70 2373
77 2374
66 2375
54 2376
58 2377
70 2378
67 2379
62 2380
62 2381
65 2382
67 2383
50 2384
55 2385
41 2386
49 2387
56 2388
44 2389
39 2390
39 2391
29 2392
26 2393
28 2394
34 2395
37 2396
28 2397
30 2398
21 2399
28 2400
22 2401
15 2402
18 2403
23 2404
16 2405
20 2406
16 2407
16 2408
15 2409
13 2410
13 2411
10 2412
10 2413
8 2414
14 2415
9 2416
7 2417
18 2418
7 2419
14 2420
6 2421
9 2422
12 2423
9 2424
12 2425
6 2426
6 2427
17 2428
12 2429
9 2430
11 2431
9 2432
8 2433
11 2434
11 2435
10 2436
12 2437
6 2438
13 2439
13 2440
11 2441
14 2442
17 2443
14 2444
12 2445
20 2446
13 2447
18 2448
15 2449
12 2450
21 2451
16 2452
24 2453
23 2454
19 2455
16 2456
20 2457
16 2458
23 2459
23 2460
17 2461
24 2462
21 2463
23 2464
30 2465
23 2466
24 2467
17 2468
23 2469
22 2470
13 2471
31 2472
22 2473
25 2474
16 2475
21 2476
23 2477
27 2478
20 2479
17 2480
16 2481
22 2482
23 2483
8 2484
19 2485
12 2486
14 2487
16 2488
23 2489
24 2490
15 2491
10 2492
14 2493
6 2494
13 2495
12 2496
8 2497
15 2498
10 2499
10 2500
6 2501
12 2502
12 2503
3 2504
4 2505
5 2506
6 2507
3 2508
1 2509
4 2510
3 2511
3 2512
7 2513
6 2514
4 2515
2 2516
1 2517
3 2518
4 2520
6 2521
2 2522
6 2523
3 2524
3 2525
5 2526
4 2527
1 2529
4 2530
2 2531
2 2533
3 2534
2 2536
5 2537
3 2538
5 2539
2 2540
2 2541
3 2542
1 2543
6 2544
2 2545
5 2546
1 2547
7 2548
4 2549
5 2550
3 2551
4 2552
3 2553
2 2554
2 2555
2 2556
3 2557
4 2558
7 2559
6 2560
2 2561
4 2562
4 2563
8 2564
5 2565
6 2566
5 2567
4 2568
5 2569
7 2570
1 2571
10 2572
5 2573
3 2574
11 2575
3 2576
4 2577
7 2578
4 2579
4 2580
7 2581
5 2582
5 2583
7 2584
2 2585
7 2586
10 2587
7 2588
5 2589
13 2590
11 2591
6 2592
9 2593
9 2594
11 2595
11 2596
13 2597
14 2598
17 2599
12 2600
12 2601
13 2602
16 2603
18 2604
19 2605
11 2606
11 2607
11 2608
11 2609
10 2610
13 2611
11 2612
15 2613
23 2614
16 2615
8 2616
11 2617
18 2618
14 2619
11 2620
8 2621
16 2622
15 2623
21 2624
6 2625
8 2626
12 2627
16 2628
14 2629
5 2630
9 2631
9 2632
13 2633
13 2634
8 2635
7 2636
5 2637
8 2638
7 2639
4 2640
4 2641
6 2642
3 2643
6 2644
3 2645
2 2646
2 2647
8 2648
3 2649
6 2650
2 2651
3 2652
3 2653
3 2654
4 2655
3 2656
4 2657
3 2658
5 2659
1 2660
2 2661
3 2662
5 2663
2 2664
2 2665
2 2666
5 2667
2 2668
3 2669
3 2670
2 2671
1 2672
4 2673
2 2674
1 2675
1 2678
1 2680
1 2681
1 2682
2 2684
2 2685
1 2686
1 2687
1 2688
1 2689
3 2690
2 2691
1 2692
1 2693
1 2697
1 2698
1 2700
1 2701
1 2702
2 2703
2 2707
3 2711
3 2712
1 2713
1 2714
1 2719
1 2720
1 2726
1 2727
2 2728
1 2731
1 2732
1 2733
1 2734
2 2736
1 2737
2 2741
1 2742
1 2747
1 2748
2 2751
1 2752
1 2755
1 2757
1 2759
1 2761
1 2763
1 2772
1 2778
1 2785
1 2796
1 2806
1 2810
1 2814
1 2832
1 2853
1 2860
1 2867
1 2947
1 2965
1 2994
1 3002
1 3014
1 3035
1 3056
1 3059
1 3072
1 3083
1 3087
1 3120
1 3122
1 3157
1 3175
1 3183
1 3185
1 3193
1 3261
1 3278
1 3282
1 3292
1 3333
1 3397
1 3398
1 3411
1 3435
1 3447
1 3450
1 3524
1 3643
1 3675
1 3677
1 3683
1 3737
2 3745
1 3760
1 3780
1 3805
1 3821
1 3886
1 3930
1 3931
1 3973
1 4021
1 4119
1 4121
1 4132
1 4215
1 4275
1 4324
1 4367
1 4637
1 4741
1 4835
1 4907
