2 1
1 2
1 4
2 5
2 9
1 10
1 13
1 14
3 15
1 16
1 18
1 19
1 20
2 22
3 23
1 24
1 26
2 29
1 30
1 31
3 32
1 33
1 34
2 35
1 36
1 37
4 39
1 40
2 41
2 42
2 43
1 44
1 45
3 46
3 47
2 48
2 49
1 50
2 51
3 52
3 53
5 54
2 55
1 56
1 57
1 58
2 59
1 60
2 61
3 63
2 64
4 65
2 66
1 67
2 69
1 70
1 72
3 73
1 74
1 75
1 76
1 78
3 79
1 80
1 81
1 82
2 86
2 89
1 90
5 91
1 92
6 93
2 94
4 95
4 96
1 97
4 98
2 99
3 100
2 101
2 104
3 107
2 108
2 109
3 110
2 111
2 112
8 113
2 114
1 115
3 116
4 117
6 118
1 119
2 120
1 121
2 123
4 124
7 125
1 126
2 127
1 129
2 130
1 131
3 132
1 133
1 134
2 135
3 136
4 138
2 139
1 140
2 141
4 142
1 143
3 144
1 145
4 146
4 147
3 149
1 150
8 151
4 152
1 153
2 154
3 155
7 156
4 157
2 158
1 159
2 160
2 161
2 162
1 163
2 164
1 165
5 166
2 167
4 168
3 169
1 170
2 171
3 172
5 173
2 174
3 175
1 176
1 177
6 178
7 179
1 180
2 181
2 182
4 183
2 184
3 185
1 186
4 187
2 188
4 189
4 190
3 191
5 192
2 193
3 194
5 195
3 196
3 197
8 198
3 199
2 200
7 201
5 202
6 203
7 204
5 205
6 206
5 207
5 208
6 209
6 210
10 211
10 212
9 213
8 214
10 215
9 216
6 217
7 218
11 219
11 220
15 221
13 222
11 223
21 224
13 225
12 226
28 227
21 228
24 229
31 230
45 231
30 232
29 233
37 234
32 235
30 236
24 237
18 238
16 239
16 240
12 241
14 242
11 243
16 244
13 245
4 246
11 247
6 248
17 249
13 250
10 251
11 252
17 253
13 254
24 255
29 256
17 257
17 258
15 259
15 260
13 261
10 262
7 263
10 264
10 265
7 266
5 267
6 268
1 269
9 270
1 271
3 272
2 273
3 274
7 275
2 276
2 277
8 278
4 279
2 280
2 281
3 283
5 284
6 285
5 286
3 287
4 288
2 289
3 290
3 291
3 292
6 293
4 294
5 295
6 296
5 297
2 298
3 299
3 300
4 301
2 302
6 303
6 304
5 305
3 306
8 307
4 308
3 309
8 310
7 311
8 312
6 313
7 314
3 315
6 317
9 318
9 319
12 320
8 321
11 322
9 323
10 324
12 325
14 326
8 327
6 328
15 329
12 330
6 331
8 332
8 333
14 334
13 335
9 336
12 337
12 338
6 339
7 340
9 341
9 342
12 343
15 344
3 345
4 346
5 347
8 348
13 349
11 350
8 351
9 352
9 353
4 354
11 355
15 356
11 357
22 358
12 359
26 360
29 361
35 362
37 363
46 364
38 365
47 366
30 367
50 368
47 369
35 370
32 371
48 372
34 373
25 374
19 375
19 376
18 377
16 378
20 379
12 380
14 381
11 382
10 383
17 384
8 385
6 386
6 387
11 388
4 389
7 390
10 391
7 392
5 393
5 394
5 395
2 396
5 397
6 398
8 399
2 400
7 401
6 402
10 403
4 404
3 405
5 406
7 407
3 408
2 409
7 410
9 411
4 412
8 413
6 414
5 415
12 416
13 417
7 418
17 419
17 420
19 421
14 422
15 423
14 424
11 425
14 426
16 427
27 428
19 429
20 430
23 431
22 432
14 433
24 434
18 435
27 436
21 437
15 438
12 439
13 440
10 441
7 442
8 443
14 444
10 445
7 446
4 447
4 448
6 449
4 450
6 451
5 452
3 453
5 454
2 455
5 456
4 457
2 458
3 459
3 460
2 461
2 462
6 463
8 464
4 465
4 466
3 467
5 468
2 469
2 470
7 471
5 472
4 473
1 474
1 475
2 476
4 477
11 478
4 479
3 480
7 481
2 482
8 483
2 484
5 485
2 486
2 487
7 488
7 489
7 490
6 491
1 492
9 493
4 494
2 495
3 496
1 497
3 498
1 499
2 500
4 501
4 502
5 503
6 504
4 505
12 506
8 507
8 508
8 509
16 510
8 511
3 512
6 513
13 514
7 515
13 516
10 517
19 518
23 519
17 520
16 521
20 522
15 523
21 524
28 525
33 526
33 527
31 528
19 529
40 530
38 531
39 532
44 533
31 534
49 535
52 536
46 537
33 538
45 539
47 540
44 541
41 542
43 543
39 544
31 545
14 546
24 547
20 548
16 549
20 550
14 551
12 552
13 553
6 554
5 555
6 556
5 557
6 558
8 559
7 560
3 561
5 562
4 563
3 564
7 565
4 566
8 567
6 568
1 569
6 570
9 571
6 572
6 573
3 574
8 575
5 576
4 577
2 578
6 579
4 580
4 581
8 582
4 583
3 584
3 585
2 586
6 587
6 588
8 589
5 590
5 591
9 592
8 593
4 594
4 595
10 596
1 597
2 598
3 599
3 600
4 601
3 602
2 603
5 604
3 605
6 606
6 607
3 608
1 610
3 611
1 612
5 613
3 614
3 615
2 616
1 617
3 618
5 619
2 620
4 621
4 622
3 623
1 624
4 625
4 626
4 627
3 629
8 630
3 631
2 632
5 633
3 634
1 635
4 636
5 637
2 638
8 640
4 641
3 642
3 643
5 644
8 645
4 646
4 647
9 648
8 649
7 650
7 651
5 652
9 653
5 654
9 655
5 656
5 657
4 658
8 659
8 660
4 661
6 662
8 663
5 664
8 665
5 666
6 667
8 668
6 669
4 670
7 671
5 672
2 673
9 674
4 675
7 676
5 677
4 678
7 679
3 680
5 681
5 682
3 683
2 684
2 685
3 686
7 687
4 688
2 689
11 690
4 691
3 692
5 693
2 694
4 695
8 696
6 697
7 698
2 699
5 700
5 701
1 702
1 703
4 704
3 705
2 706
4 707
3 708
2 709
4 710
3 711
5 712
3 713
1 714
3 715
2 716
1 717
3 718
2 719
3 720
4 721
5 722
3 723
7 724
2 725
6 726
4 727
4 728
6 729
6 730
3 731
8 732
6 733
7 734
4 735
5 736
4 737
8 738
5 739
5 740
6 741
13 742
13 743
2 744
7 745
12 746
10 747
9 748
7 749
8 750
4 751
11 752
16 753
10 754
8 755
11 756
10 757
13 758
7 759
12 760
8 761
10 762
9 763
7 764
6 765
8 766
9 767
7 768
5 769
5 770
3 771
3 772
3 773
5 774
2 775
3 776
6 777
3 778
1 779
6 780
3 781
6 782
4 783
1 784
5 785
3 786
4 787
3 789
2 791
4 792
4 793
5 794
1 795
2 796
1 797
4 798
1 799
4 800
3 801
2 802
4 803
4 804
2 805
4 806
4 807
8 808
4 809
5 810
6 811
7 812
9 813
5 814
3 815
6 816
9 817
4 818
8 819
5 820
2 821
6 822
9 823
2 824
3 825
4 826
7 827
6 828
7 829
4 830
7 831
5 832
7 833
7 834
10 835
7 836
14 837
9 838
17 839
6 840
2 841
13 842
11 843
8 844
6 845
7 846
5 847
8 848
5 849
4 850
7 851
7 852
4 853
8 854
5 855
6 856
3 857
6 858
4 859
7 860
5 861
4 862
2 863
6 864
3 865
1 866
3 867
1 868
6 869
5 870
3 871
2 873
5 874
2 875
3 876
5 877
4 878
5 879
4 880
1 881
6 882
3 883
5 884
2 885
3 886
3 887
3 888
4 889
1 890
5 891
5 892
2 893
4 894
3 895
2 896
3 897
3 898
5 899
3 900
3 901
7 902
5 903
2 904
8 905
2 906
5 907
3 908
3 909
3 910
1 911
5 912
5 913
6 914
1 915
3 916
7 917
5 918
3 919
6 922
5 923
5 924
5 925
5 927
4 928
6 929
2 930
11 931
6 932
10 933
5 934
3 935
7 936
9 937
7 938
3 939
5 940
7 941
12 942
6 943
7 944
11 945
12 946
8 947
8 948
3 949
6 950
3 951
8 952
6 953
12 954
7 955
12 956
5 957
9 958
6 959
10 960
16 961
5 962
13 963
6 964
9 965
6 966
5 967
9 968
7 969
7 970
4 971
3 972
4 973
7 974
4 975
6 976
5 977
3 978
2 979
5 980
3 981
5 982
4 983
7 984
9 985
8 986
4 987
5 988
5 989
4 990
5 991
10 992
6 993
8 994
10 995
6 996
7 997
5 998
5 999
8 1000
8 1001
15 1002
13 1003
11 1004
8 1005
10 1006
19 1007
9 1008
10 1009
15 1010
12 1011
14 1012
19 1013
10 1014
12 1015
11 1016
10 1017
15 1018
13 1019
15 1020
13 1021
22 1022
20 1023
15 1024
17 1025
23 1026
14 1027
16 1028
17 1029
22 1030
28 1031
19 1032
15 1033
21 1034
22 1035
21 1036
23 1037
15 1038
21 1039
40 1040
38 1041
34 1042
36 1043
33 1044
33 1045
35 1046
31 1047
34 1048
31 1049
36 1050
43 1051
39 1052
42 1053
49 1054
53 1055
41 1056
45 1057
43 1058
39 1059
48 1060
41 1061
41 1062
47 1063
49 1064
47 1065
43 1066
48 1067
34 1068
65 1069
55 1070
48 1071
47 1072
56 1073
47 1074
58 1075
44 1076
48 1077
60 1078
56 1079
58 1080
81 1081
66 1082
73 1083
79 1084
86 1085
98 1086
106 1087
95 1088
123 1089
127 1090
123 1091
143 1092
136 1093
141 1094
156 1095
161 1096
172 1097
151 1098
176 1099
177 1100
174 1101
149 1102
148 1103
115 1104
122 1105
147 1106
112 1107
98 1108
98 1109
102 1110
74 1111
73 1112
75 1113
73 1114
58 1115
44 1116
45 1117
43 1118
38 1119
31 1120
28 1121
26 1122
25 1123
19 1124
13 1125
14 1126
6 1127
9 1128
10 1129
10 1130
6 1131
10 1132
13 1133
4 1134
5 1135
7 1136
10 1137
2 1138
3 1139
2 1140
4 1141
7 1142
3 1143
3 1144
4 1145
4 1146
2 1147
5 1148
4 1149
4 1150
8 1151
5 1152
5 1153
9 1154
4 1155
4 1156
8 1157
2 1158
3 1159
6 1160
8 1161
4 1162
4 1163
7 1164
15 1165
13 1166
13 1167
11 1168
8 1169
13 1170
6 1171
11 1172
10 1173
17 1174
10 1175
11 1176
16 1177
15 1178
12 1179
19 1180
12 1181
23 1182
13 1183
15 1184
19 1185
21 1186
24 1187
19 1188
21 1189
22 1190
17 1191
19 1192
13 1193
17 1194
12 1195
10 1196
17 1197
16 1198
12 1199
10 1200
9 1201
8 1202
12 1203
11 1204
10 1205
4 1206
2 1207
7 1208
8 1209
2 1210
7 1211
7 1212
5 1213
6 1214
3 1215
2 1216
5 1217
6 1218
4 1219
4 1220
1 1221
4 1222
4 1223
3 1224
3 1225
1 1226
1 1227
1 1228
2 1230
3 1231
2 1232
2 1234
3 1235
1 1236
3 1237
4 1238
1 1239
1 1240
2 1242
4 1243
3 1244
2 1245
2 1246
1 1247
3 1248
3 1249
3 1250
1 1251
2 1252
3 1253
1 1254
2 1255
2 1257
2 1258
3 1259
4 1260
3 1262
6 1263
4 1264
2 1265
5 1266
4 1267
2 1268
3 1270
7 1271
3 1272
2 1273
4 1274
1 1275
8 1276
3 1277
3 1278
4 1279
4 1280
1 1281
3 1282
4 1283
4 1284
4 1285
6 1286
3 1287
2 1288
4 1289
7 1290
4 1291
4 1292
3 1293
5 1294
2 1295
1 1296
5 1297
2 1298
4 1299
6 1300
2 1302
2 1303
4 1304
3 1305
1 1307
2 1308
3 1309
2 1310
2 1311
2 1312
2 1313
2 1314
2 1316
1 1317
1 1320
1 1321
2 1322
4 1323
4 1324
3 1325
1 1328
5 1329
1 1331
2 1332
2 1333
2 1334
1 1335
4 1338
7 1340
3 1341
2 1342
1 1343
1 1344
2 1345
2 1346
1 1347
3 1348
3 1349
1 1350
1 1352
1 1353
2 1354
1 1355
2 1356
2 1358
3 1359
2 1360
2 1361
2 1362
3 1364
1 1365
4 1366
2 1368
1 1369
4 1371
1 1372
1 1373
7 1374
3 1376
2 1377
1 1378
2 1379
3 1380
1 1381
4 1382
1 1384
3 1386
1 1387
2 1388
3 1389
2 1390
5 1392
4 1393
2 1394
1 1395
2 1396
2 1397
3 1398
3 1400
1 1402
1 1404
2 1407
1 1408
2 1409
2 1410
5 1411
1 1412
1 1414
2 1415
2 1416
3 1417
3 1418
7 1420
2 1421
3 1422
3 1423
1 1424
1 1429
1 1430
1 1431
1 1433
3 1434
3 1435
2 1438
1 1439
3 1440
1 1441
1 1442
2 1443
2 1444
2 1445
3 1447
2 1448
4 1449
2 1450
3 1452
1 1456
1 1457
3 1459
2 1460
3 1462
3 1463
1 1464
2 1466
4 1468
2 1469
3 1470
3 1471
3 1472
1 1473
2 1474
4 1475
2 1476
3 1477
1 1478
1 1479
1 1480
3 1481
4 1482
4 1483
3 1485
2 1486
1 1488
1 1489
2 1491
3 1492
2 1493
1 1494
3 1495
1 1496
1 1497
2 1499
2 1500
5 1501
2 1502
2 1503
2 1504
1 1505
4 1506
2 1507
4 1508
2 1509
1 1510
5 1511
1 1513
5 1514
3 1515
2 1516
3 1517
2 1518
4 1519
1 1520
4 1522
1 1523
5 1524
3 1526
3 1528
2 1529
2 1530
2 1531
3 1532
3 1533
5 1534
2 1535
5 1537
2 1538
4 1539
2 1540
6 1541
4 1543
5 1544
2 1545
3 1546
3 1547
3 1548
3 1549
2 1550
2 1551
1 1552
2 1553
5 1554
4 1555
3 1556
2 1557
4 1558
4 1559
3 1560
4 1561
3 1562
1 1563
6 1564
3 1565
4 1566
1 1567
6 1568
2 1569
3 1570
7 1571
3 1572
3 1573
6 1574
3 1575
4 1576
6 1577
6 1578
4 1579
10 1580
7 1581
2 1582
6 1583
1 1584
9 1585
1 1586
5 1587
3 1588
6 1589
3 1590
4 1591
10 1592
2 1593
8 1594
10 1595
6 1596
6 1597
7 1598
8 1599
3 1600
5 1601
7 1602
2 1603
7 1604
8 1605
9 1606
10 1607
10 1608
5 1609
8 1610
7 1611
8 1612
10 1613
13 1614
11 1615
7 1616
7 1617
7 1618
6 1619
8 1620
7 1621
10 1622
10 1623
15 1624
11 1625
11 1626
7 1627
13 1628
10 1629
16 1630
8 1631
15 1632
12 1633
12 1634
12 1635
14 1636
12 1637
9 1638
10 1639
14 1640
13 1641
18 1642
13 1643
14 1644
18 1645
12 1646
17 1647
17 1648
13 1649
13 1650
18 1651
14 1652
10 1653
10 1654
14 1655
9 1656
7 1657
12 1658
15 1659
10 1660
11 1661
14 1662
13 1663
19 1664
13 1665
13 1666
9 1667
14 1668
10 1669
12 1670
9 1671
14 1672
10 1673
6 1674
12 1675
11 1676
12 1677
10 1678
17 1679
14 1680
14 1681
13 1682
12 1683
14 1684
13 1685
21 1686
18 1687
15 1688
19 1689
21 1690
14 1691
18 1692
17 1693
24 1694
25 1695
22 1696
37 1697
30 1698
30 1699
38 1700
35 1701
36 1702
29 1703
35 1704
29 1705
33 1706
40 1707
43 1708
61 1709
55 1710
52 1711
72 1712
46 1713
50 1714
62 1715
61 1716
76 1717
73 1718
66 1719
78 1720
77 1721
80 1722
76 1723
70 1724
73 1725
88 1726
80 1727
85 1728
101 1729
92 1730
79 1731
86 1732
81 1733
92 1734
84 1735
80 1736
75 1737
69 1738
91 1739
86 1740
68 1741
82 1742
66 1743
68 1744
66 1745
55 1746
73 1747
70 1748
56 1749
59 1750
42 1751
41 1752
49 1753
43 1754
43 1755
31 1756
50 1757
35 1758
38 1759
26 1760
32 1761
21 1762
29 1763
38 1764
33 1765
24 1766
26 1767
18 1768
21 1769
23 1770
31 1771
26 1772
11 1773
21 1774
13 1775
25 1776
16 1777
10 1778
15 1779
19 1780
17 1781
13 1782
12 1783
14 1784
14 1785
12 1786
14 1787
10 1788
10 1789
7 1790
10 1791
7 1792
10 1793
12 1794
12 1795
11 1796
14 1797
13 1798
14 1799
7 1800
7 1801
9 1802
8 1803
8 1804
9 1805
10 1806
11 1807
8 1808
4 1809
7 1810
8 1811
5 1812
13 1813
4 1814
7 1815
8 1816
7 1817
2 1818
6 1819
12 1820
5 1821
7 1822
11 1823
6 1824
4 1825
13 1826
11 1827
8 1828
8 1829
9 1830
7 1831
10 1832
8 1833
4 1834
14 1835
13 1836
7 1837
8 1838
6 1839
6 1840
7 1841
7 1842
6 1843
9 1844
6 1845
10 1846
4 1847
11 1848
5 1849
7 1850
6 1851
9 1852
8 1853
9 1854
13 1855
9 1856
8 1857
9 1858
5 1859
7 1860
8 1861
8 1862
8 1863
10 1864
6 1865
14 1866
8 1867
7 1868
7 1869
8 1870
6 1871
6 1872
7 1873
9 1874
6 1875
4 1876
8 1877
4 1878
6 1879
13 1880
10 1881
11 1882
12 1883
14 1884
8 1885
9 1886
14 1887
11 1888
9 1889
16 1890
14 1891
12 1892
16 1893
10 1894
17 1895
21 1896
19 1897
29 1898
22 1899
30 1900
29 1901
21 1902
23 1903
31 1904
27 1905
37 1906
39 1907
36 1908
35 1909
41 1910
41 1911
37 1912
59 1913
48 1914
48 1915
52 1916
59 1917
44 1918
47 1919
60 1920
46 1921
57 1922
61 1923
45 1924
68 1925
53 1926
45 1927
57 1928
52 1929
37 1930
42 1931
42 1932
43 1933
42 1934
42 1935
39 1936
27 1937
33 1938
31 1939
30 1940
23 1941
30 1942
25 1943
21 1944
17 1945
11 1946
19 1947
18 1948
12 1949
17 1950
11 1951
8 1952
9 1953
7 1954
3 1955
11 1956
10 1957
9 1958
1 1959
4 1960
3 1961
5 1962
2 1963
3 1964
4 1965
3 1966
6 1967
3 1968
2 1969
3 1970
1 1971
2 1973
2 1975
2 1978
2 1979
2 1980
1 1981
1 1982
1 1983
1 1987
1 1990
1 1991
1 1992
2 1996
1 2004
1 2011
1 2013
1 2020
1 2021
1 2027
1 2031
1 2033
1 2038
1 2052
1 2057
1 2058
1 2066
2 2068
1 2079
1 2090
1 2094
1 2096
1 2101
1 2111
1 2137
1 2141
1 2147
1 2150
1 2152
1 2172
1 2175
1 2176
1 2177
1 2178
1 2191
1 2201
2 2204
1 2214
1 2230
2 2232
1 2235
1 2248
1 2258
1 2265
1 2273
1 2296
1 2302
1 2303
1 2320
1 2322
1 2324
1 2327
1 2329
1 2333
1 2335
1 2338
1 2345
1 2346
1 2358
1 2371
1 2375
1 2382
1 2391
1 2392
1 2397
1 2418
1 2425
1 2437
1 2448
1 2451
1 2469
1 2473
1 2479
1 2490
1 2491
1 2502
1 2504
1 2505
1 2506
1 2517
1 2521
1 2525
1 2531
1 2535
1 2556
1 2562
1 2569
1 2570
2 2573
1 2574
1 2585
1 2586
1 2587
2 2589
1 2592
1 2593
2 2597
2 2598
1 2600
1 2604
1 2606
1 2607
1 2608
1 2609
3 2610
1 2611
1 2612
1 2613
1 2614
1 2615
2 2616
1 2618
1 2619
1 2620
1 2621
1 2623
1 2624
1 2627
1 2628
1 2629
4 2630
3 2631
2 2632
1 2633
2 2634
1 2635
3 2636
4 2637
1 2638
1 2639
2 2640
1 2642
1 2643
3 2644
2 2645
1 2646
2 2647
6 2648
2 2650
1 2651
3 2652
1 2653
2 2654
3 2655
1 2657
1 2661
1 2662
1 2663
1 2664
2 2667
3 2670
1 2674
1 2676
2 2680
1 2701
1 2711
1 2718
1 2738
1 2742
1 2771
1 2807
1 2831
1 2835
1 2863
1 2868
1 2869
1 2875
1 2902
1 2907
1 2910
1 2917
1 2925
1 2931
2 2940
1 2943
1 2944
1 2967
1 3010
1 3052
1 3071
1 3118
1 3119
1 3145
1 3165
1 3250
1 3288
1 3333
1 3337
1 3405
1 3512
1 3537
1 3580
1 3675
1 3875
1 4091
1 4194
1 4257
1 4585
1 4690
