3 2
1 5
3 7
1 8
2 11
1 12
2 13
1 14
1 15
2 19
1 20
1 22
1 25
3 28
2 29
2 30
2 31
2 32
1 33
1 35
1 37
1 38
1 39
1 40
1 41
2 44
1 46
1 47
1 50
1 52
1 53
2 54
1 55
2 56
5 59
3 60
1 61
1 62
3 63
1 66
1 68
4 69
3 70
3 72
2 73
1 74
3 75
1 76
2 77
1 78
1 79
1 80
1 81
2 82
4 83
2 84
2 85
4 86
3 88
3 89
3 90
2 91
1 93
3 94
2 95
4 96
4 97
2 98
2 99
3 100
2 101
4 102
5 103
3 104
2 105
6 106
2 107
1 108
3 109
5 110
5 111
2 112
2 113
5 114
5 115
4 116
6 117
6 118
5 119
5 120
7 121
10 122
6 123
8 124
7 125
3 126
3 127
7 128
4 129
1 130
1 131
2 132
2 133
3 134
2 135
1 136
3 137
2 138
4 139
2 140
3 141
6 142
1 143
3 144
2 146
6 147
3 148
1 149
7 150
7 151
2 152
5 153
3 154
8 155
4 156
9 157
5 158
7 159
2 160
9 161
5 162
9 163
6 164
10 165
3 166
5 167
1 168
5 169
3 170
7 171
4 172
6 173
4 174
7 175
3 176
2 177
4 178
3 179
8 180
8 181
7 182
5 183
6 184
8 185
19 186
20 187
10 188
20 189
33 190
33 191
38 192
62 193
67 194
78 195
96 196
78 197
89 198
78 199
67 200
66 201
53 202
46 203
26 204
23 205
20 206
17 207
18 208
5 209
7 210
8 211
14 212
4 213
8 214
8 215
6 216
7 217
6 218
4 219
8 220
5 221
6 222
3 223
5 224
7 225
5 226
3 227
3 228
1 229
2 230
6 231
5 232
4 233
7 234
9 235
10 236
6 237
7 238
2 239
10 240
4 241
13 242
11 243
14 244
7 245
9 246
6 247
11 248
6 249
1 250
11 251
18 252
13 253
13 254
20 255
17 256
14 257
18 258
12 259
18 260
20 261
14 262
14 263
14 264
19 265
13 266
12 267
29 268
21 269
20 270
33 271
30 272
36 273
41 274
40 275
43 276
33 277
24 278
36 279
19 280
36 281
31 282
31 283
23 284
29 285
24 286
19 287
23 288
34 289
33 290
36 291
54 292
54 293
73 294
68 295
84 296
99 297
109 298
110 299
146 300
149 301
130 302
158 303
185 304
155 305
139 306
125 307
124 308
123 309
90 310
84 311
54 312
50 313
52 314
43 315
31 316
51 317
45 318
49 319
53 320
41 321
53 322
71 323
74 324
80 325
75 326
73 327
71 328
56 329
73 330
71 331
75 332
79 333
62 334
63 335
41 336
41 337
32 338
35 339
31 340
31 341
27 342
27 343
33 344
30 345
33 346
34 347
42 348
38 349
46 350
37 351
41 352
35 353
36 354
33 355
38 356
28 357
29 358
19 359
21 360
20 361
25 362
28 363
19 364
25 365
23 366
31 367
39 368
30 369
44 370
23 371
38 372
33 373
35 374
37 375
36 376
25 377
37 378
35 379
28 380
33 381
37 382
31 383
27 384
27 385
32 386
27 387
39 388
18 389
21 390
16 391
14 392
13 393
13 394
13 395
14 396
20 397
19 398
11 399
19 400
16 401
11 402
14 403
7 404
17 405
15 406
20 407
14 408
19 409
13 410
17 411
7 412
22 413
21 414
15 415
23 416
18 417
17 418
18 419
22 420
10 421
12 422
16 423
21 424
23 425
31 426
20 427
33 428
25 429
32 430
27 431
38 432
38 433
29 434
29 435
33 436
38 437
33 438
29 439
35 440
29 441
30 442
25 443
22 444
25 445
20 446
20 447
19 448
14 449
17 450
20 451
18 452
14 453
23 454
15 455
18 456
19 457
23 458
16 459
28 460
18 461
21 462
27 463
22 464
24 465
13 466
17 467
21 468
29 469
25 470
18 471
25 472
29 473
14 474
24 475
20 476
19 477
21 478
18 479
20 480
17 481
19 482
11 483
27 484
21 485
24 486
22 487
14 488
14 489
18 490
23 491
18 492
26 493
20 494
22 495
18 496
23 497
22 498
24 499
19 500
18 501
21 502
28 503
19 504
29 505
22 506
27 507
24 508
24 509
28 510
31 511
35 512
27 513
28 514
42 515
36 516
48 517
48 518
56 519
40 520
49 521
65 522
53 523
72 524
84 525
78 526
63 527
78 528
76 529
70 530
62 531
73 532
55 533
61 534
62 535
54 536
45 537
56 538
33 539
39 540
24 541
26 542
28 543
15 544
11 545
23 546
22 547
20 548
18 549
12 550
8 551
18 552
12 553
5 554
8 555
17 556
14 557
14 558
8 559
17 560
8 561
5 562
14 563
10 564
9 565
11 566
13 567
14 568
11 569
14 570
8 571
11 572
12 573
11 574
12 575
13 576
9 577
13 578
28 579
12 580
18 581
13 582
24 583
21 584
16 585
20 586
21 587
26 588
19 589
15 590
31 591
25 592
19 593
24 594
11 595
23 596
25 597
26 598
24 599
32 600
22 601
27 602
21 603
30 604
31 605
32 606
30 607
25 608
28 609
23 610
23 611
22 612
13 613
20 614
20 615
15 616
20 617
23 618
11 619
12 620
13 621
13 622
13 623
11 624
12 625
9 626
10 627
15 628
11 629
4 630
11 631
8 632
14 633
13 634
7 635
18 636
17 637
11 638
15 639
11 640
12 641
13 642
14 643
22 644
21 645
20 646
12 647
14 648
15 649
24 650
21 651
15 652
25 653
27 654
32 655
33 656
28 657
33 658
43 659
31 660
42 661
43 662
35 663
34 664
48 665
38 666
31 667
39 668
45 669
32 670
37 671
46 672
34 673
28 674
27 675
33 676
31 677
30 678
22 679
40 680
27 681
26 682
28 683
30 684
23 685
38 686
21 687
27 688
23 689
28 690
24 691
15 692
13 693
28 694
22 695
16 696
15 697
25 698
18 699
17 700
17 701
10 702
15 703
18 704
15 705
11 706
17 707
13 708
13 709
18 710
16 711
17 712
13 713
6 714
11 715
14 716
15 717
13 718
7 719
8 720
13 721
12 722
8 723
15 724
6 725
9 726
12 727
7 728
8 729
17 730
9 731
7 732
16 733
9 734
15 735
22 736
14 737
19 738
15 739
14 740
19 741
12 742
13 743
20 744
8 745
14 746
14 747
11 748
18 749
8 750
14 751
10 752
15 753
9 754
10 755
17 756
9 757
11 758
5 759
12 760
16 761
9 762
6 763
11 764
7 765
6 766
15 767
9 768
9 769
8 770
4 771
11 772
10 773
7 774
15 775
19 776
9 777
17 778
12 779
15 780
14 781
11 782
14 783
14 784
16 785
20 786
13 787
16 788
13 789
12 790
19 791
16 792
12 793
14 794
21 795
17 796
16 797
13 798
18 799
10 800
11 801
13 802
14 803
10 804
9 805
17 806
8 807
4 808
11 809
7 810
15 811
10 812
10 813
14 814
14 815
11 816
9 817
15 818
12 819
12 820
12 821
13 822
15 823
20 824
13 825
12 826
17 827
17 828
17 829
14 830
25 831
23 832
17 833
14 834
27 835
19 836
20 837
22 838
30 839
25 840
16 841
20 842
31 843
19 844
28 845
32 846
23 847
28 848
34 849
35 850
26 851
37 852
35 853
31 854
39 855
47 856
49 857
40 858
42 859
46 860
50 861
45 862
51 863
54 864
55 865
45 866
34 867
25 868
43 869
39 870
32 871
33 872
32 873
32 874
30 875
36 876
28 877
33 878
38 879
33 880
32 881
26 882
28 883
36 884
28 885
39 886
41 887
35 888
39 889
52 890
35 891
51 892
48 893
54 894
48 895
57 896
60 897
61 898
61 899
73 900
63 901
63 902
84 903
86 904
58 905
61 906
68 907
57 908
54 909
57 910
51 911
49 912
37 913
35 914
32 915
31 916
30 917
21 918
18 919
13 920
11 921
16 922
12 923
12 924
7 925
11 926
5 927
7 928
10 929
5 930
4 931
7 932
3 933
2 934
4 935
4 936
3 937
10 938
1 939
4 940
4 941
4 942
3 943
4 944
2 945
2 946
3 947
2 948
2 949
2 950
2 951
2 952
1 954
5 956
1 957
1 958
2 959
2 960
2 961
1 962
2 963
5 964
3 965
3 966
1 967
2 968
3 970
1 972
3 973
1 974
2 975
3 976
3 980
3 981
2 982
3 983
1 984
1 985
2 986
2 988
3 989
3 992
2 994
2 996
1 997
1 999
2 1001
2 1002
3 1004
4 1005
2 1006
1 1007
5 1008
1 1009
1 1011
2 1013
2 1014
3 1015
1 1016
2 1017
2 1018
1 1019
1 1021
2 1022
3 1023
1 1025
2 1026
2 1027
3 1028
2 1030
3 1031
1 1032
3 1033
2 1034
2 1036
3 1037
1 1040
5 1041
1 1042
2 1043
2 1044
2 1045
2 1046
3 1047
2 1048
1 1049
3 1050
3 1051
2 1052
2 1053
2 1054
2 1055
1 1056
3 1057
1 1058
5 1059
4 1060
3 1061
3 1062
1 1063
3 1064
1 1066
1 1067
1 1068
7 1069
4 1070
5 1072
2 1073
5 1075
4 1076
3 1077
2 1078
2 1081
3 1082
2 1083
3 1084
2 1085
2 1086
6 1087
2 1088
2 1090
3 1091
2 1092
3 1093
2 1094
2 1095
2 1096
3 1100
4 1101
2 1102
2 1103
1 1104
4 1105
2 1106
1 1107
1 1108
1 1110
2 1114
2 1115
2 1116
2 1117
3 1118
1 1119
3 1120
1 1121
3 1122
2 1123
2 1124
2 1125
2 1126
3 1127
3 1128
4 1129
2 1130
1 1131
3 1132
6 1133
3 1134
1 1135
3 1136
2 1137
2 1138
2 1139
3 1140
3 1141
1 1142
1 1143
3 1144
1 1145
3 1146
2 1147
3 1149
1 1150
3 1151
4 1152
3 1153
4 1154
5 1155
5 1156
5 1157
7 1158
1 1159
5 1160
2 1161
3 1162
1 1163
7 1164
4 1165
7 1166
9 1167
7 1168
5 1169
7 1170
4 1171
5 1172
10 1173
9 1174
9 1175
8 1176
5 1177
8 1178
11 1179
12 1180
10 1181
17 1182
16 1183
14 1184
14 1185
19 1186
11 1187
8 1188
19 1189
9 1190
15 1191
10 1192
16 1193
21 1194
8 1195
12 1196
13 1197
9 1198
10 1199
14 1200
14 1201
9 1202
8 1203
9 1204
8 1205
8 1206
9 1207
6 1208
12 1209
7 1210
4 1211
4 1212
5 1213
7 1214
4 1215
3 1216
2 1217
7 1218
7 1219
3 1220
3 1221
2 1222
3 1223
5 1224
2 1225
1 1226
6 1227
4 1228
3 1230
1 1231
2 1232
2 1233
3 1234
1 1235
2 1236
3 1237
3 1238
2 1240
2 1241
1 1242
2 1243
3 1244
2 1245
2 1246
3 1247
6 1248
3 1249
2 1250
3 1251
9 1252
4 1253
3 1254
5 1255
2 1256
3 1257
6 1258
6 1259
9 1260
4 1261
2 1262
6 1263
8 1264
8 1265
8 1266
10 1267
7 1268
5 1269
9 1270
8 1271
7 1272
13 1273
7 1274
9 1275
15 1276
13 1277
11 1278
14 1279
17 1280
12 1281
19 1282
18 1283
20 1284
19 1285
22 1286
21 1287
20 1288
14 1289
25 1290
20 1291
28 1292
23 1293
20 1294
36 1295
22 1296
22 1297
20 1298
24 1299
28 1300
20 1301
19 1302
27 1303
18 1304
23 1305
24 1306
19 1307
17 1308
22 1309
15 1310
17 1311
16 1312
15 1313
10 1314
14 1315
15 1316
14 1317
6 1318
14 1319
12 1320
11 1321
9 1322
11 1323
2 1324
7 1325
15 1326
11 1327
3 1328
8 1329
7 1330
6 1331
8 1332
10 1333
9 1334
5 1335
6 1336
7 1337
4 1338
6 1339
2 1340
11 1341
8 1342
4 1343
1 1344
6 1345
11 1346
1 1347
3 1348
4 1349
6 1350
5 1351
3 1352
4 1353
4 1354
3 1355
3 1356
4 1357
1 1358
2 1359
2 1360
2 1361
1 1362
3 1363
3 1364
2 1365
2 1366
1 1367
1 1369
2 1370
2 1371
5 1372
3 1373
4 1374
2 1375
3 1376
4 1377
5 1378
8 1379
1 1380
2 1381
2 1382
2 1383
3 1384
7 1385
1 1386
2 1387
2 1388
2 1389
4 1390
5 1391
1 1392
3 1393
3 1394
4 1395
1 1396
8 1397
1 1398
2 1399
5 1400
3 1401
4 1402
2 1403
1 1404
4 1405
3 1406
3 1407
1 1408
1 1409
2 1410
2 1411
2 1412
1 1413
3 1414
2 1415
5 1417
1 1418
4 1419
2 1420
2 1421
6 1422
4 1423
1 1426
1 1427
3 1428
1 1429
4 1431
5 1432
2 1433
3 1434
5 1435
4 1436
1 1437
1 1438
4 1439
4 1440
4 1441
3 1442
2 1443
2 1444
1 1445
4 1446
2 1447
4 1448
7 1449
2 1450
3 1451
2 1452
1 1453
10 1454
3 1455
1 1456
4 1457
3 1458
2 1459
2 1460
4 1462
1 1463
4 1464
8 1465
1 1466
3 1467
3 1468
1 1469
1 1470
4 1471
5 1472
1 1473
3 1474
4 1475
5 1476
3 1477
3 1478
4 1479
5 1480
3 1481
3 1482
4 1483
6 1484
1 1485
4 1486
5 1487
2 1488
1 1489
3 1490
4 1491
3 1492
1 1493
1 1494
3 1495
5 1496
2 1497
3 1498
1 1499
1 1500
4 1501
2 1504
2 1505
1 1506
2 1507
1 1508
3 1509
1 1510
1 1511
3 1512
3 1513
3 1514
1 1515
1 1518
3 1519
3 1520
3 1521
1 1522
5 1523
2 1524
1 1525
3 1526
3 1527
2 1528
4 1529
1 1530
4 1532
5 1533
2 1534
1 1536
1 1537
2 1539
3 1540
1 1541
5 1542
3 1543
7 1546
2 1547
3 1549
2 1550
3 1551
3 1552
6 1553
4 1556
1 1557
2 1558
2 1560
3 1561
3 1563
2 1564
3 1565
1 1566
2 1567
1 1570
1 1571
1 1572
3 1573
1 1574
2 1577
1 1578
1 1579
2 1584
1 1585
1 1586
1 1588
1 1591
2 1592
3 1593
1 1594
1 1595
2 1597
1 1598
2 1599
3 1602
1 1603
2 1604
2 1605
2 1606
3 1607
1 1608
2 1609
3 1610
2 1613
1 1614
1 1616
2 1617
2 1618
3 1619
1 1620
1 1621
2 1622
3 1623
1 1624
3 1625
4 1626
7 1627
4 1628
3 1630
3 1631
4 1633
4 1634
4 1635
2 1636
5 1637
3 1638
5 1639
3 1640
3 1641
2 1642
3 1643
1 1644
4 1645
3 1646
6 1647
4 1648
7 1649
3 1650
4 1651
5 1652
3 1653
4 1654
1 1655
3 1656
4 1657
2 1658
4 1659
5 1660
1 1661
2 1662
5 1663
1 1664
1 1665
2 1666
2 1667
1 1668
1 1669
1 1670
1 1671
1 1672
1 1673
2 1674
4 1678
1 1679
1 1680
1 1684
1 1687
1 1689
1 1691
1 1692
1 1693
1 1694
3 1695
1 1696
2 1697
1 1698
1 1701
1 1702
1 1705
1 1708
1 1711
1 1716
1 1718
1 1719
1 1728
1 1731
1 1732
1 1733
3 1735
1 1736
1 1737
1 1738
1 1741
2 1745
1 1746
1 1748
1 1749
2 1750
1 1753
1 1754
1 1756
2 1759
1 1760
2 1765
1 1766
1 1767
2 1769
2 1772
1 1773
1 1777
1 1778
2 1780
1 1782
2 1783
1 1787
2 1788
1 1789
3 1790
3 1793
2 1795
2 1797
2 1798
1 1800
2 1801
1 1802
1 1804
2 1805
2 1808
4 1809
2 1810
1 1812
1 1815
1 1816
1 1817
1 1818
2 1820
1 1821
3 1823
1 1824
1 1825
1 1829
1 1830
1 1831
2 1832
2 1835
1 1837
2 1839
1 1840
2 1842
1 1843
1 1848
1 1849
1 1852
3 1853
1 1854
2 1855
2 1856
2 1858
1 1859
1 1860
2 1861
1 1862
1 1863
4 1864
2 1865
1 1866
3 1867
2 1868
1 1869
3 1870
3 1871
4 1872
4 1873
1 1874
2 1875
4 1876
2 1877
4 1878
4 1879
3 1880
5 1881
1 1882
6 1883
4 1884
4 1885
3 1886
3 1887
2 1888
5 1890
5 1891
2 1892
2 1893
2 1895
5 1896
2 1897
4 1898
1 1899
2 1900
5 1901
5 1903
3 1904
3 1905
1 1906
1 1907
3 1908
1 1909
1 1910
2 1911
2 1912
3 1913
2 1914
2 1915
1 1916
1 1917
1 1918
1 1920
1 1921
2 1922
1 1924
2 1925
2 1928
2 1929
3 1931
1 1932
2 1936
2 1937
2 1938
1 1941
1 1942
1 1943
2 1944
3 1947
1 1948
5 1950
6 1951
1 1952
2 1955
1 1956
1 1957
1 1959
2 1960
1 1962
1 1963
2 1964
1 1965
3 1966
3 1967
2 1969
3 1970
1 1971
3 1972
1 1973
1 1974
1 1975
1 1978
3 1979
1 1980
1 1981
1 1983
1 1986
1 1989
1 1990
2 1991
1 1993
1 1995
3 1997
2 1999
1 2001
1 2002
1 2003
1 2005
1 2010
1 2014
1 2018
1 2020
1 2024
3 2025
1 2029
2 2032
1 2033
1 2037
1 2038
1 2041
1 2042
2 2045
2 2046
1 2049
1 2052
1 2054
1 2056
1 2057
1 2058
2 2059
3 2060
2 2061
1 2062
1 2063
2 2067
1 2069
2 2071
1 2072
1 2073
1 2075
2 2076
2 2078
2 2080
2 2082
1 2083
2 2085
1 2087
1 2088
1 2089
1 2090
1 2092
2 2094
3 2096
1 2097
1 2098
1 2099
2 2101
1 2102
1 2104
1 2105
1 2109
1 2110
1 2111
1 2112
1 2114
1 2115
1 2116
1 2117
3 2118
1 2123
2 2124
1 2125
2 2127
3 2131
1 2133
1 2135
1 2136
1 2137
2 2139
1 2141
2 2143
1 2145
1 2146
1 2149
3 2150
1 2152
5 2153
1 2155
2 2158
1 2159
1 2161
1 2162
1 2164
1 2165
2 2167
1 2169
1 2170
1 2173
4 2174
1 2175
2 2178
2 2179
1 2180
2 2181
2 2182
1 2183
1 2184
2 2185
2 2186
1 2188
1 2189
2 2190
1 2191
2 2192
1 2193
1 2194
1 2195
1 2197
1 2198
2 2201
2 2202
6 2203
2 2204
2 2205
3 2206
1 2207
3 2208
1 2209
2 2210
2 2213
2 2214
1 2215
1 2216
1 2217
1 2218
1 2219
2 2221
3 2222
1 2223
2 2224
2 2225
1 2226
1 2227
1 2228
1 2229
1 2230
1 2231
2 2232
1 2234
1 2236
1 2239
3 2241
1 2243
1 2244
2 2245
3 2247
2 2248
1 2249
2 2250
1 2251
1 2252
2 2253
1 2255
1 2256
1 2257
3 2259
2 2260
1 2261
1 2262
2 2264
1 2265
3 2267
4 2270
4 2272
1 2273
1 2274
2 2275
2 2277
1 2278
1 2279
2 2280
1 2282
1 2283
5 2284
1 2285
1 2286
2 2287
4 2288
3 2289
2 2290
1 2291
4 2292
3 2293
4 2294
4 2295
1 2296
2 2297
3 2298
3 2299
3 2300
1 2302
3 2304
4 2306
2 2307
4 2308
5 2309
6 2310
2 2311
5 2312
4 2313
4 2314
1 2316
2 2318
1 2319
4 2320
1 2321
2 2322
2 2323
1 2324
1 2325
2 2326
1 2327
3 2329
4 2330
2 2331
1 2332
1 2333
1 2334
1 2335
3 2336
5 2337
3 2338
2 2339
1 2340
2 2341
3 2342
1 2343
3 2344
1 2345
2 2346
1 2347
1 2348
2 2349
2 2350
5 2351
4 2352
5 2353
1 2354
4 2355
3 2356
2 2357
6 2358
1 2359
3 2360
2 2361
4 2362
9 2363
4 2364
7 2365
4 2366
5 2367
3 2368
7 2369
5 2370
4 2371
3 2372
3 2373
9 2374
4 2375
4 2376
4 2377
9 2378
12 2379
7 2380
6 2381
10 2382
12 2383
5 2384
13 2385
9 2386
10 2387
11 2388
9 2389
11 2390
8 2391
12 2392
9 2393
13 2394
8 2395
14 2396
11 2397
19 2398
9 2399
11 2400
8 2401
7 2402
13 2403
13 2404
13 2405
13 2406
5 2407
9 2408
14 2409
9 2410
11 2411
9 2412
9 2413
11 2414
8 2415
2 2416
8 2417
5 2418
2 2419
7 2420
10 2421
9 2422
10 2423
5 2424
2 2425
5 2426
3 2427
4 2428
6 2429
6 2430
3 2431
3 2432
2 2433
3 2434
4 2435
4 2436
3 2437
2 2439
1 2440
2 2441
2 2443
3 2444
1 2445
1 2446
2 2447
1 2449
1 2450
2 2451
2 2456
1 2457
1 2459
1 2460
1 2461
1 2462
1 2465
1 2467
1 2472
1 2477
1 2479
2 2481
2 2487
1 2492
1 2493
1 2496
1 2503
1 2506
1 2512
1 2520
2 2521
1 2525
1 2530
1 2537
1 2544
1 2550
1 2552
1 2558
1 2560
1 2565
1 2574
1 2577
1 2581
1 2587
1 2592
1 2593
1 2602
1 2603
1 2605
1 2608
1 2611
3 2619
1 2621
1 2622
1 2624
1 2625
1 2626
1 2627
1 2628
1 2630
1 2633
2 2635
1 2637
1 2638
1 2639
2 2640
1 2641
3 2644
2 2646
3 2650
1 2651
3 2652
1 2654
1 2657
1 2658
1 2660
1 2661
2 2663
1 2664
1 2666
3 2671
1 2674
1 2676
1 2678
1 2680
1 2682
1 2686
1 2687
3 2689
1 2690
1 2691
1 2694
1 2695
1 2696
1 2697
2 2701
1 2703
3 2704
1 2705
2 2706
1 2707
2 2708
1 2709
3 2710
1 2713
1 2714
1 2716
3 2717
3 2718
1 2719
2 2721
1 2725
1 2726
1 2727
1 2732
1 2733
1 2734
1 2737
1 2740
2 2741
1 2742
1 2745
1 2747
1 2748
1 2749
1 2750
1 2754
1 2755
4 2756
1 2758
2 2761
1 2762
2 2763
1 2768
2 2772
1 2773
1 2774
1 2775
2 2778
1 2779
1 2780
1 2781
1 2783
1 2785
1 2786
4 2789
1 2790
2 2794
1 2795
2 2799
1 2801
1 2802
1 2803
1 2804
1 2805
1 2806
1 2807
1 2808
1 2812
2 2816
2 2817
1 2818
1 2819
3 2820
3 2821
1 2822
1 2823
2 2824
1 2826
2 2829
2 2830
4 2832
1 2833
3 2834
4 2835
2 2837
3 2838
2 2839
2 2840
5 2842
4 2844
1 2845
2 2846
1 2847
2 2848
3 2849
3 2850
2 2851
1 2852
3 2853
2 2855
1 2856
3 2857
3 2858
3 2859
3 2860
2 2861
3 2863
4 2864
1 2865
4 2866
2 2867
5 2868
3 2869
1 2870
1 2872
3 2873
2 2874
3 2875
1 2876
4 2877
1 2878
5 2879
3 2880
5 2881
2 2882
3 2883
3 2884
2 2885
3 2886
1 2887
1 2888
1 2889
6 2890
7 2891
4 2892
2 2893
4 2894
3 2895
4 2896
6 2897
4 2898
7 2899
3 2900
3 2901
3 2902
6 2903
6 2904
3 2905
2 2906
4 2907
5 2908
5 2909
6 2910
3 2911
10 2912
4 2913
3 2914
2 2915
4 2916
3 2917
8 2918
9 2919
6 2920
10 2921
7 2922
6 2923
5 2924
4 2925
10 2926
6 2927
14 2928
8 2929
5 2930
6 2931
10 2932
7 2933
6 2934
6 2935
11 2936
10 2937
8 2938
8 2939
6 2940
14 2941
12 2942
11 2943
7 2944
7 2945
6 2946
10 2947
7 2948
2 2949
2 2950
10 2951
9 2952
9 2953
8 2954
7 2955
2 2956
9 2957
4 2958
4 2959
7 2960
4 2961
4 2962
5 2963
2 2964
3 2965
3 2966
4 2967
4 2968
3 2969
4 2971
2 2972
1 2973
4 2974
1 2976
1 2977
1 2978
1 2979
2 2980
1 2981
1 2982
1 2984
1 2985
1 2987
1 2988
1 2989
1 2990
1 2991
1 2992
1 2994
2 2995
1 2996
2 2997
1 2998
1 3004
1 3006
1 3007
1 3011
1 3016
1 3020
2 3021
1 3024
1 3026
1 3034
1 3050
1 3053
1 3058
1 3073
1 3080
1 3081
1 3082
1 3089
1 3099
1 3122
2 3123
1 3125
1 3131
1 3132
1 3156
1 3185
1 3202
1 3209
1 3271
1 3280
1 3301
1 3307
1 3310
1 3313
1 3322
1 3325
1 3341
1 3351
1 3371
1 3379
1 3386
1 3389
1 3390
1 3393
1 3401
1 3402
1 3407
1 3410
1 3413
1 3425
1 3432
1 3436
1 3437
1 3440
2 3442
1 3446
1 3451
2 3452
1 3454
1 3458
1 3462
1 3464
1 3466
1 3467
1 3468
2 3472
1 3474
2 3477
1 3480
3 3485
1 3486
1 3490
1 3492
1 3495
1 3496
2 3497
1 3502
2 3503
2 3505
1 3506
1 3508
1 3509
1 3510
1 3511
2 3514
4 3516
1 3517
1 3521
1 3523
1 3525
1 3527
3 3529
1 3530
1 3531
2 3532
1 3533
2 3534
3 3535
2 3536
2 3537
2 3538
2 3539
3 3540
1 3541
4 3542
1 3543
1 3544
3 3545
1 3546
3 3547
4 3548
2 3549
1 3550
1 3551
4 3552
2 3555
2 3556
2 3559
4 3561
3 3562
1 3563
1 3566
1 3567
1 3568
3 3569
1 3571
1 3573
1 3574
3 3576
2 3580
1 3581
1 3584
1 3585
1 3586
1 3591
2 3594
1 3595
1 3598
1 3608
1 3623
1 3628
1 3648
1 3671
1 3672
1 3718
1 3727
1 3742
1 3810
1 3850
1 3897
1 3937
1 4060
1 4084
1 4127
1 4138
1 4142
1 4148
1 4170
1 4204
1 4212
1 4261
1 4293
1 4298
1 4299
1 4302
1 4304
1 4307
1 4308
1 4315
1 4319
1 4333
1 4345
1 4360
1 4366
1 4382
1 4393
1 4403
1 4438
1 4534
1 4572
1 4603
1 4607
1 4618
1 4620
1 4624
1 4632
1 4668
1 4675
1 4701
1 4705
1 4713
1 4717
1 4725
1 4730
1 4830
1 5166
1 5187
1 5227
1 5350
1 5493
1 5506
1 5556
1 5590
1 6793
