1 2
1 9
1 10
1 19
1 21
1 22
2 23
1 25
1 27
1 28
2 30
1 31
2 34
2 35
1 39
1 40
1 41
2 42
2 45
3 47
1 48
4 49
1 50
1 52
1 54
1 57
2 58
3 60
1 62
1 67
7 68
2 70
3 71
2 72
2 74
1 76
2 77
2 78
2 80
3 82
1 83
3 86
1 88
1 90
1 92
2 94
1 95
2 96
2 98
4 99
3 100
1 101
1 103
1 104
2 105
3 106
1 108
2 110
2 111
1 112
3 113
1 114
1 116
1 117
1 119
3 120
2 121
1 122
1 123
4 124
1 125
1 126
3 128
2 129
2 130
3 131
2 132
1 133
2 134
3 135
3 136
1 137
2 138
1 140
2 143
1 146
5 148
2 149
2 150
4 151
1 152
4 153
3 154
2 155
2 156
1 157
2 159
1 162
1 163
3 165
5 166
7 167
1 168
1 169
2 170
3 171
1 172
4 173
1 174
3 175
2 176
1 177
2 178
2 179
2 180
2 181
4 182
4 183
1 184
2 185
2 186
2 187
3 188
3 189
2 190
1 191
2 192
1 193
5 195
4 196
3 197
3 199
2 200
1 201
1 202
6 203
3 204
1 205
3 206
4 207
2 208
4 209
1 210
2 211
2 212
2 213
4 214
2 215
4 216
1 217
3 218
3 219
4 220
3 221
2 222
7 224
2 225
6 226
5 227
3 228
2 230
4 231
1 232
5 233
5 234
1 235
3 237
1 238
2 239
1 240
3 241
3 242
1 243
5 244
1 245
3 246
2 247
8 248
3 249
5 250
3 251
3 252
2 253
3 254
5 255
2 256
5 257
6 258
2 259
3 260
2 261
2 262
3 263
3 264
3 265
2 266
3 267
2 268
5 269
1 270
5 271
2 272
6 273
5 274
3 275
5 276
5 277
6 278
5 279
4 280
4 281
4 282
5 283
4 284
5 285
5 286
5 287
9 288
10 289
11 290
2 291
9 292
13 293
8 294
5 295
14 296
14 297
7 298
7 299
10 300
14 301
6 302
11 303
8 304
14 305
15 306
8 307
13 308
11 309
10 310
9 311
7 312
15 313
11 314
8 315
10 316
7 317
11 318
15 319
3 320
8 321
14 322
5 323
7 324
9 325
7 326
4 327
10 328
12 329
7 330
9 331
13 332
10 333
7 334
13 335
11 336
16 337
10 338
16 339
22 340
21 341
19 342
29 343
20 344
34 345
33 346
36 347
31 348
40 349
44 350
57 351
53 352
64 353
64 354
73 355
75 356
75 357
82 358
89 359
75 360
98 361
83 362
60 363
80 364
41 365
41 366
56 367
31 368
37 369
23 370
15 371
14 372
20 373
10 374
9 375
13 376
2 377
5 378
11 379
10 380
13 381
11 382
8 383
9 384
16 385
11 386
12 387
10 388
13 389
12 390
17 391
16 392
22 393
15 394
17 395
15 396
22 397
21 398
24 399
24 400
20 401
21 402
15 403
15 404
15 405
15 406
14 407
16 408
21 409
13 410
13 411
12 412
23 413
12 414
17 415
20 416
18 417
23 418
15 419
27 420
34 421
19 422
35 423
23 424
46 425
26 426
43 427
41 428
55 429
52 430
51 431
63 432
70 433
91 434
84 435
85 436
82 437
88 438
108 439
97 440
80 441
75 442
61 443
59 444
61 445
57 446
58 447
51 448
44 449
34 450
50 451
31 452
34 453
28 454
19 455
19 456
24 457
9 458
16 459
18 460
21 461
16 462
15 463
10 464
20 465
19 466
21 467
11 468
8 469
12 470
12 471
14 472
16 473
13 474
19 475
17 476
11 477
13 478
16 479
14 480
8 481
10 482
9 483
8 484
8 485
4 486
5 487
11 488
16 489
6 490
8 491
7 492
9 493
9 494
10 495
8 496
6 497
15 498
12 499
11 500
9 501
11 502
19 503
14 504
16 505
21 506
24 507
29 508
22 509
29 510
34 511
28 512
34 513
23 514
32 515
32 516
36 517
44 518
27 519
34 520
41 521
36 522
25 523
32 524
23 525
24 526
20 527
17 528
20 529
26 530
18 531
12 532
16 533
10 534
12 535
12 536
3 537
12 538
5 539
6 540
8 541
12 542
4 543
10 544
5 545
9 546
9 547
13 548
9 549
17 550
8 551
11 552
10 553
8 554
7 555
12 556
12 557
12 558
8 559
16 560
19 561
12 562
17 563
19 564
22 565
16 566
26 567
15 568
22 569
24 570
31 571
30 572
34 573
37 574
36 575
49 576
41 577
47 578
70 579
78 580
73 581
76 582
80 583
74 584
113 585
81 586
102 587
112 588
126 589
137 590
140 591
153 592
156 593
141 594
133 595
127 596
129 597
112 598
121 599
83 600
75 601
81 602
68 603
81 604
45 605
49 606
48 607
32 608
31 609
26 610
36 611
21 612
10 613
16 614
15 615
16 616
7 617
10 618
11 619
7 620
4 621
11 622
6 623
9 624
7 625
3 626
4 627
6 628
7 629
6 630
6 631
7 632
8 633
3 634
2 635
3 636
7 637
3 638
3 639
2 640
3 641
8 642
5 643
4 644
5 645
2 646
4 647
10 648
3 649
3 650
2 651
3 652
4 653
4 654
6 655
7 656
2 657
8 658
8 659
6 660
8 661
8 662
7 663
1 664
4 665
13 666
8 667
7 668
11 669
10 670
13 671
8 672
7 673
4 674
7 675
3 676
3 677
6 678
5 679
7 680
6 681
7 682
4 683
7 684
6 685
10 686
7 687
4 688
9 689
4 690
8 691
5 692
2 693
4 694
7 695
6 696
4 697
8 698
6 699
10 700
6 701
6 702
8 703
5 705
14 706
14 707
9 708
13 709
11 710
5 711
13 712
9 713
9 714
11 715
9 716
13 717
18 718
21 719
24 720
27 721
26 722
16 723
25 724
25 725
34 726
35 727
34 728
44 729
36 730
43 731
58 732
68 733
69 734
73 735
70 736
82 737
93 738
107 739
99 740
131 741
143 742
136 743
151 744
180 745
166 746
204 747
184 748
197 749
213 750
196 751
199 752
174 753
180 754
183 755
164 756
127 757
135 758
125 759
114 760
103 761
90 762
81 763
78 764
76 765
62 766
66 767
51 768
55 769
56 770
36 771
32 772
36 773
26 774
18 775
18 776
20 777
15 778
14 779
22 780
11 781
13 782
9 783
14 784
11 785
7 786
10 787
10 788
12 789
8 790
9 791
5 792
6 793
6 794
8 795
8 796
12 797
7 798
8 799
9 800
6 801
5 802
4 803
10 804
4 805
8 806
7 807
3 808
4 809
6 810
7 811
4 812
6 813
4 814
4 815
6 816
3 817
5 818
3 819
2 820
4 821
4 822
3 823
2 824
3 825
7 826
6 827
3 828
3 829
5 830
4 831
1 832
6 833
4 834
3 835
5 836
3 837
5 838
3 839
2 840
5 841
5 842
2 843
2 844
3 845
7 846
6 847
9 848
8 849
7 850
8 851
6 852
7 853
10 854
9 855
7 856
12 857
8 858
10 859
12 860
11 861
11 862
16 863
20 864
12 865
17 866
25 867
17 868
25 869
19 870
18 871
31 872
24 873
24 874
28 875
32 876
22 877
44 878
24 879
31 880
31 881
27 882
46 883
29 884
25 885
35 886
30 887
37 888
34 889
39 890
41 891
30 892
35 893
34 894
32 895
14 896
25 897
29 898
29 899
23 900
23 901
19 902
20 903
11 904
17 905
19 906
12 907
19 908
16 909
21 910
9 911
14 912
6 913
6 914
10 915
15 916
13 917
8 918
11 919
12 920
6 921
6 922
6 923
6 924
2 925
5 926
5 927
10 928
7 929
3 930
4 931
4 932
2 933
3 934
3 935
2 936
1 937
1 938
3 940
2 941
2 942
2 944
2 945
3 946
1 947
1 948
1 949
1 950
2 951
3 953
1 954
2 955
2 956
1 957
3 959
1 960
1 961
1 962
4 964
5 965
2 966
2 968
2 969
2 970
1 971
1 972
1 973
4 974
2 975
4 976
3 977
1 978
1 980
3 983
2 984
2 985
1 989
1 990
1 992
1 994
1 998
1 1000
1 1003
3 1006
1 1007
1 1009
1 1011
1 1013
2 1016
2 1017
4 1023
1 1026
1 1030
1 1031
1 1033
2 1035
3 1037
1 1041
2 1044
1 1048
1 1049
1 1052
1 1057
1 1058
1 1059
1 1060
1 1062
1 1065
1 1067
1 1069
2 1070
1 1075
2 1076
1 1077
1 1079
1 1083
1 1087
1 1091
1 1092
1 1093
2 1097
1 1098
1 1100
1 1102
1 1105
1 1108
2 1110
1 1112
2 1113
3 1114
1 1116
1 1117
1 1120
2 1124
1 1125
1 1126
1 1127
1 1129
1 1130
2 1133
1 1135
1 1139
1 1142
1 1143
1 1146
1 1149
1 1150
1 1151
1 1152
1 1153
1 1155
1 1157
1 1159
1 1160
1 1161
1 1163
1 1165
1 1166
1 1167
1 1171
1 1173
1 1178
1 1182
2 1183
1 1186
2 1189
2 1191
1 1193
1 1197
2 1199
2 1200
1 1201
1 1204
1 1205
1 1210
1 1212
1 1213
1 1221
1 1226
2 1227
1 1229
1 1230
1 1231
3 1233
2 1234
1 1235
1 1236
1 1238
2 1239
1 1240
1 1242
2 1246
1 1247
2 1250
2 1252
1 1253
2 1256
2 1257
3 1259
1 1260
2 1261
1 1264
2 1265
1 1266
2 1267
2 1268
1 1269
2 1270
1 1271
1 1275
1 1276
1 1278
1 1279
2 1280
1 1282
2 1283
5 1284
1 1285
1 1286
1 1287
3 1288
3 1292
1 1293
1 1294
3 1296
1 1297
2 1299
4 1300
2 1301
5 1302
5 1303
1 1306
2 1308
2 1310
1 1311
1 1317
2 1320
1 1321
1 1323
1 1324
2 1325
1 1327
1 1328
1 1330
1 1333
1 1340
1 1342
2 1343
1 1350
2 1351
1 1353
1 1355
2 1358
1 1359
1 1362
1 1365
2 1366
1 1367
1 1368
1 1369
1 1370
1 1371
3 1374
5 1376
1 1377
2 1378
3 1381
3 1384
1 1386
1 1388
1 1389
2 1392
2 1393
1 1397
1 1398
3 1400
1 1401
1 1402
6 1404
1 1405
1 1406
2 1407
3 1409
1 1410
2 1411
1 1412
3 1413
2 1415
2 1416
3 1417
1 1418
2 1419
2 1420
2 1421
2 1423
3 1425
1 1426
3 1427
1 1429
1 1430
2 1431
1 1432
2 1433
2 1434
4 1435
1 1436
2 1438
6 1439
4 1440
3 1442
3 1443
2 1444
5 1445
3 1447
1 1448
2 1449
1 1450
1 1451
2 1452
2 1453
3 1454
1 1455
2 1456
1 1457
2 1458
3 1459
1 1460
2 1461
2 1462
1 1463
2 1465
8 1466
4 1467
1 1468
1 1469
1 1470
2 1472
1 1473
5 1474
4 1476
2 1477
2 1478
3 1479
2 1480
4 1481
3 1482
3 1483
4 1484
2 1486
1 1487
5 1488
3 1489
3 1490
4 1491
1 1492
1 1493
10 1494
4 1495
4 1496
3 1497
9 1498
4 1499
1 1500
2 1501
3 1502
3 1503
1 1504
5 1505
9 1506
7 1507
7 1508
9 1509
6 1510
8 1511
6 1512
4 1513
6 1514
4 1515
4 1516
3 1517
9 1518
8 1519
5 1520
7 1521
7 1522
6 1523
9 1524
3 1525
9 1526
7 1527
10 1528
11 1529
9 1530
8 1531
6 1532
6 1533
9 1534
4 1535
6 1536
10 1537
7 1538
5 1539
5 1540
6 1541
10 1542
5 1543
6 1544
6 1545
7 1546
5 1547
6 1548
12 1549
6 1550
6 1551
6 1552
10 1553
10 1554
15 1555
10 1556
5 1557
10 1558
19 1559
13 1560
17 1561
18 1562
17 1563
10 1564
20 1565
11 1566
15 1567
11 1568
14 1569
11 1570
16 1571
13 1572
14 1573
10 1574
17 1575
12 1576
12 1577
28 1578
14 1579
13 1580
13 1581
12 1582
20 1583
13 1584
5 1585
12 1586
10 1587
10 1588
19 1589
14 1590
25 1591
20 1592
20 1593
23 1594
24 1595
20 1596
15 1597
23 1598
24 1599
23 1600
32 1601
21 1602
36 1603
37 1604
29 1605
33 1606
34 1607
29 1608
45 1609
44 1610
42 1611
36 1612
39 1613
41 1614
53 1615
49 1616
49 1617
39 1618
41 1619
37 1620
42 1621
44 1622
50 1623
41 1624
34 1625
38 1626
37 1627
36 1628
40 1629
25 1630
36 1631
35 1632
29 1633
34 1634
24 1635
25 1636
21 1637
19 1638
19 1639
17 1640
11 1641
9 1642
21 1643
12 1644
10 1645
16 1646
12 1647
12 1648
9 1649
6 1650
8 1651
2 1652
9 1653
3 1654
2 1655
3 1656
3 1657
5 1658
6 1659
1 1660
4 1661
2 1662
1 1663
3 1664
1 1665
2 1666
4 1667
1 1668
2 1669
1 1670
1 1671
1 1672
2 1674
2 1675
1 1676
1 1677
3 1678
1 1682
1 1688
1 1690
1 1691
1 1692
1 1693
1 1697
1 1698
1 1715
1 1716
2 1728
1 1735
1 1736
1 1739
2 1742
1 1743
1 1745
1 1748
2 1753
1 1755
1 1757
1 1758
1 1761
1 1762
1 1767
1 1768
1 1769
1 1770
2 1775
1 1776
1 1779
1 1781
1 1784
1 1785
2 1786
1 1788
1 1790
1 1793
1 1798
2 1800
2 1801
1 1807
1 1812
1 1814
1 1817
1 1818
1 1823
1 1826
1 1829
1 1831
1 1832
1 1833
1 1838
2 1844
1 1848
1 1850
2 1852
1 1853
1 1854
2 1855
1 1856
1 1857
1 1861
2 1862
2 1863
2 1865
1 1866
3 1867
1 1868
2 1869
2 1870
3 1871
2 1874
3 1875
2 1877
4 1879
6 1883
4 1884
4 1885
2 1886
3 1887
1 1888
1 1889
2 1890
2 1892
2 1893
1 1894
2 1895
1 1896
3 1897
1 1899
1 1901
2 1902
1 1904
1 1905
2 1906
1 1907
3 1909
1 1912
2 1913
1 1918
2 1923
1 1924
1 1929
1 1932
1 1933
1 1935
1 1939
2 1941
1 1943
1 1948
3 1950
1 1953
1 1954
1 1955
1 1956
1 1959
5 1960
3 1962
1 1963
4 1964
1 1965
1 1966
2 1968
1 1969
2 1970
3 1971
2 1973
2 1974
1 1975
3 1976
2 1977
3 1978
2 1979
3 1980
2 1981
2 1982
4 1983
3 1984
2 1985
3 1986
6 1987
4 1988
1 1989
5 1990
4 1991
5 1992
5 1993
1 1994
7 1995
6 1996
6 1997
8 1998
6 1999
4 2000
6 2001
10 2002
8 2003
1 2004
6 2005
12 2006
6 2007
10 2008
8 2009
8 2010
10 2011
4 2012
6 2013
13 2014
10 2015
10 2016
14 2017
6 2018
5 2019
8 2020
13 2021
7 2022
7 2023
11 2024
2 2025
6 2026
2 2027
7 2028
6 2029
3 2030
8 2031
5 2032
7 2033
2 2034
3 2035
4 2036
4 2037
3 2038
4 2039
5 2040
3 2041
1 2042
2 2043
2 2044
5 2045
2 2046
3 2047
1 2048
1 2049
3 2050
3 2052
2 2053
2 2054
1 2055
6 2056
1 2057
1 2058
1 2059
2 2060
1 2062
2 2066
1 2067
1 2068
1 2073
1 2074
2 2075
2 2076
2 2077
1 2078
1 2080
2 2081
4 2082
2 2084
2 2085
2 2086
2 2087
4 2088
2 2089
1 2090
1 2091
1 2092
1 2093
3 2094
1 2095
1 2096
3 2097
3 2098
1 2099
2 2100
3 2102
2 2103
2 2104
1 2105
1 2106
4 2107
3 2108
1 2109
1 2111
4 2112
1 2114
1 2115
1 2116
1 2117
3 2118
2 2119
2 2121
1 2122
2 2123
1 2124
3 2125
1 2129
2 2130
1 2131
3 2135
1 2136
1 2141
1 2143
1 2144
2 2145
4 2147
2 2149
1 2152
1 2155
1 2159
1 2161
2 2162
1 2163
1 2164
1 2167
1 2169
1 2170
1 2171
2 2172
1 2173
1 2175
1 2180
2 2182
1 2187
1 2189
2 2190
2 2195
1 2197
2 2199
2 2204
1 2229
1 2231
1 2236
1 2241
2 2246
1 2249
1 2258
1 2263
1 2267
1 2269
1 2270
1 2282
2 2287
1 2289
1 2303
1 2305
1 2307
3 2311
1 2312
1 2315
1 2316
1 2317
1 2319
1 2325
1 2329
1 2331
1 2336
1 2340
1 2344
1 2346
1 2351
1 2353
1 2355
1 2357
1 2363
1 2368
1 2373
1 2376
1 2384
1 2394
2 2395
2 2399
1 2403
1 2408
1 2411
1 2416
2 2423
1 2427
1 2433
1 2434
1 2435
1 2438
1 2439
2 2448
1 2449
1 2450
1 2456
1 2457
1 2463
2 2467
1 2468
1 2469
1 2470
1 2476
1 2484
1 2486
1 2488
1 2490
1 2494
1 2496
1 2499
1 2504
1 2505
1 2507
1 2516
1 2521
1 2523
1 2524
1 2532
1 2537
1 2539
1 2550
1 2553
1 2555
1 2567
1 2576
1 2577
1 2580
1 2582
1 2586
1 2587
1 2588
1 2597
1 2600
1 2603
1 2607
1 2609
1 2612
1 2615
1 2616
1 2620
1 2624
1 2625
1 2626
1 2631
1 2632
1 2633
1 2638
1 2639
1 2641
2 2643
1 2647
2 2650
1 2652
1 2662
1 2664
1 2672
1 2677
1 2680
1 2681
1 2684
2 2685
2 2688
1 2692
1 2693
2 2694
2 2699
1 2701
1 2702
1 2704
2 2706
1 2707
1 2710
1 2713
1 2714
1 2716
1 2718
3 2719
1 2720
1 2721
1 2724
1 2729
2 2730
1 2732
1 2733
1 2737
1 2738
1 2744
1 2745
1 2748
1 2749
1 2753
2 2761
1 2762
2 2763
1 2765
1 2783
1 2784
1 2785
1 2786
1 2787
1 2789
1 2790
2 2797
1 2809
1 2818
1 2820
1 2825
1 2826
3 2829
1 2837
1 2846
2 2848
1 2849
1 2854
2 2857
1 2858
1 2868
1 2870
1 2878
1 2883
2 2886
1 2890
1 2892
1 2895
2 2904
1 2913
1 2916
1 2917
1 2918
1 2920
1 2921
1 2925
1 2927
1 2928
2 2932
1 2935
1 2936
1 2937
2 2938
1 2939
1 2942
1 2943
1 2944
1 2946
1 2951
2 2959
1 2960
1 2961
1 2963
1 2967
1 2971
1 2972
2 2974
1 2977
1 2978
3 2981
1 2983
1 2989
1 2990
1 2991
1 2993
1 2995
1 2997
3 2999
1 3004
2 3005
2 3008
2 3009
2 3013
1 3015
1 3016
1 3017
2 3018
2 3019
2 3020
2 3021
1 3022
1 3023
2 3024
1 3025
1 3028
2 3029
3 3030
2 3035
1 3037
1 3038
1 3039
1 3040
2 3041
3 3042
1 3043
3 3044
1 3045
3 3046
4 3047
3 3048
3 3049
2 3050
1 3051
3 3052
2 3053
1 3054
1 3055
3 3056
2 3057
5 3058
2 3059
3 3061
4 3062
6 3063
3 3064
4 3065
5 3066
2 3067
3 3068
3 3069
4 3070
3 3071
4 3072
7 3073
4 3074
6 3075
5 3076
5 3077
7 3078
10 3079
3 3080
6 3081
1 3082
5 3083
4 3084
6 3085
8 3086
9 3087
5 3088
4 3089
8 3090
10 3091
4 3092
9 3093
7 3094
3 3095
12 3096
5 3097
4 3098
8 3099
10 3100
12 3101
7 3102
4 3103
6 3104
8 3105
8 3106
7 3107
11 3108
7 3109
7 3110
5 3111
9 3112
4 3113
4 3114
7 3115
5 3116
5 3117
3 3118
3 3119
7 3120
2 3121
2 3122
1 3123
2 3124
5 3125
6 3126
3 3127
5 3128
2 3131
3 3133
6 3134
3 3136
2 3137
2 3143
2 3144
1 3145
1 3146
1 3148
2 3149
2 3150
1 3151
1 3153
1 3154
1 3155
1 3161
2 3163
2 3167
2 3168
1 3171
3 3172
1 3174
2 3176
2 3178
1 3183
1 3184
1 3185
1 3186
1 3187
1 3188
1 3189
2 3193
1 3194
2 3195
1 3199
1 3201
3 3202
1 3205
1 3207
2 3208
1 3209
3 3210
2 3213
3 3214
1 3215
1 3216
1 3217
1 3218
1 3219
3 3220
2 3221
2 3222
1 3223
1 3227
1 3229
2 3231
2 3235
2 3236
3 3237
2 3238
3 3239
1 3240
3 3242
3 3243
1 3244
1 3245
2 3246
4 3247
2 3249
2 3250
3 3252
3 3256
1 3259
2 3261
2 3263
1 3269
1 3272
2 3273
1 3279
1 3290
1 3291
1 3293
1 3339
1 3343
1 3344
1 3376
1 3381
1 3448
1 3507
1 3514
1 3519
1 3640
1 3734
1 3932
1 4007
1 4155
1 4259
1 4566
