1 1
2 2
1 3
2 5
1 7
2 10
1 13
1 14
3 15
1 16
3 18
1 19
2 22
1 23
3 26
1 31
2 32
2 37
4 39
1 40
1 41
1 42
4 44
1 45
1 46
1 47
4 48
2 49
1 50
3 51
2 52
1 53
1 54
1 55
2 56
4 57
2 58
2 59
4 60
1 63
3 64
5 65
1 66
2 67
3 68
2 69
2 70
2 71
5 72
3 73
5 74
5 75
3 76
8 77
9 78
6 79
8 80
11 81
3 82
4 83
4 84
3 85
2 86
3 87
6 88
4 89
6 91
3 92
4 93
3 94
1 95
5 96
3 98
3 99
2 100
6 101
2 102
2 103
1 105
2 107
3 108
1 109
1 110
3 111
2 112
4 113
4 114
3 115
6 116
6 117
6 118
4 119
6 120
5 121
6 122
8 123
2 124
2 125
6 126
4 127
2 128
3 129
3 130
3 131
1 132
4 133
2 134
5 135
5 136
3 137
3 138
1 139
4 140
5 141
3 142
4 143
4 144
3 145
4 146
4 147
4 148
4 149
3 150
3 151
1 152
3 153
4 154
2 155
3 156
5 157
5 158
3 159
8 160
6 161
4 162
3 163
7 164
10 165
5 166
5 167
3 168
4 169
3 170
8 171
4 172
5 173
2 174
3 175
3 176
3 177
5 178
7 179
5 180
4 181
9 182
3 183
2 184
6 185
4 186
9 187
10 188
7 189
17 190
27 191
32 192
23 193
33 194
39 195
41 196
38 197
46 198
34 199
44 200
32 201
28 202
18 203
15 204
15 205
11 206
15 207
8 208
8 209
8 210
9 211
5 212
8 213
7 214
4 215
5 216
7 217
2 218
2 219
6 220
6 221
4 222
2 223
4 224
3 225
3 226
8 227
5 228
4 229
6 230
2 231
6 232
3 233
5 234
9 235
2 236
6 237
5 238
10 239
8 240
7 241
11 242
17 243
9 244
4 245
5 246
7 247
2 248
8 249
10 250
6 251
4 252
3 253
7 254
7 255
14 256
13 257
13 258
13 259
7 260
6 261
15 262
6 263
11 264
7 265
9 266
8 267
9 268
7 269
9 270
7 271
11 272
9 273
11 274
18 275
19 276
9 277
15 278
18 279
9 280
8 281
7 282
11 283
13 284
12 285
13 286
8 287
11 288
12 289
11 290
13 291
13 292
10 293
11 294
24 295
28 296
23 297
21 298
18 299
27 300
29 301
31 302
34 303
25 304
21 305
24 306
30 307
23 308
29 309
30 310
24 311
21 312
16 313
15 314
12 315
22 316
26 317
10 318
20 319
27 320
22 321
26 322
35 323
35 324
40 325
40 326
39 327
43 328
37 329
46 330
44 331
25 332
28 333
20 334
26 335
24 336
14 337
22 338
17 339
17 340
17 341
17 342
20 343
17 344
8 345
12 346
13 347
16 348
15 349
13 350
15 351
18 352
13 353
16 354
12 355
17 356
17 357
11 358
8 359
11 360
13 361
16 362
11 363
9 364
17 365
21 366
18 367
11 368
24 369
15 370
28 371
17 372
15 373
18 374
15 375
11 376
23 377
12 378
20 379
13 380
24 381
14 382
22 383
16 384
16 385
13 386
12 387
8 388
8 389
14 390
14 391
10 392
15 393
18 394
10 395
15 396
16 397
11 398
23 399
11 400
8 401
15 402
13 403
17 404
16 405
9 406
20 407
19 408
19 409
25 410
22 411
18 412
16 413
24 414
21 415
26 416
29 417
29 418
36 419
40 420
43 421
41 422
47 423
62 424
45 425
66 426
72 427
63 428
80 429
87 430
101 431
99 432
121 433
118 434
132 435
143 436
143 437
154 438
155 439
140 440
125 441
141 442
137 443
103 444
112 445
100 446
90 447
72 448
58 449
66 450
63 451
49 452
51 453
44 454
34 455
34 456
35 457
31 458
33 459
35 460
39 461
45 462
32 463
33 464
34 465
34 466
31 467
35 468
38 469
32 470
24 471
29 472
24 473
26 474
24 475
25 476
22 477
12 478
15 479
11 480
14 481
19 482
11 483
17 484
14 485
13 486
18 487
11 488
11 489
12 490
10 491
13 492
22 493
16 494
14 495
14 496
19 497
19 498
23 499
18 500
23 501
22 502
29 503
30 504
28 505
38 506
38 507
34 508
40 509
39 510
42 511
67 512
40 513
51 514
39 515
65 516
64 517
61 518
59 519
61 520
72 521
69 522
54 523
74 524
69 525
74 526
69 527
73 528
83 529
73 530
58 531
76 532
61 533
64 534
41 535
54 536
28 537
37 538
35 539
29 540
20 541
19 542
9 543
16 544
11 545
13 546
12 547
9 548
8 549
8 550
4 551
5 552
11 553
8 554
11 555
9 556
8 557
12 558
10 559
9 560
10 561
5 562
7 563
7 564
9 565
17 566
7 567
4 568
10 569
11 570
17 571
8 572
8 573
11 574
10 575
12 576
10 577
13 578
21 579
13 580
9 581
20 582
13 583
20 584
12 585
11 586
19 587
21 588
26 589
24 590
17 591
32 592
18 593
16 594
21 595
28 596
18 597
21 598
19 599
24 600
28 601
15 602
24 603
14 604
25 605
24 606
28 607
16 608
24 609
16 610
17 611
18 612
25 613
18 614
12 615
13 616
5 617
22 618
19 619
20 620
13 621
16 622
16 623
9 624
17 625
17 626
23 627
16 628
13 629
19 630
21 631
18 632
18 633
22 634
24 635
28 636
31 637
27 638
29 639
34 640
45 641
39 642
44 643
50 644
62 645
42 646
60 647
49 648
61 649
77 650
90 651
91 652
93 653
119 654
117 655
132 656
133 657
149 658
158 659
200 660
179 661
201 662
213 663
217 664
217 665
219 666
206 667
243 668
220 669
212 670
192 671
194 672
182 673
132 674
125 675
101 676
97 677
82 678
76 679
68 680
45 681
46 682
45 683
48 684
27 685
27 686
21 687
19 688
20 689
12 690
17 691
24 692
11 693
17 694
11 695
8 696
23 697
12 698
12 699
11 700
10 701
13 702
6 703
17 704
13 705
11 706
9 707
10 708
10 709
8 710
11 711
13 712
9 713
7 714
5 715
4 716
8 717
8 718
4 719
9 720
4 721
9 722
6 723
4 724
3 725
4 726
5 727
4 728
5 729
7 730
6 731
8 732
6 733
7 734
13 735
9 736
8 737
7 738
9 739
8 740
7 741
10 742
3 743
12 744
7 745
8 746
9 747
8 748
11 749
11 750
14 751
17 752
8 753
11 754
12 755
10 756
8 757
20 758
11 759
15 760
10 761
8 762
9 763
10 764
9 765
9 766
5 767
8 768
7 769
10 770
13 771
3 772
5 773
10 774
4 775
10 776
16 777
5 778
13 779
8 780
8 781
4 782
5 783
10 784
8 785
7 786
8 787
10 788
6 789
6 790
13 791
8 792
5 793
6 794
8 795
10 796
7 797
12 798
8 799
3 800
8 801
11 802
10 803
13 804
11 805
10 806
10 807
15 808
12 809
18 810
17 811
21 812
8 813
9 814
14 815
13 816
21 817
10 818
12 819
20 820
14 821
13 822
19 823
18 824
21 825
26 826
18 827
20 828
23 829
31 830
28 831
32 832
29 833
39 834
29 835
37 836
36 837
32 838
45 839
42 840
58 841
42 842
41 843
81 844
57 845
55 846
60 847
85 848
94 849
105 850
92 851
109 852
115 853
114 854
131 855
129 856
132 857
118 858
131 859
153 860
146 861
151 862
151 863
147 864
141 865
121 866
116 867
107 868
115 869
105 870
97 871
74 872
81 873
56 874
57 875
62 876
45 877
38 878
40 879
34 880
27 881
38 882
29 883
19 884
20 885
19 886
17 887
20 888
10 889
18 890
21 891
19 892
6 893
19 894
13 895
16 896
21 897
17 898
16 899
24 900
23 901
26 902
27 903
22 904
21 905
20 906
27 907
20 908
26 909
27 910
24 911
21 912
19 913
23 914
19 915
26 916
21 917
21 918
20 919
12 920
17 921
10 922
15 923
7 924
8 925
9 926
7 927
9 928
4 929
6 930
11 931
4 932
4 933
2 934
5 935
4 936
3 937
2 938
8 939
1 940
1 941
6 942
1 943
5 944
3 945
2 946
3 947
2 948
1 949
2 950
3 951
2 953
1 954
2 956
1 957
3 959
1 960
2 961
1 962
2 963
1 964
4 965
3 966
3 967
2 968
1 969
2 971
2 972
4 973
3 974
1 976
2 977
1 978
1 979
3 980
2 981
1 982
2 984
5 985
3 986
1 987
3 988
4 989
2 990
1 992
1 993
1 994
1 995
2 996
2 997
3 998
1 999
1 1000
1 1002
3 1003
2 1005
3 1006
2 1007
1 1008
4 1009
2 1010
2 1011
1 1013
1 1014
7 1015
4 1016
3 1017
1 1018
3 1019
1 1020
3 1021
5 1022
3 1023
2 1024
3 1025
3 1026
2 1027
5 1028
1 1029
3 1030
1 1031
2 1032
4 1034
2 1035
2 1036
2 1037
1 1038
2 1039
2 1040
3 1042
4 1043
2 1044
3 1045
3 1046
1 1047
2 1048
3 1049
2 1050
2 1051
5 1052
2 1053
2 1054
5 1055
3 1056
6 1057
3 1058
3 1059
3 1060
3 1061
5 1062
5 1063
5 1064
2 1065
5 1066
1 1067
2 1068
2 1069
6 1070
2 1071
2 1072
3 1073
4 1074
6 1075
5 1076
2 1077
3 1078
1 1079
6 1080
7 1081
2 1082
2 1083
7 1084
3 1085
1 1086
4 1087
8 1088
1 1089
4 1090
6 1091
3 1092
3 1093
5 1094
2 1095
1 1096
6 1097
7 1098
7 1099
2 1100
1 1101
3 1102
7 1103
4 1104
7 1105
5 1106
5 1107
5 1108
6 1109
3 1110
7 1111
6 1112
11 1113
2 1114
2 1115
6 1116
2 1117
3 1118
5 1119
6 1120
7 1121
1 1122
3 1123
6 1124
8 1125
4 1126
2 1128
6 1129
2 1130
4 1131
4 1132
6 1133
5 1134
2 1135
2 1136
4 1137
2 1138
3 1139
1 1140
2 1141
4 1142
3 1143
1 1144
3 1145
2 1146
3 1147
4 1149
3 1150
2 1151
1 1152
3 1153
3 1154
7 1155
9 1156
6 1157
6 1158
1 1159
3 1160
2 1161
2 1162
2 1163
4 1165
5 1166
5 1167
3 1168
3 1169
7 1170
6 1171
8 1172
5 1173
9 1174
5 1175
7 1176
9 1177
9 1178
8 1179
9 1180
13 1181
5 1182
12 1183
6 1184
15 1185
17 1186
15 1187
18 1188
12 1189
11 1190
14 1191
19 1192
11 1193
13 1194
14 1195
12 1196
15 1197
7 1198
7 1199
9 1200
6 1201
6 1202
4 1203
3 1204
10 1205
9 1206
7 1207
5 1208
8 1209
4 1210
8 1211
9 1212
2 1213
7 1214
8 1215
7 1216
4 1217
2 1218
12 1219
4 1220
6 1221
4 1222
7 1223
8 1224
3 1225
4 1226
6 1227
2 1228
3 1229
4 1230
4 1231
2 1232
6 1233
3 1234
5 1235
8 1236
5 1237
2 1238
1 1239
5 1240
4 1241
9 1242
4 1243
2 1244
4 1245
6 1246
4 1247
1 1248
3 1249
4 1250
2 1251
3 1252
4 1253
2 1254
5 1255
3 1256
5 1257
10 1258
4 1259
7 1260
4 1261
10 1262
8 1263
3 1264
4 1265
10 1266
5 1267
6 1268
10 1269
11 1270
9 1271
9 1272
7 1273
8 1274
11 1275
16 1276
14 1277
19 1278
12 1279
10 1280
17 1281
18 1282
18 1283
13 1284
18 1285
24 1286
13 1287
26 1288
18 1289
27 1290
21 1291
27 1292
29 1293
22 1294
25 1295
20 1296
33 1297
21 1298
25 1299
18 1300
22 1301
22 1302
21 1303
23 1304
14 1305
18 1306
19 1307
10 1308
25 1309
13 1310
17 1311
13 1312
13 1313
10 1314
15 1315
24 1316
12 1317
13 1318
11 1319
9 1320
17 1321
10 1322
9 1323
11 1324
15 1325
3 1326
7 1327
5 1328
6 1329
8 1330
7 1331
5 1332
12 1333
8 1334
7 1335
5 1336
11 1337
5 1338
4 1339
7 1340
7 1341
9 1342
4 1343
9 1344
6 1345
3 1346
7 1347
6 1348
7 1349
7 1350
7 1351
4 1352
4 1353
3 1354
1 1355
8 1356
6 1357
5 1358
7 1359
4 1360
5 1361
1 1362
3 1363
2 1364
6 1365
6 1366
4 1367
6 1368
2 1369
5 1370
4 1371
7 1372
6 1373
9 1374
2 1375
5 1376
6 1377
3 1378
4 1379
11 1380
5 1381
11 1382
7 1383
10 1384
3 1385
2 1386
7 1387
8 1388
12 1389
4 1390
7 1391
5 1392
5 1393
10 1394
6 1395
10 1396
7 1397
5 1398
11 1399
8 1400
5 1401
6 1402
4 1403
11 1404
10 1405
13 1406
11 1407
9 1408
9 1409
13 1410
12 1411
15 1412
8 1413
10 1414
9 1415
16 1416
13 1417
10 1418
15 1419
10 1420
11 1421
12 1422
18 1423
13 1424
16 1425
18 1426
17 1427
12 1428
14 1429
17 1430
21 1431
20 1432
15 1433
19 1434
19 1435
5 1436
18 1437
11 1438
15 1439
8 1440
18 1441
14 1442
16 1443
25 1444
11 1445
7 1446
8 1447
12 1448
9 1449
9 1450
12 1451
12 1452
8 1453
10 1454
14 1455
10 1456
6 1457
11 1458
7 1459
11 1460
8 1461
14 1462
9 1463
11 1464
11 1465
14 1466
10 1467
6 1468
11 1469
8 1470
11 1471
7 1472
19 1473
10 1474
11 1475
7 1476
11 1477
10 1478
9 1479
12 1480
15 1481
14 1482
18 1483
11 1484
12 1485
14 1486
17 1487
6 1488
10 1489
13 1490
19 1491
11 1492
19 1493
15 1494
17 1495
12 1496
22 1497
21 1498
29 1499
34 1500
23 1501
34 1502
32 1503
23 1504
32 1505
35 1506
31 1507
33 1508
33 1509
45 1510
42 1511
41 1512
47 1513
55 1514
50 1515
40 1516
62 1517
51 1518
41 1519
64 1520
59 1521
64 1522
67 1523
70 1524
67 1525
64 1526
63 1527
87 1528
74 1529
61 1530
70 1531
76 1532
69 1533
62 1534
83 1535
54 1536
71 1537
71 1538
66 1539
60 1540
55 1541
50 1542
66 1543
41 1544
42 1545
49 1546
39 1547
47 1548
38 1549
25 1550
31 1551
28 1552
24 1553
24 1554
16 1555
15 1556
13 1557
22 1558
17 1559
19 1560
12 1561
12 1562
10 1563
10 1564
8 1565
6 1566
6 1567
5 1568
3 1569
6 1570
3 1571
6 1572
3 1573
8 1574
5 1575
3 1576
3 1577
3 1579
3 1580
2 1581
3 1582
4 1584
6 1585
5 1586
1 1587
1 1588
4 1589
5 1590
1 1591
3 1592
4 1593
3 1594
6 1595
1 1596
4 1597
5 1598
4 1600
3 1601
2 1602
2 1603
6 1604
7 1605
4 1606
1 1607
3 1608
6 1609
3 1610
3 1611
3 1612
2 1613
2 1614
4 1615
2 1616
4 1617
3 1618
2 1619
7 1620
5 1621
4 1622
3 1623
6 1624
4 1625
3 1626
4 1627
9 1628
4 1629
7 1630
2 1631
10 1632
6 1633
7 1634
8 1635
2 1636
10 1637
5 1638
3 1639
9 1640
9 1641
5 1642
6 1643
7 1644
6 1645
4 1646
3 1647
3 1648
7 1649
7 1650
5 1651
5 1652
4 1653
2 1654
4 1655
3 1656
3 1657
4 1659
6 1660
8 1661
3 1662
1 1663
1 1664
2 1665
3 1666
2 1667
1 1668
1 1669
2 1670
3 1671
2 1673
1 1674
1 1676
1 1677
2 1678
1 1679
2 1681
1 1682
6 1683
2 1685
1 1687
2 1688
2 1689
1 1690
2 1691
1 1693
4 1694
3 1695
1 1696
1 1697
1 1699
3 1701
2 1702
2 1704
4 1705
1 1706
1 1707
1 1708
1 1710
1 1711
1 1713
1 1714
1 1715
2 1716
1 1717
1 1718
1 1719
7 1720
1 1721
2 1722
3 1723
2 1724
1 1725
2 1726
1 1732
2 1734
3 1735
3 1737
1 1738
2 1739
1 1740
2 1741
3 1742
2 1743
2 1744
2 1745
2 1746
4 1749
4 1750
2 1751
3 1752
2 1753
2 1754
4 1755
4 1756
3 1757
2 1758
1 1759
4 1760
4 1761
5 1762
4 1763
3 1764
5 1765
5 1766
6 1767
7 1768
1 1769
4 1770
2 1771
1 1772
4 1773
5 1774
4 1775
2 1776
3 1777
4 1778
2 1779
5 1780
3 1781
7 1782
5 1783
4 1784
5 1785
5 1786
4 1787
5 1788
4 1789
5 1790
4 1791
4 1792
4 1793
5 1794
5 1795
4 1796
3 1797
1 1798
4 1799
2 1800
4 1801
4 1802
2 1803
1 1804
6 1805
4 1806
3 1807
2 1808
2 1809
2 1810
2 1811
1 1812
5 1813
6 1814
4 1815
4 1816
2 1817
1 1818
4 1819
5 1820
2 1821
5 1822
3 1823
3 1824
2 1825
4 1826
3 1827
7 1828
3 1829
2 1830
2 1831
5 1832
2 1833
3 1834
5 1835
4 1836
5 1837
2 1838
9 1839
4 1840
2 1841
5 1842
7 1843
3 1844
5 1845
8 1846
5 1847
8 1848
5 1849
4 1850
9 1851
9 1852
4 1853
12 1854
11 1855
6 1856
5 1857
14 1858
12 1859
7 1860
8 1861
9 1862
9 1863
12 1864
13 1865
15 1866
16 1867
16 1868
13 1869
16 1870
18 1871
16 1872
17 1873
15 1874
20 1875
12 1876
24 1877
21 1878
9 1879
15 1880
20 1881
23 1882
27 1883
32 1884
19 1885
22 1886
19 1887
22 1888
21 1889
17 1890
16 1891
25 1892
19 1893
10 1894
19 1895
19 1896
13 1897
24 1898
25 1899
19 1900
13 1901
16 1902
11 1903
7 1904
18 1905
10 1906
13 1907
13 1908
7 1909
13 1910
14 1911
14 1912
6 1913
6 1914
6 1915
3 1916
3 1917
6 1918
3 1919
8 1920
7 1921
3 1922
2 1923
8 1924
4 1925
3 1926
6 1927
2 1928
3 1929
4 1930
4 1931
2 1932
2 1933
3 1934
3 1935
3 1936
3 1937
3 1938
2 1939
2 1940
3 1941
2 1943
3 1944
1 1945
1 1946
2 1947
4 1948
3 1949
4 1950
2 1951
2 1952
1 1953
1 1954
5 1955
6 1956
4 1957
3 1958
3 1959
4 1960
4 1961
3 1963
6 1964
1 1965
4 1966
1 1968
2 1969
2 1970
2 1971
6 1972
7 1973
2 1974
2 1975
5 1976
2 1977
5 1978
4 1979
5 1980
2 1981
2 1982
2 1983
3 1984
1 1985
2 1986
2 1987
2 1988
6 1989
3 1990
3 1991
2 1992
3 1993
1 1994
1 1995
2 1997
3 1998
5 1999
2 2001
1 2002
1 2003
1 2004
3 2005
3 2006
2 2007
1 2008
1 2011
4 2012
1 2014
3 2015
1 2016
5 2017
1 2019
4 2020
2 2022
2 2023
2 2025
1 2026
3 2027
1 2028
1 2029
1 2031
2 2032
3 2033
3 2034
1 2035
1 2037
2 2039
4 2042
1 2043
1 2044
1 2046
1 2048
1 2050
1 2051
1 2052
1 2053
2 2054
2 2055
2 2056
1 2059
1 2060
1 2061
1 2062
1 2063
2 2064
1 2065
1 2066
1 2068
3 2069
1 2070
1 2073
2 2076
1 2078
1 2079
1 2080
1 2083
4 2084
1 2085
1 2086
3 2089
1 2090
2 2091
1 2092
1 2096
1 2097
1 2099
1 2100
2 2101
1 2105
2 2106
2 2107
1 2108
2 2110
1 2111
2 2113
2 2114
1 2115
1 2116
1 2117
3 2119
2 2121
1 2123
1 2124
2 2125
3 2130
1 2133
1 2135
2 2138
1 2140
1 2143
2 2146
1 2147
4 2157
3 2159
2 2160
1 2162
1 2164
1 2169
1 2170
1 2171
3 2173
1 2178
2 2179
1 2180
1 2181
2 2182
1 2185
2 2186
1 2187
1 2188
2 2189
1 2190
1 2191
5 2192
1 2193
2 2196
3 2197
1 2198
1 2199
3 2200
1 2201
1 2202
2 2205
1 2207
4 2208
1 2209
1 2210
5 2213
3 2214
2 2215
2 2216
2 2218
5 2219
1 2220
3 2221
1 2222
4 2223
2 2224
3 2225
3 2226
1 2227
5 2228
2 2229
3 2230
1 2231
4 2232
3 2235
1 2236
3 2237
5 2238
5 2239
1 2241
4 2242
3 2243
2 2244
2 2245
3 2246
3 2247
5 2248
6 2249
2 2250
2 2251
4 2253
4 2254
1 2255
1 2256
2 2257
2 2258
3 2259
3 2260
5 2261
3 2262
6 2263
2 2264
7 2265
3 2266
7 2267
4 2268
1 2269
4 2270
6 2271
5 2272
7 2273
3 2274
4 2275
4 2276
7 2277
2 2278
4 2279
6 2280
8 2281
4 2282
5 2283
6 2284
9 2285
10 2286
3 2287
3 2288
4 2289
8 2290
10 2291
8 2292
5 2293
5 2294
8 2295
4 2296
9 2297
6 2298
10 2299
7 2300
12 2301
10 2302
5 2303
5 2304
6 2305
7 2306
10 2307
8 2308
9 2309
8 2310
8 2311
6 2312
8 2313
3 2314
8 2315
7 2316
6 2317
8 2318
7 2319
10 2320
7 2321
4 2322
5 2323
8 2324
4 2325
4 2326
5 2327
4 2328
6 2329
4 2330
2 2331
5 2332
5 2333
8 2334
4 2335
5 2336
7 2337
6 2338
8 2339
6 2340
2 2341
5 2342
1 2343
5 2344
5 2345
6 2346
8 2347
5 2348
8 2349
9 2351
7 2352
5 2353
1 2354
7 2355
6 2356
7 2357
3 2358
4 2359
5 2360
6 2361
2 2362
5 2363
3 2364
2 2365
7 2366
4 2367
6 2368
4 2369
4 2370
5 2371
6 2372
8 2373
12 2374
8 2375
9 2376
9 2377
8 2378
6 2379
9 2380
10 2381
8 2382
17 2383
14 2384
8 2385
15 2386
20 2387
9 2388
9 2389
13 2390
21 2391
11 2392
13 2393
16 2394
19 2395
17 2396
17 2397
11 2398
14 2399
13 2400
14 2401
11 2402
16 2403
16 2404
16 2405
11 2406
14 2407
12 2408
20 2409
15 2410
18 2411
12 2412
14 2413
7 2414
13 2415
14 2416
9 2417
12 2418
6 2419
7 2420
7 2421
5 2422
10 2423
6 2424
10 2425
3 2426
5 2427
6 2428
4 2429
9 2430
5 2431
4 2432
1 2433
4 2434
3 2435
6 2436
1 2438
4 2439
1 2440
2 2441
2 2442
3 2443
1 2444
2 2445
1 2446
1 2447
2 2448
1 2450
1 2453
2 2454
2 2456
1 2457
2 2458
1 2460
2 2461
2 2464
1 2465
1 2466
1 2468
1 2470
1 2471
1 2483
1 2488
1 2490
1 2492
1 2493
1 2497
2 2514
1 2516
1 2521
1 2532
1 2539
2 2541
1 2545
1 2547
2 2549
1 2552
1 2553
1 2554
1 2558
1 2561
1 2563
1 2565
1 2568
2 2569
2 2570
2 2572
1 2573
1 2579
2 2580
1 2583
1 2584
1 2585
1 2588
3 2589
1 2593
1 2595
2 2599
1 2601
1 2602
3 2604
1 2607
1 2608
2 2610
1 2611
2 2612
1 2613
1 2614
1 2616
2 2617
1 2620
1 2625
1 2627
1 2638
2 2639
1 2640
2 2642
1 2647
3 2649
1 2650
1 2653
1 2654
1 2656
1 2658
2 2659
3 2660
1 2661
1 2662
1 2663
1 2664
1 2666
3 2667
2 2668
1 2669
1 2673
1 2674
1 2675
2 2676
1 2678
2 2680
2 2682
2 2683
3 2684
1 2686
1 2687
2 2688
1 2690
1 2691
1 2693
1 2694
3 2695
3 2696
1 2698
1 2701
1 2702
1 2705
2 2706
1 2707
1 2708
1 2710
1 2711
2 2713
1 2714
1 2717
1 2718
1 2719
2 2720
1 2721
1 2725
1 2726
1 2731
1 2732
1 2737
1 2740
1 2741
1 2742
1 2744
1 2747
2 2750
2 2751
1 2752
2 2754
1 2755
2 2756
2 2759
1 2761
1 2764
1 2765
1 2766
1 2767
1 2774
1 2775
1 2776
1 2778
3 2780
1 2781
1 2785
1 2787
1 2788
1 2789
2 2790
3 2791
1 2795
2 2797
1 2800
1 2803
1 2804
1 2806
1 2808
1 2809
3 2810
3 2811
2 2814
2 2815
1 2816
1 2817
1 2818
2 2819
1 2820
3 2821
2 2822
2 2823
2 2824
3 2825
5 2829
4 2830
3 2831
2 2832
4 2833
2 2834
1 2835
4 2836
3 2837
3 2838
4 2839
3 2840
1 2841
1 2842
1 2843
1 2845
1 2847
1 2848
1 2849
2 2850
2 2851
3 2852
1 2853
1 2854
4 2855
2 2856
4 2857
3 2858
1 2859
3 2860
2 2862
5 2863
3 2864
3 2865
2 2866
2 2867
1 2868
4 2869
3 2870
1 2873
1 2874
4 2875
8 2876
2 2877
6 2878
2 2879
3 2880
1 2881
2 2882
7 2883
4 2884
4 2885
4 2886
3 2887
2 2888
3 2889
6 2890
2 2891
6 2892
3 2893
4 2894
3 2895
2 2896
6 2897
4 2898
4 2899
2 2900
5 2901
6 2902
9 2903
3 2904
2 2905
7 2906
4 2907
7 2908
8 2909
6 2910
5 2911
3 2912
7 2913
6 2914
8 2915
14 2916
7 2917
5 2918
9 2919
10 2920
6 2921
10 2922
9 2923
9 2924
10 2925
6 2926
8 2927
8 2928
5 2929
6 2930
11 2931
9 2932
9 2933
10 2934
17 2935
7 2936
9 2937
9 2938
7 2939
6 2940
6 2941
13 2942
15 2943
4 2944
13 2945
15 2946
12 2947
8 2948
17 2949
13 2950
14 2951
11 2952
8 2953
11 2954
13 2955
11 2956
16 2957
13 2958
13 2959
7 2960
7 2961
4 2962
9 2963
8 2964
6 2965
7 2966
2 2967
6 2968
7 2969
5 2970
5 2971
4 2972
7 2973
7 2974
5 2975
3 2976
5 2977
3 2978
2 2979
6 2980
4 2981
1 2982
4 2983
3 2984
1 2985
3 2986
2 2987
3 2988
2 2989
1 2991
3 2993
1 2994
3 2997
1 2998
2 2999
3 3000
2 3001
1 3003
2 3004
2 3006
1 3007
1 3008
1 3012
1 3013
1 3016
1 3017
1 3023
2 3024
1 3025
1 3028
1 3029
1 3030
2 3032
2 3033
1 3034
2 3035
2 3036
1 3037
1 3045
1 3047
1 3050
1 3053
1 3056
2 3061
1 3067
1 3075
1 3097
1 3102
1 3106
1 3120
2 3139
1 3141
1 3149
1 3178
1 3184
1 3188
1 3194
1 3198
1 3214
1 3220
1 3226
1 3228
1 3236
1 3248
1 3250
1 3251
1 3252
1 3254
2 3263
1 3265
1 3267
1 3269
1 3279
1 3288
1 3289
2 3291
1 3292
1 3294
1 3299
1 3301
1 3302
1 3303
1 3307
2 3308
2 3310
1 3315
1 3316
3 3318
1 3320
2 3323
1 3328
1 3329
1 3330
1 3334
1 3335
2 3343
1 3345
1 3348
1 3353
1 3356
1 3359
1 3361
1 3372
1 3377
1 3379
1 3382
1 3394
1 3398
1 3399
1 3401
1 3402
1 3404
1 3411
1 3412
1 3415
2 3416
1 3421
1 3437
1 3447
2 3448
1 3450
1 3455
1 3458
2 3459
1 3460
1 3462
1 3467
1 3468
1 3470
2 3472
3 3475
1 3476
1 3478
1 3479
1 3482
1 3484
1 3485
1 3489
1 3491
2 3495
1 3496
1 3498
2 3499
1 3500
2 3501
1 3502
2 3504
2 3505
1 3509
2 3511
3 3512
5 3513
2 3514
2 3515
1 3516
1 3517
2 3518
1 3520
1 3521
2 3522
4 3523
2 3524
2 3525
2 3526
3 3527
3 3528
2 3529
4 3530
2 3531
1 3533
3 3534
1 3535
1 3536
2 3537
1 3538
2 3539
1 3540
7 3541
1 3542
1 3543
3 3544
1 3545
1 3546
1 3547
3 3548
4 3549
4 3550
2 3551
1 3552
4 3553
4 3554
4 3555
1 3556
2 3557
5 3558
3 3559
1 3560
2 3563
3 3564
3 3565
2 3567
1 3568
1 3569
1 3570
2 3571
1 3572
1 3573
2 3576
2 3577
1 3578
1 3580
2 3581
2 3586
1 3587
1 3594
1 3596
1 3609
1 3614
1 3621
1 3630
1 3637
1 3659
1 3660
1 3671
1 3692
1 3710
1 3713
1 3720
1 3722
1 3723
1 3727
2 3729
1 3747
1 3751
2 3755
1 3756
2 3761
1 3762
2 3765
1 3767
1 3768
1 3771
1 3773
1 3781
1 3791
1 3797
1 3801
1 3815
1 3872
1 3877
1 3987
1 4021
1 4061
1 4086
1 4108
1 4119
1 4137
1 4140
1 4147
1 4149
1 4155
1 4156
1 4159
1 4162
1 4172
1 4193
1 4205
1 4230
1 4288
1 4336
1 4339
1 4342
1 4495
1 4995
1 5145
1 5441
1 5504
1 5557
1 5926
