3 1
1 2
1 3
1 11
1 12
1 13
1 14
1 19
1 20
1 23
1 26
1 30
1 32
2 33
1 34
1 35
2 37
1 38
3 39
1 40
11 41
3 42
2 43
1 48
1 50
1 51
1 52
1 58
1 59
1 60
1 61
1 63
4 64
1 66
1 67
1 68
1 71
2 72
1 76
1 81
1 82
1 83
2 84
1 85
2 86
1 88
3 90
1 91
2 93
2 94
1 95
1 96
1 97
2 100
4 103
2 106
4 107
1 109
2 110
1 111
1 112
1 114
3 115
2 117
1 118
1 119
1 120
1 121
2 122
2 125
4 127
2 128
3 129
3 130
3 131
5 133
6 134
7 135
12 136
11 137
17 138
9 139
11 140
16 141
13 142
15 143
13 144
6 145
4 146
3 147
5 148
3 149
2 150
4 151
3 152
4 153
2 154
3 155
5 156
4 157
3 158
4 159
3 160
3 161
2 162
1 163
3 164
1 165
4 166
2 167
1 168
2 170
2 171
4 172
3 173
1 174
1 176
2 177
1 178
2 179
6 180
2 182
2 183
2 185
4 186
4 187
3 188
2 189
2 190
7 191
2 192
3 194
3 195
2 196
3 197
2 198
4 199
4 200
4 201
6 202
1 203
2 204
1 206
4 207
2 208
3 209
2 210
3 211
5 212
3 213
9 214
2 215
3 216
2 217
4 218
1 219
1 220
1 221
9 222
4 223
4 224
4 225
2 226
2 227
3 228
4 229
1 230
2 231
5 232
1 233
2 234
3 235
7 236
4 237
2 238
1 239
3 240
2 241
4 242
3 243
6 244
4 245
3 246
4 247
4 248
1 249
3 250
4 251
1 252
6 253
5 254
3 255
3 256
3 257
4 258
5 259
4 260
6 261
7 262
9 263
12 264
7 265
15 266
13 267
15 268
10 269
15 270
22 271
20 272
21 273
12 274
18 275
17 276
12 277
8 278
10 279
9 280
14 281
7 282
6 283
4 284
5 285
6 286
4 287
4 288
2 289
3 290
2 291
4 292
6 293
4 294
5 295
5 296
5 297
2 298
5 299
5 300
6 301
6 302
3 303
2 304
4 305
2 306
5 307
5 308
5 309
9 310
12 311
7 312
3 313
4 314
7 315
7 316
10 317
5 318
6 319
7 320
9 321
6 322
7 323
8 324
7 325
5 326
4 327
6 328
4 329
3 330
4 331
6 332
11 333
10 334
8 335
13 336
13 337
7 338
15 339
17 340
13 341
15 342
15 343
25 344
21 345
14 346
15 347
20 348
19 349
16 350
12 351
9 352
26 353
23 354
27 355
21 356
16 357
32 358
28 359
31 360
43 361
47 362
46 363
43 364
51 365
59 366
55 367
55 368
65 369
58 370
49 371
40 372
37 373
25 374
30 375
21 376
21 377
18 378
10 379
11 380
11 381
6 382
5 383
5 384
4 385
3 386
7 387
5 388
3 389
2 390
2 391
4 392
5 393
3 395
1 396
1 397
3 398
3 399
4 400
6 401
4 402
3 403
5 404
5 405
1 406
4 407
1 408
1 410
8 411
6 413
3 414
2 415
3 416
3 417
4 418
3 419
7 420
3 421
2 422
1 423
4 425
2 426
7 427
2 428
2 429
4 430
4 431
4 432
4 433
3 434
4 435
4 436
3 437
5 438
7 439
4 440
5 441
6 443
3 444
2 445
6 446
4 447
4 448
9 449
1 450
4 451
4 452
6 453
4 454
7 455
5 456
7 457
4 458
3 459
5 460
7 461
2 462
5 463
2 464
3 465
6 466
7 467
7 468
2 469
6 470
9 471
11 472
9 473
6 474
6 475
7 476
3 477
6 478
8 479
7 480
9 481
5 482
2 483
10 484
4 485
10 486
8 487
4 488
7 489
8 490
4 491
8 492
7 493
11 494
10 495
5 496
11 497
12 498
8 499
8 500
11 501
14 502
8 503
9 504
17 505
20 506
10 507
10 508
20 509
17 510
13 511
19 512
20 513
19 514
19 515
19 516
22 517
23 518
29 519
19 520
32 521
29 522
40 523
29 524
21 525
32 526
47 527
38 528
33 529
48 530
44 531
31 532
63 533
42 534
56 535
47 536
52 537
62 538
66 539
63 540
80 541
87 542
91 543
110 544
123 545
154 546
160 547
187 548
175 549
249 550
229 551
251 552
275 553
265 554
279 555
287 556
276 557
250 558
244 559
243 560
207 561
197 562
156 563
150 564
108 565
110 566
92 567
81 568
54 569
54 570
49 571
21 572
21 573
29 574
17 575
23 576
15 577
9 578
12 579
9 580
8 581
7 582
4 583
6 584
7 585
4 586
6 587
3 588
4 589
6 590
6 591
5 592
9 593
4 594
6 595
6 596
4 597
8 598
4 599
4 600
7 601
2 602
4 603
2 604
4 605
7 606
5 607
3 608
5 609
4 610
5 611
4 612
7 613
7 614
4 615
7 616
6 617
5 618
3 619
3 620
5 621
5 622
6 623
4 624
5 625
4 626
4 627
2 628
4 629
2 630
5 631
4 632
5 633
9 634
3 635
5 636
7 637
7 638
12 639
7 640
11 641
6 642
10 643
7 644
9 645
13 646
11 647
11 648
5 649
10 650
6 651
7 652
12 653
9 654
20 655
16 656
9 657
14 658
8 659
16 660
16 661
16 662
12 663
11 664
17 665
9 666
17 667
15 668
25 669
12 670
11 671
21 672
23 673
28 674
19 675
33 676
23 677
32 678
31 679
28 680
44 681
60 682
31 683
46 684
57 685
59 686
57 687
58 688
63 689
68 690
67 691
78 692
74 693
85 694
90 695
82 696
109 697
97 698
115 699
89 700
89 701
107 702
91 703
79 704
94 705
90 706
81 707
63 708
63 709
73 710
61 711
58 712
50 713
36 714
32 715
33 716
33 717
38 718
32 719
16 720
14 721
12 722
15 723
15 724
11 725
14 726
8 727
14 728
10 729
4 730
8 731
9 732
5 733
7 734
7 735
6 736
5 737
8 738
8 739
9 740
12 741
8 742
13 743
4 744
16 745
7 746
7 747
12 748
13 749
6 750
7 751
10 752
12 753
13 754
6 755
7 756
9 757
9 758
10 759
7 760
6 761
6 762
11 763
9 764
8 765
7 766
7 767
7 768
4 769
8 770
5 771
3 772
6 773
6 774
5 775
8 776
4 777
7 778
2 779
6 780
3 781
3 782
4 783
3 784
4 785
7 786
6 787
8 788
8 789
7 790
8 791
8 792
12 793
11 794
11 795
12 796
12 797
7 798
8 799
12 800
8 801
7 802
8 803
13 804
11 805
15 806
8 807
10 808
9 809
7 810
17 811
16 812
12 813
11 814
19 815
9 816
12 817
10 818
15 819
13 820
13 821
16 822
16 823
14 824
18 825
20 826
17 827
21 828
15 829
23 830
21 831
20 832
27 833
24 834
32 835
25 836
29 837
24 838
27 839
39 840
32 841
45 842
51 843
66 844
54 845
49 846
72 847
84 848
60 849
78 850
82 851
117 852
110 853
109 854
112 855
114 856
107 857
130 858
130 859
118 860
122 861
116 862
114 863
124 864
125 865
112 866
102 867
97 868
102 869
95 870
108 871
117 872
124 873
102 874
110 875
119 876
104 877
128 878
127 879
126 880
128 881
128 882
135 883
122 884
135 885
109 886
122 887
102 888
117 889
100 890
123 891
115 892
84 893
82 894
79 895
64 896
59 897
59 898
45 899
43 900
36 901
46 902
29 903
23 904
23 905
25 906
19 907
17 908
18 909
10 910
20 911
21 912
10 913
14 914
18 915
7 916
10 917
6 918
12 919
15 920
8 921
10 922
8 923
6 924
6 925
10 926
6 927
6 928
11 929
11 930
7 931
9 932
7 933
7 934
5 935
6 936
9 937
6 938
5 939
6 940
2 941
7 942
8 943
5 944
7 945
7 946
8 947
7 948
13 949
5 950
7 951
8 952
2 953
10 954
13 955
14 956
10 957
15 958
7 959
12 960
11 961
15 962
10 963
18 964
22 965
12 966
21 967
28 968
24 969
28 970
21 971
18 972
24 973
41 974
44 975
43 976
37 977
42 978
47 979
43 980
57 981
51 982
71 983
66 984
57 985
73 986
58 987
64 988
72 989
75 990
72 991
94 992
98 993
76 994
68 995
77 996
85 997
83 998
76 999
78 1000
74 1001
59 1002
53 1003
55 1004
46 1005
35 1006
40 1007
43 1008
33 1009
42 1010
33 1011
44 1012
28 1013
27 1014
28 1015
32 1016
35 1017
29 1018
32 1019
26 1020
22 1021
19 1022
16 1023
24 1024
27 1025
24 1026
11 1027
21 1028
15 1029
13 1030
19 1031
13 1032
8 1033
19 1034
11 1035
14 1036
15 1037
14 1038
10 1039
12 1040
7 1041
5 1042
4 1043
10 1044
12 1045
4 1046
8 1047
8 1048
7 1049
15 1050
4 1051
6 1052
7 1053
9 1054
4 1055
4 1056
4 1057
5 1058
7 1059
3 1060
6 1061
4 1062
8 1063
3 1064
3 1066
4 1067
5 1068
5 1069
5 1070
4 1071
2 1072
2 1073
1 1074
3 1075
2 1077
1 1078
2 1079
4 1080
5 1082
2 1083
3 1084
2 1085
2 1086
3 1087
8 1088
3 1089
4 1091
3 1092
2 1093
4 1094
4 1095
3 1096
3 1097
9 1098
3 1100
3 1101
4 1102
4 1103
2 1104
6 1105
5 1106
5 1107
5 1108
2 1109
5 1110
3 1111
2 1112
9 1113
5 1114
8 1115
5 1116
7 1117
7 1118
7 1119
5 1120
8 1121
10 1122
5 1123
12 1124
10 1125
10 1126
12 1127
7 1128
6 1129
9 1130
12 1131
11 1132
13 1133
12 1134
11 1135
11 1136
5 1137
4 1138
5 1139
9 1140
13 1141
6 1142
5 1143
7 1144
7 1145
6 1146
7 1147
4 1148
5 1149
5 1150
7 1151
6 1152
1 1153
3 1154
7 1155
6 1156
4 1157
2 1158
1 1159
6 1160
2 1161
1 1162
3 1163
2 1164
1 1166
1 1168
1 1169
1 1170
1 1171
4 1172
1 1173
1 1178
1 1181
2 1182
2 1184
2 1185
1 1188
1 1194
1 1195
1 1202
1 1205
1 1211
1 1217
1 1219
1 1221
1 1224
1 1227
1 1228
1 1231
2 1233
1 1236
2 1239
1 1242
1 1244
1 1245
1 1254
2 1255
1 1257
1 1259
3 1262
1 1264
1 1265
1 1267
1 1272
1 1275
1 1278
1 1283
1 1285
1 1291
1 1292
1 1295
2 1302
5 1304
2 1306
2 1308
3 1309
2 1310
1 1313
1 1314
1 1317
1 1318
1 1321
1 1322
1 1323
1 1324
1 1325
1 1327
4 1332
2 1333
1 1336
1 1337
2 1338
1 1340
1 1343
1 1345
1 1348
1 1349
1 1374
1 1376
1 1380
1 1382
1 1388
2 1393
1 1396
1 1403
1 1408
1 1424
1 1426
1 1436
1 1447
1 1448
1 1451
1 1460
1 1461
1 1477
1 1491
1 1509
1 1516
1 1529
1 1543
1 1544
1 1545
1 1548
1 1552
1 1556
1 1560
1 1567
1 1571
1 1572
1 1580
1 1581
1 1594
1 1601
1 1612
1 1614
1 1623
2 1624
1 1625
1 1638
1 1639
1 1642
1 1652
1 1656
1 1657
1 1659
1 1663
1 1669
1 1674
1 1681
1 1690
1 1694
1 1710
1 1712
1 1717
1 1719
1 1747
1 1750
1 1753
1 1754
1 1769
1 1778
1 1788
1 1801
1 1804
2 1806
1 1807
1 1809
1 1820
1 1823
1 1829
2 1830
2 1831
1 1832
1 1834
1 1841
1 1842
2 1843
1 1846
1 1849
2 1851
1 1855
1 1860
1 1861
1 1863
1 1864
1 1868
1 1872
1 1874
1 1879
1 1880
1 1885
1 1891
2 1892
1 1895
1 1900
2 1909
1 1910
1 1913
1 1916
1 1917
1 1922
1 1929
1 1930
1 1932
1 1939
1 1944
1 1948
1 1951
1 1962
1 1982
1 2002
1 2013
1 2105
1 2112
1 2136
1 2170
1 2242
1 2245
1 2300
1 2320
1 2328
1 2365
1 2421
1 2457
1 2477
1 2497
1 2861
1 3051
1 3355
1 3457
1 3576
1 3667
1 3713
1 3727
1 3743
1 3746
1 3750
1 3751
2 3755
1 3767
1 3768
1 3773
2 3775
1 3785
1 3810
1 3811
1 3839
1 3929
1 3983
1 4122
