1 1
2 2
3 3
3 4
2 5
6 6
1 7
1 11
3 12
4 13
4 14
3 15
1 16
6 17
5 18
3 19
5 20
4 21
10 22
1 23
1 24
1 25
2 26
1 27
2 28
2 29
2 30
4 32
3 33
6 34
4 35
3 36
2 37
4 38
2 39
4 40
3 41
3 42
4 43
2 44
5 46
5 47
3 48
4 49
5 50
3 51
2 52
3 53
5 54
1 55
6 56
1 57
3 58
5 59
3 60
2 61
5 62
5 63
5 64
5 65
4 66
2 67
3 68
2 69
10 70
6 71
6 72
5 73
4 74
5 75
4 76
4 77
5 78
6 79
7 80
8 81
6 82
8 83
6 84
12 85
6 86
6 87
4 88
3 89
2 90
5 91
8 92
6 93
4 94
8 95
7 96
6 97
7 98
6 99
3 100
8 101
5 102
2 103
7 104
7 105
2 106
3 107
7 108
7 109
5 110
8 111
8 112
13 113
9 114
4 115
7 116
9 117
9 118
7 119
13 120
10 121
7 122
12 123
10 124
12 125
5 126
7 127
11 128
13 129
6 130
7 131
7 132
9 133
11 134
10 135
13 136
9 137
6 138
9 139
4 140
7 141
6 142
11 143
9 144
6 145
4 146
8 147
3 148
10 149
7 150
12 151
15 152
10 153
7 154
6 155
12 156
8 157
18 158
8 159
14 160
8 161
13 162
11 163
21 164
13 165
8 166
20 167
17 168
10 169
17 170
13 171
17 172
9 173
12 174
7 175
11 176
4 177
7 178
6 179
6 180
6 181
9 182
3 183
4 184
7 185
8 186
5 187
6 188
7 189
11 190
11 191
9 192
10 193
11 194
6 195
5 196
9 197
14 198
7 199
12 200
8 201
7 202
14 203
12 204
10 205
18 206
8 207
7 208
9 209
7 210
4 211
7 212
13 213
12 214
12 215
9 216
6 217
9 218
12 219
14 220
17 221
17 222
12 223
17 224
15 225
13 226
5 227
12 228
19 229
16 230
15 231
16 232
12 233
20 234
15 235
20 236
21 237
28 238
26 239
31 240
35 241
23 242
42 243
42 244
49 245
46 246
48 247
53 248
61 249
61 250
71 251
79 252
77 253
102 254
93 255
79 256
70 257
65 258
57 259
31 260
42 261
27 262
28 263
18 264
16 265
16 266
8 267
11 268
18 269
10 270
16 271
22 272
12 273
12 274
15 275
14 276
13 277
15 278
13 279
14 280
14 281
13 282
19 283
15 284
17 285
16 286
17 287
21 288
31 289
21 290
37 291
20 292
19 293
32 294
28 295
36 296
26 297
28 298
30 299
30 300
25 301
19 302
22 303
24 304
10 305
8 306
14 307
21 308
14 309
18 310
14 311
17 312
8 313
14 314
14 315
10 316
21 317
6 318
17 319
18 320
16 321
11 322
20 323
14 324
17 325
20 326
18 327
19 328
27 329
19 330
25 331
26 332
19 333
23 334
24 335
30 336
30 337
22 338
32 339
33 340
25 341
25 342
21 343
25 344
24 345
20 346
38 347
27 348
31 349
23 350
34 351
39 352
48 353
34 354
51 355
37 356
47 357
31 358
54 359
46 360
47 361
49 362
54 363
44 364
35 365
42 366
33 367
34 368
33 369
25 370
42 371
30 372
24 373
30 374
34 375
44 376
27 377
34 378
30 379
29 380
35 381
39 382
39 383
40 384
41 385
40 386
37 387
43 388
52 389
38 390
46 391
37 392
65 393
60 394
46 395
57 396
73 397
75 398
73 399
116 400
151 401
179 402
160 403
211 404
233 405
283 406
303 407
366 408
381 409
434 410
445 411
415 412
422 413
421 414
377 415
338 416
344 417
273 418
215 419
225 420
146 421
137 422
109 423
103 424
83 425
61 426
52 427
40 428
43 429
32 430
30 431
35 432
14 433
17 434
28 435
22 436
22 437
18 438
20 439
20 440
27 441
28 442
18 443
26 444
25 445
27 446
33 447
23 448
27 449
38 450
30 451
31 452
31 453
47 454
39 455
37 456
47 457
37 458
45 459
52 460
60 461
51 462
64 463
75 464
71 465
84 466
91 467
74 468
98 469
101 470
96 471
101 472
83 473
74 474
94 475
81 476
69 477
70 478
70 479
47 480
45 481
33 482
37 483
34 484
27 485
26 486
22 487
19 488
12 489
14 490
16 491
20 492
9 493
16 494
16 495
8 496
11 497
13 498
11 499
19 500
15 501
13 502
13 503
15 504
20 505
19 506
22 507
19 508
21 509
24 510
20 511
17 512
21 513
20 514
20 515
20 516
16 517
12 518
15 519
13 520
12 521
13 522
7 523
17 524
23 525
10 526
14 527
13 528
9 529
16 530
13 531
15 532
18 533
21 534
14 535
15 536
24 537
20 538
30 539
23 540
25 541
27 542
37 543
25 544
28 545
19 546
29 547
19 548
26 549
20 550
19 551
27 552
19 553
8 554
12 555
14 556
16 557
14 558
15 559
12 560
15 561
11 562
7 563
14 564
15 565
20 566
16 567
11 568
10 569
19 570
18 571
17 572
14 573
17 574
17 575
18 576
13 577
22 578
11 579
15 580
13 581
23 582
8 583
15 584
13 585
11 586
8 587
16 588
9 589
10 590
13 591
9 592
17 593
12 594
13 595
20 596
8 597
8 598
10 599
15 600
14 601
16 602
10 603
11 604
18 605
14 606
13 607
18 608
10 609
14 610
12 611
11 612
16 613
10 614
15 615
21 616
13 617
13 618
17 619
19 620
19 621
13 622
15 623
19 624
10 625
16 626
12 627
21 628
33 629
17 630
20 631
18 632
15 633
14 634
18 635
13 636
16 637
18 638
9 639
18 640
24 641
19 642
27 643
23 644
21 645
20 646
23 647
41 648
22 649
29 650
19 651
24 652
25 653
23 654
31 655
35 656
33 657
26 658
14 659
26 660
32 661
25 662
16 663
26 664
30 665
24 666
31 667
25 668
21 669
15 670
22 671
20 672
23 673
30 674
26 675
22 676
25 677
36 678
29 679
25 680
29 681
31 682
26 683
39 684
33 685
34 686
31 687
33 688
25 689
32 690
43 691
41 692
28 693
25 694
35 695
35 696
45 697
37 698
41 699
47 700
45 701
47 702
51 703
67 704
62 705
62 706
64 707
67 708
80 709
84 710
78 711
74 712
73 713
73 714
90 715
77 716
77 717
94 718
94 719
60 720
108 721
88 722
86 723
98 724
75 725
88 726
92 727
79 728
81 729
89 730
89 731
86 732
93 733
71 734
93 735
71 736
75 737
89 738
83 739
83 740
83 741
89 742
72 743
103 744
97 745
76 746
110 747
92 748
87 749
90 750
106 751
104 752
93 753
94 754
113 755
93 756
91 757
98 758
91 759
105 760
114 761
91 762
87 763
109 764
103 765
84 766
84 767
75 768
76 769
69 770
81 771
70 772
68 773
68 774
60 775
50 776
60 777
74 778
73 779
58 780
69 781
66 782
80 783
83 784
64 785
80 786
79 787
88 788
75 789
88 790
97 791
84 792
97 793
129 794
111 795
129 796
133 797
136 798
146 799
157 800
141 801
143 802
168 803
192 804
188 805
204 806
209 807
224 808
294 809
271 810
314 811
311 812
330 813
367 814
401 815
449 816
469 817
469 818
524 819
539 820
636 821
614 822
605 823
665 824
649 825
705 826
722 827
721 828
719 829
720 830
659 831
669 832
625 833
622 834
528 835
518 836
510 837
491 838
455 839
406 840
388 841
347 842
337 843
310 844
256 845
253 846
278 847
269 848
270 849
261 850
257 851
262 852
250 853
255 854
289 855
271 856
242 857
300 858
281 859
295 860
326 861
300 862
288 863
263 864
270 865
282 866
267 867
281 868
260 869
241 870
264 871
228 872
209 873
163 874
179 875
132 876
148 877
113 878
109 879
89 880
102 881
83 882
70 883
63 884
57 885
47 886
47 887
33 888
30 889
32 890
29 891
33 892
22 893
29 894
25 895
24 896
16 897
20 898
17 899
24 900
25 901
16 902
17 903
20 904
10 905
25 906
18 907
19 908
13 909
18 910
18 911
24 912
10 913
24 914
25 915
26 916
18 917
18 918
27 919
29 920
32 921
26 922
39 923
31 924
24 925
33 926
30 927
20 928
28 929
23 930
27 931
30 932
37 933
28 934
31 935
34 936
31 937
37 938
26 939
36 940
42 941
35 942
35 943
35 944
37 945
34 946
44 947
29 948
33 949
39 950
46 951
37 952
39 953
47 954
47 955
43 956
37 957
43 958
47 959
53 960
55 961
38 962
57 963
57 964
61 965
57 966
64 967
62 968
68 969
58 970
64 971
47 972
59 973
54 974
41 975
52 976
44 977
54 978
50 979
49 980
29 981
34 982
34 983
33 984
30 985
32 986
30 987
23 988
27 989
26 990
27 991
29 992
21 993
34 994
25 995
19 996
19 997
20 998
18 999
24 1000
26 1001
19 1002
28 1003
26 1004
24 1005
31 1006
31 1007
27 1008
39 1009
25 1010
37 1011
39 1012
46 1013
40 1014
42 1015
66 1016
51 1017
57 1018
52 1019
64 1020
55 1021
71 1022
62 1023
61 1024
42 1025
69 1026
65 1027
64 1028
70 1029
62 1030
56 1031
63 1032
58 1033
48 1034
55 1035
45 1036
45 1037
46 1038
46 1039
33 1040
36 1041
38 1042
32 1043
34 1044
51 1045
32 1046
36 1047
32 1048
24 1049
32 1050
31 1051
33 1052
25 1053
29 1054
28 1055
30 1056
30 1057
37 1058
37 1059
30 1060
56 1061
41 1062
32 1063
49 1064
37 1065
30 1066
37 1067
38 1068
45 1069
45 1070
37 1071
47 1072
52 1073
39 1074
49 1075
46 1076
48 1077
42 1078
57 1079
48 1080
57 1081
57 1082
49 1083
70 1084
59 1085
63 1086
63 1087
81 1088
55 1089
67 1090
72 1091
68 1092
85 1093
59 1094
79 1095
72 1096
67 1097
57 1098
61 1099
75 1100
66 1101
56 1102
66 1103
66 1104
59 1105
64 1106
64 1107
63 1108
75 1109
71 1110
66 1111
59 1112
76 1113
81 1114
87 1115
80 1116
75 1117
84 1118
87 1119
82 1120
68 1121
84 1122
66 1123
73 1124
78 1125
77 1126
78 1127
61 1128
62 1129
67 1130
59 1131
51 1132
46 1133
36 1134
30 1135
41 1136
27 1137
43 1138
22 1139
16 1140
25 1141
12 1142
26 1143
13 1144
14 1145
11 1146
10 1147
13 1148
9 1149
9 1150
10 1151
9 1152
9 1153
12 1154
4 1155
4 1156
4 1157
7 1158
5 1159
6 1160
2 1161
4 1162
1 1163
4 1164
4 1165
4 1166
4 1167
3 1168
2 1169
1 1170
6 1171
3 1172
3 1173
2 1174
3 1175
4 1177
3 1178
1 1179
1 1180
2 1181
4 1182
3 1183
4 1184
3 1185
5 1186
4 1187
3 1188
2 1189
2 1190
2 1192
3 1193
1 1194
2 1195
1 1196
2 1197
1 1198
3 1199
2 1200
4 1201
2 1202
2 1203
2 1204
2 1205
2 1206
1 1207
3 1208
2 1209
1 1210
1 1211
2 1212
4 1213
4 1214
1 1215
3 1216
2 1217
4 1218
3 1219
7 1220
1 1221
2 1222
7 1223
5 1224
6 1225
6 1226
4 1227
6 1228
9 1229
2 1230
4 1231
7 1232
3 1233
4 1234
3 1235
2 1236
5 1237
3 1238
6 1239
8 1240
9 1241
12 1242
11 1243
9 1244
2 1245
4 1246
8 1247
9 1248
6 1249
15 1250
7 1251
3 1252
7 1253
6 1254
9 1255
8 1256
6 1257
7 1258
12 1259
6 1260
6 1261
5 1262
4 1263
7 1264
7 1265
1 1266
7 1267
5 1268
6 1269
6 1270
3 1271
6 1272
4 1273
5 1274
5 1275
7 1276
6 1277
5 1278
6 1279
6 1280
1 1281
4 1282
2 1283
9 1284
3 1285
6 1286
7 1287
3 1288
3 1289
3 1290
7 1291
5 1292
5 1293
4 1294
6 1295
3 1296
4 1297
3 1298
8 1299
8 1300
4 1301
5 1302
4 1303
4 1304
1 1305
5 1306
6 1307
8 1308
10 1309
6 1310
8 1311
3 1312
9 1313
3 1314
6 1315
5 1316
9 1317
6 1318
3 1319
3 1320
6 1321
5 1322
2 1323
2 1324
5 1325
7 1326
8 1327
8 1328
4 1329
6 1330
3 1331
10 1332
9 1333
14 1334
7 1335
7 1336
6 1337
10 1338
9 1339
8 1340
14 1341
10 1342
13 1343
9 1344
11 1345
11 1346
11 1347
10 1348
15 1349
7 1350
10 1351
10 1352
21 1353
23 1354
20 1355
20 1356
14 1357
22 1358
30 1359
28 1360
18 1361
27 1362
27 1363
34 1364
32 1365
31 1366
36 1367
34 1368
38 1369
51 1370
41 1371
44 1372
41 1373
55 1374
49 1375
64 1376
69 1377
57 1378
58 1379
75 1380
47 1381
61 1382
67 1383
70 1384
57 1385
48 1386
50 1387
53 1388
57 1389
58 1390
48 1391
53 1392
36 1393
45 1394
39 1395
28 1396
34 1397
32 1398
33 1399
22 1400
21 1401
18 1402
16 1403
21 1404
13 1405
12 1406
16 1407
11 1408
11 1409
12 1410
3 1411
3 1412
9 1414
5 1415
7 1416
4 1417
2 1418
4 1419
5 1420
2 1421
2 1422
1 1423
5 1424
5 1425
1 1426
1 1427
5 1428
1 1429
2 1430
3 1431
2 1432
5 1433
3 1434
5 1435
2 1436
7 1437
2 1438
3 1439
4 1440
2 1441
2 1443
2 1444
1 1445
2 1446
1 1447
4 1448
2 1449
3 1450
2 1451
1 1452
2 1453
2 1454
1 1456
1 1458
2 1459
1 1460
1 1461
1 1462
1 1463
1 1464
2 1465
1 1468
2 1469
3 1470
3 1471
1 1472
1 1475
1 1476
2 1477
1 1478
2 1479
2 1480
1 1481
1 1482
1 1485
2 1486
1 1487
1 1488
1 1489
3 1490
2 1493
1 1496
2 1497
2 1498
1 1500
1 1502
2 1503
1 1506
3 1507
2 1509
1 1511
2 1512
1 1513
1 1516
2 1517
2 1519
1 1521
1 1522
1 1524
1 1525
1 1526
1 1527
1 1528
1 1529
1 1532
1 1534
2 1536
1 1537
1 1539
2 1540
2 1541
1 1543
3 1544
2 1545
6 1546
2 1547
3 1550
1 1551
2 1552
1 1553
1 1554
1 1555
1 1558
1 1560
4 1561
1 1562
1 1563
2 1564
2 1565
2 1566
1 1568
2 1569
1 1570
1 1571
3 1572
3 1573
3 1574
1 1576
1 1578
1 1581
2 1582
2 1585
3 1586
2 1587
2 1588
2 1591
1 1592
2 1593
3 1595
2 1596
1 1597
1 1599
2 1600
1 1601
1 1602
2 1603
6 1604
2 1605
5 1606
1 1607
1 1608
4 1609
1 1610
3 1611
2 1612
2 1613
1 1615
2 1617
1 1618
5 1619
1 1620
1 1621
2 1622
3 1623
1 1624
3 1626
2 1627
1 1628
1 1629
6 1630
7 1631
2 1632
2 1633
1 1634
4 1635
3 1639
2 1640
1 1641
1 1642
2 1643
1 1645
3 1646
1 1649
2 1650
2 1651
2 1653
2 1654
4 1656
2 1658
3 1659
1 1660
1 1661
1 1662
1 1664
3 1666
1 1667
5 1668
1 1669
2 1670
2 1671
1 1672
1 1673
2 1675
3 1676
1 1677
2 1678
2 1680
1 1681
3 1683
1 1684
2 1685
1 1687
2 1689
1 1690
2 1691
1 1693
2 1694
1 1695
1 1696
1 1697
2 1699
1 1700
2 1701
2 1703
3 1704
3 1705
1 1710
2 1711
2 1712
4 1713
3 1714
2 1715
1 1716
1 1718
2 1719
1 1720
1 1722
1 1723
3 1724
1 1725
2 1727
2 1729
1 1731
1 1732
1 1733
2 1734
3 1735
1 1736
2 1737
2 1738
1 1739
1 1741
1 1743
2 1744
1 1747
1 1751
1 1752
1 1753
2 1755
1 1756
2 1757
1 1759
1 1760
1 1761
2 1762
4 1765
2 1766
1 1767
1 1768
3 1770
4 1774
1 1775
1 1776
1 1777
3 1780
1 1781
3 1782
1 1783
1 1784
1 1785
2 1786
1 1787
1 1789
1 1792
1 1793
3 1794
1 1797
1 1798
4 1802
1 1804
2 1807
1 1808
1 1809
2 1811
3 1814
1 1815
2 1816
2 1818
2 1819
2 1820
1 1822
2 1823
1 1824
1 1825
2 1826
1 1827
1 1828
2 1829
2 1830
1 1832
2 1833
1 1834
1 1835
2 1837
1 1838
3 1839
2 1840
4 1841
2 1842
2 1843
1 1847
1 1848
2 1849
3 1851
3 1852
1 1854
1 1855
2 1856
1 1857
1 1861
1 1862
1 1863
2 1864
2 1865
2 1866
1 1869
1 1871
2 1874
1 1875
1 1876
2 1877
2 1878
2 1879
4 1881
1 1883
1 1884
2 1885
1 1886
3 1887
1 1888
1 1892
2 1893
1 1894
2 1895
1 1897
2 1898
3 1900
2 1901
2 1902
2 1903
2 1904
3 1905
2 1906
2 1908
1 1909
2 1910
4 1913
2 1914
5 1915
2 1916
1 1917
1 1918
1 1919
2 1920
4 1921
1 1922
4 1923
3 1925
1 1926
4 1927
3 1928
1 1929
3 1930
5 1931
2 1932
2 1933
5 1934
3 1935
5 1936
1 1937
7 1938
5 1939
1 1940
3 1941
3 1942
2 1943
3 1944
3 1945
4 1946
5 1947
2 1948
3 1949
2 1950
5 1951
3 1954
5 1955
2 1956
1 1957
1 1959
6 1960
2 1961
2 1962
2 1963
2 1964
3 1966
1 1967
2 1968
1 1969
1 1970
1 1971
7 1972
1 1973
1 1974
5 1975
2 1976
2 1977
6 1979
5 1980
2 1981
5 1982
1 1983
1 1984
3 1985
2 1986
2 1987
4 1989
2 1990
2 1991
4 1992
2 1993
4 1994
3 1995
1 1996
4 1997
3 1999
3 2000
4 2001
2 2002
1 2003
3 2004
3 2005
2 2006
1 2007
7 2008
4 2009
3 2010
5 2011
2 2012
3 2013
7 2015
5 2016
4 2017
2 2018
5 2019
1 2020
5 2021
5 2022
8 2023
1 2024
3 2025
8 2026
5 2027
6 2028
2 2029
5 2030
4 2031
7 2032
1 2033
5 2034
4 2035
3 2036
2 2037
5 2038
4 2039
3 2040
2 2041
2 2042
2 2043
3 2044
2 2045
1 2046
2 2047
5 2048
4 2049
1 2051
1 2052
2 2053
4 2054
2 2055
2 2056
2 2057
1 2059
3 2061
2 2062
1 2063
1 2064
1 2065
2 2066
2 2067
1 2068
6 2069
3 2070
2 2071
2 2072
3 2073
1 2074
1 2076
2 2078
2 2080
3 2081
3 2082
2 2084
1 2087
1 2088
2 2089
1 2090
1 2091
1 2093
2 2094
1 2095
2 2097
1 2098
2 2099
1 2100
1 2101
3 2103
5 2104
1 2105
3 2106
1 2107
1 2108
3 2109
3 2110
2 2111
1 2112
2 2113
1 2114
3 2115
5 2116
1 2117
2 2118
5 2119
4 2120
1 2122
2 2123
2 2124
3 2125
3 2127
1 2128
7 2129
6 2130
6 2131
4 2132
4 2133
3 2134
6 2135
5 2136
6 2137
3 2138
8 2139
4 2140
3 2141
5 2142
11 2143
10 2144
3 2145
4 2146
12 2147
10 2148
5 2149
3 2150
6 2151
7 2152
4 2153
6 2154
9 2155
3 2156
7 2157
7 2158
8 2159
7 2160
1 2161
7 2162
6 2163
4 2164
6 2165
2 2166
5 2167
6 2168
3 2169
3 2170
4 2171
3 2173
3 2174
2 2175
2 2176
4 2177
4 2178
4 2180
3 2181
3 2182
3 2183
2 2184
1 2185
5 2186
2 2187
3 2188
1 2189
2 2190
1 2191
2 2192
3 2194
2 2195
1 2196
1 2197
3 2198
2 2200
1 2201
1 2202
1 2203
1 2205
1 2207
1 2208
1 2209
1 2210
3 2211
1 2213
2 2214
2 2215
1 2217
3 2218
2 2219
2 2220
1 2221
2 2223
1 2225
1 2226
1 2229
3 2231
1 2232
2 2233
1 2234
2 2235
2 2236
1 2237
1 2239
1 2241
2 2242
2 2244
1 2245
3 2246
3 2248
1 2251
1 2252
4 2253
1 2254
1 2255
1 2256
3 2257
2 2258
1 2259
1 2261
1 2263
2 2265
4 2266
2 2267
1 2268
4 2269
1 2271
1 2272
1 2273
1 2274
1 2275
1 2276
2 2279
3 2281
2 2283
5 2284
2 2286
2 2288
2 2289
1 2290
2 2292
2 2293
2 2294
3 2295
1 2296
3 2297
1 2298
2 2299
1 2300
3 2301
3 2302
3 2303
1 2304
4 2305
1 2306
4 2307
1 2308
1 2309
1 2310
1 2311
1 2312
1 2313
3 2314
1 2315
1 2316
3 2317
3 2318
3 2320
2 2321
1 2322
4 2323
1 2324
3 2325
3 2326
1 2327
5 2328
3 2329
2 2330
2 2331
3 2332
2 2333
4 2334
6 2336
2 2337
1 2338
2 2339
2 2340
1 2341
2 2342
2 2343
4 2344
4 2345
1 2347
3 2348
1 2349
3 2350
1 2351
3 2352
3 2353
4 2354
3 2355
1 2356
4 2357
2 2358
4 2359
5 2360
2 2361
1 2362
5 2363
6 2364
4 2365
4 2366
3 2367
6 2368
3 2369
4 2370
8 2371
3 2372
3 2373
6 2374
3 2375
10 2376
4 2377
4 2378
5 2379
2 2380
4 2381
9 2382
4 2383
5 2384
5 2385
3 2386
6 2387
4 2388
6 2389
7 2390
9 2391
3 2392
7 2393
6 2394
6 2395
5 2396
8 2397
7 2398
8 2399
5 2400
9 2401
5 2402
7 2403
7 2404
6 2405
6 2406
11 2407
8 2408
6 2409
8 2410
4 2411
4 2412
8 2413
9 2414
12 2415
11 2416
11 2417
6 2418
3 2419
2 2420
7 2421
6 2422
5 2423
1 2424
6 2425
6 2426
12 2427
8 2428
6 2429
7 2430
6 2431
7 2432
4 2433
7 2434
3 2435
4 2436
6 2437
6 2438
4 2439
7 2440
2 2441
11 2442
6 2443
6 2444
1 2445
5 2446
6 2447
5 2448
4 2449
3 2450
4 2451
6 2452
6 2453
9 2454
6 2455
2 2456
6 2457
8 2458
5 2459
6 2460
6 2461
5 2462
3 2463
8 2464
7 2465
8 2466
7 2467
8 2468
8 2469
8 2470
11 2471
12 2472
10 2473
11 2474
8 2475
6 2476
18 2477
14 2478
16 2479
10 2480
10 2481
12 2482
11 2483
8 2484
10 2485
17 2486
10 2487
13 2488
14 2489
8 2490
19 2491
11 2492
21 2493
13 2494
13 2495
14 2496
18 2497
14 2498
14 2499
17 2500
17 2501
19 2502
12 2503
8 2504
11 2505
12 2506
8 2507
5 2508
12 2509
20 2510
6 2511
8 2512
5 2513
6 2514
7 2515
1 2516
8 2517
5 2518
6 2519
6 2520
4 2521
3 2522
7 2523
3 2524
3 2525
5 2526
4 2527
3 2528
3 2529
2 2530
2 2531
5 2532
3 2533
5 2534
4 2535
4 2536
4 2537
1 2538
2 2539
3 2540
1 2541
3 2542
3 2543
1 2544
5 2545
2 2546
3 2547
3 2548
4 2549
3 2550
2 2551
1 2552
3 2553
5 2554
6 2555
1 2556
3 2557
1 2558
5 2559
3 2560
3 2561
1 2562
1 2563
1 2564
5 2565
1 2566
4 2567
1 2568
2 2569
4 2570
2 2571
1 2572
2 2576
3 2577
1 2582
2 2583
2 2585
3 2586
1 2587
2 2588
1 2592
1 2594
4 2595
2 2596
1 2597
2 2599
1 2600
1 2601
1 2602
3 2604
2 2605
2 2608
1 2610
2 2611
2 2612
1 2613
3 2614
1 2616
2 2617
2 2618
1 2620
1 2623
2 2624
1 2626
1 2627
2 2628
3 2629
2 2630
3 2632
1 2637
1 2638
1 2639
1 2640
3 2641
2 2644
2 2645
1 2646
1 2649
1 2656
3 2657
2 2658
2 2659
1 2661
1 2663
1 2665
1 2669
4 2670
2 2671
2 2672
2 2674
2 2675
1 2676
2 2677
2 2679
2 2680
1 2681
1 2682
1 2684
1 2685
3 2686
1 2687
3 2688
1 2689
3 2690
4 2691
3 2692
1 2693
3 2694
3 2695
2 2696
1 2698
5 2699
3 2700
3 2701
5 2702
5 2703
6 2704
1 2705
5 2706
5 2707
2 2708
3 2709
2 2710
4 2711
1 2712
5 2713
3 2714
1 2715
2 2716
1 2717
2 2718
7 2719
2 2720
2 2721
2 2722
3 2723
3 2724
1 2725
3 2726
4 2727
2 2728
5 2729
3 2730
1 2731
3 2732
4 2733
3 2734
3 2736
3 2737
5 2738
2 2739
1 2740
3 2741
2 2743
3 2744
2 2745
6 2746
1 2747
5 2748
2 2749
2 2750
6 2751
1 2754
2 2756
1 2757
2 2761
2 2762
2 2767
2 2769
1 2770
1 2771
3 2774
1 2777
2 2780
1 2783
1 2784
1 2785
2 2787
2 2790
2 2792
2 2793
2 2794
1 2796
1 2797
1 2798
1 2799
1 2800
1 2801
2 2802
1 2805
1 2807
2 2809
1 2810
2 2812
2 2813
1 2814
1 2815
1 2817
2 2818
1 2822
1 2823
1 2825
1 2826
1 2827
1 2828
2 2829
3 2830
1 2831
3 2833
3 2834
1 2838
2 2840
1 2841
1 2842
1 2843
1 2844
1 2845
2 2846
1 2848
2 2849
2 2850
2 2851
1 2852
1 2853
1 2854
2 2855
1 2857
3 2858
1 2861
1 2866
1 2869
1 2872
2 2883
1 2884
1 2887
1 2890
1 2894
1 2895
1 2898
1 2900
1 2912
1 2923
1 2926
1 2932
1 2936
1 2947
1 2957
2 2970
1 2973
1 2982
1 2985
1 2987
1 2988
1 2989
1 2997
1 2998
1 2999
1 3000
1 3010
2 3014
1 3015
1 3016
2 3020
1 3022
1 3036
1 3047
1 3049
1 3052
1 3057
1 3058
1 3066
1 3069
3 3070
1 3073
1 3076
2 3077
1 3080
1 3081
2 3084
1 3086
1 3087
2 3089
2 3090
1 3091
2 3095
1 3096
2 3098
1 3104
2 3105
3 3106
1 3107
2 3108
3 3109
2 3111
3 3112
2 3113
1 3117
3 3118
1 3119
2 3120
2 3121
2 3122
3 3123
1 3124
1 3125
4 3126
1 3130
2 3132
2 3133
1 3134
2 3135
1 3136
3 3138
2 3139
1 3141
3 3142
1 3143
1 3144
2 3145
1 3146
4 3148
1 3149
1 3152
2 3154
1 3155
1 3156
1 3157
1 3158
2 3159
1 3160
1 3166
4 3168
2 3169
1 3171
2 3172
1 3173
1 3174
1 3176
1 3178
2 3180
1 3181
1 3183
1 3184
2 3189
1 3190
1 3191
1 3196
1 3197
1 3201
1 3209
1 3216
1 3222
1 3241
1 3261
1 3274
1 3331
1 3360
1 3374
1 3397
1 3442
1 3459
1 3478
1 3482
1 3486
1 3498
1 3502
1 3545
1 3589
1 3591
1 3692
1 3700
1 3759
1 3768
1 3773
1 3783
1 3813
1 3899
1 3982
1 4002
1 4010
1 4029
1 4044
1 4049
1 4176
1 4244
1 4475
1 4936
1 5213
1 5288
