1 1
2 2
1 3
1 5
2 7
2 8
3 12
2 13
1 15
2 16
2 17
2 18
1 19
1 20
2 21
1 24
1 25
1 26
2 27
1 28
1 31
1 32
3 33
3 34
1 35
4 36
2 37
5 38
3 39
2 40
3 41
1 42
4 43
3 44
3 45
1 46
1 49
2 50
2 51
2 52
1 53
3 54
5 55
1 56
1 59
2 60
4 61
3 62
3 64
1 66
2 67
6 68
3 69
1 70
2 71
3 72
4 73
4 74
1 75
4 76
4 77
2 78
1 79
1 80
1 81
2 82
1 84
1 87
3 88
2 89
4 90
5 91
3 92
6 93
1 94
1 95
9 96
3 97
5 98
4 99
2 100
3 101
2 102
1 103
6 104
3 105
4 106
2 107
3 108
3 109
1 110
3 111
7 112
6 113
6 114
2 115
5 116
4 117
4 118
6 119
7 120
3 121
1 122
6 123
1 124
2 125
5 126
4 127
3 128
5 129
4 130
4 131
1 132
7 133
2 134
3 135
5 136
8 137
7 138
5 139
7 140
8 141
9 142
10 143
12 144
23 145
20 146
28 147
27 148
26 149
28 150
25 151
26 152
26 153
25 154
14 155
12 156
7 157
10 158
9 159
9 160
7 161
5 162
9 163
6 164
4 165
5 166
3 167
6 168
6 169
2 170
1 171
2 172
3 173
1 174
1 175
1 176
2 177
2 178
2 179
3 180
2 181
3 182
3 183
4 184
2 185
3 186
2 187
7 188
2 189
3 190
4 191
5 192
10 193
2 194
10 195
3 196
5 197
3 198
8 199
7 200
5 201
10 202
12 203
10 204
12 205
14 206
9 207
11 208
7 209
12 210
3 211
8 212
7 213
9 214
13 215
5 216
7 217
3 218
6 219
5 220
1 221
7 222
7 223
3 224
2 225
4 226
1 227
8 228
3 229
1 230
6 231
13 232
8 233
8 234
8 235
6 236
3 237
9 238
9 239
6 240
8 241
8 242
2 243
9 244
5 245
7 246
6 247
8 248
8 249
7 250
6 251
5 252
6 253
9 254
5 255
4 256
8 257
6 258
9 259
6 260
10 261
7 262
6 263
10 264
5 265
5 266
9 267
3 268
12 269
12 270
7 271
8 272
7 273
6 274
8 275
7 276
15 277
9 278
7 279
4 280
5 281
4 282
9 283
7 284
5 285
2 286
2 287
2 288
6 289
1 290
2 291
3 292
3 293
4 294
5 295
4 296
3 297
5 298
4 299
2 300
2 301
4 302
3 303
3 304
4 305
4 306
2 307
3 308
4 309
8 310
7 311
6 312
3 313
7 314
8 315
8 316
10 317
9 318
3 319
10 320
7 321
7 322
7 323
14 324
5 325
3 326
10 327
7 328
4 329
10 330
5 331
4 332
12 333
10 334
7 335
6 336
7 337
10 338
8 339
3 340
13 341
14 342
9 343
15 344
6 345
7 346
16 347
5 348
13 349
17 350
13 351
16 352
9 353
16 354
14 355
14 356
24 357
16 358
19 359
12 360
13 361
12 362
19 363
18 364
12 365
14 366
16 367
6 368
18 369
7 370
12 371
10 372
12 373
12 374
14 375
17 376
7 377
9 378
9 379
8 380
4 381
5 382
5 383
8 384
7 385
4 386
9 387
7 388
5 389
9 390
8 391
5 392
7 393
3 394
6 395
7 396
4 397
5 398
9 399
6 400
8 401
8 402
7 403
5 404
9 405
8 406
7 407
9 408
8 409
9 410
17 411
7 412
7 413
10 414
10 415
14 416
15 417
15 418
11 419
15 420
11 421
21 422
11 423
17 424
17 425
11 426
19 427
24 428
28 429
24 430
29 431
26 432
37 433
28 434
29 435
47 436
39 437
53 438
51 439
43 440
65 441
61 442
69 443
82 444
76 445
75 446
90 447
99 448
98 449
109 450
97 451
107 452
106 453
100 454
108 455
109 456
98 457
74 458
79 459
69 460
57 461
51 462
46 463
39 464
44 465
26 466
24 467
20 468
16 469
10 470
11 471
16 472
7 473
9 474
8 475
7 476
8 477
6 478
13 479
4 480
5 481
8 482
5 483
4 484
8 485
2 486
11 487
5 488
9 489
16 490
9 491
2 492
11 493
7 494
6 495
11 496
14 497
8 498
15 499
10 500
11 501
15 502
11 503
11 504
17 505
9 506
14 507
6 508
20 509
11 510
14 511
18 512
16 513
21 514
20 515
11 516
22 517
18 518
29 519
34 520
27 521
25 522
39 523
30 524
31 525
29 526
20 527
36 528
27 529
24 530
34 531
28 532
29 533
22 534
18 535
18 536
20 537
18 538
17 539
13 540
15 541
13 542
19 543
23 544
20 545
26 546
21 547
19 548
23 549
29 550
23 551
22 552
26 553
26 554
32 555
29 556
27 557
21 558
32 559
32 560
26 561
21 562
29 563
22 564
31 565
22 566
20 567
22 568
21 569
24 570
14 571
16 572
15 573
17 574
8 575
19 576
21 577
29 578
15 579
15 580
10 581
22 582
5 583
18 584
14 585
25 586
11 587
34 588
25 589
19 590
36 591
27 592
28 593
27 594
19 595
28 596
26 597
25 598
25 599
41 600
30 601
30 602
40 603
28 604
34 605
42 606
42 607
35 608
38 609
40 610
37 611
48 612
39 613
45 614
51 615
50 616
55 617
45 618
67 619
58 620
64 621
57 622
58 623
84 624
79 625
82 626
69 627
88 628
92 629
85 630
99 631
88 632
97 633
98 634
90 635
119 636
108 637
123 638
119 639
118 640
125 641
120 642
129 643
122 644
125 645
130 646
143 647
155 648
155 649
144 650
146 651
155 652
164 653
155 654
158 655
177 656
168 657
182 658
142 659
146 660
137 661
143 662
127 663
115 664
99 665
109 666
103 667
107 668
75 669
89 670
76 671
67 672
66 673
77 674
51 675
56 676
53 677
52 678
55 679
54 680
42 681
27 682
39 683
26 684
36 685
21 686
28 687
26 688
27 689
26 690
20 691
26 692
18 693
24 694
15 695
17 696
16 697
19 698
17 699
18 700
18 701
18 702
8 703
21 704
16 705
9 706
8 707
18 708
12 709
11 710
12 711
18 712
14 713
7 714
11 715
8 716
7 717
13 718
15 719
12 720
10 721
7 722
15 723
8 724
14 725
13 726
9 727
11 728
8 729
5 730
14 731
11 732
12 733
13 734
13 735
13 736
17 737
11 738
14 739
15 740
18 741
15 742
16 743
14 744
13 745
21 746
11 747
15 748
25 749
23 750
28 751
29 752
26 753
27 754
25 755
32 756
43 757
39 758
26 759
31 760
19 761
24 762
33 763
28 764
43 765
33 766
41 767
31 768
35 769
39 770
35 771
45 772
30 773
43 774
38 775
39 776
42 777
42 778
39 779
41 780
42 781
55 782
36 783
67 784
59 785
60 786
53 787
43 788
65 789
70 790
70 791
73 792
63 793
63 794
66 795
65 796
73 797
54 798
52 799
55 800
46 801
56 802
45 803
42 804
44 805
47 806
36 807
34 808
51 809
52 810
58 811
59 812
63 813
80 814
49 815
60 816
77 817
57 818
73 819
87 820
112 821
95 822
96 823
118 824
149 825
119 826
135 827
148 828
134 829
130 830
137 831
130 832
129 833
148 834
144 835
121 836
118 837
118 838
125 839
124 840
104 841
95 842
89 843
85 844
81 845
75 846
72 847
72 848
77 849
52 850
58 851
47 852
44 853
39 854
50 855
33 856
36 857
36 858
31 859
43 860
35 861
39 862
30 863
34 864
31 865
35 866
18 867
39 868
27 869
37 870
27 871
30 872
28 873
23 874
28 875
36 876
33 877
27 878
34 879
34 880
31 881
35 882
34 883
29 884
34 885
31 886
44 887
47 888
47 889
42 890
39 891
44 892
52 893
38 894
51 895
41 896
54 897
50 898
56 899
57 900
50 901
49 902
57 903
71 904
56 905
95 906
78 907
67 908
71 909
71 910
86 911
97 912
74 913
76 914
83 915
85 916
88 917
94 918
78 919
76 920
86 921
72 922
81 923
80 924
68 925
68 926
85 927
58 928
54 929
64 930
55 931
54 932
43 933
54 934
36 935
27 936
44 937
50 938
42 939
53 940
46 941
50 942
47 943
59 944
60 945
54 946
65 947
59 948
53 949
65 950
79 951
51 952
65 953
80 954
75 955
87 956
63 957
56 958
71 959
72 960
60 961
64 962
53 963
49 964
57 965
48 966
53 967
44 968
34 969
40 970
38 971
46 972
28 973
26 974
23 975
26 976
29 977
21 978
18 979
11 980
20 981
16 982
14 983
11 984
13 985
15 986
14 987
12 988
17 989
10 990
21 991
12 992
9 993
18 994
12 995
17 996
22 997
16 998
11 999
20 1000
17 1001
22 1002
9 1003
14 1004
15 1005
19 1006
17 1007
16 1008
15 1009
10 1010
15 1011
14 1012
10 1013
12 1014
13 1015
7 1016
10 1017
16 1018
15 1019
8 1020
14 1021
11 1022
18 1023
9 1024
9 1025
7 1026
9 1027
10 1028
9 1029
7 1030
7 1031
3 1032
2 1033
7 1034
5 1035
6 1036
4 1037
6 1038
5 1039
16 1040
12 1041
5 1042
12 1043
10 1044
14 1045
10 1046
14 1047
13 1048
12 1049
11 1050
12 1051
10 1052
15 1053
12 1054
19 1055
10 1056
19 1057
22 1058
18 1059
15 1060
18 1061
16 1062
23 1063
19 1064
16 1065
16 1066
24 1067
19 1068
25 1069
19 1070
16 1071
20 1072
23 1073
14 1074
16 1075
17 1076
10 1077
18 1078
19 1079
14 1080
22 1081
23 1082
15 1083
17 1084
15 1085
14 1086
13 1087
15 1088
12 1089
8 1090
13 1091
13 1092
5 1093
14 1094
7 1095
12 1096
9 1097
13 1098
10 1099
11 1100
11 1101
7 1102
10 1103
9 1104
10 1105
14 1106
6 1107
12 1108
6 1109
8 1110
10 1111
11 1112
10 1113
14 1114
8 1115
4 1116
6 1117
9 1118
11 1119
4 1120
9 1121
11 1122
12 1123
13 1124
8 1125
15 1126
10 1127
11 1128
13 1129
15 1130
11 1131
11 1132
12 1133
8 1134
18 1135
14 1136
13 1137
21 1138
20 1139
11 1140
14 1141
26 1142
23 1143
18 1144
21 1145
24 1146
33 1147
22 1148
23 1149
25 1150
27 1151
28 1152
25 1153
21 1154
28 1155
26 1156
27 1157
21 1158
19 1159
16 1160
28 1161
21 1162
21 1163
20 1164
12 1165
18 1166
17 1167
21 1168
19 1169
15 1170
14 1171
17 1172
16 1173
14 1174
20 1175
16 1176
18 1177
16 1178
7 1179
22 1180
13 1181
12 1182
15 1183
18 1184
20 1185
14 1186
17 1187
17 1188
16 1189
20 1190
16 1191
22 1192
30 1193
28 1194
22 1195
33 1196
24 1197
32 1198
24 1199
26 1200
20 1201
21 1202
35 1203
35 1204
35 1205
33 1206
35 1207
27 1208
21 1209
43 1210
30 1211
28 1212
31 1213
15 1214
22 1215
27 1216
28 1217
26 1218
16 1219
21 1220
23 1221
17 1222
16 1223
13 1224
18 1225
24 1226
18 1227
13 1228
16 1229
18 1230
18 1231
19 1232
12 1233
17 1234
14 1235
21 1236
13 1237
10 1238
19 1239
18 1240
22 1241
13 1242
15 1243
10 1244
12 1245
17 1246
16 1247
13 1248
10 1249
16 1250
18 1251
8 1252
7 1253
19 1254
10 1255
13 1256
7 1257
13 1258
14 1259
15 1260
17 1261
15 1262
11 1263
12 1264
17 1265
15 1266
16 1267
17 1268
11 1269
21 1270
9 1271
23 1272
23 1273
18 1274
9 1275
16 1276
16 1277
20 1278
26 1279
17 1280
22 1281
15 1282
16 1283
16 1284
20 1285
19 1286
17 1287
25 1288
20 1289
23 1290
19 1291
21 1292
29 1293
31 1294
35 1295
26 1296
35 1297
32 1298
31 1299
25 1300
37 1301
39 1302
41 1303
26 1304
56 1305
39 1306
43 1307
40 1308
50 1309
52 1310
54 1311
46 1312
50 1313
42 1314
45 1315
50 1316
29 1317
55 1318
50 1319
41 1320
37 1321
43 1322
30 1323
35 1324
31 1325
35 1326
35 1327
32 1328
33 1329
33 1330
26 1331
28 1332
25 1333
29 1334
26 1335
24 1336
26 1337
26 1338
30 1339
23 1340
27 1341
26 1342
17 1343
18 1344
16 1345
23 1346
18 1347
16 1348
6 1349
21 1350
18 1351
20 1352
11 1353
11 1354
18 1355
12 1356
18 1357
8 1358
9 1359
5 1360
10 1361
7 1362
6 1363
7 1364
4 1365
10 1366
7 1367
6 1368
6 1369
1 1370
3 1371
3 1372
8 1373
10 1374
5 1375
5 1376
7 1377
7 1378
4 1379
7 1380
2 1381
4 1382
7 1383
6 1384
3 1385
9 1386
4 1387
3 1388
4 1389
5 1390
6 1391
5 1392
2 1393
9 1394
4 1395
5 1396
4 1397
1 1398
8 1399
2 1400
6 1401
7 1402
8 1403
6 1404
4 1405
3 1406
5 1407
6 1408
5 1409
5 1410
5 1411
2 1412
6 1413
12 1414
9 1415
3 1416
5 1417
8 1418
3 1419
8 1420
9 1421
5 1422
8 1423
8 1424
8 1425
10 1426
7 1427
7 1428
5 1429
5 1430
5 1431
7 1432
7 1433
8 1434
10 1435
7 1436
9 1437
13 1438
11 1439
8 1440
7 1441
7 1442
9 1443
5 1444
4 1445
8 1446
8 1447
10 1448
14 1449
7 1450
11 1451
5 1452
10 1453
8 1454
11 1455
7 1456
9 1457
13 1458
9 1459
14 1460
10 1461
6 1462
8 1463
11 1464
8 1465
8 1466
12 1467
7 1468
10 1469
9 1470
9 1471
9 1472
4 1473
7 1474
12 1475
18 1476
14 1477
13 1478
14 1479
20 1480
11 1481
19 1482
13 1483
13 1484
13 1485
10 1486
21 1487
20 1488
17 1489
16 1490
22 1491
19 1492
21 1493
23 1494
27 1495
31 1496
16 1497
29 1498
32 1499
21 1500
22 1501
28 1502
32 1503
29 1504
19 1505
38 1506
19 1507
29 1508
24 1509
26 1510
30 1511
22 1512
22 1513
30 1514
24 1515
24 1516
18 1517
23 1518
21 1519
25 1520
32 1521
30 1522
24 1523
24 1524
25 1525
16 1526
28 1527
19 1528
40 1529
28 1530
29 1531
34 1532
27 1533
24 1534
24 1535
31 1536
33 1537
43 1538
32 1539
23 1540
29 1541
41 1542
40 1543
44 1544
46 1545
48 1546
55 1547
61 1548
56 1549
59 1550
67 1551
61 1552
77 1553
64 1554
73 1555
68 1556
68 1557
50 1558
75 1559
78 1560
75 1561
80 1562
69 1563
84 1564
67 1565
69 1566
73 1567
63 1568
55 1569
79 1570
63 1571
61 1572
63 1573
63 1574
79 1575
72 1576
63 1577
59 1578
45 1579
51 1580
44 1581
37 1582
54 1583
43 1584
51 1585
42 1586
35 1587
25 1588
34 1589
33 1590
26 1591
24 1592
27 1593
23 1594
14 1595
17 1596
16 1597
13 1598
15 1599
14 1600
13 1601
16 1602
12 1603
8 1604
11 1605
10 1606
11 1607
11 1608
13 1609
14 1610
6 1611
5 1612
8 1613
12 1614
8 1615
4 1616
8 1617
3 1618
13 1619
7 1620
14 1621
11 1622
2 1623
15 1624
8 1625
7 1626
11 1627
4 1628
8 1629
17 1630
12 1631
12 1632
9 1633
6 1634
20 1635
11 1636
9 1637
9 1638
12 1639
14 1640
19 1641
11 1642
19 1643
14 1644
13 1645
20 1646
16 1647
19 1648
13 1649
22 1650
12 1651
11 1652
20 1653
13 1654
13 1655
20 1656
15 1657
8 1658
6 1659
12 1660
10 1661
11 1662
7 1663
8 1664
8 1665
5 1666
4 1667
9 1668
7 1669
4 1670
6 1671
4 1672
1 1673
1 1674
5 1675
4 1676
1 1677
3 1678
2 1679
1 1680
1 1681
2 1682
3 1683
2 1686
1 1687
3 1688
1 1689
3 1690
3 1691
2 1692
1 1693
2 1696
2 1698
5 1699
2 1700
1 1701
1 1702
2 1704
1 1705
2 1706
3 1708
2 1710
2 1711
1 1714
2 1715
2 1717
1 1721
1 1723
1 1724
1 1725
1 1726
1 1727
2 1728
1 1729
1 1732
3 1733
1 1735
2 1736
3 1737
2 1738
1 1739
1 1741
1 1743
1 1744
2 1746
1 1748
2 1749
1 1751
2 1753
2 1754
1 1755
3 1756
3 1757
2 1758
1 1759
3 1760
2 1761
1 1762
3 1763
1 1764
1 1765
2 1766
4 1768
4 1769
1 1770
2 1771
2 1772
3 1773
1 1775
2 1776
2 1777
1 1779
2 1780
1 1781
3 1783
3 1784
1 1785
2 1786
2 1787
3 1789
2 1790
1 1792
3 1794
3 1795
4 1796
4 1797
2 1798
5 1799
2 1801
2 1802
2 1803
2 1804
1 1805
4 1806
2 1807
5 1808
2 1809
2 1810
4 1811
2 1812
4 1813
3 1814
6 1816
3 1817
3 1818
2 1819
1 1820
2 1822
2 1823
5 1824
7 1825
3 1827
6 1828
4 1829
6 1830
8 1831
4 1832
1 1833
7 1834
3 1835
8 1836
5 1837
2 1838
5 1839
4 1840
3 1841
7 1842
5 1843
5 1844
5 1845
6 1846
8 1847
4 1848
2 1849
5 1850
8 1851
9 1852
3 1853
7 1854
4 1855
3 1856
6 1857
15 1858
3 1859
5 1860
9 1861
7 1862
5 1863
6 1864
3 1865
4 1866
5 1867
2 1868
4 1869
1 1870
6 1871
6 1872
7 1873
6 1874
4 1875
4 1876
1 1877
2 1878
5 1879
3 1880
2 1881
6 1882
3 1883
3 1884
1 1885
5 1886
2 1887
5 1888
3 1889
4 1890
5 1891
2 1892
2 1894
5 1895
4 1896
3 1898
1 1899
2 1900
1 1901
2 1902
1 1903
4 1905
2 1906
2 1907
3 1908
4 1910
1 1911
2 1914
2 1915
1 1917
1 1918
1 1919
2 1922
2 1925
2 1927
1 1929
4 1930
1 1931
1 1932
1 1934
1 1935
1 1936
1 1937
1 1939
3 1940
1 1941
2 1944
1 1945
2 1946
1 1947
4 1953
1 1954
2 1955
1 1960
2 1961
3 1962
1 1963
2 1968
1 1969
3 1970
1 1971
1 1972
1 1973
3 1974
2 1976
1 1977
2 1978
2 1979
3 1982
1 1983
2 1986
1 1989
1 1990
2 1992
1 1994
1 1995
1 1996
2 1998
1 1999
1 2000
2 2002
2 2003
1 2004
2 2005
1 2006
3 2007
2 2009
1 2010
2 2012
1 2013
1 2014
1 2015
1 2017
1 2018
1 2019
1 2020
3 2022
1 2024
4 2025
1 2026
3 2028
3 2029
1 2030
2 2031
1 2033
3 2035
2 2036
2 2038
1 2039
1 2040
1 2041
3 2043
1 2044
3 2045
3 2048
2 2049
2 2050
1 2051
1 2052
1 2053
2 2054
4 2056
1 2057
2 2058
2 2060
1 2061
3 2063
3 2065
1 2067
1 2068
1 2069
1 2072
1 2074
1 2076
1 2078
2 2079
1 2083
1 2084
3 2085
1 2086
4 2087
2 2089
4 2090
5 2091
2 2092
4 2093
2 2094
2 2096
2 2097
2 2098
1 2099
3 2100
3 2101
3 2103
4 2105
2 2107
1 2108
6 2109
4 2110
3 2111
5 2113
2 2114
4 2115
4 2116
3 2117
6 2118
6 2119
3 2120
4 2121
7 2122
5 2123
6 2124
6 2125
4 2126
2 2127
6 2128
6 2129
4 2130
5 2131
7 2132
7 2133
9 2134
7 2135
1 2136
4 2137
4 2138
5 2139
4 2140
8 2141
6 2142
10 2143
6 2144
6 2145
8 2146
3 2147
7 2148
8 2149
1 2150
4 2151
7 2152
8 2153
11 2154
7 2155
6 2156
5 2157
5 2158
2 2159
5 2160
6 2161
4 2162
3 2163
6 2164
9 2165
3 2166
3 2167
3 2168
4 2169
6 2170
3 2171
2 2172
2 2173
4 2174
4 2175
4 2176
2 2177
3 2178
3 2179
5 2180
1 2181
6 2182
1 2183
5 2184
1 2185
3 2186
3 2188
3 2189
1 2190
3 2191
3 2192
5 2194
4 2196
2 2197
3 2198
1 2199
2 2200
2 2201
3 2202
3 2204
6 2205
2 2206
4 2207
1 2208
2 2209
2 2211
1 2212
3 2214
8 2215
1 2217
3 2218
4 2219
2 2220
1 2221
2 2222
1 2223
3 2224
1 2226
2 2227
4 2228
2 2229
1 2231
3 2233
1 2234
3 2235
3 2236
1 2237
2 2239
5 2242
5 2243
1 2244
3 2246
2 2247
1 2249
1 2250
2 2251
1 2252
2 2253
1 2254
1 2256
2 2257
2 2258
2 2259
2 2260
2 2261
1 2262
2 2265
1 2266
3 2267
1 2268
1 2269
1 2271
1 2272
1 2278
1 2280
1 2281
1 2283
1 2285
2 2286
1 2287
1 2288
1 2290
1 2292
2 2293
1 2299
1 2301
2 2306
1 2308
1 2309
1 2312
2 2314
1 2316
1 2319
2 2321
1 2331
1 2332
1 2333
1 2334
1 2335
1 2336
1 2345
1 2346
1 2347
1 2351
1 2353
2 2354
1 2355
1 2356
1 2358
1 2359
2 2360
1 2363
1 2365
2 2366
2 2367
1 2368
2 2369
1 2370
1 2372
1 2373
1 2376
1 2378
5 2379
1 2380
2 2381
2 2382
3 2383
4 2384
1 2388
1 2389
1 2390
1 2393
1 2395
3 2396
1 2397
1 2398
3 2399
1 2400
1 2404
1 2405
1 2406
3 2407
1 2408
1 2409
1 2411
2 2412
1 2414
1 2418
2 2421
3 2422
9 2423
1 2424
1 2426
6 2427
2 2429
2 2431
3 2433
3 2434
4 2435
1 2436
2 2437
1 2438
2 2439
2 2441
1 2442
5 2443
3 2444
4 2445
4 2446
1 2447
5 2448
1 2449
2 2450
1 2451
3 2452
4 2453
4 2454
2 2455
3 2456
2 2457
2 2458
2 2459
1 2460
5 2461
4 2462
4 2463
2 2464
3 2465
2 2466
1 2467
2 2468
5 2469
7 2470
2 2471
3 2473
4 2474
5 2475
4 2476
5 2477
5 2478
5 2479
6 2480
6 2481
4 2482
2 2483
5 2484
3 2485
3 2486
4 2487
6 2488
5 2489
4 2490
3 2492
1 2493
3 2494
1 2495
5 2496
2 2497
2 2498
4 2499
1 2500
2 2502
3 2503
2 2504
2 2505
4 2506
1 2507
4 2508
3 2510
4 2512
2 2513
1 2515
3 2516
2 2518
3 2519
2 2520
3 2521
1 2523
1 2524
4 2525
2 2527
1 2528
1 2530
1 2532
1 2533
2 2535
1 2536
2 2537
1 2538
2 2539
1 2542
1 2543
2 2544
3 2546
1 2547
1 2548
1 2550
1 2551
2 2552
1 2553
1 2555
1 2556
1 2557
1 2558
1 2559
1 2560
3 2561
2 2562
1 2565
2 2566
2 2567
3 2568
2 2569
1 2570
1 2571
1 2572
2 2573
4 2575
3 2576
1 2577
3 2583
1 2584
1 2585
3 2586
2 2587
3 2588
2 2590
2 2591
3 2592
1 2594
2 2595
1 2596
3 2598
3 2599
1 2601
1 2602
1 2604
1 2605
2 2607
1 2608
2 2609
2 2610
2 2611
3 2612
2 2613
2 2614
2 2618
1 2621
2 2622
3 2623
1 2624
2 2626
3 2627
1 2629
2 2630
1 2631
2 2632
1 2633
3 2635
4 2636
3 2638
1 2639
1 2640
3 2642
1 2644
1 2645
2 2646
1 2647
3 2648
2 2649
1 2650
1 2651
3 2652
1 2653
3 2654
4 2655
1 2656
1 2658
7 2659
5 2660
1 2661
3 2662
4 2663
5 2664
3 2666
2 2667
4 2668
2 2670
3 2671
1 2674
1 2676
5 2677
3 2678
2 2679
1 2682
1 2683
1 2684
2 2685
1 2686
3 2687
2 2688
5 2689
2 2691
3 2692
2 2693
2 2695
1 2696
1 2697
1 2698
3 2700
2 2701
1 2702
1 2708
1 2709
1 2710
1 2711
1 2715
2 2716
1 2718
1 2719
1 2722
1 2725
2 2727
1 2728
1 2734
1 2741
2 2742
1 2747
1 2752
1 2758
1 2763
1 2771
1 2789
1 2800
1 2801
1 2804
1 2824
1 2833
1 2838
1 2846
1 2854
1 2857
1 2898
2 2900
1 2901
1 2914
1 2915
1 2944
1 2966
1 2973
1 2977
1 2984
1 2997
1 3002
1 3030
1 3035
1 3042
1 3043
1 3048
1 3052
1 3055
1 3058
1 3061
1 3066
1 3082
1 3086
1 3091
1 3094
1 3100
1 3104
1 3107
1 3113
1 3116
1 3120
1 3124
1 3131
1 3136
1 3149
1 3158
1 3159
1 3163
1 3188
2 3197
1 3208
1 3220
1 3247
1 3249
1 3276
1 3289
1 3291
1 3322
1 3336
1 3344
2 3358
1 3365
1 3403
1 3443
1 3448
1 3449
1 3450
1 3476
1 3494
1 3502
1 3718
1 3893
1 3938
1 3965
1 4014
1 4131
1 4831
1 5141
