2 2
2 3
3 5
1 6
1 7
1 9
3 12
1 13
2 14
1 16
1 18
1 19
1 20
2 22
2 25
1 26
1 27
2 28
1 31
1 32
4 33
2 35
2 36
1 37
2 38
2 39
1 40
1 41
1 42
3 44
1 45
1 46
3 47
2 48
2 50
1 51
2 52
2 54
2 57
2 58
3 60
3 61
4 62
1 63
1 65
6 66
3 67
2 68
4 69
1 70
4 71
1 72
2 73
2 74
1 75
1 76
1 77
1 78
1 79
3 80
3 81
5 82
2 83
1 84
3 85
1 86
1 88
4 89
2 90
3 91
3 92
2 93
2 94
1 98
4 99
3 101
5 102
2 103
4 104
3 105
2 106
1 107
1 108
3 109
2 110
1 111
3 112
3 114
3 115
3 116
3 117
1 118
2 120
2 121
3 122
2 123
3 124
8 125
1 126
3 127
5 130
3 131
2 132
2 133
4 134
5 135
4 136
1 137
2 138
4 139
1 140
1 141
3 143
1 144
5 145
1 146
2 147
1 148
2 149
3 150
2 151
1 152
3 153
2 154
3 155
4 156
5 157
5 158
1 159
4 160
3 161
2 162
5 163
5 164
2 165
4 166
5 167
2 168
3 169
5 170
4 171
4 172
5 173
3 174
3 175
4 176
3 177
3 178
2 179
5 180
4 181
2 182
4 183
3 184
4 185
4 186
2 189
4 190
2 191
6 192
5 193
2 194
9 195
5 196
1 197
3 198
3 199
6 200
4 201
4 202
2 203
7 204
3 205
2 206
4 207
3 208
6 209
8 210
7 211
1 212
11 213
1 214
8 215
4 216
6 217
5 218
1 219
4 220
5 221
6 222
8 223
4 224
2 225
5 226
1 227
4 228
3 229
2 230
4 231
7 232
3 233
1 234
6 235
2 236
1 237
6 238
5 239
2 240
1 241
9 242
3 243
2 244
2 245
3 246
2 247
5 249
5 250
6 252
4 253
4 254
4 256
5 257
4 258
4 259
2 260
3 261
6 262
4 263
4 264
1 265
1 267
2 268
5 269
4 270
5 271
6 272
5 273
6 274
8 275
4 276
1 277
6 278
10 279
7 280
5 281
8 282
5 283
12 284
11 285
7 286
7 287
11 288
10 289
10 290
13 291
11 292
10 293
3 294
7 295
10 296
11 297
14 298
10 299
11 300
8 301
9 302
9 303
15 304
12 305
12 306
14 307
16 308
6 309
7 310
10 311
9 312
7 313
11 314
16 315
8 316
3 317
9 318
14 319
13 320
8 321
6 322
12 323
7 324
8 325
4 326
6 327
9 328
4 329
9 330
4 331
10 332
4 333
5 334
10 335
15 336
14 337
12 338
6 339
19 340
21 341
27 342
23 343
21 344
26 345
25 346
22 347
35 348
27 349
32 350
37 351
35 352
52 353
49 354
55 355
56 356
63 357
76 358
64 359
88 360
77 361
48 362
52 363
48 364
41 365
30 366
29 367
28 368
27 369
24 370
19 371
17 372
20 373
6 374
9 375
14 376
10 377
11 378
8 379
8 380
2 381
10 382
10 383
10 384
6 385
5 386
7 387
16 388
22 389
11 390
14 391
12 392
14 393
22 394
16 395
15 396
18 397
15 398
15 399
21 400
16 401
12 402
18 403
19 404
15 405
18 406
13 407
13 408
14 409
13 410
15 411
13 412
12 413
15 414
13 415
16 416
21 417
17 418
15 419
21 420
21 421
20 422
21 423
35 424
38 425
32 426
24 427
45 428
45 429
54 430
44 431
56 432
64 433
61 434
66 435
64 436
78 437
64 438
66 439
61 440
72 441
56 442
51 443
53 444
54 445
42 446
46 447
42 448
32 449
31 450
31 451
30 452
41 453
26 454
19 455
25 456
26 457
26 458
16 459
22 460
19 461
19 462
22 463
20 464
14 465
8 466
11 467
19 468
16 469
20 470
11 471
17 472
8 473
11 474
17 475
19 476
14 477
10 478
15 479
13 480
12 481
7 482
7 483
10 484
8 485
7 486
10 487
10 488
3 489
9 490
13 491
8 492
10 493
10 494
13 495
13 496
13 497
10 498
11 499
18 500
22 501
18 502
22 503
18 504
15 505
15 506
19 507
22 508
30 509
31 510
32 511
28 512
28 513
34 514
38 515
35 516
30 517
30 518
32 519
39 520
34 521
26 522
34 523
28 524
21 525
20 526
21 527
14 528
15 529
10 530
13 531
12 532
11 533
13 534
6 535
9 536
7 537
9 538
5 539
12 540
9 541
9 542
11 543
10 544
6 545
9 546
7 547
10 548
12 549
17 550
15 551
10 552
13 553
16 554
8 555
13 556
12 557
12 558
14 559
16 560
8 561
23 562
22 563
24 564
14 565
18 566
22 567
13 568
19 569
28 570
32 571
31 572
34 573
39 574
30 575
44 576
51 577
59 578
55 579
67 580
69 581
69 582
89 583
86 584
81 585
94 586
113 587
123 588
137 589
130 590
144 591
143 592
144 593
140 594
140 595
131 596
139 597
127 598
105 599
105 600
104 601
97 602
86 603
68 604
48 605
52 606
48 607
30 608
39 609
27 610
22 611
19 612
25 613
14 614
20 615
17 616
13 617
11 618
16 619
8 620
10 621
9 622
5 623
10 624
10 625
9 626
7 627
9 628
2 629
5 630
10 631
7 632
9 633
2 634
4 635
8 636
8 637
9 638
6 639
5 640
6 641
10 642
8 643
5 644
5 645
2 646
5 647
4 648
8 649
9 650
7 651
13 652
3 653
9 654
7 655
8 656
2 657
2 658
9 659
11 660
12 661
9 662
3 663
11 664
12 665
10 666
6 667
10 668
8 669
13 670
9 671
10 672
6 673
8 674
8 675
3 676
10 677
11 678
7 679
12 680
10 681
4 682
10 683
10 684
5 685
9 686
15 687
5 688
5 689
9 690
8 691
9 692
11 693
8 694
7 695
11 696
8 697
7 698
11 699
8 700
8 701
11 702
7 703
7 704
7 705
11 706
12 707
10 708
10 709
11 710
10 711
21 712
12 713
16 714
19 715
21 716
4 717
10 718
26 719
15 720
18 721
20 722
22 723
31 724
21 725
34 726
35 727
38 728
44 729
47 730
55 731
64 732
51 733
58 734
81 735
87 736
92 737
87 738
92 739
107 740
140 741
162 742
132 743
165 744
171 745
171 746
147 747
200 748
196 749
188 750
175 751
202 752
167 753
170 754
169 755
169 756
137 757
132 758
108 759
107 760
93 761
91 762
73 763
101 764
62 765
67 766
64 767
50 768
51 769
38 770
50 771
33 772
24 773
30 774
19 775
17 776
28 777
25 778
20 779
21 780
16 781
7 782
18 783
10 784
4 785
12 786
18 787
7 788
12 789
8 790
10 791
5 792
9 793
7 794
10 795
7 796
11 797
15 798
6 799
6 800
2 801
10 802
9 803
6 804
4 805
11 806
7 807
7 808
4 809
6 810
2 811
3 812
10 813
4 814
5 815
5 816
2 817
2 818
9 819
4 820
6 821
5 822
5 823
4 824
7 825
3 826
5 827
6 828
3 829
6 830
2 831
3 832
4 833
5 834
7 835
7 836
5 837
8 838
8 839
7 840
4 841
6 842
5 843
8 844
9 845
11 846
2 847
9 848
5 849
7 850
15 851
9 852
11 853
8 854
11 855
16 856
9 857
15 858
10 859
14 860
14 861
19 862
12 863
19 864
15 865
13 866
16 867
25 868
18 869
15 870
20 871
21 872
36 873
29 874
29 875
28 876
35 877
32 878
36 879
37 880
29 881
27 882
29 883
40 884
42 885
35 886
49 887
37 888
35 889
28 890
37 891
34 892
37 893
37 894
31 895
26 896
24 897
22 898
33 899
19 900
33 901
21 902
18 903
18 904
19 905
15 906
19 907
14 908
22 909
15 910
14 911
22 912
9 913
15 914
19 915
19 916
17 917
17 918
10 919
7 920
8 921
7 922
20 923
6 924
3 925
8 926
12 927
3 928
2 929
4 930
6 931
9 932
5 933
2 934
3 935
1 936
3 937
2 938
4 939
1 940
2 941
3 942
7 943
3 944
4 945
6 946
7 947
5 948
3 949
4 950
1 951
3 952
6 953
3 954
9 955
8 956
4 957
6 958
6 959
4 960
7 961
9 962
7 963
3 964
9 965
2 966
1 967
5 968
4 969
1 970
6 971
4 972
7 973
2 974
8 975
2 976
9 977
4 978
6 979
3 980
1 981
6 982
2 983
3 984
2 985
4 986
1 987
2 988
1 989
1 990
1 992
1 993
3 994
1 997
4 998
2 1000
1 1002
1 1003
1 1005
2 1006
1 1007
2 1008
1 1009
3 1010
3 1011
1 1012
1 1013
1 1018
1 1019
3 1022
2 1024
1 1025
1 1026
1 1028
1 1029
1 1030
1 1032
1 1033
1 1034
1 1035
1 1036
1 1039
2 1040
2 1041
2 1042
1 1043
1 1046
1 1047
3 1048
1 1050
2 1054
1 1055
2 1057
1 1058
1 1059
1 1060
2 1062
1 1064
1 1066
3 1067
2 1069
1 1070
2 1071
2 1074
1 1075
3 1076
2 1077
1 1080
1 1083
1 1084
2 1085
2 1088
1 1089
1 1093
1 1097
1 1098
2 1099
2 1100
2 1101
2 1102
1 1103
1 1105
1 1106
2 1109
1 1110
2 1111
1 1113
2 1114
1 1115
1 1117
2 1118
2 1119
1 1120
1 1121
3 1122
1 1123
1 1125
1 1126
3 1127
3 1129
2 1131
3 1132
1 1133
2 1135
1 1136
1 1137
1 1139
2 1142
2 1143
2 1144
3 1145
1 1146
2 1147
2 1149
1 1150
1 1151
1 1152
2 1153
2 1154
2 1156
2 1157
1 1158
1 1164
2 1168
2 1170
2 1174
2 1176
2 1178
2 1179
1 1180
1 1181
1 1182
1 1183
1 1185
1 1186
2 1188
1 1189
1 1190
2 1191
2 1192
2 1195
1 1196
3 1197
3 1198
1 1202
3 1204
1 1205
2 1206
2 1207
2 1208
3 1209
2 1211
1 1213
1 1214
1 1216
1 1219
4 1220
3 1221
2 1222
1 1223
1 1224
1 1225
1 1226
2 1228
1 1230
3 1231
1 1232
2 1233
2 1234
2 1235
5 1237
2 1238
1 1239
5 1240
2 1241
1 1242
3 1243
6 1244
2 1245
2 1246
1 1247
1 1248
2 1250
9 1251
2 1252
5 1253
4 1254
1 1255
4 1256
4 1257
2 1258
4 1259
6 1260
4 1261
5 1262
3 1263
9 1264
2 1265
2 1266
4 1267
6 1268
6 1269
2 1270
5 1271
2 1272
1 1273
4 1274
13 1275
5 1276
6 1277
3 1278
2 1279
3 1280
4 1282
4 1283
6 1284
5 1285
5 1286
3 1287
2 1288
3 1289
4 1290
8 1291
4 1292
6 1293
3 1294
3 1295
5 1296
2 1297
4 1298
1 1299
1 1300
1 1301
5 1302
3 1303
2 1305
1 1306
2 1307
2 1308
2 1309
1 1310
3 1311
3 1312
2 1313
1 1314
2 1315
1 1317
1 1318
2 1319
2 1320
2 1321
1 1322
1 1323
2 1324
4 1325
2 1326
2 1327
2 1329
1 1330
1 1331
1 1333
2 1334
1 1335
1 1336
2 1337
2 1338
3 1339
6 1340
3 1341
3 1343
4 1344
2 1345
3 1346
4 1347
1 1348
1 1349
1 1350
2 1351
2 1352
2 1354
1 1355
1 1356
3 1357
3 1358
2 1359
1 1360
4 1361
1 1362
6 1363
2 1364
2 1365
3 1366
1 1367
1 1368
5 1369
5 1370
5 1371
6 1373
3 1374
1 1375
3 1376
2 1377
3 1378
5 1379
4 1381
1 1382
1 1383
4 1384
4 1385
2 1386
6 1387
6 1388
1 1389
4 1390
3 1391
5 1393
4 1394
3 1395
3 1397
3 1398
3 1399
2 1400
2 1401
1 1402
5 1403
4 1405
2 1406
4 1407
1 1409
1 1411
2 1413
5 1414
4 1415
3 1416
6 1417
1 1418
6 1419
5 1420
5 1421
1 1423
6 1424
5 1425
3 1426
2 1427
3 1428
3 1429
1 1430
3 1431
2 1432
5 1433
2 1434
4 1435
4 1436
4 1437
5 1438
2 1439
7 1440
9 1441
8 1442
4 1443
1 1444
8 1445
4 1446
3 1447
6 1448
6 1449
1 1450
8 1451
6 1452
4 1453
3 1454
8 1455
3 1456
3 1457
3 1458
4 1459
4 1460
7 1461
2 1462
3 1463
3 1464
6 1465
3 1466
4 1467
5 1468
2 1469
3 1470
8 1471
2 1473
4 1474
2 1475
5 1476
2 1477
1 1478
3 1479
7 1480
3 1481
4 1482
5 1483
2 1484
1 1485
4 1486
7 1487
5 1488
3 1489
9 1490
5 1491
6 1492
7 1493
5 1494
5 1495
3 1496
6 1497
10 1498
9 1499
9 1500
13 1501
5 1502
4 1503
13 1504
11 1505
10 1506
6 1507
11 1508
10 1509
11 1510
8 1511
14 1512
9 1513
6 1514
10 1515
8 1516
11 1517
12 1518
13 1519
11 1520
8 1521
7 1522
20 1523
13 1524
13 1525
15 1526
10 1527
5 1528
10 1529
9 1530
11 1531
14 1532
7 1533
12 1534
9 1535
16 1536
8 1537
8 1538
11 1539
14 1540
12 1541
8 1542
10 1543
21 1544
6 1545
13 1546
13 1547
7 1548
19 1549
23 1550
13 1551
16 1552
11 1553
21 1554
19 1555
17 1556
19 1557
14 1558
17 1559
13 1560
21 1561
24 1562
19 1563
20 1564
26 1565
16 1566
21 1567
21 1568
19 1569
21 1570
30 1571
23 1572
21 1573
22 1574
25 1575
22 1576
19 1577
16 1578
31 1579
21 1580
18 1581
27 1582
20 1583
30 1584
31 1585
28 1586
20 1587
22 1588
20 1589
36 1590
22 1591
39 1592
44 1593
30 1594
36 1595
44 1596
42 1597
32 1598
36 1599
43 1600
41 1601
52 1602
41 1603
54 1604
61 1605
46 1606
46 1607
69 1608
54 1609
47 1610
56 1611
66 1612
62 1613
67 1614
68 1615
99 1616
59 1617
76 1618
66 1619
59 1620
74 1621
71 1622
59 1623
74 1624
70 1625
67 1626
69 1627
59 1628
56 1629
54 1630
49 1631
50 1632
51 1633
42 1634
45 1635
35 1636
34 1637
37 1638
27 1639
22 1640
25 1641
14 1642
19 1643
29 1644
17 1645
7 1646
12 1647
11 1648
10 1649
15 1650
7 1651
8 1652
10 1653
6 1654
4 1655
10 1656
4 1657
9 1658
9 1659
5 1660
4 1661
6 1662
2 1663
7 1664
5 1665
2 1666
2 1667
2 1668
3 1669
1 1670
2 1671
3 1672
2 1674
1 1675
2 1676
3 1677
1 1678
1 1680
4 1681
1 1683
2 1687
1 1688
1 1689
2 1690
1 1691
1 1692
1 1693
1 1696
2 1698
2 1704
3 1705
1 1706
1 1708
1 1710
2 1711
1 1712
1 1714
1 1715
1 1716
1 1717
2 1721
1 1723
1 1724
1 1725
1 1726
2 1727
2 1729
2 1730
1 1733
1 1734
1 1735
2 1736
1 1740
2 1742
1 1744
5 1745
1 1746
2 1750
1 1751
1 1754
1 1755
2 1758
1 1759
1 1761
1 1763
2 1765
3 1766
2 1768
1 1769
2 1770
2 1772
2 1773
2 1776
1 1777
3 1778
3 1779
1 1783
2 1784
1 1785
1 1786
2 1789
2 1791
2 1793
1 1794
5 1795
1 1796
1 1799
2 1801
1 1803
1 1805
2 1806
2 1807
1 1808
1 1809
2 1810
3 1813
1 1815
1 1817
2 1818
1 1820
2 1821
2 1822
3 1823
3 1826
1 1828
3 1829
3 1832
1 1833
2 1834
3 1835
3 1836
3 1837
4 1838
3 1839
3 1840
4 1841
4 1842
4 1843
4 1844
4 1845
1 1846
2 1847
3 1848
1 1849
3 1850
2 1851
1 1852
4 1853
6 1854
3 1855
1 1856
1 1857
3 1858
1 1859
4 1860
1 1861
6 1862
2 1863
1 1864
3 1865
4 1866
4 1867
2 1868
6 1869
4 1870
2 1871
6 1872
5 1873
9 1874
6 1875
8 1876
5 1877
5 1878
2 1879
3 1880
4 1881
8 1882
4 1883
3 1884
4 1885
6 1886
6 1887
5 1888
4 1889
1 1890
2 1891
7 1892
2 1893
4 1894
2 1895
1 1896
3 1897
1 1898
5 1899
2 1900
5 1901
1 1902
1 1903
1 1905
1 1906
3 1907
2 1908
2 1909
3 1910
4 1911
4 1912
1 1913
3 1914
1 1915
2 1917
2 1918
1 1919
3 1920
3 1921
2 1922
2 1923
2 1924
3 1925
1 1926
1 1927
2 1928
1 1929
3 1930
1 1932
4 1933
3 1934
1 1935
1 1936
5 1937
6 1938
2 1939
3 1940
1 1941
4 1942
4 1943
2 1944
2 1945
2 1946
3 1947
2 1948
2 1949
2 1950
3 1951
7 1952
5 1953
2 1954
1 1955
3 1956
1 1957
4 1958
4 1959
4 1960
4 1961
2 1962
2 1963
6 1964
7 1965
5 1966
6 1967
7 1968
1 1969
3 1970
7 1971
6 1972
7 1973
3 1974
5 1975
8 1976
6 1977
9 1978
6 1979
10 1980
11 1981
5 1982
9 1983
8 1984
8 1985
8 1986
16 1987
13 1988
11 1989
14 1990
11 1991
7 1992
13 1993
12 1994
15 1995
14 1996
13 1997
14 1998
11 1999
19 2000
19 2001
27 2002
26 2003
26 2004
12 2005
33 2006
31 2007
20 2008
24 2009
19 2010
20 2011
18 2012
18 2013
20 2014
20 2015
19 2016
23 2017
23 2018
17 2019
18 2020
17 2021
16 2022
32 2023
23 2024
24 2025
14 2026
18 2027
13 2028
17 2029
10 2030
9 2031
14 2032
8 2033
14 2034
14 2035
8 2036
15 2037
10 2038
16 2039
9 2040
7 2041
11 2042
7 2043
4 2044
5 2045
4 2046
4 2047
5 2048
4 2049
5 2050
4 2051
5 2052
3 2053
6 2054
5 2056
4 2057
7 2058
7 2059
4 2060
5 2061
3 2062
7 2063
2 2065
3 2066
4 2067
5 2068
1 2069
5 2070
3 2071
4 2072
4 2073
8 2074
4 2075
5 2076
4 2077
3 2078
5 2079
3 2080
3 2081
4 2082
2 2083
5 2084
4 2085
3 2086
7 2087
4 2088
6 2089
5 2090
4 2091
3 2092
5 2093
3 2094
2 2095
6 2096
3 2097
6 2098
3 2099
2 2100
2 2101
4 2102
4 2103
1 2104
7 2105
4 2106
3 2107
3 2108
3 2109
6 2110
7 2111
3 2112
3 2113
3 2114
5 2115
3 2116
3 2117
3 2118
3 2119
4 2120
3 2121
4 2122
3 2123
4 2124
4 2125
3 2126
2 2127
2 2129
2 2130
2 2131
3 2132
3 2133
1 2134
7 2135
2 2136
4 2138
2 2139
3 2140
3 2141
1 2142
1 2143
1 2144
1 2145
1 2146
3 2147
1 2148
1 2149
1 2150
2 2151
3 2152
1 2153
2 2154
2 2155
3 2156
3 2157
1 2158
2 2159
2 2160
4 2161
1 2162
3 2163
4 2164
1 2165
1 2166
1 2167
1 2168
3 2170
1 2171
1 2172
2 2173
2 2174
3 2175
1 2176
3 2177
1 2178
1 2179
4 2180
1 2182
1 2185
2 2186
2 2189
1 2191
1 2195
2 2197
1 2198
1 2199
1 2200
1 2201
2 2202
1 2205
1 2206
1 2210
1 2211
1 2218
1 2219
2 2220
1 2222
1 2223
1 2227
1 2228
1 2230
2 2232
1 2235
1 2236
2 2241
1 2242
1 2243
1 2244
1 2245
1 2246
1 2247
2 2249
2 2252
1 2256
1 2258
1 2260
2 2267
1 2268
1 2271
1 2272
2 2279
1 2280
1 2282
1 2285
1 2290
1 2291
2 2294
1 2295
1 2296
1 2297
1 2298
1 2302
1 2308
1 2310
3 2311
1 2314
2 2315
2 2316
1 2321
1 2322
1 2323
1 2324
1 2328
1 2330
2 2333
1 2336
2 2337
2 2338
1 2339
1 2341
1 2342
1 2343
1 2344
1 2345
1 2346
1 2348
3 2353
1 2359
1 2360
1 2361
1 2363
1 2365
1 2366
1 2368
1 2369
1 2370
1 2371
1 2372
1 2375
1 2376
1 2382
1 2386
1 2388
1 2391
1 2394
1 2395
1 2396
1 2398
1 2399
3 2405
1 2407
2 2408
1 2410
1 2417
2 2418
1 2419
1 2426
1 2427
2 2428
1 2430
1 2431
1 2435
1 2437
3 2439
1 2444
2 2446
1 2449
2 2451
1 2452
3 2453
2 2456
2 2457
2 2459
2 2461
2 2462
1 2464
1 2466
1 2471
3 2472
1 2475
1 2476
1 2477
1 2478
1 2481
1 2482
1 2485
4 2486
2 2489
2 2491
1 2492
1 2493
1 2496
1 2498
2 2499
2 2501
1 2503
2 2505
2 2506
2 2508
1 2509
1 2510
1 2511
2 2516
1 2517
1 2520
1 2521
2 2523
1 2524
1 2525
1 2526
1 2528
1 2529
1 2532
2 2533
1 2534
1 2535
1 2536
1 2538
1 2540
2 2541
1 2543
1 2544
2 2545
1 2547
1 2548
1 2552
1 2553
1 2554
1 2555
1 2557
1 2563
1 2565
1 2567
2 2568
1 2571
1 2574
1 2575
2 2578
1 2579
1 2582
2 2584
2 2590
2 2591
2 2592
2 2594
1 2595
1 2596
1 2601
1 2603
2 2606
1 2608
1 2609
3 2611
3 2612
1 2613
1 2615
3 2619
1 2621
4 2622
2 2623
1 2625
1 2628
2 2632
1 2633
1 2634
2 2636
1 2638
1 2643
1 2644
1 2645
1 2646
1 2650
1 2651
1 2652
2 2653
1 2654
3 2656
2 2659
2 2662
1 2663
2 2664
1 2666
2 2670
1 2676
2 2678
2 2680
1 2682
1 2684
2 2685
1 2686
1 2688
3 2690
2 2691
3 2694
1 2695
1 2696
1 2699
2 2700
2 2701
1 2702
3 2705
2 2706
1 2707
2 2708
1 2709
2 2710
1 2711
1 2712
1 2719
1 2721
3 2723
1 2725
2 2726
1 2727
1 2731
1 2732
1 2735
2 2737
1 2738
2 2739
1 2740
2 2741
1 2742
1 2745
1 2748
1 2750
1 2752
1 2755
1 2756
1 2759
2 2760
1 2761
2 2762
2 2765
2 2767
2 2768
3 2769
1 2773
1 2774
1 2775
1 2776
1 2778
1 2782
2 2784
3 2785
2 2786
1 2787
2 2788
1 2790
1 2791
1 2794
1 2796
2 2799
1 2800
2 2801
2 2802
2 2804
3 2806
2 2807
1 2811
1 2817
1 2818
1 2825
1 2826
1 2828
3 2829
1 2830
1 2832
2 2833
1 2834
1 2836
1 2837
1 2839
2 2842
2 2844
1 2846
2 2849
3 2850
1 2851
1 2854
1 2857
1 2858
3 2859
1 2863
1 2864
1 2866
1 2867
2 2868
1 2871
2 2875
2 2876
1 2879
2 2890
1 2891
1 2892
1 2894
2 2896
1 2899
2 2901
2 2903
1 2904
1 2905
2 2908
1 2909
2 2911
1 2912
1 2913
1 2914
2 2915
3 2916
1 2918
1 2922
3 2923
1 2924
1 2925
2 2926
2 2927
2 2928
1 2930
1 2933
2 2935
1 2936
1 2937
1 2938
4 2939
1 2940
1 2941
2 2942
1 2945
1 2946
2 2947
1 2949
1 2951
1 2953
1 2954
3 2955
2 2956
2 2957
1 2958
3 2959
1 2960
1 2961
1 2962
3 2963
2 2964
2 2966
1 2968
3 2969
1 2970
3 2972
1 2973
1 2974
2 2976
1 2978
3 2979
1 2980
1 2981
1 2982
1 2984
1 2985
2 2986
1 2987
2 2988
2 2989
1 2990
2 2992
2 2993
2 2995
3 2997
1 2998
3 3000
2 3001
1 3002
1 3003
1 3004
2 3005
3 3009
2 3010
3 3011
1 3012
2 3013
1 3015
6 3016
2 3017
4 3018
5 3019
3 3020
1 3021
5 3022
4 3023
6 3024
1 3025
6 3026
4 3027
3 3028
3 3029
2 3030
6 3032
3 3033
4 3034
3 3035
5 3036
6 3037
4 3038
3 3039
5 3040
7 3041
2 3042
3 3043
10 3044
3 3045
2 3046
4 3047
4 3048
7 3049
4 3050
7 3051
7 3052
4 3053
6 3054
9 3055
6 3056
6 3057
6 3058
12 3059
8 3060
9 3061
6 3062
9 3063
8 3064
12 3065
10 3066
8 3067
8 3068
10 3069
7 3070
9 3071
14 3072
19 3073
23 3074
10 3075
14 3076
15 3077
15 3078
19 3079
13 3080
14 3081
21 3082
12 3083
12 3084
18 3085
19 3086
16 3087
23 3088
15 3089
16 3090
20 3091
23 3092
22 3093
17 3094
26 3095
33 3096
13 3097
21 3098
11 3099
21 3100
20 3101
25 3102
22 3103
16 3104
19 3105
27 3106
19 3107
20 3108
12 3109
14 3110
15 3111
15 3112
16 3113
14 3114
15 3115
9 3116
9 3117
15 3118
18 3119
7 3120
9 3121
12 3122
5 3123
12 3124
13 3125
3 3126
8 3127
5 3128
8 3129
3 3130
6 3131
7 3132
8 3133
8 3134
8 3135
6 3136
4 3137
5 3138
4 3139
5 3140
5 3141
5 3142
3 3143
3 3144
3 3145
3 3146
2 3147
4 3148
4 3149
1 3150
2 3151
2 3153
4 3154
4 3155
1 3156
1 3157
1 3158
3 3159
3 3161
2 3162
2 3164
2 3165
2 3166
1 3167
1 3169
1 3170
3 3171
1 3172
3 3173
4 3174
2 3175
4 3177
2 3178
4 3180
2 3181
2 3182
2 3183
1 3184
1 3185
3 3186
2 3187
2 3188
2 3189
2 3190
2 3191
1 3192
1 3194
1 3195
3 3196
1 3197
3 3198
3 3199
4 3200
1 3201
2 3202
2 3203
2 3204
6 3205
1 3206
1 3208
2 3209
3 3210
3 3211
1 3212
8 3214
1 3215
6 3217
4 3218
6 3219
3 3220
5 3221
3 3222
4 3223
9 3224
2 3225
5 3226
1 3227
3 3228
1 3229
3 3230
5 3231
4 3232
7 3233
6 3234
6 3235
5 3236
5 3237
2 3238
2 3239
6 3240
3 3241
2 3244
4 3245
3 3246
3 3247
2 3248
3 3249
1 3250
1 3251
4 3252
1 3253
3 3254
1 3255
4 3256
2 3257
2 3258
3 3260
4 3263
1 3265
2 3266
1 3267
1 3269
2 3270
1 3271
1 3272
1 3275
1 3276
2 3282
1 3283
1 3284
2 3285
1 3286
1 3290
1 3293
1 3294
2 3299
1 3302
1 3304
2 3308
1 3310
1 3315
1 3331
1 3339
1 3342
1 3347
1 3376
1 3377
1 3381
1 3384
1 3399
1 3404
2 3421
1 3436
1 3442
1 3462
1 3480
1 3507
1 3533
1 3627
1 3632
1 3637
1 3659
1 3671
1 3798
1 3803
1 3819
1 3885
1 4040
1 4042
1 4050
1 4055
1 4193
1 4211
1 4254
1 4262
1 4396
1 4527
1 5948
