1 1
2 2
1 4
1 5
1 7
1 8
1 10
1 17
2 19
1 21
1 27
1 33
1 37
1 38
1 40
3 46
1 48
1 50
1 52
1 55
2 57
1 59
1 60
1 62
1 63
1 64
1 65
1 66
2 67
1 69
1 70
2 71
1 74
2 76
1 77
1 79
4 80
2 81
1 83
1 85
2 86
1 88
3 89
2 90
1 91
2 92
2 93
1 94
1 95
2 96
1 97
2 98
4 99
1 100
1 101
3 102
2 103
1 104
4 105
3 106
2 108
1 109
1 110
5 111
1 113
1 114
1 116
2 117
5 118
2 119
1 120
3 121
1 123
2 124
2 126
2 127
1 128
2 129
2 130
1 131
3 132
2 133
1 134
2 135
1 136
1 138
2 139
3 140
2 141
3 142
5 143
5 144
4 145
1 146
1 147
3 148
1 149
2 150
2 151
3 152
3 153
4 154
3 155
1 156
7 157
2 158
3 159
4 160
1 161
3 162
4 163
4 164
3 167
1 168
2 169
5 170
1 171
5 173
2 174
4 175
2 176
2 177
4 180
3 181
7 182
5 183
6 184
3 185
11 186
7 187
6 188
18 189
11 190
11 191
17 192
18 193
26 194
18 195
28 196
30 197
30 198
36 199
21 200
14 201
7 202
17 203
8 204
8 205
11 206
5 207
1 208
3 209
11 210
7 211
4 212
4 213
3 214
1 215
1 216
4 217
2 218
4 219
8 220
3 221
3 222
4 223
5 224
3 225
2 226
10 227
4 228
1 229
7 230
6 231
2 232
6 233
5 234
9 235
2 236
3 237
5 238
4 239
5 240
6 241
8 242
7 243
2 244
9 245
6 246
8 247
5 248
6 249
9 250
3 251
3 252
5 253
5 254
3 255
11 256
8 257
7 258
7 259
7 260
8 261
4 262
6 263
7 264
9 265
5 266
10 267
5 268
3 269
4 270
6 271
8 272
5 273
6 274
5 275
9 276
8 277
9 278
8 279
11 280
8 281
10 282
16 283
8 284
10 285
8 286
19 287
14 288
8 289
15 290
13 291
11 292
17 293
21 294
28 295
14 296
25 297
26 298
35 299
31 300
36 301
45 302
38 303
28 304
30 305
51 306
31 307
26 308
34 309
27 310
28 311
19 312
18 313
20 314
19 315
20 316
18 317
16 318
20 319
22 320
17 321
23 322
16 323
16 324
23 325
30 326
28 327
21 328
21 329
34 330
32 331
17 332
8 333
19 334
22 335
15 336
22 337
13 338
14 339
16 340
14 341
17 342
13 343
9 344
11 345
20 346
14 347
17 348
14 349
14 350
11 351
15 352
17 353
15 354
16 355
19 356
12 357
16 358
18 359
18 360
11 361
11 362
16 363
26 364
12 365
15 366
22 367
21 368
21 369
28 370
18 371
30 372
13 373
27 374
23 375
34 376
19 377
17 378
24 379
21 380
17 381
17 382
17 383
18 384
13 385
16 386
14 387
14 388
13 389
13 390
7 391
15 392
16 393
11 394
15 395
15 396
20 397
20 398
22 399
16 400
23 401
19 402
14 403
22 404
23 405
16 406
22 407
29 408
33 409
26 410
23 411
23 412
32 413
40 414
40 415
29 416
35 417
48 418
49 419
52 420
51 421
73 422
67 423
98 424
76 425
106 426
121 427
121 428
170 429
160 430
176 431
180 432
180 433
221 434
230 435
232 436
251 437
229 438
211 439
199 440
196 441
213 442
168 443
148 444
126 445
116 446
93 447
92 448
71 449
66 450
47 451
53 452
46 453
42 454
42 455
34 456
49 457
59 458
45 459
36 460
57 461
53 462
54 463
50 464
52 465
47 466
34 467
38 468
38 469
33 470
29 471
32 472
24 473
25 474
25 475
21 476
18 477
22 478
21 479
11 480
13 481
23 482
19 483
20 484
10 485
16 486
23 487
27 488
30 489
21 490
23 491
21 492
25 493
26 494
27 495
23 496
18 497
26 498
33 499
31 500
21 501
35 502
38 503
32 504
40 505
41 506
39 507
48 508
54 509
47 510
57 511
56 512
64 513
61 514
58 515
61 516
55 517
56 518
56 519
57 520
58 521
64 522
60 523
49 524
47 525
41 526
55 527
50 528
37 529
37 530
21 531
28 532
25 533
34 534
20 535
27 536
19 537
18 538
11 539
10 540
12 541
7 542
5 543
4 544
9 545
12 546
4 547
5 548
11 549
8 550
3 551
2 552
6 553
3 554
5 555
5 556
2 557
5 558
3 559
5 560
5 563
4 564
4 565
6 566
4 567
6 568
6 569
2 570
5 571
2 572
3 573
7 574
2 575
4 576
4 577
3 578
7 580
6 581
3 582
2 583
4 584
4 585
5 586
7 587
7 588
10 589
2 590
4 591
4 592
8 594
4 595
3 596
4 597
6 598
5 599
6 600
6 601
10 602
8 603
10 604
6 605
6 606
2 607
7 608
10 609
6 610
3 611
4 612
7 613
6 614
6 615
5 617
9 618
3 619
6 620
2 621
4 622
2 623
3 624
2 625
1 626
3 627
5 628
2 629
3 630
7 631
4 632
1 633
5 634
4 635
3 636
4 637
2 638
1 639
7 640
5 641
5 642
2 643
5 644
8 645
10 646
6 647
5 648
5 649
5 650
7 651
13 652
1 653
5 654
6 655
5 656
14 657
12 658
8 659
10 660
6 661
22 662
9 663
13 664
10 665
17 666
14 667
8 668
10 669
8 670
17 671
7 672
9 673
11 674
6 675
4 676
9 677
10 678
4 679
7 680
11 681
9 682
7 683
6 684
3 685
10 686
11 687
6 688
10 689
4 690
6 691
2 692
6 693
1 694
6 695
9 696
7 697
6 698
8 699
8 700
2 701
4 702
8 703
6 704
3 705
1 706
5 707
6 708
8 709
6 710
1 711
6 712
3 713
9 714
4 715
7 716
5 717
6 718
3 719
5 720
7 721
5 722
4 723
2 724
8 725
6 726
6 727
3 728
5 729
4 730
5 731
2 732
3 733
4 734
6 735
2 736
7 737
4 738
6 739
3 740
10 741
4 742
2 743
8 744
7 745
5 746
5 747
6 748
7 749
15 750
5 751
4 752
1 753
11 754
5 755
3 756
9 757
6 758
6 759
5 760
4 761
5 762
7 763
2 764
4 765
5 766
4 767
2 768
5 769
2 770
10 771
3 772
3 773
6 774
5 775
6 776
5 777
7 778
6 779
5 780
6 781
5 782
4 783
6 785
3 786
9 787
7 788
8 789
5 790
6 791
5 792
5 793
10 794
9 795
3 796
5 797
5 798
4 799
9 800
4 801
11 802
5 803
5 804
7 805
1 806
4 807
3 808
4 809
4 810
7 811
8 812
4 813
8 814
7 815
5 816
7 817
4 818
9 819
6 820
7 821
6 822
9 823
7 824
7 825
7 826
8 827
12 828
17 829
4 830
11 831
8 832
11 833
12 834
11 835
16 836
15 837
6 838
12 839
15 840
15 841
11 842
14 843
10 844
9 845
9 846
9 847
16 848
9 849
8 850
10 851
15 852
6 853
15 854
10 855
14 856
8 857
15 858
16 859
15 860
15 861
14 862
20 863
12 864
18 865
9 866
9 867
14 868
14 869
19 870
17 871
15 872
16 873
18 874
9 875
15 876
14 877
21 878
15 879
21 880
18 881
22 882
15 883
11 884
19 885
22 886
21 887
31 888
33 889
32 890
41 891
41 892
34 893
42 894
36 895
60 896
58 897
41 898
63 899
53 900
55 901
55 902
62 903
60 904
48 905
51 906
49 907
47 908
42 909
39 910
37 911
20 912
22 913
25 914
25 915
28 916
22 917
20 918
16 919
6 920
6 921
7 922
5 923
10 924
5 925
8 926
5 927
5 928
4 929
3 930
3 931
4 932
6 934
2 935
3 936
1 937
2 938
4 939
2 940
4 941
4 942
2 944
1 947
1 949
2 950
1 953
1 955
1 956
1 957
1 958
2 959
2 960
3 961
1 962
3 964
2 965
1 967
2 968
2 970
1 972
1 974
1 977
1 979
1 982
2 983
2 984
1 985
1 987
4 997
2 998
1 1003
2 1004
1 1005
1 1006
2 1007
1 1010
2 1012
2 1013
1 1016
1 1019
1 1020
1 1021
1 1026
1 1028
1 1029
2 1030
1 1031
1 1032
1 1033
1 1035
1 1036
1 1037
2 1038
1 1039
1 1040
1 1041
2 1042
2 1052
1 1054
1 1055
1 1056
1 1057
1 1058
3 1061
2 1063
1 1064
2 1065
2 1067
2 1069
1 1070
1 1071
4 1072
2 1073
1 1074
1 1075
1 1078
1 1080
3 1082
1 1083
1 1084
1 1086
1 1088
2 1090
2 1091
1 1096
4 1097
2 1099
1 1101
1 1104
2 1105
2 1106
5 1108
1 1110
3 1111
1 1112
2 1113
2 1114
1 1115
2 1116
3 1117
1 1118
3 1120
1 1121
1 1122
2 1123
4 1125
1 1126
1 1129
2 1130
1 1131
4 1132
1 1134
2 1135
2 1136
2 1138
1 1139
2 1140
1 1141
1 1142
1 1143
3 1144
2 1145
2 1146
3 1147
2 1148
2 1149
4 1150
3 1151
2 1152
1 1153
1 1154
1 1155
3 1156
2 1157
1 1158
2 1160
2 1161
3 1162
1 1164
2 1165
3 1166
2 1167
3 1168
1 1169
4 1170
6 1171
2 1172
5 1173
5 1174
7 1175
6 1176
9 1177
8 1178
6 1179
2 1180
5 1181
5 1182
5 1183
4 1184
11 1185
2 1186
11 1187
5 1188
15 1189
4 1190
10 1191
9 1192
7 1193
7 1194
5 1195
8 1196
2 1197
9 1198
6 1199
3 1200
5 1201
5 1202
5 1203
7 1204
3 1205
4 1206
5 1207
5 1208
8 1209
2 1210
5 1211
3 1212
6 1213
1 1214
2 1215
1 1217
2 1218
3 1219
1 1220
4 1221
1 1223
2 1224
2 1225
3 1227
1 1229
2 1230
2 1232
2 1233
2 1234
1 1235
2 1236
1 1237
2 1238
3 1239
1 1240
3 1241
2 1244
2 1245
2 1246
2 1247
1 1248
1 1249
2 1250
2 1251
3 1252
2 1253
2 1254
2 1255
3 1256
3 1257
1 1258
1 1259
3 1260
1 1262
2 1263
5 1264
1 1265
4 1266
3 1267
4 1268
1 1269
9 1270
5 1271
5 1272
4 1273
8 1274
10 1275
5 1276
7 1277
4 1278
10 1279
4 1280
12 1281
15 1282
11 1283
14 1284
9 1285
11 1286
11 1287
15 1288
6 1289
11 1290
16 1291
13 1292
18 1293
12 1294
7 1295
22 1296
14 1297
18 1298
9 1299
15 1300
10 1301
10 1302
9 1303
9 1304
10 1305
8 1306
13 1307
9 1308
12 1309
12 1310
5 1311
10 1312
9 1313
7 1314
3 1315
8 1316
9 1317
4 1318
3 1319
4 1320
6 1321
5 1322
5 1323
3 1324
3 1325
4 1326
6 1327
7 1328
4 1329
8 1330
6 1331
1 1332
5 1333
4 1334
5 1335
1 1336
3 1338
4 1339
4 1340
1 1341
3 1342
3 1343
3 1344
5 1345
3 1346
1 1347
3 1348
2 1349
3 1350
1 1351
2 1354
1 1358
3 1360
4 1361
1 1362
6 1363
1 1364
1 1365
1 1366
1 1368
2 1369
1 1370
4 1371
1 1372
2 1373
1 1374
1 1375
1 1376
2 1377
2 1378
1 1380
2 1381
1 1382
2 1383
2 1384
1 1385
1 1387
1 1388
1 1389
4 1391
1 1392
1 1393
2 1394
1 1395
6 1396
1 1397
1 1399
1 1400
1 1401
2 1402
2 1403
3 1404
3 1405
1 1406
3 1408
1 1410
1 1411
2 1412
1 1413
1 1414
1 1415
1 1416
2 1418
1 1419
1 1420
2 1423
3 1425
2 1426
5 1428
2 1429
1 1431
2 1432
1 1433
1 1434
4 1437
2 1439
1 1440
5 1442
2 1444
3 1445
2 1447
4 1448
3 1451
5 1452
2 1453
2 1454
2 1455
2 1456
3 1457
2 1458
1 1460
2 1462
1 1463
3 1465
2 1466
4 1467
3 1468
1 1469
2 1471
2 1472
3 1473
1 1474
2 1475
2 1476
8 1478
1 1479
1 1480
3 1481
2 1484
2 1485
3 1486
1 1488
2 1489
2 1490
1 1491
4 1492
2 1493
2 1494
1 1495
3 1496
2 1498
2 1499
2 1500
3 1501
1 1502
2 1503
2 1504
4 1505
1 1506
1 1507
1 1509
3 1510
4 1511
2 1513
3 1514
2 1515
3 1516
4 1517
2 1518
1 1519
3 1520
2 1521
2 1522
2 1523
1 1524
3 1526
3 1527
5 1528
5 1529
5 1530
10 1531
4 1532
3 1533
1 1534
8 1535
3 1536
3 1537
7 1538
3 1539
1 1540
7 1541
10 1542
5 1543
1 1544
2 1545
5 1546
6 1547
5 1548
3 1549
3 1550
3 1551
4 1552
4 1553
10 1554
3 1555
3 1556
1 1558
5 1559
3 1560
2 1561
2 1562
1 1565
3 1566
1 1567
1 1568
2 1569
2 1570
1 1571
3 1573
2 1574
2 1576
1 1577
2 1579
2 1580
1 1581
1 1582
1 1584
1 1587
1 1589
1 1590
3 1591
1 1592
1 1593
1 1597
1 1599
4 1600
1 1601
2 1605
3 1609
1 1611
2 1612
2 1613
1 1616
1 1617
3 1619
2 1620
1 1621
1 1622
3 1623
1 1624
2 1625
3 1626
1 1627
5 1628
1 1629
2 1630
2 1631
3 1632
6 1633
1 1634
2 1635
1 1636
1 1637
6 1638
4 1639
3 1640
5 1641
4 1642
2 1643
1 1644
2 1645
4 1646
2 1647
3 1648
3 1649
3 1650
2 1651
2 1653
2 1654
1 1655
2 1656
2 1657
3 1658
4 1659
1 1661
2 1662
1 1663
3 1664
1 1665
1 1666
1 1668
3 1670
2 1671
1 1673
1 1675
1 1677
2 1679
1 1685
1 1686
1 1687
1 1689
1 1690
1 1693
1 1705
1 1712
2 1716
1 1718
1 1719
1 1720
1 1722
1 1723
1 1724
1 1727
2 1728
1 1729
2 1733
1 1734
2 1736
2 1740
2 1745
2 1747
1 1748
3 1751
2 1752
2 1753
1 1755
2 1758
2 1760
2 1763
4 1764
2 1765
1 1766
1 1768
2 1769
1 1770
2 1771
1 1772
2 1773
1 1774
1 1775
4 1777
1 1778
1 1779
3 1780
2 1781
1 1782
1 1784
2 1785
3 1786
2 1787
2 1788
1 1789
1 1790
2 1791
3 1792
2 1793
2 1794
3 1796
5 1798
1 1799
2 1800
1 1802
4 1803
2 1804
1 1806
2 1808
4 1809
2 1813
1 1815
1 1816
2 1817
2 1818
2 1819
1 1825
1 1826
1 1828
1 1829
1 1831
1 1832
1 1833
2 1835
2 1836
1 1837
1 1840
1 1844
1 1845
2 1846
1 1849
1 1851
1 1854
1 1855
1 1858
4 1859
1 1860
1 1861
1 1862
1 1864
1 1866
2 1867
2 1868
1 1869
1 1871
1 1872
1 1873
1 1874
2 1876
3 1877
1 1878
2 1879
1 1881
4 1882
3 1883
1 1884
3 1885
1 1887
3 1889
3 1890
1 1891
2 1892
1 1895
1 1896
1 1898
1 1899
1 1902
2 1903
1 1904
1 1905
1 1906
2 1908
2 1910
1 1911
2 1912
4 1913
2 1914
4 1915
1 1916
2 1917
1 1919
2 1920
2 1921
1 1922
2 1923
1 1925
3 1928
1 1929
3 1930
2 1931
1 1932
1 1933
2 1935
4 1936
2 1937
2 1938
2 1939
1 1941
1 1942
2 1943
1 1944
2 1945
1 1948
2 1949
2 1952
2 1953
1 1955
1 1957
1 1958
2 1959
2 1960
1 1961
1 1962
1 1963
1 1964
2 1965
4 1966
1 1967
2 1968
1 1970
2 1971
2 1974
1 1975
2 1977
1 1978
1 1981
2 1982
1 1985
3 1986
1 1990
2 1991
1 1995
2 1996
1 1999
1 2003
1 2004
1 2009
1 2013
2 2016
1 2026
1 2027
1 2028
2 2029
1 2036
1 2047
1 2051
1 2060
1 2061
1 2063
1 2065
1 2066
1 2074
1 2076
1 2077
1 2086
1 2087
1 2090
1 2092
1 2094
1 2101
1 2108
1 2109
1 2111
1 2112
1 2113
1 2115
2 2116
1 2117
1 2122
1 2123
1 2124
1 2125
1 2127
1 2131
1 2148
1 2152
1 2153
1 2165
1 2168
1 2171
1 2172
1 2176
2 2179
1 2181
1 2187
1 2188
2 2189
1 2191
1 2194
1 2201
1 2202
1 2203
1 2204
1 2207
1 2208
1 2213
1 2214
1 2215
1 2218
1 2220
1 2221
1 2222
1 2228
1 2229
2 2231
1 2232
4 2233
1 2234
1 2235
2 2236
2 2237
1 2239
1 2240
1 2241
2 2242
3 2243
3 2244
1 2245
3 2247
1 2248
1 2249
1 2250
1 2251
1 2252
1 2253
1 2256
4 2257
1 2258
1 2261
2 2262
7 2263
2 2265
4 2266
3 2267
2 2268
1 2269
2 2270
1 2271
5 2272
7 2275
2 2276
4 2277
1 2278
3 2279
2 2281
2 2282
3 2283
5 2284
2 2285
4 2286
3 2288
6 2289
6 2290
2 2291
2 2292
3 2293
4 2294
5 2295
4 2296
3 2297
1 2299
1 2300
3 2301
4 2302
2 2303
2 2304
2 2305
2 2306
4 2307
3 2308
3 2309
6 2310
5 2311
3 2312
4 2313
3 2314
2 2315
5 2316
2 2317
4 2318
2 2319
1 2321
3 2322
2 2323
4 2325
5 2326
1 2327
3 2328
3 2329
2 2330
1 2331
2 2332
1 2333
2 2334
2 2335
4 2336
4 2337
8 2338
1 2339
2 2340
3 2342
3 2343
3 2344
1 2345
2 2347
2 2348
2 2349
1 2350
2 2352
3 2353
1 2354
2 2355
4 2356
1 2357
6 2358
1 2359
3 2360
3 2361
2 2362
2 2363
4 2364
4 2365
1 2367
1 2368
5 2369
7 2370
2 2371
2 2372
7 2373
7 2374
7 2375
7 2376
6 2377
4 2378
10 2379
3 2380
3 2381
5 2382
9 2383
9 2384
10 2385
6 2386
3 2387
11 2388
10 2389
4 2390
14 2391
11 2392
8 2393
8 2394
6 2395
8 2396
16 2397
7 2398
13 2399
7 2400
11 2401
4 2402
12 2403
10 2404
7 2405
6 2406
11 2407
7 2408
7 2409
8 2410
16 2411
9 2412
8 2413
10 2414
3 2415
12 2416
9 2417
6 2418
8 2419
8 2420
4 2421
7 2422
5 2423
10 2424
5 2425
9 2426
5 2427
5 2428
4 2429
2 2430
2 2431
3 2432
3 2433
3 2434
3 2435
2 2436
4 2437
2 2438
1 2439
2 2440
2 2441
4 2442
2 2443
1 2444
4 2447
2 2448
1 2449
2 2450
1 2454
1 2455
2 2458
1 2462
1 2465
1 2466
1 2471
1 2473
1 2475
1 2477
1 2478
1 2481
2 2483
1 2485
3 2486
1 2487
1 2488
1 2489
1 2492
2 2494
2 2495
1 2497
1 2498
1 2499
1 2504
1 2509
1 2510
1 2511
2 2515
1 2519
2 2520
2 2528
1 2530
1 2531
1 2535
1 2537
1 2544
1 2554
1 2559
2 2560
2 2561
1 2565
1 2568
1 2569
1 2570
1 2575
1 2577
1 2579
1 2583
1 2591
1 2593
1 2595
1 2598
1 2603
1 2604
1 2605
1 2608
1 2609
1 2610
1 2611
1 2612
3 2614
1 2615
1 2616
2 2618
2 2620
1 2621
1 2622
1 2623
2 2625
1 2626
3 2630
1 2631
2 2634
1 2635
1 2637
1 2639
2 2641
1 2642
3 2645
1 2651
3 2652
2 2653
2 2655
1 2656
1 2658
1 2659
1 2660
1 2661
2 2662
1 2663
1 2664
1 2665
1 2666
1 2667
1 2670
1 2671
2 2672
1 2674
2 2675
2 2676
2 2677
2 2678
1 2679
1 2680
1 2681
1 2682
3 2683
2 2684
1 2685
3 2686
1 2687
2 2688
1 2689
3 2690
1 2693
1 2694
2 2695
1 2696
2 2697
1 2698
1 2699
3 2701
3 2702
2 2703
3 2704
2 2705
1 2706
1 2707
2 2709
2 2710
3 2711
2 2714
2 2715
3 2717
2 2718
2 2719
1 2720
4 2721
1 2722
1 2724
2 2725
1 2726
1 2727
1 2728
1 2729
2 2730
1 2731
2 2732
2 2733
1 2738
1 2739
1 2742
1 2745
1 2746
1 2748
1 2750
1 2751
1 2752
1 2753
2 2760
1 2765
1 2768
1 2770
1 2773
1 2777
3 2779
3 2780
2 2781
1 2785
1 2786
1 2787
1 2789
1 2790
1 2792
2 2796
1 2797
1 2798
1 2801
3 2803
2 2804
2 2805
1 2806
2 2808
1 2810
2 2811
1 2812
3 2816
2 2819
3 2820
4 2822
4 2825
1 2826
1 2827
1 2828
1 2830
4 2831
2 2833
2 2835
2 2836
1 2839
4 2840
3 2841
2 2842
2 2843
2 2845
3 2846
1 2849
1 2850
2 2852
2 2853
3 2855
1 2857
5 2858
1 2859
4 2861
1 2862
3 2863
3 2864
1 2865
1 2866
4 2867
6 2868
3 2869
3 2871
2 2872
2 2873
3 2874
2 2875
3 2876
4 2877
3 2878
2 2879
5 2880
3 2881
1 2882
7 2883
1 2884
3 2885
6 2886
4 2887
5 2888
3 2889
4 2890
3 2891
2 2892
3 2893
1 2894
3 2895
5 2896
3 2897
2 2898
2 2899
1 2900
2 2901
6 2902
4 2903
4 2904
4 2905
7 2906
1 2907
8 2908
6 2909
7 2910
6 2911
6 2912
4 2913
4 2914
7 2915
4 2916
9 2917
4 2918
6 2919
10 2920
8 2921
7 2922
6 2923
6 2924
10 2925
14 2926
5 2927
11 2928
7 2929
3 2930
9 2931
10 2932
5 2933
10 2934
10 2935
8 2936
6 2937
9 2938
13 2939
13 2940
18 2941
9 2942
4 2943
5 2944
10 2945
6 2946
13 2947
7 2948
10 2949
11 2950
16 2951
7 2952
14 2953
9 2954
9 2955
8 2956
7 2957
9 2958
6 2959
12 2960
9 2961
6 2962
2 2963
4 2964
7 2965
4 2966
8 2967
7 2968
5 2969
2 2970
3 2971
7 2972
4 2973
4 2974
4 2975
7 2976
3 2979
3 2980
1 2981
2 2982
1 2983
1 2984
6 2985
1 2986
2 2987
4 2992
3 2993
1 2994
3 2997
1 3001
1 3002
1 3004
1 3007
1 3011
1 3014
1 3020
1 3021
2 3023
1 3027
2 3030
1 3034
1 3039
1 3047
1 3054
1 3086
1 3095
1 3104
1 3150
1 3178
1 3242
2 3258
1 3260
1 3266
1 3278
1 3279
2 3285
1 3287
1 3288
1 3296
1 3307
1 3309
1 3311
1 3313
2 3316
1 3321
1 3326
1 3465
1 3495
1 3533
1 3551
1 3677
1 3680
1 3712
1 3753
1 3784
1 3815
1 4002
1 4030
1 4033
1 4040
1 4054
1 4057
1 4072
1 4079
1 4083
1 4095
1 4101
2 4121
1 4149
1 4155
1 4159
1 4170
1 4193
1 4197
2 4201
1 4202
1 4211
2 4215
1 4235
1 4250
1 4259
1 4261
1 4275
1 4281
1 4287
1 4289
1 4297
1 4301
1 4321
1 4329
1 4348
1 4354
3 4360
1 4369
1 4371
1 4373
1 4374
1 4380
1 4381
1 4384
1 4387
1 4388
1 4394
1 4404
1 4418
1 4420
1 4422
1 4431
1 4437
1 4441
1 4504
1 4514
1 4529
1 4542
1 4557
1 4566
1 4574
1 4575
1 4578
1 4608
1 4625
1 4627
1 4632
1 4642
1 4643
2 4647
2 4649
1 4669
1 4670
2 4672
2 4673
1 4674
1 4681
1 4682
1 4683
1 4685
2 4687
1 4688
1 4689
1 4692
1 4693
1 4694
1 4703
1 4704
1 4709
1 4711
1 4726
1 4737
1 4739
1 4757
1 4807
1 4838
1 4842
1 4843
1 4879
1 4928
1 4988
1 5001
1 5002
1 5059
1 5108
1 5109
1 5115
1 5125
1 5154
1 5156
1 5159
1 5268
1 5366
1 5436
1 5438
1 5455
1 5461
1 5462
1 5485
1 5495
1 5509
1 5511
2 5520
1 5526
1 5534
1 5537
1 5540
1 5550
1 5560
1 5561
1 5566
1 5569
1 5570
1 5574
1 5575
3 5582
1 5586
1 5593
2 5598
1 5604
1 5623
1 5976
1 7631
