1 1
2 4
2 5
1 6
1 8
1 9
2 12
2 13
1 14
2 15
2 16
1 17
3 18
3 19
2 20
1 21
1 22
4 23
2 24
3 26
6 27
2 28
2 29
3 30
5 31
3 32
2 33
2 34
3 35
4 36
1 37
2 38
3 40
4 41
1 42
4 43
2 44
1 45
2 46
5 47
1 48
3 49
2 50
3 51
3 52
3 53
1 54
3 55
4 56
4 57
5 58
2 59
3 60
2 61
3 62
3 63
5 64
2 65
4 66
3 67
1 68
8 69
5 70
2 71
6 72
4 73
2 74
4 75
3 76
1 77
4 78
7 79
5 80
7 81
7 82
4 83
4 84
1 85
3 86
3 87
6 88
7 89
3 90
3 91
2 92
2 93
1 94
2 95
9 96
4 97
4 98
5 99
6 100
8 101
6 102
7 103
8 104
3 105
7 106
6 108
3 109
4 110
5 111
5 112
2 113
5 114
5 115
2 116
4 117
1 118
3 119
1 120
6 121
6 122
4 123
11 124
8 125
5 126
9 127
11 128
5 129
10 130
9 131
14 132
13 133
4 134
7 135
5 136
5 137
14 138
7 139
8 140
6 141
4 142
4 143
3 144
4 145
3 146
1 147
4 148
5 149
5 150
5 151
4 152
6 153
8 154
7 155
6 156
3 157
6 158
3 159
9 160
14 161
2 162
7 163
7 164
11 165
8 166
7 167
9 168
5 169
8 170
5 171
3 172
6 173
3 174
5 175
8 176
5 177
6 178
7 179
5 180
9 181
6 182
3 183
8 184
2 185
6 186
6 187
6 188
6 189
3 190
9 191
4 192
7 193
7 194
4 195
5 196
5 197
5 198
7 199
7 200
6 201
8 202
9 203
9 204
9 205
4 206
3 207
3 208
4 209
7 210
5 211
8 212
7 213
4 214
8 215
4 216
4 217
7 218
12 219
2 220
3 221
5 222
9 223
4 224
13 225
7 226
6 227
9 228
3 229
5 230
5 231
13 232
8 233
7 234
9 235
8 236
12 237
9 238
11 239
11 240
9 241
10 242
11 243
7 244
9 245
10 246
18 247
22 248
20 249
23 250
22 251
12 252
12 253
24 254
24 255
17 256
15 257
16 258
15 259
15 260
16 261
10 262
8 263
9 264
10 265
7 266
7 267
6 268
9 269
6 270
8 271
8 272
5 273
13 274
8 275
11 276
8 277
5 278
3 279
13 280
6 281
14 282
13 283
7 284
12 285
11 286
7 287
8 288
11 289
12 290
11 291
13 292
11 293
12 294
13 295
5 296
7 297
8 298
10 299
7 300
9 301
6 302
12 303
4 304
6 305
8 306
9 307
6 308
4 309
6 310
9 311
5 312
5 313
6 314
5 315
6 316
4 317
10 318
9 319
8 320
5 321
7 322
8 323
10 324
9 325
9 326
10 327
13 328
12 329
13 330
8 331
11 332
10 333
13 334
10 335
9 336
10 337
11 338
12 339
11 340
9 341
10 342
12 343
9 344
8 345
12 346
13 347
12 348
14 349
10 350
14 351
12 352
16 353
16 354
15 355
21 356
20 357
13 358
19 359
18 360
19 361
16 362
20 363
18 364
16 365
17 366
19 367
18 368
12 369
12 370
14 371
8 372
7 373
10 374
8 375
13 376
10 377
7 378
12 379
12 380
10 381
6 382
5 383
21 384
7 385
8 386
11 387
7 388
14 389
14 390
10 391
8 392
12 393
12 394
8 395
9 396
10 397
7 398
8 399
12 400
16 401
12 402
7 403
6 404
13 405
10 406
10 407
10 408
14 409
8 410
7 411
12 412
8 413
6 414
5 415
7 416
15 417
8 418
9 419
10 420
11 421
8 422
9 423
7 424
8 425
5 426
4 427
13 428
11 429
10 430
9 431
11 432
7 433
6 434
12 435
6 436
8 437
16 438
11 439
13 440
20 441
23 442
19 443
14 444
15 445
13 446
11 447
11 448
29 449
25 450
24 451
21 452
29 453
30 454
31 455
37 456
43 457
41 458
60 459
43 460
55 461
55 462
59 463
88 464
79 465
103 466
126 467
115 468
114 469
109 470
124 471
146 472
122 473
137 474
126 475
96 476
101 477
72 478
73 479
61 480
69 481
56 482
50 483
44 484
25 485
41 486
22 487
19 488
14 489
13 490
14 491
14 492
8 493
14 494
9 495
14 496
15 497
9 498
13 499
11 500
14 501
11 502
15 503
13 504
18 505
15 506
11 507
19 508
14 509
19 510
11 511
11 512
7 513
13 514
12 515
19 516
10 517
9 518
11 519
10 520
12 521
15 522
11 523
10 524
11 525
15 526
14 527
14 528
14 529
16 530
10 531
11 532
8 533
7 534
13 535
9 536
10 537
1 538
7 539
7 540
8 541
5 542
10 543
7 544
13 545
3 546
8 547
12 548
11 549
8 550
11 551
10 552
5 553
16 554
10 555
13 556
7 557
14 558
10 559
7 560
10 561
5 562
3 563
10 564
10 565
4 566
8 567
7 568
5 569
9 570
10 571
10 572
10 573
5 574
5 575
2 576
5 577
7 578
8 579
5 580
9 581
7 582
11 583
4 584
9 585
11 586
8 587
13 588
6 589
7 590
13 591
5 592
9 593
8 594
11 595
5 596
1 597
12 598
10 599
8 600
7 601
10 602
4 603
11 604
10 605
11 606
9 607
9 608
8 609
10 610
17 611
6 612
10 613
5 614
13 615
8 616
13 617
6 618
10 619
6 620
13 621
13 622
7 623
9 624
15 625
14 626
15 627
10 628
11 629
10 630
12 631
12 632
5 633
6 634
7 635
10 636
9 637
10 638
10 639
7 640
7 641
13 642
11 643
16 644
14 645
16 646
10 647
19 648
8 649
7 650
14 651
14 652
9 653
24 654
10 655
23 656
12 657
15 658
12 659
11 660
19 661
14 662
18 663
19 664
17 665
14 666
26 667
19 668
17 669
22 670
19 671
22 672
22 673
17 674
14 675
32 676
27 677
21 678
24 679
19 680
27 681
32 682
27 683
26 684
29 685
36 686
36 687
32 688
28 689
38 690
26 691
31 692
40 693
33 694
31 695
35 696
28 697
41 698
49 699
47 700
44 701
39 702
47 703
42 704
43 705
41 706
70 707
44 708
59 709
52 710
58 711
52 712
52 713
62 714
58 715
60 716
63 717
66 718
71 719
60 720
68 721
63 722
59 723
74 724
70 725
60 726
65 727
58 728
61 729
64 730
54 731
75 732
80 733
68 734
56 735
83 736
74 737
74 738
82 739
82 740
79 741
83 742
71 743
65 744
65 745
63 746
63 747
78 748
80 749
64 750
91 751
72 752
71 753
102 754
98 755
83 756
97 757
77 758
82 759
69 760
79 761
102 762
81 763
67 764
72 765
58 766
57 767
56 768
71 769
76 770
68 771
46 772
51 773
69 774
74 775
69 776
61 777
78 778
79 779
80 780
76 781
69 782
98 783
96 784
88 785
101 786
135 787
144 788
140 789
132 790
135 791
155 792
177 793
192 794
171 795
219 796
233 797
214 798
252 799
261 800
262 801
272 802
277 803
299 804
263 805
298 806
285 807
303 808
289 809
286 810
281 811
290 812
305 813
288 814
267 815
312 816
289 817
336 818
371 819
358 820
359 821
375 822
424 823
401 824
411 825
431 826
448 827
456 828
451 829
425 830
392 831
401 832
392 833
379 834
395 835
341 836
337 837
304 838
254 839
252 840
240 841
236 842
219 843
200 844
184 845
187 846
146 847
159 848
155 849
150 850
137 851
135 852
177 853
159 854
153 855
161 856
143 857
147 858
140 859
144 860
139 861
119 862
124 863
122 864
105 865
135 866
101 867
112 868
96 869
103 870
91 871
82 872
89 873
56 874
67 875
64 876
58 877
58 878
27 879
40 880
25 881
44 882
29 883
26 884
29 885
29 886
19 887
24 888
19 889
19 890
24 891
16 892
14 893
17 894
23 895
20 896
14 897
17 898
15 899
13 900
19 901
16 902
15 903
14 904
15 905
26 906
11 907
24 908
15 909
21 910
23 911
20 912
16 913
16 914
31 915
18 916
15 917
19 918
15 919
16 920
21 921
23 922
23 923
22 924
21 925
21 926
21 927
32 928
24 929
26 930
16 931
21 932
30 933
18 934
25 935
29 936
33 937
33 938
31 939
27 940
31 941
30 942
30 943
31 944
41 945
35 946
40 947
43 948
35 949
42 950
32 951
35 952
38 953
44 954
24 955
30 956
29 957
24 958
36 959
42 960
35 961
35 962
31 963
32 964
35 965
35 966
37 967
33 968
30 969
38 970
51 971
40 972
40 973
44 974
50 975
50 976
40 977
53 978
60 979
55 980
52 981
69 982
62 983
68 984
67 985
71 986
82 987
78 988
85 989
84 990
86 991
88 992
89 993
74 994
84 995
75 996
82 997
64 998
67 999
66 1000
78 1001
50 1002
47 1003
56 1004
54 1005
57 1006
53 1007
51 1008
50 1009
56 1010
57 1011
61 1012
54 1013
65 1014
65 1015
74 1016
62 1017
88 1018
77 1019
77 1020
79 1021
87 1022
87 1023
84 1024
91 1025
87 1026
91 1027
129 1028
108 1029
118 1030
118 1031
125 1032
154 1033
147 1034
156 1035
143 1036
193 1037
204 1038
212 1039
206 1040
217 1041
225 1042
232 1043
272 1044
219 1045
279 1046
284 1047
257 1048
289 1049
276 1050
254 1051
268 1052
250 1053
254 1054
247 1055
253 1056
203 1057
215 1058
188 1059
174 1060
155 1061
181 1062
149 1063
152 1064
124 1065
137 1066
118 1067
119 1068
128 1069
122 1070
119 1071
132 1072
135 1073
143 1074
124 1075
138 1076
127 1077
135 1078
145 1079
164 1080
171 1081
201 1082
162 1083
170 1084
188 1085
190 1086
200 1087
184 1088
178 1089
184 1090
173 1091
190 1092
182 1093
167 1094
133 1095
146 1096
155 1097
115 1098
147 1099
124 1100
100 1101
95 1102
103 1103
80 1104
80 1105
76 1106
68 1107
86 1108
58 1109
56 1110
56 1111
59 1112
58 1113
55 1114
67 1115
67 1116
54 1117
53 1118
60 1119
64 1120
52 1121
44 1122
51 1123
56 1124
66 1125
36 1126
49 1127
45 1128
43 1129
51 1130
41 1131
46 1132
41 1133
33 1134
32 1135
51 1136
41 1137
32 1138
35 1139
37 1140
32 1141
29 1142
30 1143
31 1144
45 1145
50 1146
45 1147
37 1148
46 1149
54 1150
42 1151
48 1152
45 1153
56 1154
56 1155
61 1156
51 1157
59 1158
57 1159
51 1160
54 1161
63 1162
67 1163
48 1164
54 1165
58 1166
73 1167
67 1168
59 1169
55 1170
51 1171
73 1172
51 1173
53 1174
59 1175
55 1176
56 1177
49 1178
60 1179
48 1180
45 1181
47 1182
61 1183
36 1184
43 1185
42 1186
50 1187
46 1188
52 1189
47 1190
60 1191
48 1192
47 1193
61 1194
41 1195
47 1196
60 1197
72 1198
54 1199
79 1200
79 1201
72 1202
78 1203
91 1204
88 1205
104 1206
99 1207
97 1208
95 1209
117 1210
114 1211
115 1212
142 1213
150 1214
118 1215
127 1216
123 1217
133 1218
112 1219
107 1220
119 1221
107 1222
112 1223
90 1224
118 1225
93 1226
98 1227
91 1228
83 1229
73 1230
57 1231
72 1232
69 1233
55 1234
53 1235
47 1236
46 1237
37 1238
31 1239
28 1240
41 1241
20 1242
34 1243
34 1244
24 1245
22 1246
20 1247
18 1248
19 1249
20 1250
22 1251
11 1252
17 1253
7 1254
11 1255
11 1256
12 1257
8 1258
18 1259
14 1260
8 1261
14 1262
7 1263
7 1264
6 1265
7 1266
6 1267
7 1268
5 1269
4 1270
4 1271
3 1272
2 1273
9 1274
3 1275
3 1276
2 1277
4 1278
4 1279
1 1280
3 1281
3 1282
2 1283
3 1284
1 1285
2 1286
2 1287
2 1288
2 1290
1 1291
3 1292
1 1293
1 1294
1 1295
2 1296
5 1297
1 1298
2 1300
1 1301
2 1302
2 1304
1 1306
2 1308
2 1309
1 1310
3 1311
3 1312
3 1313
2 1314
2 1316
2 1317
3 1318
5 1319
3 1320
2 1321
4 1323
1 1324
3 1325
2 1327
2 1328
3 1329
2 1330
3 1331
4 1332
1 1334
3 1335
6 1336
2 1337
3 1339
3 1340
1 1341
4 1342
2 1343
7 1344
3 1345
1 1346
5 1347
5 1348
4 1349
4 1350
3 1351
5 1352
4 1353
5 1354
6 1355
5 1356
6 1357
4 1358
5 1359
12 1360
8 1361
4 1362
8 1363
16 1364
6 1365
11 1366
12 1367
11 1368
11 1369
9 1370
13 1371
17 1372
10 1373
10 1374
10 1375
10 1376
18 1377
13 1378
20 1379
17 1380
18 1381
16 1382
17 1383
20 1384
11 1385
16 1386
12 1387
15 1388
13 1389
13 1390
9 1391
18 1392
13 1393
14 1394
10 1395
16 1396
4 1397
12 1398
10 1399
12 1400
11 1401
4 1402
5 1403
10 1404
5 1405
2 1406
2 1407
2 1408
2 1409
4 1410
4 1411
4 1412
2 1413
3 1414
3 1416
2 1417
4 1419
4 1420
1 1421
2 1422
2 1423
1 1424
1 1427
1 1428
1 1429
3 1431
1 1434
1 1436
1 1437
1 1438
2 1443
1 1444
1 1445
2 1447
1 1448
3 1449
3 1450
2 1452
1 1454
1 1458
1 1459
4 1462
1 1463
2 1466
1 1470
2 1472
1 1477
1 1478
2 1480
1 1482
1 1484
1 1492
1 1496
2 1498
1 1499
1 1502
1 1503
1 1505
1 1509
1 1511
1 1512
3 1515
1 1517
1 1518
1 1520
2 1522
2 1524
1 1525
2 1527
1 1530
1 1531
2 1532
1 1533
1 1534
1 1535
1 1536
3 1537
1 1538
1 1540
1 1541
1 1543
1 1546
2 1547
1 1553
1 1555
2 1556
1 1557
1 1558
2 1559
1 1560
2 1561
1 1564
1 1565
1 1569
3 1571
1 1572
1 1573
1 1574
3 1578
1 1579
1 1585
1 1586
2 1587
1 1588
2 1589
1 1592
1 1595
1 1597
1 1599
2 1608
1 1609
1 1610
1 1611
2 1612
1 1618
2 1619
1 1621
1 1624
1 1626
1 1627
1 1628
1 1629
2 1631
1 1635
1 1637
2 1641
1 1642
1 1643
1 1644
1 1646
2 1647
1 1648
1 1650
1 1653
1 1654
1 1657
2 1659
1 1660
2 1664
2 1665
1 1666
2 1668
1 1673
1 1675
1 1676
1 1678
1 1685
3 1686
1 1687
1 1688
2 1692
2 1694
1 1695
2 1696
1 1697
1 1702
1 1703
2 1704
1 1706
1 1711
1 1712
1 1713
2 1718
1 1719
3 1721
2 1722
1 1723
1 1724
1 1727
1 1729
1 1735
1 1737
2 1739
1 1740
2 1742
1 1744
2 1745
1 1746
1 1747
1 1752
2 1753
1 1755
1 1761
2 1767
1 1770
1 1778
1 1780
1 1782
1 1783
1 1784
2 1787
1 1788
1 1790
2 1791
1 1792
1 1793
1 1794
1 1798
1 1803
1 1806
1 1808
1 1812
1 1819
1 1820
1 1821
1 1827
1 1830
1 1831
1 1832
1 1833
1 1834
1 1839
1 1842
1 1844
1 1847
2 1849
1 1855
1 1856
2 1857
1 1858
1 1860
1 1862
2 1868
1 1869
1 1870
1 1871
1 1872
1 1873
1 1875
1 1876
2 1877
1 1878
4 1882
1 1884
1 1885
1 1886
1 1887
1 1888
1 1889
1 1890
1 1891
1 1892
2 1894
2 1895
1 1898
2 1901
1 1902
1 1904
2 1905
1 1906
1 1910
1 1911
1 1913
2 1914
1 1915
1 1917
1 1924
1 1927
1 1929
1 1930
1 1932
3 1933
2 1935
2 1936
1 1938
1 1939
1 1943
1 1946
2 1951
2 1960
2 1962
3 1963
1 1967
1 1968
1 1969
4 1970
1 1974
1 1975
2 1976
1 1977
1 1980
1 1982
1 1983
1 1984
1 1986
1 1987
1 1988
1 1990
2 1993
1 1995
2 1997
1 1998
1 1999
2 2000
1 2001
1 2003
1 2004
1 2005
1 2006
2 2007
3 2008
1 2010
1 2011
2 2012
1 2013
1 2014
1 2016
1 2017
1 2018
1 2021
1 2022
4 2023
1 2024
2 2026
2 2027
2 2030
2 2032
1 2033
1 2034
1 2037
1 2038
1 2039
2 2040
1 2041
1 2043
1 2045
1 2046
1 2048
1 2049
2 2050
1 2051
1 2056
2 2057
1 2059
2 2061
1 2062
1 2063
5 2064
1 2065
1 2067
1 2070
1 2071
2 2073
1 2078
1 2079
1 2080
1 2083
1 2084
2 2087
1 2098
1 2102
3 2104
1 2105
1 2107
2 2110
2 2111
1 2113
1 2118
1 2119
1 2120
2 2121
2 2122
1 2127
1 2128
2 2131
2 2132
3 2134
3 2135
3 2138
1 2141
1 2142
3 2143
3 2145
1 2146
1 2148
2 2150
2 2152
1 2154
2 2155
2 2157
2 2158
1 2159
1 2160
1 2161
1 2162
1 2163
1 2167
1 2168
2 2169
1 2170
1 2172
2 2175
1 2176
1 2177
2 2179
1 2180
2 2183
2 2184
1 2185
1 2188
1 2189
1 2194
2 2195
2 2196
1 2198
2 2199
1 2201
1 2202
1 2205
1 2206
2 2207
2 2208
1 2211
2 2212
1 2213
1 2214
1 2215
1 2216
1 2217
1 2218
2 2219
1 2222
2 2224
2 2225
2 2226
1 2227
2 2228
1 2230
1 2232
1 2233
1 2234
1 2235
1 2236
1 2237
1 2238
1 2239
2 2240
1 2245
1 2246
1 2247
1 2248
2 2249
1 2250
1 2253
1 2255
2 2256
4 2257
1 2258
1 2260
3 2262
2 2263
1 2264
1 2266
2 2268
1 2271
2 2272
2 2273
2 2274
3 2276
3 2277
2 2278
1 2279
1 2280
2 2281
1 2283
2 2284
3 2285
2 2286
5 2288
1 2289
2 2290
2 2292
2 2293
1 2294
1 2295
1 2297
1 2299
2 2300
1 2302
2 2303
1 2304
1 2306
5 2308
2 2310
1 2311
5 2312
3 2313
1 2314
3 2315
1 2316
3 2317
1 2318
3 2320
1 2321
1 2322
1 2323
1 2324
1 2325
2 2326
2 2327
3 2328
1 2330
1 2331
1 2332
2 2333
1 2335
3 2337
1 2338
3 2339
2 2340
1 2341
3 2342
3 2343
2 2344
1 2346
4 2347
4 2348
7 2349
1 2350
3 2351
4 2352
5 2353
4 2354
2 2355
2 2356
2 2357
2 2358
3 2359
1 2360
1 2361
5 2362
3 2363
7 2364
4 2365
6 2366
3 2367
8 2368
4 2369
3 2370
4 2371
5 2372
3 2373
5 2374
3 2375
4 2376
3 2377
2 2378
4 2379
5 2380
3 2381
8 2382
3 2383
6 2384
6 2385
7 2386
4 2387
4 2388
11 2389
5 2390
7 2392
8 2393
5 2394
14 2395
10 2396
6 2397
8 2398
6 2399
9 2400
10 2401
10 2402
10 2403
4 2404
13 2405
4 2406
6 2407
9 2408
9 2409
5 2410
12 2411
12 2412
10 2413
12 2414
6 2415
7 2416
6 2417
5 2418
10 2419
5 2420
6 2421
5 2422
8 2423
11 2424
7 2425
5 2426
5 2427
2 2428
7 2429
8 2430
4 2431
7 2432
4 2433
6 2434
8 2435
6 2436
5 2437
4 2438
7 2439
8 2440
5 2441
6 2442
6 2443
8 2444
10 2445
9 2446
6 2447
6 2448
7 2449
7 2450
8 2451
11 2452
8 2453
3 2454
10 2455
15 2456
6 2457
11 2458
4 2459
8 2460
8 2461
7 2462
13 2463
8 2464
6 2465
10 2466
7 2467
18 2468
18 2469
13 2470
14 2471
11 2472
15 2473
10 2474
12 2475
18 2476
16 2477
14 2478
12 2479
20 2480
16 2481
21 2482
7 2483
14 2484
22 2485
15 2486
14 2487
15 2488
16 2489
20 2490
9 2491
24 2492
19 2493
10 2494
12 2495
19 2496
20 2497
18 2498
21 2499
24 2500
19 2501
17 2502
10 2503
20 2504
16 2505
14 2506
16 2507
9 2508
12 2509
15 2510
7 2511
5 2512
13 2513
8 2514
12 2515
10 2516
10 2517
18 2518
10 2519
4 2520
7 2521
5 2522
9 2523
6 2524
8 2525
2 2526
7 2527
11 2528
8 2529
3 2530
8 2531
4 2532
4 2533
2 2534
4 2535
3 2536
2 2537
3 2538
2 2539
4 2540
5 2541
2 2542
1 2543
4 2544
3 2545
1 2546
3 2547
6 2548
1 2549
3 2550
4 2551
4 2552
3 2553
3 2554
6 2555
2 2556
2 2557
1 2558
2 2559
2 2560
2 2561
2 2562
4 2563
1 2564
6 2565
3 2566
3 2567
2 2568
2 2569
3 2570
4 2571
6 2572
5 2573
7 2574
3 2575
4 2576
3 2577
3 2578
3 2580
6 2581
3 2582
4 2583
1 2584
2 2585
1 2586
2 2587
3 2588
3 2589
9 2590
4 2591
2 2592
2 2593
4 2594
2 2595
3 2596
2 2597
1 2598
1 2599
3 2600
6 2601
4 2602
2 2603
4 2604
1 2605
2 2606
1 2607
2 2608
1 2609
2 2610
3 2611
3 2612
1 2613
3 2614
1 2615
3 2616
6 2617
3 2618
3 2619
2 2620
1 2621
2 2622
2 2624
3 2625
1 2626
1 2628
3 2629
2 2631
3 2632
3 2633
4 2634
1 2636
1 2637
4 2638
1 2639
3 2641
1 2642
2 2644
3 2645
1 2646
5 2647
2 2649
2 2651
1 2653
1 2655
1 2656
3 2657
2 2661
1 2662
1 2663
2 2665
2 2666
2 2669
3 2671
2 2672
3 2673
2 2674
1 2675
1 2676
3 2677
2 2678
2 2679
2 2680
1 2681
2 2682
2 2683
3 2685
2 2686
3 2687
3 2688
3 2689
3 2690
6 2691
1 2692
6 2693
3 2694
2 2695
5 2696
4 2697
6 2698
2 2699
5 2700
4 2701
6 2702
2 2703
4 2704
3 2705
4 2706
6 2707
1 2708
4 2709
2 2710
5 2711
5 2712
2 2713
4 2714
5 2715
4 2716
7 2717
3 2718
7 2719
7 2720
5 2721
2 2722
1 2723
5 2724
8 2725
1 2726
4 2727
8 2728
4 2729
2 2730
7 2731
6 2732
7 2733
1 2734
3 2735
4 2736
4 2737
1 2738
4 2739
4 2740
9 2741
3 2742
2 2743
3 2744
2 2745
4 2746
3 2747
1 2748
3 2749
1 2751
1 2753
1 2754
2 2755
3 2757
1 2758
1 2760
1 2761
1 2766
1 2768
2 2769
1 2770
1 2771
2 2772
1 2774
1 2775
1 2776
2 2777
2 2779
1 2781
2 2782
1 2783
1 2785
1 2786
1 2787
2 2790
4 2793
3 2795
1 2796
2 2797
3 2799
2 2800
1 2801
1 2804
1 2805
2 2806
2 2807
1 2808
1 2809
1 2810
2 2812
1 2813
1 2814
3 2815
1 2816
1 2817
1 2818
2 2819
5 2820
1 2822
1 2823
2 2826
1 2827
1 2828
1 2830
1 2831
1 2832
3 2833
1 2834
2 2835
1 2837
1 2838
1 2840
1 2842
1 2844
2 2845
2 2846
2 2849
1 2850
4 2852
3 2853
1 2854
2 2855
3 2857
1 2859
1 2860
1 2861
1 2862
1 2863
1 2864
1 2865
1 2869
1 2871
1 2876
1 2881
1 2883
1 2886
1 2887
1 2894
1 2895
2 2911
1 2919
1 2924
1 2931
1 2936
1 2938
1 2941
1 2942
1 2965
1 2984
1 2986
1 2988
1 2996
1 3002
1 3006
1 3009
1 3010
1 3011
1 3024
1 3025
1 3028
1 3029
1 3030
1 3031
1 3034
1 3035
1 3037
1 3039
1 3041
2 3045
1 3049
1 3051
1 3056
1 3059
1 3060
2 3062
1 3065
1 3068
1 3069
1 3070
1 3072
1 3075
1 3076
2 3077
2 3078
1 3079
1 3080
1 3085
2 3087
1 3088
1 3089
2 3090
1 3092
1 3095
2 3096
1 3097
1 3100
1 3103
2 3104
1 3105
2 3107
1 3109
1 3112
1 3113
1 3116
1 3117
1 3121
1 3123
1 3124
1 3125
3 3127
1 3128
1 3129
1 3130
1 3131
1 3133
2 3134
1 3138
1 3140
2 3141
1 3142
1 3143
1 3144
1 3145
1 3146
1 3147
1 3150
1 3152
1 3153
1 3154
1 3156
2 3157
1 3159
1 3160
1 3161
1 3163
1 3164
1 3166
1 3168
1 3169
2 3170
1 3171
1 3172
1 3179
1 3184
1 3186
1 3187
1 3196
1 3200
1 3209
1 3213
1 3217
1 3235
1 3240
1 3257
1 3274
1 3302
1 3314
1 3329
1 3347
1 3380
1 3387
1 3464
1 3567
1 3597
1 3606
1 3632
1 3675
1 3681
1 3726
1 3751
1 3759
1 3771
1 3794
1 3836
1 3861
1 3880
1 3904
1 3915
1 4035
1 4101
1 4201
1 4227
1 4375
1 4739
1 4832
1 4923
1 5043
