2 1
3 2
4 3
3 4
1 5
1 6
2 9
1 10
2 11
2 12
3 13
2 14
1 15
1 16
2 17
3 18
8 19
2 20
3 21
3 22
1 24
3 25
4 26
2 27
1 29
5 30
4 31
5 32
5 33
4 34
4 35
6 36
11 37
17 38
7 39
8 40
4 41
1 42
4 43
4 44
3 45
1 46
1 47
4 48
1 49
1 50
3 51
3 52
3 53
1 54
2 56
2 57
6 58
3 59
4 60
4 62
2 63
2 64
3 65
5 66
5 67
1 68
1 69
1 70
6 71
1 72
5 73
1 74
3 75
6 76
2 77
1 78
3 80
2 81
4 82
2 83
1 84
2 85
5 86
4 87
5 88
11 89
4 90
5 91
10 92
10 93
10 94
7 95
5 96
7 97
8 98
3 99
8 100
4 101
5 102
2 103
4 104
2 105
1 106
2 107
6 108
8 110
6 111
2 112
8 113
5 114
3 115
10 116
6 117
7 118
7 119
6 120
5 121
6 122
7 123
6 124
8 125
5 126
8 127
1 128
6 129
6 130
8 131
8 132
4 133
13 134
8 135
3 136
6 137
9 138
14 139
25 140
21 141
33 142
43 143
46 144
69 145
75 146
71 147
69 148
89 149
96 150
108 151
89 152
79 153
69 154
54 155
37 156
33 157
30 158
24 159
40 160
18 161
25 162
23 163
21 164
21 165
15 166
12 167
12 168
9 169
12 170
4 171
6 172
7 173
6 174
4 175
4 176
3 177
12 178
6 179
5 180
3 181
3 182
7 183
7 184
6 185
6 186
9 187
12 189
9 190
5 191
5 192
4 193
4 194
8 195
14 196
19 197
11 198
24 199
18 200
21 201
23 202
37 203
35 204
36 205
34 206
52 207
34 208
33 209
31 210
29 211
33 212
23 213
32 214
19 215
34 216
20 217
18 218
18 219
19 220
8 221
9 222
12 223
18 224
14 225
8 226
13 227
17 228
15 229
17 230
17 231
19 232
18 233
35 234
29 235
32 236
38 237
30 238
39 239
46 240
45 241
37 242
34 243
27 244
37 245
37 246
28 247
19 248
18 249
20 250
19 251
16 252
15 253
11 254
13 255
17 256
16 257
14 258
10 259
10 260
14 261
12 262
16 263
10 264
18 265
13 266
11 267
18 268
13 269
25 270
19 271
19 272
17 273
23 274
14 275
16 276
19 277
16 278
10 279
17 280
9 281
7 282
13 283
9 284
13 285
11 286
13 287
9 288
4 289
5 290
11 291
7 292
10 293
7 294
12 295
10 296
7 297
5 298
4 299
9 300
14 301
12 302
5 303
9 304
6 305
12 306
6 307
9 308
15 309
12 310
14 311
7 312
14 313
22 314
8 315
13 316
8 317
17 318
17 319
15 320
13 321
17 322
21 323
28 324
26 325
18 326
16 327
16 328
18 329
19 330
20 331
21 332
22 333
23 334
14 335
20 336
21 337
15 338
30 339
20 340
18 341
27 342
18 343
18 344
23 345
20 346
20 347
24 348
25 349
27 350
21 351
34 352
36 353
28 354
31 355
32 356
30 357
27 358
30 359
54 360
36 361
18 362
20 363
26 364
24 365
24 366
31 367
49 368
17 369
37 370
30 371
33 372
42 373
32 374
31 375
18 376
23 377
14 378
15 379
17 380
12 381
12 382
10 383
12 384
12 385
12 386
11 387
13 388
13 389
7 390
5 391
15 392
14 393
7 394
10 395
10 396
8 397
8 398
4 399
17 400
10 401
18 402
8 403
15 404
19 405
12 406
16 407
11 408
13 409
18 410
28 411
34 412
26 413
27 414
22 415
32 416
21 417
34 418
26 419
31 420
33 421
44 422
37 423
35 424
42 425
41 426
44 427
43 428
53 429
54 430
60 431
64 432
75 433
81 434
93 435
106 436
105 437
113 438
112 439
126 440
146 441
141 442
162 443
156 444
169 445
183 446
186 447
211 448
199 449
241 450
235 451
229 452
224 453
257 454
234 455
225 456
183 457
207 458
176 459
154 460
117 461
103 462
92 463
84 464
68 465
56 466
54 467
45 468
34 469
33 470
30 471
26 472
22 473
16 474
19 475
18 476
9 477
17 478
10 479
15 480
11 481
8 482
6 483
14 484
13 485
15 486
14 487
14 488
21 489
17 490
17 491
5 492
8 493
27 494
14 495
13 496
13 497
15 498
12 499
8 500
17 501
25 502
19 503
18 504
19 505
21 506
19 507
34 508
22 509
26 510
32 511
32 512
38 513
39 514
33 515
49 516
37 517
58 518
58 519
53 520
69 521
58 522
67 523
72 524
77 525
84 526
48 527
68 528
62 529
58 530
47 531
54 532
47 533
57 534
38 535
34 536
46 537
34 538
44 539
44 540
38 541
42 542
40 543
45 544
54 545
64 546
56 547
53 548
59 549
73 550
70 551
76 552
77 553
93 554
86 555
90 556
75 557
96 558
72 559
87 560
92 561
79 562
79 563
67 564
55 565
44 566
54 567
27 568
40 569
39 570
49 571
29 572
21 573
25 574
22 575
28 576
26 577
31 578
23 579
39 580
29 581
30 582
19 583
32 584
24 585
23 586
39 587
26 588
25 589
44 590
34 591
41 592
34 593
29 594
29 595
35 596
37 597
48 598
47 599
47 600
65 601
53 602
50 603
51 604
62 605
41 606
64 607
60 608
71 609
81 610
60 611
70 612
66 613
76 614
64 615
68 616
68 617
75 618
57 619
78 620
69 621
83 622
79 623
98 624
100 625
86 626
97 627
92 628
96 629
109 630
114 631
105 632
131 633
114 634
149 635
130 636
149 637
146 638
142 639
150 640
161 641
145 642
173 643
135 644
158 645
159 646
157 647
168 648
148 649
159 650
189 651
175 652
160 653
166 654
151 655
178 656
171 657
157 658
178 659
153 660
168 661
150 662
138 663
123 664
113 665
110 666
93 667
121 668
106 669
71 670
90 671
78 672
85 673
63 674
66 675
65 676
48 677
67 678
62 679
50 680
66 681
35 682
43 683
39 684
34 685
23 686
27 687
23 688
19 689
22 690
27 691
29 692
12 693
19 694
14 695
10 696
16 697
15 698
8 699
17 700
13 701
17 702
18 703
19 704
12 705
13 706
13 707
8 708
12 709
8 710
11 711
12 712
17 713
6 714
15 715
15 716
14 717
10 718
6 719
13 720
10 721
11 722
14 723
8 724
11 725
12 726
13 727
15 728
12 729
11 730
15 731
8 732
13 733
12 734
15 735
15 736
9 737
19 738
16 739
20 740
17 741
18 742
22 743
27 744
20 745
17 746
20 747
16 748
28 749
18 750
21 751
32 752
20 753
23 754
26 755
24 756
29 757
30 758
36 759
36 760
26 761
35 762
31 763
41 764
31 765
33 766
43 767
26 768
41 769
28 770
30 771
31 772
44 773
22 774
43 775
38 776
28 777
41 778
56 779
44 780
44 781
53 782
55 783
55 784
51 785
46 786
63 787
63 788
54 789
50 790
71 791
59 792
62 793
56 794
46 795
57 796
66 797
58 798
55 799
53 800
34 801
46 802
52 803
40 804
28 805
48 806
51 807
49 808
40 809
44 810
47 811
61 812
60 813
62 814
54 815
57 816
65 817
81 818
82 819
74 820
84 821
63 822
98 823
94 824
105 825
102 826
94 827
96 828
98 829
97 830
112 831
105 832
88 833
82 834
101 835
98 836
66 837
82 838
76 839
76 840
70 841
72 842
57 843
53 844
53 845
54 846
52 847
43 848
49 849
42 850
44 851
40 852
29 853
34 854
26 855
39 856
32 857
39 858
33 859
36 860
30 861
33 862
36 863
24 864
33 865
32 866
23 867
25 868
22 869
22 870
16 871
28 872
20 873
28 874
23 875
23 876
21 877
40 878
29 879
34 880
36 881
31 882
30 883
47 884
35 885
46 886
36 887
40 888
38 889
60 890
43 891
47 892
43 893
51 894
53 895
51 896
41 897
48 898
69 899
49 900
54 901
63 902
66 903
61 904
56 905
52 906
64 907
69 908
65 909
64 910
58 911
83 912
79 913
69 914
67 915
63 916
67 917
77 918
70 919
63 920
59 921
64 922
54 923
53 924
52 925
59 926
59 927
50 928
55 929
44 930
50 931
40 932
49 933
26 934
43 935
48 936
56 937
52 938
70 939
53 940
66 941
47 942
64 943
72 944
69 945
53 946
67 947
57 948
58 949
74 950
79 951
72 952
65 953
78 954
82 955
70 956
67 957
71 958
64 959
88 960
78 961
66 962
56 963
58 964
74 965
59 966
61 967
50 968
47 969
46 970
37 971
33 972
38 973
28 974
30 975
30 976
26 977
22 978
25 979
21 980
23 981
15 982
19 983
16 984
17 985
19 986
17 987
12 988
16 989
27 990
13 991
9 992
16 993
15 994
17 995
18 996
19 997
17 998
15 999
18 1000
15 1001
14 1002
20 1003
17 1004
19 1005
19 1006
8 1007
12 1008
16 1009
20 1010
17 1011
7 1012
7 1013
15 1014
14 1015
10 1016
12 1017
18 1018
10 1019
16 1020
14 1021
13 1022
7 1023
13 1024
6 1025
9 1026
6 1027
17 1028
7 1029
8 1030
5 1031
13 1032
8 1033
4 1034
6 1035
12 1036
9 1037
8 1038
5 1039
7 1040
11 1041
5 1042
14 1043
10 1044
13 1045
12 1046
7 1047
9 1048
8 1049
17 1050
17 1051
10 1052
9 1053
16 1054
11 1055
13 1056
12 1057
19 1058
24 1059
5 1060
18 1061
16 1062
19 1063
17 1064
14 1065
25 1066
15 1067
16 1068
13 1069
17 1070
20 1071
20 1072
12 1073
22 1074
28 1075
15 1076
20 1077
12 1078
23 1079
16 1080
24 1081
18 1082
11 1083
17 1084
11 1085
12 1086
14 1087
15 1088
8 1089
17 1090
10 1091
12 1092
5 1093
8 1094
10 1095
12 1096
10 1097
4 1098
4 1099
7 1100
11 1101
6 1102
10 1103
12 1104
4 1105
9 1106
4 1107
7 1108
8 1109
10 1110
7 1111
1 1112
9 1113
5 1114
6 1115
6 1116
8 1117
5 1118
6 1119
10 1120
3 1121
10 1122
11 1123
6 1124
2 1125
2 1126
5 1127
13 1128
13 1129
13 1130
10 1131
12 1132
11 1133
15 1134
11 1135
9 1136
13 1137
13 1138
17 1139
14 1140
13 1141
13 1142
17 1143
17 1144
16 1145
14 1146
17 1147
13 1148
14 1149
11 1150
18 1151
19 1152
17 1153
24 1154
10 1155
17 1156
17 1157
16 1158
13 1159
15 1160
15 1161
18 1162
17 1163
16 1164
18 1165
11 1166
20 1167
20 1168
11 1169
17 1170
12 1171
14 1172
20 1173
10 1174
18 1175
9 1176
12 1177
15 1178
11 1179
8 1180
8 1181
16 1182
18 1183
11 1184
9 1185
10 1186
12 1187
13 1188
15 1189
17 1190
15 1191
13 1192
16 1193
17 1194
14 1195
21 1196
27 1197
20 1198
15 1199
15 1200
14 1201
14 1202
21 1203
21 1204
17 1205
26 1206
22 1207
23 1208
15 1209
14 1210
16 1211
24 1212
19 1213
18 1214
18 1215
15 1216
13 1217
16 1218
14 1219
22 1220
21 1221
12 1222
15 1223
11 1224
11 1225
19 1226
12 1227
13 1228
18 1229
8 1230
7 1231
13 1232
13 1233
16 1234
14 1235
8 1236
13 1237
18 1238
13 1239
18 1240
4 1241
13 1242
13 1243
10 1244
9 1245
13 1246
6 1247
13 1248
12 1249
10 1250
13 1251
15 1252
12 1253
14 1254
6 1255
11 1256
8 1257
8 1258
9 1259
8 1260
13 1261
19 1262
9 1263
10 1264
12 1265
10 1266
6 1267
7 1268
10 1269
10 1270
14 1271
6 1272
8 1273
15 1274
10 1275
16 1276
13 1277
18 1278
8 1279
13 1280
10 1281
14 1282
14 1283
12 1284
12 1285
16 1286
10 1287
23 1288
18 1289
22 1290
20 1291
18 1292
20 1293
18 1294
28 1295
31 1296
24 1297
31 1298
30 1299
33 1300
36 1301
36 1302
43 1303
23 1304
30 1305
35 1306
37 1307
43 1308
39 1309
27 1310
28 1311
34 1312
32 1313
43 1314
34 1315
46 1316
30 1317
43 1318
28 1319
29 1320
35 1321
30 1322
41 1323
39 1324
25 1325
27 1326
23 1327
28 1328
25 1329
31 1330
28 1331
18 1332
15 1333
18 1334
24 1335
20 1336
20 1337
22 1338
20 1339
25 1340
18 1341
14 1342
16 1343
18 1344
16 1345
10 1346
18 1347
11 1348
8 1349
9 1350
13 1351
12 1352
11 1353
14 1354
9 1355
8 1356
7 1357
10 1358
12 1359
5 1360
7 1361
5 1362
11 1363
5 1364
8 1365
7 1366
6 1367
6 1368
7 1369
6 1370
7 1371
8 1372
8 1373
8 1374
3 1375
4 1376
3 1377
1 1378
2 1379
5 1380
1 1381
1 1382
4 1383
4 1384
2 1385
7 1386
3 1387
7 1388
2 1389
5 1390
4 1391
3 1393
4 1394
2 1395
4 1396
5 1397
1 1398
2 1399
8 1400
4 1401
3 1402
5 1403
4 1404
3 1405
1 1406
4 1407
5 1408
4 1409
5 1410
2 1411
2 1412
5 1413
8 1414
4 1415
4 1416
1 1417
2 1418
4 1419
3 1420
5 1421
4 1422
4 1423
4 1424
3 1425
10 1426
8 1427
7 1428
4 1429
5 1430
10 1431
2 1432
3 1433
3 1434
3 1435
3 1436
2 1437
9 1438
4 1439
1 1440
2 1441
9 1442
6 1443
5 1444
5 1445
5 1446
2 1447
5 1448
11 1449
8 1450
7 1451
6 1452
9 1453
3 1454
8 1455
2 1456
5 1457
9 1458
6 1459
9 1460
11 1461
9 1462
6 1463
2 1464
4 1465
7 1466
4 1467
5 1468
10 1469
11 1470
4 1471
2 1472
7 1473
14 1474
7 1475
9 1476
8 1477
12 1478
5 1479
9 1480
7 1481
10 1482
9 1483
8 1484
10 1485
6 1486
19 1487
11 1488
6 1489
13 1490
15 1491
19 1492
15 1493
13 1494
12 1495
21 1496
19 1497
17 1498
11 1499
16 1500
17 1501
12 1502
18 1503
11 1504
18 1505
20 1506
17 1507
16 1508
18 1509
18 1510
20 1511
15 1512
19 1513
19 1514
15 1515
16 1516
19 1517
25 1518
15 1519
14 1520
21 1521
23 1522
27 1523
15 1524
20 1525
16 1526
20 1527
14 1528
26 1529
21 1530
26 1531
21 1532
14 1533
31 1534
18 1535
21 1536
20 1537
29 1538
30 1539
38 1540
32 1541
38 1542
28 1543
37 1544
42 1545
30 1546
32 1547
43 1548
42 1549
39 1550
40 1551
46 1552
34 1553
38 1554
52 1555
51 1556
50 1557
50 1558
46 1559
68 1560
55 1561
74 1562
43 1563
47 1564
48 1565
50 1566
50 1567
40 1568
53 1569
62 1570
50 1571
55 1572
47 1573
53 1574
42 1575
47 1576
37 1577
33 1578
36 1579
44 1580
37 1581
48 1582
30 1583
18 1584
27 1585
21 1586
22 1587
27 1588
23 1589
12 1590
21 1591
19 1592
7 1593
20 1594
13 1595
17 1596
14 1597
12 1598
8 1599
5 1600
8 1601
8 1602
13 1603
4 1604
5 1605
7 1606
7 1607
8 1608
4 1609
8 1610
6 1611
3 1612
9 1613
8 1614
11 1615
5 1616
6 1617
8 1618
5 1619
2 1620
3 1621
6 1622
6 1623
3 1624
6 1625
5 1626
6 1627
6 1628
9 1629
6 1630
8 1631
10 1632
13 1633
4 1634
10 1635
8 1636
8 1637
13 1638
10 1639
8 1640
13 1641
9 1642
8 1643
15 1644
13 1645
13 1646
20 1647
12 1648
6 1649
7 1650
10 1651
4 1652
5 1653
7 1654
7 1655
6 1656
3 1657
5 1658
7 1659
8 1660
7 1661
6 1662
11 1663
8 1664
12 1665
4 1666
5 1667
3 1668
3 1669
1 1670
2 1671
3 1672
6 1673
3 1674
2 1675
1 1676
3 1677
2 1678
2 1679
2 1680
3 1681
2 1682
1 1683
1 1684
1 1685
1 1686
1 1688
1 1691
2 1693
4 1696
1 1697
1 1698
3 1700
2 1701
1 1702
1 1704
1 1706
3 1708
1 1710
1 1711
1 1712
2 1714
1 1716
2 1718
3 1720
1 1722
1 1723
3 1725
1 1726
2 1729
1 1730
1 1731
1 1732
1 1733
4 1734
1 1735
1 1736
1 1738
1 1739
1 1740
1 1744
1 1746
1 1748
3 1750
2 1754
1 1755
1 1758
1 1759
1 1760
2 1761
4 1762
1 1763
1 1765
1 1766
3 1767
1 1768
3 1770
1 1772
1 1773
2 1774
2 1775
2 1776
2 1777
2 1780
2 1781
2 1782
2 1783
1 1784
1 1785
1 1786
1 1787
1 1788
1 1789
1 1790
2 1792
2 1793
2 1794
1 1796
1 1797
4 1798
2 1799
1 1801
2 1802
1 1803
1 1805
3 1806
2 1807
1 1809
2 1810
2 1811
2 1812
2 1813
3 1814
1 1815
1 1816
1 1817
2 1818
1 1819
3 1820
2 1821
1 1822
2 1823
3 1826
1 1828
3 1829
2 1830
2 1831
4 1832
3 1834
4 1835
5 1836
1 1837
2 1838
1 1839
2 1840
3 1841
2 1842
3 1843
4 1844
4 1845
3 1846
1 1847
4 1848
5 1849
2 1850
8 1851
2 1852
6 1853
5 1854
4 1855
4 1856
4 1857
3 1858
4 1859
4 1860
3 1861
7 1862
4 1863
6 1864
5 1865
1 1866
10 1867
4 1868
6 1869
6 1870
1 1871
2 1872
6 1873
3 1874
1 1875
3 1876
2 1877
5 1878
4 1879
2 1880
1 1881
2 1882
1 1883
3 1884
3 1885
2 1886
3 1887
4 1888
3 1889
2 1890
2 1891
1 1892
3 1893
4 1894
1 1897
2 1899
3 1900
1 1901
1 1902
1 1903
1 1904
2 1905
1 1906
1 1908
1 1909
2 1911
1 1913
1 1914
2 1915
1 1917
1 1919
2 1920
1 1921
1 1923
2 1924
1 1927
1 1928
1 1930
1 1935
1 1936
1 1937
1 1938
1 1942
3 1943
1 1945
1 1948
1 1949
2 1950
1 1954
1 1955
2 1956
1 1957
2 1959
1 1960
1 1964
1 1965
1 1966
1 1967
1 1968
1 1971
1 1972
1 1973
1 1975
1 1976
1 1977
1 1978
1 1979
2 1980
2 1982
1 1983
3 1984
2 1986
2 1987
2 1989
1 1992
2 1998
1 1999
1 2000
2 2003
1 2005
2 2006
2 2007
2 2009
1 2010
1 2013
1 2014
2 2016
1 2017
1 2022
2 2023
3 2024
1 2026
1 2029
3 2030
1 2031
1 2032
1 2036
1 2037
1 2038
1 2040
1 2041
1 2043
1 2047
2 2048
1 2050
1 2051
1 2052
1 2053
1 2054
2 2055
2 2057
1 2059
1 2061
1 2066
1 2068
1 2069
1 2070
3 2071
2 2073
2 2075
1 2078
1 2079
1 2081
1 2085
1 2086
1 2090
1 2094
2 2095
2 2096
1 2097
1 2098
2 2103
1 2104
1 2105
1 2106
2 2108
1 2109
2 2110
1 2111
4 2112
1 2113
1 2115
3 2116
1 2117
2 2118
2 2119
3 2120
3 2121
1 2124
3 2125
1 2126
4 2128
1 2129
7 2130
3 2131
1 2132
2 2133
2 2134
3 2135
5 2137
4 2138
3 2139
4 2141
6 2142
2 2143
4 2144
3 2145
2 2146
1 2147
1 2148
1 2149
4 2150
1 2151
3 2152
4 2153
1 2154
1 2155
4 2156
2 2157
2 2158
1 2159
4 2160
2 2161
3 2162
5 2163
2 2164
2 2165
2 2166
1 2167
3 2168
1 2170
2 2171
3 2173
2 2175
1 2177
3 2178
1 2179
1 2180
4 2181
2 2182
2 2184
2 2185
2 2186
2 2188
2 2189
1 2190
1 2192
2 2194
3 2195
2 2196
1 2197
1 2201
2 2202
1 2203
3 2204
1 2206
1 2207
1 2211
1 2212
3 2213
1 2216
2 2217
1 2218
1 2219
2 2221
1 2223
1 2224
1 2225
3 2227
1 2228
1 2231
1 2232
1 2233
1 2236
1 2237
1 2239
1 2244
2 2246
1 2249
1 2250
1 2252
2 2255
1 2256
2 2261
1 2263
1 2264
1 2265
1 2267
1 2268
1 2270
1 2271
1 2272
1 2273
1 2283
1 2284
1 2288
1 2294
1 2298
1 2304
1 2306
1 2308
1 2309
3 2317
1 2327
1 2329
1 2335
1 2336
3 2339
1 2343
1 2351
1 2352
2 2357
1 2361
2 2362
1 2363
1 2371
1 2374
2 2375
1 2384
2 2385
1 2386
1 2388
1 2392
2 2394
2 2395
1 2398
1 2400
2 2403
1 2406
1 2409
1 2410
1 2414
2 2418
2 2420
2 2422
1 2424
1 2426
1 2427
1 2429
2 2430
2 2431
2 2432
1 2433
1 2437
1 2438
3 2440
1 2441
4 2442
2 2445
1 2447
1 2448
1 2449
2 2450
1 2451
4 2452
2 2453
2 2455
2 2457
4 2459
3 2460
4 2461
3 2463
3 2464
2 2465
1 2466
2 2467
2 2469
1 2470
5 2471
6 2472
1 2473
2 2474
2 2475
2 2476
4 2478
2 2479
1 2480
1 2481
1 2482
4 2483
4 2484
1 2486
2 2489
2 2490
2 2492
1 2495
1 2500
1 2501
1 2503
1 2506
2 2508
1 2509
1 2510
2 2514
2 2519
1 2521
1 2522
2 2523
3 2524
1 2527
2 2532
2 2533
2 2540
1 2541
2 2544
4 2545
1 2546
1 2549
1 2551
1 2555
1 2556
2 2558
2 2559
1 2563
1 2564
1 2565
1 2566
1 2567
1 2568
1 2570
2 2571
2 2572
3 2574
1 2576
2 2577
2 2578
1 2579
1 2580
2 2582
1 2586
3 2588
1 2589
1 2592
1 2594
1 2596
2 2597
1 2599
1 2601
2 2603
3 2605
1 2606
1 2610
1 2611
2 2615
1 2618
1 2622
2 2629
2 2631
1 2636
2 2637
1 2640
2 2641
1 2642
1 2648
1 2649
1 2650
1 2652
1 2653
1 2655
1 2656
2 2657
1 2658
3 2659
3 2661
4 2662
1 2663
1 2664
1 2665
1 2666
1 2669
1 2670
2 2671
1 2672
2 2674
1 2675
1 2677
2 2678
1 2679
1 2682
1 2683
2 2685
3 2687
1 2688
1 2689
1 2690
2 2691
2 2692
1 2696
1 2697
1 2700
1 2702
1 2703
2 2704
1 2709
2 2710
1 2723
1 2739
1 2775
1 2810
1 2822
1 2896
1 2923
1 2941
1 2944
1 2969
1 2979
1 3006
1 3008
1 3036
1 3040
1 3071
1 3078
1 3091
1 3099
1 3101
1 3148
1 3149
1 3152
2 3256
1 3391
1 3481
1 3512
1 3638
1 3673
1 3979
1 5700
