3 2
4 3
5 4
1 5
4 6
1 7
1 8
2 9
1 10
3 12
1 13
8 14
3 15
2 16
2 17
1 18
4 19
2 20
2 21
2 22
1 23
1 24
2 25
1 27
2 28
4 29
3 30
4 31
1 32
1 33
2 34
5 35
7 36
6 37
10 38
18 39
17 40
21 41
14 42
7 43
6 44
2 45
1 46
4 47
1 48
4 49
1 50
2 51
2 52
5 54
2 55
1 56
2 57
3 58
2 59
3 60
1 61
1 62
3 63
3 64
2 65
4 66
1 68
1 69
1 70
1 71
4 72
4 73
2 74
3 75
1 76
3 77
4 78
1 79
2 80
1 81
1 82
1 83
1 85
4 86
4 87
3 88
1 89
1 90
1 91
3 92
5 93
2 94
3 95
3 96
1 97
3 99
2 100
5 101
2 102
2 103
2 104
5 105
5 106
1 107
4 108
1 110
2 111
5 112
3 113
3 114
4 115
4 116
3 117
1 118
3 119
6 120
4 121
5 122
4 123
3 124
7 125
3 126
3 127
10 128
3 129
8 130
6 131
3 132
6 133
11 134
6 135
14 136
18 137
14 138
15 139
17 140
23 141
20 142
22 143
20 144
15 145
13 146
11 147
6 148
5 149
4 150
7 151
5 152
5 153
7 154
4 155
8 156
5 157
6 158
6 159
3 160
7 161
2 162
4 163
6 164
6 165
3 166
5 167
6 168
5 169
3 170
8 171
7 172
5 173
6 174
8 175
3 176
8 177
8 178
5 179
7 180
6 181
9 182
9 183
13 184
13 185
9 186
18 187
23 188
19 189
19 190
25 191
27 192
33 193
57 194
36 195
54 196
46 197
46 198
47 199
35 200
28 201
19 202
17 203
10 204
14 205
20 206
12 207
12 208
13 209
12 210
10 211
9 212
10 213
15 214
10 215
8 216
9 217
12 218
12 219
6 220
10 221
6 222
7 223
8 224
11 225
12 226
12 227
3 228
10 229
8 230
5 231
6 232
8 233
6 234
9 235
7 236
7 237
9 238
10 239
10 240
8 241
11 242
4 243
6 244
16 245
8 246
18 247
8 248
10 249
11 250
16 251
10 252
12 253
14 254
15 255
17 256
32 257
18 258
15 259
19 260
22 261
17 262
15 263
14 264
11 265
16 266
18 267
13 268
13 269
17 270
10 271
11 272
8 273
17 274
9 275
15 276
17 277
12 278
12 279
9 280
13 281
15 282
18 283
15 284
17 285
12 286
9 287
15 288
11 289
17 290
14 291
13 292
12 293
18 294
20 295
13 296
17 297
9 298
19 299
9 300
15 301
21 302
13 303
22 304
19 305
32 306
28 307
16 308
17 309
28 310
21 311
27 312
24 313
35 314
22 315
36 316
37 317
37 318
42 319
51 320
46 321
47 322
46 323
63 324
63 325
61 326
57 327
53 328
47 329
36 330
43 331
35 332
31 333
31 334
26 335
31 336
21 337
14 338
23 339
13 340
9 341
21 342
16 343
15 344
15 345
24 346
21 347
19 348
17 349
21 350
12 351
17 352
20 353
13 354
15 355
19 356
18 357
19 358
20 359
14 360
20 361
20 362
16 363
19 364
20 365
19 366
16 367
29 368
24 369
24 370
26 371
25 372
17 373
14 374
29 375
33 376
16 377
24 378
38 379
36 380
24 381
26 382
22 383
22 384
27 385
34 386
28 387
37 388
50 389
40 390
38 391
40 392
40 393
53 394
45 395
43 396
58 397
57 398
70 399
56 400
55 401
78 402
66 403
82 404
72 405
78 406
87 407
92 408
88 409
74 410
72 411
70 412
82 413
77 414
56 415
70 416
57 417
78 418
64 419
72 420
66 421
65 422
65 423
84 424
49 425
68 426
69 427
75 428
92 429
93 430
115 431
104 432
120 433
119 434
145 435
153 436
140 437
161 438
170 439
147 440
171 441
158 442
160 443
135 444
115 445
112 446
114 447
97 448
81 449
84 450
78 451
68 452
84 453
57 454
66 455
56 456
66 457
62 458
72 459
56 460
86 461
72 462
82 463
108 464
95 465
103 466
124 467
118 468
157 469
145 470
128 471
160 472
146 473
178 474
193 475
179 476
210 477
192 478
201 479
221 480
244 481
234 482
239 483
275 484
303 485
372 486
385 487
425 488
515 489
571 490
639 491
755 492
828 493
939 494
1100 495
1238 496
1359 497
1460 498
1595 499
1761 500
1762 501
1737 502
1787 503
1781 504
1708 505
1605 506
1525 507
1419 508
1283 509
1103 510
942 511
854 512
712 513
538 514
442 515
348 516
303 517
256 518
177 519
161 520
133 521
93 522
98 523
71 524
68 525
42 526
43 527
44 528
26 529
21 530
20 531
24 532
17 533
20 534
8 535
17 536
11 537
19 538
12 539
9 540
12 541
8 542
9 543
9 544
14 545
8 546
12 547
10 548
11 549
11 550
7 551
12 552
8 553
17 554
7 555
9 556
9 557
8 558
11 559
12 560
9 561
13 562
7 563
9 564
6 565
7 566
3 567
2 568
5 569
6 570
5 571
6 572
10 573
3 574
9 575
4 576
6 577
4 578
7 579
2 580
3 581
2 582
8 583
7 584
2 585
11 586
10 587
7 588
6 589
12 590
7 591
7 592
4 593
7 594
7 595
5 596
4 597
8 598
6 599
4 600
4 601
1 602
6 603
2 604
1 605
2 606
3 607
3 608
7 609
4 610
4 611
1 612
5 613
1 614
4 615
4 616
2 617
4 618
2 619
5 620
6 621
8 622
4 623
4 624
5 625
2 626
4 627
2 628
3 629
4 630
3 631
5 632
6 633
4 634
5 635
4 636
3 637
3 638
6 639
7 640
6 641
4 642
2 643
3 644
2 645
2 646
6 647
8 648
3 650
1 651
2 652
7 653
4 654
6 655
3 656
5 657
5 658
4 659
1 660
2 661
3 662
1 663
2 664
6 665
6 666
9 667
9 668
5 669
4 670
4 671
4 672
5 673
7 674
1 675
6 676
5 677
9 678
3 679
6 680
6 681
2 682
5 683
4 684
5 685
6 686
8 687
7 688
5 689
5 690
4 691
4 692
5 693
9 694
6 695
3 696
9 697
12 698
6 699
5 700
8 701
6 702
10 703
4 704
2 705
6 706
4 707
8 708
3 709
7 710
9 711
3 712
7 713
10 714
9 715
11 716
5 717
8 718
9 719
3 720
7 721
8 722
4 723
9 724
6 725
12 726
11 727
6 728
8 729
11 730
8 731
10 732
16 733
6 734
13 735
14 736
13 737
15 738
12 739
17 740
19 741
20 742
19 743
27 744
23 745
21 746
20 747
25 748
23 749
28 750
28 751
21 752
31 753
25 754
32 755
35 756
32 757
31 758
33 759
30 760
39 761
19 762
29 763
31 764
30 765
36 766
26 767
13 768
24 769
13 770
24 771
15 772
21 773
23 774
17 775
19 776
20 777
19 778
17 779
11 780
21 781
18 782
25 783
22 784
12 785
22 786
15 787
19 788
18 789
10 790
27 791
12 792
15 793
13 794
10 795
22 796
20 797
15 798
20 799
17 800
12 801
21 802
22 803
22 804
19 805
18 806
18 807
26 808
30 809
26 810
28 811
39 812
38 813
33 814
30 815
37 816
37 817
40 818
54 819
51 820
46 821
65 822
55 823
35 824
61 825
59 826
65 827
51 828
86 829
73 830
71 831
82 832
78 833
84 834
75 835
85 836
72 837
81 838
57 839
68 840
61 841
58 842
62 843
51 844
50 845
30 846
42 847
42 848
27 849
31 850
27 851
25 852
20 853
18 854
26 855
18 856
23 857
17 858
19 859
16 860
19 861
17 862
20 863
17 864
25 865
25 866
26 867
18 868
28 869
23 870
28 871
26 872
16 873
27 874
23 875
20 876
29 877
28 878
30 879
30 880
36 881
34 882
37 883
48 884
43 885
51 886
49 887
57 888
53 889
58 890
55 891
57 892
70 893
58 894
69 895
79 896
58 897
69 898
72 899
80 900
75 901
80 902
75 903
68 904
78 905
81 906
74 907
76 908
78 909
75 910
78 911
56 912
74 913
69 914
57 915
42 916
29 917
33 918
40 919
33 920
23 921
25 922
14 923
29 924
16 925
15 926
10 927
14 928
12 929
11 930
9 931
3 932
10 933
7 934
8 935
6 936
3 937
4 938
3 939
3 940
4 941
1 942
2 943
3 944
7 945
3 946
6 947
5 948
1 949
7 950
3 951
5 952
3 953
1 954
1 955
3 956
1 957
4 959
3 960
6 961
3 962
7 963
6 964
5 965
1 966
7 967
6 968
4 969
5 970
2 971
6 972
9 973
4 974
7 975
7 976
8 977
10 978
5 979
5 980
9 981
11 982
12 983
9 984
14 985
6 986
10 987
8 988
11 989
10 990
11 991
9 992
11 993
7 994
14 995
11 996
20 997
17 998
11 999
10 1000
9 1001
9 1002
6 1003
10 1004
7 1005
5 1006
3 1007
4 1008
5 1009
6 1010
3 1011
6 1012
5 1013
1 1014
4 1015
3 1016
2 1017
5 1018
3 1019
1 1020
3 1021
2 1022
1 1023
1 1024
1 1025
3 1026
3 1027
1 1028
1 1031
2 1032
1 1033
1 1034
2 1036
1 1037
2 1038
1 1039
1 1040
4 1041
2 1043
4 1045
3 1047
2 1049
2 1050
2 1051
1 1052
2 1053
1 1054
2 1055
3 1056
2 1057
1 1058
2 1059
2 1061
4 1062
2 1063
2 1064
3 1065
3 1066
1 1067
3 1068
1 1069
2 1070
1 1071
1 1072
3 1073
2 1074
2 1075
3 1076
2 1077
3 1078
3 1079
4 1080
9 1081
2 1082
2 1083
4 1084
7 1086
3 1087
4 1088
4 1089
4 1090
1 1091
3 1092
1 1093
3 1095
5 1096
2 1097
3 1098
3 1099
5 1100
2 1101
2 1102
5 1103
6 1104
2 1105
4 1106
3 1107
5 1108
5 1109
9 1110
7 1111
8 1112
9 1113
8 1114
5 1115
7 1116
13 1117
6 1118
10 1119
6 1120
10 1121
8 1122
9 1123
6 1124
10 1125
8 1126
7 1127
6 1128
3 1129
4 1130
9 1131
12 1132
5 1133
10 1134
5 1135
2 1136
2 1137
3 1138
6 1139
7 1140
9 1141
5 1142
4 1143
1 1144
4 1145
7 1146
1 1147
4 1148
5 1150
3 1152
6 1153
1 1154
3 1155
1 1156
4 1157
6 1158
3 1159
4 1160
2 1161
3 1162
4 1163
5 1164
4 1165
3 1166
3 1167
2 1168
1 1169
4 1170
6 1171
2 1172
3 1173
1 1174
2 1175
3 1176
4 1177
4 1178
3 1179
5 1180
4 1181
5 1182
5 1183
3 1184
3 1185
3 1186
3 1187
4 1188
2 1190
2 1191
2 1193
2 1194
1 1196
1 1197
1 1198
1 1199
1 1200
1 1201
1 1202
1 1203
1 1206
1 1207
2 1209
2 1210
2 1211
1 1212
2 1213
1 1214
1 1216
1 1217
1 1223
1 1224
1 1226
1 1228
1 1231
1 1234
1 1235
1 1238
2 1239
1 1242
1 1244
1 1248
1 1252
1 1254
2 1256
1 1259
1 1260
1 1262
2 1264
1 1267
2 1270
1 1271
1 1272
2 1273
2 1275
3 1276
2 1279
1 1280
1 1284
1 1288
1 1289
1 1291
1 1292
1 1293
2 1296
1 1297
2 1300
2 1301
2 1303
2 1304
1 1309
1 1310
1 1312
1 1313
1 1314
1 1319
3 1321
1 1322
1 1324
1 1325
2 1326
1 1327
1 1328
1 1329
1 1330
1 1331
2 1337
1 1341
4 1342
1 1345
1 1346
1 1347
2 1354
1 1355
1 1356
1 1360
1 1362
1 1363
1 1366
1 1367
1 1371
1 1372
1 1375
1 1378
2 1379
1 1382
1 1385
1 1386
2 1388
1 1390
2 1391
2 1394
2 1400
1 1404
1 1408
2 1411
2 1415
1 1416
1 1418
2 1419
2 1420
2 1424
1 1425
1 1428
1 1431
1 1436
1 1437
1 1438
2 1439
1 1441
1 1443
1 1444
1 1446
1 1449
3 1451
1 1454
1 1456
3 1457
1 1460
2 1461
1 1464
1 1465
1 1466
1 1467
1 1469
3 1472
1 1473
1 1474
1 1475
1 1476
1 1479
2 1481
1 1482
1 1483
1 1485
2 1486
2 1487
1 1488
3 1490
1 1492
3 1493
3 1494
1 1496
2 1497
1 1498
5 1500
1 1501
3 1502
3 1503
3 1509
1 1510
2 1513
2 1516
2 1517
1 1520
1 1522
1 1523
1 1524
1 1526
1 1527
2 1528
2 1529
1 1531
2 1533
1 1535
1 1537
1 1538
1 1539
2 1540
1 1546
1 1548
1 1549
1 1550
2 1551
1 1552
1 1554
2 1555
1 1556
2 1557
1 1558
1 1559
1 1560
2 1562
1 1564
2 1565
3 1568
1 1571
1 1572
3 1573
2 1575
1 1576
1 1577
4 1578
1 1580
1 1582
1 1583
4 1584
1 1585
1 1592
1 1593
1 1595
1 1596
1 1598
1 1601
1 1606
1 1608
1 1611
1 1617
1 1618
1 1619
1 1620
2 1626
1 1628
2 1629
1 1630
1 1631
1 1632
1 1633
1 1636
1 1637
1 1643
1 1645
4 1649
1 1650
2 1651
1 1652
1 1653
1 1656
2 1658
2 1660
3 1661
1 1663
1 1665
1 1666
1 1667
3 1670
1 1672
2 1674
1 1676
2 1677
1 1678
1 1679
2 1680
2 1681
1 1688
2 1690
2 1694
2 1697
3 1698
1 1701
1 1703
1 1706
1 1708
1 1710
1 1711
1 1714
3 1716
1 1717
1 1718
5 1719
2 1720
1 1723
2 1724
1 1727
2 1728
2 1729
3 1731
1 1733
2 1734
2 1736
3 1737
1 1738
2 1740
3 1742
1 1744
2 1745
1 1746
1 1747
2 1748
1 1751
1 1752
1 1753
3 1755
1 1756
2 1757
2 1758
1 1759
1 1762
2 1764
1 1765
1 1766
4 1768
1 1769
1 1770
2 1772
1 1773
1 1774
2 1775
2 1776
1 1777
2 1778
2 1779
3 1780
4 1781
4 1782
2 1783
1 1784
1 1785
2 1786
6 1787
5 1788
4 1789
4 1790
1 1791
1 1792
2 1793
4 1794
4 1795
3 1796
1 1797
4 1798
7 1799
5 1800
3 1801
4 1802
3 1803
4 1804
2 1805
6 1806
6 1807
2 1808
1 1809
3 1810
2 1811
2 1812
4 1813
4 1814
1 1815
5 1816
4 1817
3 1818
5 1819
1 1820
1 1821
4 1823
4 1824
2 1825
3 1827
7 1828
1 1829
1 1830
5 1831
6 1832
4 1833
3 1834
2 1835
1 1836
1 1837
2 1838
5 1839
6 1840
2 1841
2 1844
3 1845
1 1846
1 1847
1 1848
1 1850
3 1851
1 1852
1 1853
1 1854
3 1855
2 1856
2 1859
3 1860
2 1861
3 1862
4 1863
2 1864
1 1865
3 1866
2 1867
3 1868
3 1869
7 1870
2 1871
3 1872
5 1873
7 1874
2 1875
3 1876
4 1877
3 1878
4 1879
1 1880
5 1881
2 1882
1 1883
2 1884
5 1885
1 1886
5 1887
1 1888
3 1889
5 1890
5 1891
2 1892
4 1893
3 1894
2 1895
1 1896
7 1897
4 1898
3 1899
8 1900
1 1901
1 1902
5 1903
5 1904
3 1905
4 1906
3 1907
4 1908
9 1909
4 1910
5 1911
5 1912
6 1913
3 1914
7 1915
4 1916
4 1917
4 1918
9 1919
9 1920
5 1921
8 1922
7 1923
8 1924
7 1925
9 1926
12 1927
8 1928
7 1929
13 1930
13 1931
11 1932
14 1933
13 1934
14 1935
16 1936
13 1937
16 1938
24 1939
17 1940
15 1941
21 1942
9 1943
20 1944
25 1945
19 1946
16 1947
23 1948
35 1949
31 1950
30 1951
19 1952
19 1953
34 1954
41 1955
29 1956
31 1957
35 1958
24 1959
26 1960
25 1961
39 1962
28 1963
33 1964
27 1965
21 1966
19 1967
23 1968
22 1969
20 1970
23 1971
13 1972
10 1973
15 1974
24 1975
14 1976
16 1977
10 1978
10 1979
9 1980
5 1981
3 1982
11 1983
4 1984
8 1985
7 1986
4 1987
5 1988
7 1989
3 1990
4 1991
2 1992
4 1993
3 1994
4 1995
2 1996
2 1997
2 1998
4 2001
1 2003
1 2005
1 2007
1 2009
1 2010
1 2011
1 2013
1 2017
1 2018
1 2027
1 2039
2 2045
1 2047
1 2050
1 2051
1 2055
1 2059
2 2065
1 2066
1 2071
1 2081
1 2094
2 2099
1 2104
2 2111
2 2115
1 2116
1 2117
1 2119
3 2126
1 2128
2 2137
1 2142
1 2143
1 2148
1 2159
1 2166
2 2167
2 2170
2 2174
1 2181
1 2182
1 2185
1 2189
2 2190
1 2196
1 2199
1 2201
1 2203
1 2205
1 2206
1 2208
1 2210
1 2212
1 2214
1 2216
1 2217
1 2224
1 2229
1 2233
1 2234
1 2236
1 2238
2 2239
1 2241
1 2243
1 2244
1 2246
1 2247
4 2250
1 2252
2 2253
1 2254
1 2256
1 2257
2 2259
2 2260
2 2261
2 2262
1 2263
1 2264
1 2265
5 2266
1 2269
1 2270
1 2271
1 2272
3 2274
2 2275
4 2276
3 2277
1 2279
1 2280
2 2282
1 2283
1 2287
1 2288
1 2290
2 2292
1 2293
2 2295
2 2307
1 2309
2 2314
1 2315
2 2316
2 2317
1 2322
2 2323
1 2327
1 2330
1 2331
3 2333
1 2334
1 2337
2 2341
2 2342
2 2344
2 2351
1 2352
1 2353
2 2354
1 2356
2 2357
1 2358
1 2360
1 2361
3 2362
1 2363
3 2365
1 2366
2 2367
2 2368
1 2370
3 2371
2 2373
1 2375
3 2376
1 2377
1 2378
1 2379
1 2380
1 2381
3 2382
2 2383
4 2384
3 2386
1 2387
1 2388
3 2389
2 2390
2 2391
2 2392
2 2393
4 2394
4 2395
2 2396
8 2397
2 2398
4 2399
3 2400
6 2401
8 2402
7 2403
3 2404
7 2405
5 2406
7 2407
8 2408
9 2409
6 2410
5 2411
14 2412
5 2413
5 2414
7 2415
11 2416
8 2417
7 2418
3 2419
5 2420
8 2421
8 2422
12 2423
8 2424
7 2425
7 2426
4 2427
3 2428
8 2429
5 2430
11 2431
7 2432
6 2433
10 2434
7 2435
2 2436
4 2437
2 2438
5 2439
7 2440
7 2441
4 2442
3 2443
5 2445
4 2446
7 2447
2 2448
3 2449
6 2450
2 2451
2 2452
4 2453
5 2454
1 2455
1 2456
4 2458
1 2459
1 2460
2 2461
2 2465
3 2466
2 2468
1 2469
2 2470
1 2471
1 2472
1 2475
2 2476
1 2477
1 2484
2 2492
1 2499
1 2501
1 2502
1 2507
1 2509
1 2513
1 2516
1 2521
1 2523
2 2524
3 2526
2 2527
1 2529
1 2535
1 2536
1 2537
2 2538
1 2541
1 2542
1 2545
2 2548
1 2553
2 2555
1 2558
2 2560
1 2561
2 2564
3 2565
2 2567
1 2568
3 2569
1 2572
3 2573
2 2575
5 2576
1 2577
1 2578
1 2579
1 2580
2 2581
2 2582
1 2583
2 2584
2 2585
2 2586
1 2587
2 2588
2 2589
4 2590
2 2591
1 2592
1 2593
1 2594
3 2595
4 2596
2 2597
2 2599
1 2601
3 2602
3 2603
2 2604
3 2605
2 2607
5 2608
1 2609
1 2611
1 2612
3 2615
3 2619
2 2622
1 2632
1 2634
1 2636
1 2643
1 2644
1 2667
1 2704
1 2712
1 2736
1 2741
1 2746
1 2749
1 2750
1 2751
1 2755
1 2757
2 2763
1 2772
1 2774
1 2791
1 2797
1 2900
1 2941
1 2963
1 2972
1 3041
1 3096
1 3130
1 3282
1 3435
1 3475
1 3615
1 3744
1 3849
1 3996
1 4008
1 4042
1 4044
1 4049
1 4051
1 4073
1 4075
1 4081
1 4086
1 4100
1 4105
1 4107
1 4130
1 4133
1 4163
1 4170
1 4182
1 5041
1 5231
