1 1
1 2
1 6
1 7
2 8
2 10
1 12
3 13
1 14
1 16
1 17
1 19
2 21
2 23
1 25
1 26
2 29
2 31
2 32
1 33
3 35
1 36
2 37
1 38
1 39
1 40
2 41
4 43
2 45
2 46
1 48
1 49
1 51
4 53
1 54
1 55
3 56
2 57
3 58
5 59
5 60
1 61
3 62
3 63
1 64
3 65
2 66
3 67
3 68
6 69
2 70
4 71
6 72
1 73
3 74
6 75
7 76
7 77
9 78
10 79
4 80
6 81
5 82
5 83
5 84
3 85
1 86
3 87
2 89
5 90
4 91
1 92
9 95
6 96
1 97
2 98
2 99
1 100
2 101
1 102
2 103
2 104
4 105
3 106
4 107
3 108
6 109
3 110
5 111
1 112
1 113
1 114
6 115
3 116
7 117
3 118
5 119
7 120
3 121
3 122
5 123
5 124
6 125
2 126
8 127
4 128
1 129
1 130
3 131
5 132
10 133
5 134
4 135
4 136
3 137
3 138
4 139
5 140
4 141
4 142
2 143
4 144
5 145
5 147
4 148
2 149
7 150
4 151
5 152
2 153
6 154
5 155
8 156
2 157
3 158
9 159
5 160
4 161
5 162
6 163
2 164
2 165
9 166
5 167
9 168
5 169
5 170
2 171
3 172
3 173
5 174
9 175
2 176
4 177
3 178
5 179
6 180
6 181
6 182
3 183
5 184
12 185
12 186
12 187
15 188
22 189
34 190
30 191
30 192
38 193
41 194
45 195
54 196
53 197
64 198
59 199
52 200
45 201
17 202
27 203
17 204
13 205
10 206
14 207
14 208
13 209
11 210
5 211
2 212
9 213
5 214
8 215
6 216
6 217
5 218
5 219
6 220
7 221
6 222
7 223
3 224
3 225
4 226
8 227
5 228
5 229
3 230
8 231
2 232
4 233
7 234
7 235
3 236
7 237
6 238
10 239
8 240
8 241
11 242
8 243
7 244
6 245
8 246
6 247
8 248
6 249
8 250
9 251
14 252
13 253
6 254
11 255
10 256
12 257
11 258
12 259
7 260
21 261
12 262
7 263
11 264
17 265
9 266
9 267
12 268
13 269
10 270
15 271
17 272
18 273
16 274
10 275
15 276
17 277
16 278
22 279
10 280
16 281
14 282
21 283
15 284
9 285
13 286
14 287
13 288
8 289
12 290
7 291
16 292
24 293
22 294
19 295
28 296
17 297
29 298
38 299
40 300
25 301
38 302
28 303
33 304
33 305
35 306
44 307
30 308
24 309
24 310
29 311
23 312
17 313
25 314
17 315
34 316
17 317
26 318
26 319
31 320
22 321
36 322
45 323
35 324
41 325
36 326
57 327
37 328
43 329
44 330
43 331
42 332
31 333
31 334
31 335
27 336
32 337
27 338
25 339
23 340
22 341
22 342
17 343
27 344
24 345
27 346
25 347
26 348
19 349
15 350
19 351
15 352
21 353
20 354
25 355
16 356
21 357
30 358
16 359
16 360
23 361
8 362
11 363
28 364
22 365
17 366
15 367
17 368
23 369
15 370
14 371
20 372
24 373
23 374
17 375
34 376
26 377
29 378
17 379
16 380
15 381
25 382
18 383
14 384
20 385
20 386
16 387
15 388
20 389
18 390
17 391
19 392
20 393
14 394
16 395
11 396
14 397
16 398
17 399
26 400
21 401
15 402
18 403
25 404
25 405
19 406
20 407
20 408
23 409
28 410
25 411
34 412
34 413
25 414
36 415
31 416
44 417
39 418
36 419
45 420
61 421
59 422
68 423
63 424
75 425
84 426
87 427
83 428
120 429
121 430
114 431
141 432
149 433
182 434
183 435
183 436
170 437
179 438
210 439
168 440
162 441
166 442
175 443
143 444
135 445
128 446
119 447
100 448
84 449
82 450
61 451
48 452
42 453
48 454
56 455
41 456
39 457
43 458
58 459
37 460
54 461
59 462
45 463
43 464
46 465
55 466
46 467
29 468
50 469
39 470
34 471
34 472
44 473
35 474
30 475
24 476
28 477
26 478
24 479
19 480
21 481
23 482
17 483
12 484
19 485
14 486
16 487
15 488
17 489
16 490
14 491
16 492
26 493
18 494
21 495
21 496
23 497
29 498
29 499
30 500
32 501
26 502
36 503
49 504
31 505
44 506
45 507
60 508
62 509
52 510
59 511
81 512
60 513
66 514
78 515
79 516
76 517
96 518
107 519
84 520
88 521
91 522
83 523
104 524
117 525
102 526
77 527
82 528
93 529
103 530
79 531
94 532
82 533
66 534
71 535
40 536
53 537
41 538
36 539
30 540
29 541
21 542
24 543
15 544
13 545
13 546
16 547
12 548
9 549
19 550
15 551
13 552
14 553
9 554
9 555
15 556
8 557
11 558
12 559
7 560
12 561
11 562
10 563
10 564
4 565
14 566
14 567
10 568
14 569
11 570
11 571
13 572
11 573
19 574
10 575
19 576
21 577
20 578
19 579
19 580
18 581
15 582
31 583
23 584
34 585
23 586
33 587
33 588
27 589
18 590
31 591
20 592
29 593
26 594
19 595
25 596
30 597
28 598
26 599
27 600
23 601
25 602
26 603
36 604
28 605
21 606
37 607
28 608
27 609
20 610
26 611
27 612
25 613
24 614
23 615
17 616
18 617
14 618
20 619
16 620
24 621
17 622
24 623
20 624
19 625
17 626
17 627
26 628
16 629
19 630
29 631
27 632
33 633
19 634
37 635
40 636
38 637
28 638
44 639
38 640
53 641
41 642
61 643
72 644
59 645
70 646
62 647
79 648
101 649
83 650
136 651
121 652
138 653
144 654
170 655
177 656
203 657
224 658
246 659
243 660
296 661
261 662
323 663
328 664
321 665
302 666
294 667
318 668
310 669
267 670
246 671
235 672
236 673
201 674
181 675
173 676
138 677
137 678
107 679
82 680
93 681
77 682
58 683
45 684
43 685
37 686
39 687
30 688
26 689
24 690
25 691
20 692
21 693
13 694
18 695
22 696
16 697
13 698
6 699
10 700
9 701
13 702
13 703
10 704
11 705
18 706
9 707
8 708
9 709
9 710
14 711
8 712
8 713
6 714
9 715
7 716
7 717
7 718
6 719
7 720
4 721
8 722
4 723
6 724
3 725
8 726
8 727
8 728
5 729
9 730
11 731
7 732
7 733
3 734
6 735
8 736
8 737
7 738
8 739
12 740
3 741
10 742
9 743
10 744
11 745
9 746
12 747
10 748
17 749
9 750
13 751
7 752
10 753
8 754
7 755
13 756
13 757
9 758
12 759
13 760
7 761
10 762
5 763
11 764
5 765
6 766
12 767
13 768
10 769
7 770
5 771
9 772
4 773
7 774
5 775
6 776
4 777
7 778
5 779
3 780
7 781
8 782
7 783
10 784
8 785
4 786
11 787
6 788
11 789
4 790
5 791
7 792
6 793
4 794
7 795
13 796
7 797
14 798
5 799
8 800
9 801
8 802
10 803
9 804
7 805
9 806
11 807
8 808
5 809
10 810
12 811
11 812
13 813
11 814
12 815
16 816
10 817
21 818
14 819
11 820
13 821
16 822
25 823
11 824
11 825
17 826
25 827
26 828
17 829
26 830
33 831
21 832
27 833
32 834
31 835
37 836
34 837
40 838
39 839
58 840
44 841
66 842
66 843
77 844
78 845
68 846
78 847
68 848
92 849
118 850
100 851
103 852
103 853
112 854
120 855
125 856
144 857
159 858
146 859
164 860
172 861
155 862
153 863
167 864
159 865
130 866
136 867
111 868
134 869
109 870
104 871
89 872
70 873
80 874
54 875
55 876
38 877
35 878
30 879
32 880
41 881
34 882
29 883
22 884
24 885
22 886
17 887
13 888
11 889
11 890
15 891
12 892
14 893
20 894
14 895
21 896
15 897
14 898
7 899
15 900
10 901
13 902
15 903
18 904
9 905
17 906
9 907
25 908
12 909
16 910
20 911
17 912
12 913
16 914
12 915
14 916
15 917
10 918
6 919
9 920
12 921
12 922
7 923
6 924
9 925
6 926
4 927
7 928
4 929
2 930
6 931
3 932
1 933
4 934
3 937
3 938
6 939
1 940
2 941
1 942
3 943
3 944
2 945
1 946
1 947
2 948
2 949
1 950
3 952
1 953
2 954
2 955
3 956
3 957
3 958
1 960
2 962
1 964
2 965
4 966
1 968
1 969
1 970
1 974
1 975
3 976
3 977
1 978
2 979
2 981
1 982
4 985
1 987
2 988
2 989
1 990
2 991
1 992
2 993
1 996
4 997
6 998
2 999
1 1000
2 1001
1 1002
2 1004
1 1005
1 1006
1 1007
1 1008
1 1009
3 1010
2 1011
2 1012
1 1013
1 1014
1 1015
4 1016
2 1017
2 1018
2 1019
4 1020
1 1021
5 1025
1 1026
3 1027
2 1028
2 1030
2 1031
1 1034
2 1035
3 1036
1 1037
1 1038
2 1039
2 1040
2 1041
5 1042
3 1044
1 1045
1 1046
3 1047
1 1048
1 1049
3 1050
3 1051
2 1052
2 1053
4 1054
1 1056
3 1057
4 1058
4 1059
4 1060
5 1061
7 1062
3 1063
2 1065
5 1066
2 1067
4 1068
1 1069
2 1070
2 1071
7 1072
3 1073
3 1076
4 1077
6 1078
3 1079
2 1081
4 1082
4 1083
4 1084
1 1085
1 1086
2 1087
3 1088
3 1089
1 1090
3 1091
4 1092
4 1093
3 1094
6 1095
5 1096
3 1097
3 1098
2 1099
3 1100
5 1101
1 1102
6 1103
5 1104
3 1105
4 1106
4 1107
2 1108
2 1109
1 1110
2 1111
4 1112
4 1113
3 1114
1 1115
1 1116
5 1117
3 1118
5 1119
2 1120
5 1121
5 1122
1 1124
4 1125
5 1126
2 1127
3 1128
4 1129
1 1130
2 1132
3 1133
1 1134
2 1135
2 1136
2 1137
1 1139
1 1140
2 1143
4 1144
1 1145
2 1146
2 1147
4 1148
1 1149
1 1150
1 1151
3 1152
3 1155
3 1156
4 1157
4 1158
4 1159
5 1161
5 1162
3 1163
8 1164
3 1165
7 1166
6 1167
5 1168
5 1169
2 1170
6 1171
4 1172
5 1173
6 1174
5 1175
8 1176
4 1177
6 1178
9 1179
10 1180
6 1181
6 1182
12 1183
13 1184
15 1185
8 1186
8 1187
3 1188
12 1189
11 1190
6 1191
8 1192
10 1193
7 1194
7 1195
11 1196
5 1197
6 1198
7 1199
4 1200
3 1201
8 1202
7 1203
4 1204
7 1205
1 1206
5 1207
9 1208
5 1209
4 1210
2 1211
5 1212
4 1213
5 1214
3 1215
6 1216
5 1217
3 1218
2 1219
2 1220
7 1221
3 1222
3 1223
1 1224
6 1225
2 1227
1 1228
2 1229
6 1230
2 1231
1 1232
2 1233
2 1234
3 1235
2 1236
2 1237
5 1238
2 1239
4 1240
1 1241
1 1242
2 1243
2 1244
3 1245
4 1246
2 1247
3 1248
3 1249
2 1250
3 1251
3 1252
2 1253
4 1254
4 1255
3 1256
3 1257
6 1258
2 1259
3 1260
3 1261
7 1262
3 1263
5 1264
9 1265
8 1266
6 1267
5 1268
6 1269
6 1270
6 1271
3 1272
13 1273
10 1274
13 1275
7 1276
16 1277
11 1278
5 1279
17 1280
6 1281
15 1282
19 1283
11 1284
11 1285
14 1286
15 1287
17 1288
15 1289
8 1290
10 1291
17 1292
16 1293
12 1294
11 1295
15 1296
17 1297
13 1298
12 1299
15 1300
11 1301
10 1302
14 1303
16 1304
15 1305
9 1306
13 1307
9 1308
3 1309
5 1310
8 1311
6 1312
7 1313
10 1314
9 1315
8 1316
7 1317
9 1318
5 1319
9 1320
8 1321
8 1322
9 1323
8 1324
3 1325
4 1326
10 1327
9 1328
4 1329
4 1330
3 1331
4 1332
7 1333
6 1334
7 1335
6 1336
4 1337
3 1338
7 1339
6 1340
4 1341
3 1342
3 1343
3 1344
4 1345
4 1346
2 1347
4 1348
4 1349
3 1350
3 1351
4 1352
4 1353
1 1354
2 1355
1 1356
1 1357
2 1359
2 1360
1 1361
2 1362
2 1363
3 1364
1 1365
1 1366
2 1367
2 1368
4 1369
3 1370
5 1371
6 1372
3 1373
1 1374
1 1375
4 1376
2 1377
5 1378
5 1379
5 1380
4 1382
4 1383
4 1384
1 1385
5 1386
7 1387
6 1388
2 1389
10 1390
4 1391
6 1392
5 1393
5 1394
5 1395
3 1396
7 1397
4 1398
5 1399
4 1400
3 1401
5 1402
2 1403
7 1404
2 1405
5 1406
8 1407
5 1408
9 1409
8 1410
8 1411
6 1412
5 1413
12 1414
7 1415
10 1416
11 1417
7 1418
14 1419
15 1420
11 1421
8 1422
11 1423
7 1424
10 1425
13 1426
7 1427
11 1428
6 1429
7 1430
9 1431
9 1432
10 1433
11 1434
9 1435
14 1436
8 1437
16 1438
10 1439
7 1440
11 1441
7 1442
7 1443
6 1444
8 1445
4 1447
9 1448
7 1449
6 1450
4 1451
8 1452
3 1453
9 1454
7 1455
8 1456
6 1457
1 1458
8 1460
5 1461
7 1462
6 1463
6 1464
8 1465
8 1466
7 1467
4 1468
10 1469
6 1470
9 1471
2 1472
6 1473
2 1474
9 1475
6 1476
3 1477
5 1478
6 1479
10 1480
11 1481
10 1482
9 1483
16 1484
10 1485
9 1486
9 1487
15 1488
12 1489
7 1490
10 1491
9 1492
7 1493
7 1494
15 1495
15 1496
15 1497
16 1498
14 1499
13 1500
17 1501
14 1502
16 1503
20 1504
30 1505
16 1506
28 1507
20 1508
33 1509
23 1510
30 1511
27 1512
28 1513
33 1514
29 1515
29 1516
41 1517
31 1518
30 1519
42 1520
42 1521
45 1522
40 1523
44 1524
40 1525
41 1526
56 1527
49 1528
38 1529
35 1530
52 1531
49 1532
51 1533
55 1534
35 1535
45 1536
36 1537
35 1538
33 1539
23 1540
33 1541
24 1542
30 1543
30 1544
29 1545
31 1546
27 1547
31 1548
21 1549
17 1550
18 1551
12 1552
19 1553
21 1554
17 1555
9 1556
14 1557
10 1558
8 1559
7 1560
11 1561
2 1562
10 1563
9 1564
10 1565
4 1566
7 1567
3 1568
4 1569
5 1570
3 1571
2 1572
5 1573
1 1574
2 1575
2 1576
2 1577
3 1578
4 1579
1 1580
3 1581
1 1582
1 1583
2 1584
2 1585
1 1586
2 1587
2 1588
1 1589
2 1590
1 1591
2 1592
2 1593
4 1594
1 1595
2 1597
3 1598
1 1599
1 1601
1 1603
1 1605
1 1606
2 1607
2 1608
4 1609
6 1610
1 1611
2 1612
3 1613
4 1614
2 1615
2 1616
1 1617
3 1618
3 1619
4 1620
2 1621
3 1622
1 1623
4 1624
5 1625
4 1626
4 1627
5 1628
6 1629
6 1630
2 1631
4 1632
6 1633
5 1634
5 1635
3 1636
4 1637
3 1638
6 1639
4 1640
4 1641
3 1642
6 1643
3 1644
2 1645
8 1646
3 1647
4 1648
2 1649
2 1650
1 1651
4 1652
1 1653
7 1654
4 1655
1 1656
1 1657
2 1659
2 1660
4 1661
2 1662
5 1663
1 1664
2 1665
1 1666
1 1667
1 1668
1 1670
1 1672
1 1673
1 1674
1 1675
1 1676
1 1679
2 1682
1 1683
1 1686
2 1687
1 1690
2 1693
1 1695
1 1696
1 1697
1 1698
1 1700
1 1703
1 1706
2 1710
2 1713
1 1714
2 1715
1 1718
1 1719
1 1722
1 1723
2 1724
3 1725
1 1726
2 1727
1 1730
1 1732
3 1734
2 1735
2 1737
1 1738
1 1739
1 1740
3 1741
2 1742
1 1743
2 1745
1 1746
1 1748
1 1749
1 1750
2 1751
2 1752
2 1753
2 1754
2 1756
1 1758
4 1759
2 1760
3 1761
6 1763
1 1764
3 1765
4 1767
1 1768
7 1769
1 1770
3 1771
5 1772
2 1773
1 1774
6 1775
3 1776
1 1777
3 1778
2 1779
2 1781
2 1782
1 1783
2 1784
1 1785
3 1787
2 1789
1 1790
3 1792
2 1793
4 1794
1 1795
4 1797
4 1799
1 1800
1 1801
3 1802
2 1803
3 1804
2 1806
1 1807
1 1808
1 1809
2 1810
1 1811
3 1812
1 1813
2 1814
1 1816
3 1817
1 1818
1 1819
1 1821
1 1822
3 1823
4 1825
2 1826
1 1828
3 1829
2 1830
3 1831
2 1832
2 1833
1 1834
2 1835
3 1836
1 1837
1 1838
1 1839
3 1840
1 1841
3 1842
7 1843
4 1844
4 1845
4 1846
3 1847
1 1848
3 1849
5 1850
2 1851
5 1852
2 1853
4 1854
1 1855
3 1856
5 1857
4 1858
4 1859
2 1860
6 1861
12 1862
7 1863
1 1864
9 1865
8 1866
15 1867
3 1868
7 1869
8 1870
8 1871
7 1872
7 1873
10 1874
7 1875
11 1876
9 1877
5 1878
8 1879
4 1880
10 1881
4 1882
11 1883
12 1884
11 1885
11 1886
6 1887
12 1888
11 1889
18 1890
6 1891
11 1892
7 1893
13 1894
4 1895
8 1896
8 1897
7 1898
12 1899
8 1900
6 1901
6 1902
7 1903
4 1904
6 1905
11 1906
8 1907
2 1908
4 1909
4 1910
4 1911
3 1912
6 1913
4 1914
4 1915
1 1916
4 1917
2 1918
1 1919
2 1920
1 1921
3 1922
3 1923
2 1924
2 1925
3 1926
1 1927
1 1929
1 1930
3 1931
3 1932
2 1933
2 1934
2 1935
1 1936
2 1937
1 1938
2 1942
1 1943
1 1944
1 1946
3 1947
1 1948
2 1949
2 1950
3 1951
2 1953
1 1956
4 1957
2 1958
1 1959
2 1960
2 1961
1 1962
3 1963
1 1964
2 1965
3 1966
1 1967
1 1968
1 1969
2 1970
1 1972
2 1974
3 1975
1 1976
2 1977
1 1978
2 1979
1 1981
3 1982
2 1983
1 1984
3 1985
3 1986
1 1988
2 1989
1 1991
2 1992
1 1993
1 1995
1 1997
1 2001
1 2003
1 2008
1 2010
1 2012
2 2015
2 2017
2 2019
2 2020
1 2021
1 2024
1 2025
1 2027
1 2029
2 2031
1 2034
1 2035
3 2036
1 2038
1 2039
1 2042
2 2043
2 2044
2 2045
1 2047
1 2048
2 2052
1 2053
1 2057
1 2062
1 2065
2 2066
1 2069
1 2072
2 2074
1 2082
1 2084
1 2086
1 2089
2 2090
1 2095
2 2100
1 2103
1 2112
1 2116
1 2119
1 2121
1 2123
1 2124
1 2127
1 2128
1 2132
1 2142
1 2149
1 2150
1 2156
1 2161
1 2162
1 2163
2 2165
1 2171
1 2172
2 2176
3 2177
2 2180
1 2181
1 2182
1 2185
1 2189
1 2194
1 2195
1 2196
1 2199
1 2200
1 2201
2 2202
2 2203
1 2204
1 2207
1 2208
1 2210
2 2212
1 2214
1 2215
1 2217
3 2218
1 2221
1 2222
1 2228
2 2229
1 2231
1 2233
1 2235
1 2236
1 2239
1 2242
1 2243
3 2244
1 2245
1 2247
1 2248
2 2249
1 2250
1 2251
2 2255
1 2256
3 2258
1 2259
3 2260
4 2263
1 2264
5 2265
1 2267
1 2269
1 2270
2 2271
1 2272
2 2273
1 2274
1 2276
4 2277
3 2278
3 2279
4 2280
2 2282
1 2283
2 2284
1 2286
2 2287
2 2288
2 2289
1 2290
2 2291
2 2292
1 2293
2 2294
4 2295
1 2296
2 2297
2 2298
2 2299
4 2300
2 2301
2 2302
4 2303
3 2306
4 2307
7 2308
4 2309
3 2310
3 2311
1 2312
1 2313
1 2314
5 2316
1 2317
2 2318
4 2319
1 2321
4 2322
2 2323
2 2324
3 2325
2 2326
4 2328
1 2330
1 2332
1 2333
2 2334
3 2335
3 2336
2 2337
1 2339
3 2341
2 2342
4 2343
4 2344
2 2345
1 2347
3 2348
2 2349
3 2350
2 2351
1 2352
3 2353
3 2354
4 2355
1 2356
3 2357
2 2358
3 2359
2 2360
3 2361
3 2362
2 2364
4 2365
3 2366
3 2367
3 2368
3 2369
6 2370
2 2371
4 2372
3 2373
5 2374
5 2375
2 2376
4 2377
2 2378
8 2379
9 2380
5 2381
7 2382
8 2383
3 2384
11 2385
4 2386
8 2387
5 2388
5 2389
8 2390
4 2391
6 2392
9 2393
6 2394
8 2395
7 2396
9 2397
6 2398
12 2399
6 2400
7 2401
4 2402
9 2403
4 2404
10 2405
9 2406
13 2407
6 2408
12 2409
5 2410
4 2411
5 2412
7 2413
6 2414
12 2415
5 2416
7 2417
11 2418
7 2419
5 2420
4 2421
5 2422
3 2423
1 2424
3 2425
2 2427
3 2429
3 2430
2 2431
3 2432
2 2433
1 2434
1 2435
2 2436
3 2437
4 2438
2 2439
1 2440
1 2441
1 2442
3 2444
2 2445
2 2446
1 2454
1 2455
1 2458
1 2460
1 2462
1 2466
1 2471
1 2473
1 2483
1 2487
1 2497
1 2502
1 2503
2 2506
1 2523
2 2527
2 2537
1 2539
1 2547
2 2555
1 2559
2 2574
1 2576
1 2578
1 2579
1 2582
1 2584
1 2614
1 2618
1 2619
1 2621
1 2627
1 2630
1 2633
1 2635
1 2636
2 2640
1 2643
4 2647
1 2648
1 2652
1 2653
1 2656
1 2658
1 2661
2 2662
1 2664
1 2666
1 2671
1 2681
1 2687
1 2688
1 2691
2 2693
3 2694
1 2695
1 2699
2 2703
2 2705
1 2706
1 2709
2 2715
1 2719
1 2722
1 2724
1 2725
2 2730
1 2732
1 2736
1 2738
1 2739
1 2743
1 2755
1 2760
2 2765
1 2767
1 2768
1 2769
1 2770
1 2775
1 2778
1 2779
1 2785
2 2793
1 2794
1 2797
1 2802
1 2803
1 2807
1 2808
1 2809
2 2811
1 2814
1 2818
1 2819
1 2821
1 2822
4 2825
1 2827
2 2829
2 2830
1 2833
1 2834
1 2835
2 2838
1 2842
1 2843
1 2844
1 2845
1 2846
1 2849
1 2851
1 2853
2 2854
1 2856
1 2858
2 2860
1 2861
1 2863
1 2864
3 2865
1 2866
3 2868
1 2869
1 2872
2 2875
2 2876
1 2879
4 2880
1 2883
2 2884
1 2885
2 2886
1 2887
3 2889
5 2890
1 2891
1 2892
1 2893
2 2894
2 2895
2 2896
1 2897
2 2898
1 2899
3 2901
3 2903
2 2904
2 2905
2 2906
3 2907
2 2908
2 2909
4 2910
3 2911
3 2912
3 2913
1 2915
2 2916
5 2917
6 2918
6 2919
3 2920
4 2921
5 2922
4 2923
2 2924
1 2925
1 2926
3 2927
5 2928
2 2929
6 2930
3 2931
6 2932
5 2933
3 2934
2 2935
4 2936
6 2937
4 2938
2 2939
4 2940
3 2941
5 2942
9 2943
7 2944
3 2945
7 2946
5 2947
1 2948
8 2949
2 2950
5 2951
4 2952
5 2953
9 2954
6 2955
5 2956
7 2957
3 2958
6 2959
4 2960
2 2961
2 2962
1 2963
1 2964
2 2965
1 2966
4 2967
2 2968
4 2969
4 2970
3 2971
1 2972
3 2973
1 2975
2 2977
1 2978
3 2979
2 2980
1 2981
1 2982
3 2983
1 2984
1 2985
1 2986
1 2988
1 2994
2 2996
1 2997
1 2998
1 2999
1 3001
1 3002
1 3003
1 3013
1 3017
1 3029
1 3032
3 3038
1 3059
1 3067
1 3085
1 3097
1 3133
1 3146
1 3150
1 3153
1 3159
1 3182
1 3189
1 3200
1 3211
1 3237
1 3247
1 3266
1 3292
1 3293
1 3299
1 3302
1 3314
1 3317
1 3335
1 3339
2 3347
1 3367
1 3388
1 3400
1 3417
1 3436
1 3437
1 3455
1 3457
1 3471
1 3476
1 3477
1 3478
1 3485
1 3495
1 3496
1 3506
1 3509
1 3517
2 3518
1 3519
1 3525
1 3526
1 3531
2 3532
1 3534
1 3535
1 3536
1 3537
3 3538
1 3539
1 3541
1 3545
1 3546
1 3548
1 3549
1 3554
2 3556
1 3557
1 3559
1 3560
2 3563
1 3564
1 3572
1 3574
1 3575
1 3576
1 3577
1 3583
1 3591
1 3597
1 3609
1 3641
1 3715
1 3738
1 3751
1 3755
1 3871
1 3948
1 4003
1 4062
1 4105
1 4108
1 4110
1 4128
1 4137
1 4144
1 4147
1 4272
1 4310
1 4313
1 4318
1 4749
1 4989
1 5597
1 5857
