1 4
1 6
1 11
1 12
1 17
1 18
2 21
1 23
1 24
1 27
4 29
3 30
3 31
1 38
1 40
1 44
1 45
1 46
1 48
1 49
2 51
1 52
1 53
2 54
1 57
1 60
2 62
1 65
2 66
2 67
1 68
1 69
1 70
1 71
1 72
1 73
1 74
2 75
2 77
2 78
3 79
3 80
1 81
1 84
1 85
2 86
3 88
2 89
6 90
1 91
3 92
2 96
1 97
2 98
4 99
3 101
4 102
3 103
5 104
8 105
1 106
2 107
4 108
2 109
1 110
5 111
1 112
6 113
4 114
3 115
5 116
5 117
5 118
1 120
2 121
5 122
5 123
1 124
1 125
4 126
1 127
3 128
1 129
1 130
3 131
3 132
2 133
7 134
3 135
8 136
5 138
2 139
5 140
4 141
4 142
1 143
3 144
3 145
2 146
7 147
5 148
3 149
2 150
2 151
3 152
4 153
2 154
1 155
4 156
3 158
2 159
2 160
2 161
2 162
1 163
2 164
3 165
2 166
4 167
3 168
3 169
1 170
3 171
4 172
3 173
3 174
5 175
3 176
3 177
1 178
5 179
3 180
3 181
3 182
7 183
5 184
1 185
3 186
5 187
6 188
2 189
2 191
3 192
3 193
4 194
2 196
5 197
2 198
1 199
5 200
8 201
2 202
5 203
3 204
6 205
1 206
4 207
2 208
3 209
6 210
4 211
3 212
3 213
2 214
2 215
10 216
6 217
3 218
2 219
2 220
1 221
2 222
2 223
2 224
2 225
8 226
6 227
5 228
1 229
1 230
6 231
2 232
3 233
2 234
3 235
2 236
4 237
4 238
4 239
10 240
3 241
2 242
2 243
4 244
5 245
3 246
6 247
2 248
4 249
8 250
1 251
4 252
3 253
5 254
1 255
3 256
4 257
2 259
4 260
4 261
5 262
5 263
6 264
10 265
4 266
1 267
5 268
10 269
8 270
1 271
10 272
6 273
4 274
6 275
4 276
6 277
8 278
2 279
2 280
6 281
1 282
3 283
5 284
2 285
4 286
5 287
5 288
6 289
5 290
3 291
7 292
10 293
3 294
8 295
6 296
6 297
3 298
7 299
9 300
9 301
12 302
16 303
6 304
15 305
19 306
13 307
12 308
7 309
16 310
9 311
8 312
11 313
7 314
9 315
8 316
7 317
11 318
10 319
16 320
17 321
7 322
11 323
7 324
5 325
10 326
5 327
5 328
7 329
8 330
8 331
5 332
5 333
6 334
6 335
5 336
2 337
7 338
10 339
8 340
7 341
8 342
6 343
4 344
5 345
5 346
11 347
8 348
5 349
12 350
8 351
8 352
7 353
4 354
7 355
7 356
10 357
8 358
14 359
10 360
10 361
8 362
12 363
17 364
11 365
19 366
23 367
10 368
18 369
19 370
12 371
7 372
16 373
8 374
8 375
13 376
8 377
10 378
13 379
16 380
7 381
11 382
12 383
14 384
15 385
11 386
18 387
11 388
18 389
16 390
18 391
17 392
24 393
17 394
14 395
27 396
25 397
12 398
13 399
16 400
28 401
15 402
22 403
17 404
11 405
12 406
13 407
6 408
14 409
13 410
12 411
9 412
8 413
9 414
9 415
7 416
4 417
9 418
5 419
3 420
6 421
7 422
12 423
5 424
6 425
2 426
2 427
4 428
6 429
7 430
10 431
7 432
7 433
8 434
3 435
6 436
6 437
10 438
6 439
8 440
5 441
9 442
5 443
3 444
7 445
3 446
4 447
2 448
6 449
6 450
5 451
8 452
8 453
8 454
6 455
3 456
7 457
4 458
5 459
5 460
4 461
9 462
6 463
4 464
3 465
11 466
4 467
9 468
9 469
5 470
3 471
5 472
9 473
6 474
4 475
15 476
5 477
9 478
8 479
8 480
5 481
6 482
12 483
9 484
9 485
8 486
5 487
2 488
7 489
5 490
3 491
7 492
6 493
8 494
8 495
8 496
11 497
10 498
7 499
7 500
7 501
13 502
10 503
11 504
10 505
19 506
9 507
14 508
16 509
6 510
11 511
10 512
8 513
4 514
7 515
7 516
14 517
9 518
9 519
8 520
5 521
11 522
12 523
23 524
15 525
21 526
20 527
19 528
14 529
20 530
18 531
21 532
20 533
26 534
17 535
20 536
20 537
28 538
37 539
40 540
33 541
26 542
41 543
40 544
48 545
44 546
37 547
42 548
30 549
34 550
38 551
31 552
26 553
32 554
28 555
24 556
19 557
28 558
22 559
30 560
20 561
18 562
17 563
20 564
14 565
21 566
18 567
21 568
21 569
11 570
11 571
20 572
16 573
13 574
11 575
16 576
9 577
17 578
18 579
13 580
13 581
11 582
17 583
15 584
12 585
15 586
17 587
6 588
18 589
14 590
10 591
13 592
17 593
18 594
16 595
14 596
20 597
20 598
15 599
16 600
14 601
21 602
19 603
21 604
16 605
9 606
16 607
25 608
16 609
21 610
22 611
23 612
24 613
30 614
34 615
38 616
37 617
33 618
40 619
44 620
34 621
39 622
55 623
51 624
51 625
54 626
45 627
42 628
48 629
31 630
62 631
47 632
44 633
46 634
62 635
49 636
55 637
45 638
50 639
42 640
47 641
44 642
58 643
45 644
37 645
31 646
25 647
24 648
30 649
25 650
31 651
33 652
28 653
38 654
31 655
27 656
29 657
25 658
40 659
29 660
33 661
36 662
22 663
31 664
32 665
32 666
35 667
34 668
41 669
53 670
52 671
48 672
50 673
60 674
67 675
47 676
94 677
82 678
73 679
98 680
86 681
108 682
116 683
125 684
157 685
162 686
170 687
166 688
164 689
196 690
184 691
211 692
190 693
212 694
206 695
204 696
196 697
199 698
201 699
188 700
169 701
145 702
159 703
129 704
111 705
97 706
95 707
84 708
69 709
61 710
70 711
51 712
47 713
46 714
40 715
19 716
41 717
18 718
23 719
22 720
18 721
14 722
24 723
20 724
23 725
29 726
27 727
27 728
20 729
24 730
21 731
35 732
34 733
32 734
28 735
33 736
42 737
53 738
54 739
51 740
53 741
56 742
52 743
71 744
63 745
54 746
87 747
82 748
79 749
82 750
91 751
113 752
125 753
128 754
125 755
137 756
148 757
157 758
144 759
168 760
159 761
176 762
184 763
170 764
207 765
155 766
155 767
186 768
162 769
143 770
104 771
118 772
116 773
103 774
93 775
75 776
93 777
72 778
44 779
52 780
53 781
39 782
33 783
32 784
32 785
27 786
20 787
12 788
25 789
28 790
16 791
12 792
13 793
13 794
13 795
13 796
17 797
13 798
15 799
9 800
2 801
11 802
14 803
18 804
14 805
14 806
9 807
15 808
13 809
17 810
13 811
7 812
16 813
11 814
5 815
15 816
16 817
9 818
9 819
18 820
15 821
10 822
14 823
18 824
15 825
10 826
10 827
15 828
15 829
6 830
12 831
12 832
13 833
13 834
14 835
9 836
11 837
16 838
12 839
15 840
12 841
8 842
16 843
13 844
7 845
11 846
11 847
13 848
10 849
16 850
8 851
11 852
13 853
9 854
10 855
18 856
14 857
9 858
13 859
14 860
17 861
12 862
17 863
13 864
20 865
16 866
8 867
14 868
13 869
17 870
21 871
17 872
8 873
17 874
16 875
17 876
15 877
16 878
15 879
26 880
13 881
19 882
12 883
23 884
20 885
25 886
17 887
22 888
20 889
19 890
27 891
30 892
22 893
18 894
34 895
30 896
28 897
30 898
38 899
31 900
36 901
29 902
32 903
31 904
40 905
35 906
47 907
41 908
40 909
48 910
39 911
49 912
44 913
49 914
45 915
37 916
57 917
57 918
55 919
55 920
73 921
65 922
64 923
62 924
71 925
99 926
95 927
92 928
100 929
90 930
99 931
109 932
114 933
121 934
122 935
147 936
123 937
117 938
133 939
147 940
139 941
160 942
169 943
152 944
137 945
171 946
189 947
180 948
188 949
169 950
215 951
231 952
217 953
247 954
219 955
291 956
298 957
299 958
336 959
334 960
346 961
318 962
336 963
360 964
317 965
327 966
357 967
340 968
356 969
327 970
332 971
303 972
297 973
257 974
281 975
230 976
228 977
202 978
193 979
132 980
177 981
114 982
91 983
117 984
93 985
74 986
67 987
68 988
40 989
31 990
37 991
32 992
28 993
24 994
18 995
10 996
16 997
16 998
12 999
15 1000
5 1001
5 1002
5 1003
1 1004
2 1005
2 1006
1 1007
3 1008
1 1009
4 1010
4 1011
2 1012
2 1013
2 1014
1 1015
2 1016
4 1017
3 1018
3 1019
3 1020
4 1021
3 1022
2 1023
3 1024
3 1026
6 1027
5 1028
4 1029
6 1030
4 1031
1 1033
5 1034
1 1035
4 1036
4 1037
3 1039
2 1040
3 1042
2 1043
5 1044
1 1045
2 1047
4 1048
1 1049
1 1050
2 1051
2 1052
3 1053
1 1054
1 1055
3 1056
1 1057
2 1058
1 1060
1 1062
2 1063
5 1065
2 1067
2 1068
3 1069
3 1070
1 1071
2 1072
1 1073
2 1074
2 1075
3 1076
2 1077
2 1078
5 1079
1 1080
3 1083
4 1084
2 1085
5 1086
1 1087
2 1088
6 1089
1 1091
2 1092
6 1093
4 1094
3 1095
3 1096
3 1097
3 1098
4 1099
3 1100
1 1101
5 1102
3 1103
4 1104
4 1105
6 1106
7 1107
4 1108
3 1109
5 1110
4 1111
1 1112
3 1113
8 1114
1 1115
5 1116
5 1117
3 1118
2 1119
6 1120
7 1121
4 1122
2 1123
5 1124
4 1125
7 1126
5 1127
6 1128
6 1129
4 1130
5 1131
8 1132
10 1133
5 1134
3 1135
8 1136
10 1137
11 1138
16 1139
7 1140
18 1141
11 1142
6 1143
10 1144
13 1145
11 1146
15 1147
8 1148
13 1149
14 1150
10 1151
12 1152
14 1153
11 1154
14 1155
19 1156
15 1157
18 1158
13 1159
15 1160
19 1161
16 1162
17 1163
9 1164
10 1165
15 1166
7 1167
10 1168
15 1169
6 1170
8 1171
5 1172
10 1173
7 1174
4 1175
8 1176
2 1177
4 1178
7 1179
9 1180
6 1181
6 1182
5 1183
2 1184
1 1185
4 1186
2 1187
1 1188
2 1190
2 1191
3 1192
1 1193
1 1194
3 1195
2 1196
1 1197
3 1198
1 1199
3 1200
3 1201
2 1202
2 1203
1 1204
2 1205
1 1206
2 1207
3 1208
1 1209
6 1210
2 1211
1 1212
2 1214
6 1215
1 1216
2 1217
2 1219
2 1220
1 1221
2 1222
3 1223
1 1225
3 1226
1 1227
2 1228
7 1229
2 1230
3 1231
4 1232
2 1233
2 1234
5 1235
7 1236
3 1237
4 1238
5 1239
5 1240
4 1241
6 1242
7 1243
7 1244
2 1245
6 1246
8 1247
3 1248
3 1249
2 1250
2 1251
4 1252
3 1253
3 1254
4 1255
5 1256
6 1257
6 1258
7 1259
4 1260
5 1261
2 1262
12 1263
10 1264
5 1265
4 1266
7 1267
8 1268
6 1269
5 1270
3 1271
3 1272
4 1273
5 1274
6 1275
3 1276
3 1277
6 1278
5 1279
3 1280
2 1281
2 1282
1 1283
4 1284
4 1285
5 1286
6 1287
6 1288
2 1289
2 1290
5 1291
2 1292
3 1293
6 1294
3 1295
7 1296
2 1297
2 1298
5 1299
4 1300
2 1301
3 1302
2 1303
5 1304
5 1305
5 1306
1 1307
9 1308
2 1309
6 1310
3 1311
4 1312
7 1313
4 1314
7 1315
8 1316
5 1317
2 1318
1 1319
8 1320
4 1321
5 1322
4 1323
4 1324
10 1325
2 1326
4 1327
3 1328
6 1329
7 1330
6 1331
5 1332
6 1333
5 1334
1 1335
8 1336
3 1337
3 1338
8 1339
7 1340
6 1341
9 1342
4 1343
5 1344
7 1345
7 1346
2 1347
5 1348
6 1349
8 1350
8 1351
6 1352
5 1353
2 1354
5 1355
12 1356
8 1357
5 1358
12 1359
6 1360
7 1361
7 1362
8 1363
6 1364
7 1365
11 1366
7 1367
5 1368
9 1369
10 1370
9 1371
8 1372
5 1373
6 1374
5 1375
9 1376
5 1377
2 1378
12 1379
13 1380
11 1381
11 1382
4 1383
12 1384
10 1385
17 1386
12 1387
9 1388
8 1389
11 1390
13 1391
14 1392
16 1393
17 1394
10 1395
12 1396
10 1397
11 1398
20 1399
25 1400
15 1401
22 1402
21 1403
19 1404
28 1405
14 1406
33 1407
39 1408
33 1409
40 1410
41 1411
48 1412
52 1413
47 1414
45 1415
51 1416
40 1417
46 1418
47 1419
70 1420
51 1421
69 1422
62 1423
59 1424
59 1425
65 1426
77 1427
71 1428
68 1429
66 1430
76 1431
76 1432
83 1433
67 1434
74 1435
70 1436
65 1437
64 1438
61 1439
51 1440
58 1441
44 1442
39 1443
48 1444
42 1445
43 1446
36 1447
39 1448
22 1449
24 1450
20 1451
21 1452
19 1453
21 1454
23 1455
20 1456
14 1457
17 1458
18 1459
22 1460
14 1461
12 1462
12 1463
16 1464
10 1465
14 1466
5 1467
17 1468
19 1469
20 1470
12 1471
14 1472
11 1473
13 1474
23 1475
18 1476
19 1477
23 1478
16 1479
20 1480
18 1481
21 1482
21 1483
25 1484
24 1485
29 1486
26 1487
23 1488
29 1489
38 1490
29 1491
27 1492
30 1493
29 1494
27 1495
28 1496
32 1497
33 1498
27 1499
37 1500
36 1501
34 1502
31 1503
24 1504
29 1505
36 1506
27 1507
31 1508
28 1509
24 1510
23 1511
20 1512
24 1513
24 1514
24 1515
20 1516
20 1517
16 1518
21 1519
25 1520
14 1521
7 1522
12 1523
8 1524
9 1525
6 1526
10 1527
8 1528
10 1529
7 1530
5 1531
8 1532
10 1533
5 1534
7 1535
6 1536
4 1537
3 1538
1 1539
5 1540
2 1541
4 1542
1 1543
9 1544
2 1545
1 1546
1 1548
1 1549
1 1550
1 1551
1 1553
1 1554
1 1555
2 1556
1 1557
3 1558
4 1560
2 1563
4 1564
3 1566
2 1568
4 1570
2 1571
1 1572
1 1573
3 1574
2 1576
1 1577
1 1578
4 1579
2 1580
1 1581
2 1584
1 1586
3 1587
3 1588
2 1589
4 1590
2 1592
2 1593
1 1594
2 1596
6 1598
1 1599
5 1600
2 1601
2 1602
3 1603
1 1604
3 1606
1 1607
2 1610
4 1611
1 1612
2 1613
4 1614
3 1615
3 1616
4 1617
3 1618
3 1619
2 1620
3 1621
3 1622
4 1623
1 1624
2 1625
1 1626
3 1627
1 1628
1 1629
1 1630
1 1631
1 1632
1 1633
2 1634
1 1635
1 1636
2 1638
1 1640
1 1641
1 1644
1 1645
1 1646
1 1647
2 1649
1 1650
1 1651
2 1652
1 1654
1 1655
1 1657
1 1659
1 1662
1 1665
1 1667
1 1669
3 1670
1 1671
1 1673
2 1675
1 1676
2 1677
2 1678
2 1683
1 1685
1 1686
1 1690
1 1692
1 1693
1 1694
2 1699
1 1701
1 1705
2 1709
2 1710
1 1711
2 1714
1 1715
2 1716
1 1719
1 1721
1 1722
1 1725
1 1727
2 1728
1 1730
1 1731
1 1732
1 1733
3 1734
2 1736
1 1737
1 1740
2 1743
3 1745
1 1747
2 1750
1 1751
1 1754
1 1755
1 1759
1 1761
2 1762
1 1763
1 1766
2 1767
1 1768
2 1775
1 1779
1 1780
1 1781
1 1783
1 1787
2 1788
2 1790
1 1794
1 1795
1 1797
1 1798
1 1799
1 1800
1 1801
2 1804
2 1805
1 1807
1 1809
2 1810
2 1811
1 1816
1 1819
1 1820
1 1823
1 1825
2 1827
2 1830
1 1832
1 1833
1 1837
1 1838
1 1840
3 1843
1 1846
1 1847
1 1848
2 1850
1 1852
3 1853
1 1854
2 1858
1 1860
2 1861
1 1862
1 1865
1 1866
1 1867
2 1870
2 1872
1 1873
1 1874
1 1876
1 1879
1 1882
3 1883
1 1887
1 1888
1 1891
2 1892
1 1894
1 1895
1 1896
1 1897
1 1899
2 1902
3 1903
1 1905
1 1907
1 1908
1 1909
1 1911
1 1912
1 1914
1 1915
3 1916
2 1917
1 1919
2 1921
2 1922
1 1923
1 1924
1 1928
1 1930
2 1931
1 1935
1 1938
1 1942
2 1943
1 1944
1 1946
1 1949
1 1951
2 1953
1 1954
1 1956
1 1957
2 1958
1 1964
1 1965
3 1968
3 1969
2 1973
1 1974
1 1978
4 1979
1 1980
1 1982
1 1983
1 1984
1 1986
3 1987
1 1988
1 1989
1 1990
1 1991
2 1993
2 1994
1 1995
1 1996
1 1997
1 1998
1 1999
1 2000
1 2001
3 2002
3 2003
2 2008
2 2009
2 2014
1 2015
1 2017
1 2018
1 2024
1 2025
3 2028
2 2032
1 2034
2 2037
1 2039
1 2041
1 2046
1 2047
2 2048
1 2050
4 2051
1 2053
2 2056
2 2057
1 2058
2 2060
1 2062
2 2064
2 2066
1 2067
2 2068
2 2070
2 2072
1 2073
1 2074
1 2076
1 2077
1 2078
1 2079
4 2081
2 2082
1 2084
1 2085
1 2086
3 2087
1 2088
4 2089
4 2091
1 2092
2 2093
2 2096
3 2097
1 2098
1 2099
3 2101
3 2102
1 2103
3 2104
1 2105
1 2107
1 2109
1 2110
3 2114
2 2115
1 2117
1 2118
2 2119
1 2120
1 2121
2 2122
1 2123
2 2126
5 2127
3 2129
1 2130
4 2131
1 2132
2 2133
1 2134
1 2136
3 2137
6 2138
4 2140
3 2141
2 2142
4 2143
2 2144
4 2145
2 2147
2 2148
1 2149
2 2150
5 2151
3 2152
4 2153
1 2154
5 2155
1 2156
5 2157
3 2158
1 2159
2 2160
1 2161
1 2164
6 2165
5 2166
5 2167
1 2168
3 2169
4 2170
5 2171
4 2172
2 2173
6 2174
4 2175
3 2176
4 2177
2 2178
8 2179
1 2180
2 2181
4 2182
2 2183
2 2184
4 2185
5 2186
8 2187
3 2188
7 2189
5 2190
8 2191
2 2192
7 2193
2 2194
6 2195
6 2196
3 2197
2 2198
7 2199
5 2200
9 2201
7 2202
12 2203
3 2204
6 2205
10 2206
6 2207
5 2208
12 2209
11 2210
10 2211
14 2212
10 2213
13 2214
10 2215
11 2216
8 2217
10 2218
9 2219
10 2220
9 2221
13 2222
6 2223
16 2224
11 2225
11 2226
13 2227
10 2228
13 2229
14 2230
13 2231
12 2232
16 2233
11 2234
12 2235
7 2236
24 2237
11 2238
17 2239
14 2240
22 2241
15 2242
13 2243
17 2244
14 2245
16 2246
20 2247
19 2248
16 2249
18 2250
23 2251
23 2252
23 2253
20 2254
28 2255
29 2256
26 2257
26 2258
22 2259
30 2260
24 2261
27 2262
24 2263
25 2264
24 2265
26 2266
29 2267
25 2268
30 2269
31 2270
39 2271
24 2272
30 2273
19 2274
17 2275
25 2276
15 2277
25 2278
23 2279
22 2280
21 2281
16 2282
21 2283
16 2284
16 2285
9 2286
13 2287
14 2288
16 2289
20 2290
15 2291
14 2292
11 2293
12 2294
13 2295
9 2296
12 2297
11 2298
7 2299
5 2300
7 2301
8 2302
3 2303
7 2304
7 2305
2 2306
4 2307
1 2308
1 2309
3 2310
2 2311
6 2312
4 2313
3 2314
3 2315
2 2317
3 2319
3 2321
1 2322
6 2323
2 2324
1 2325
3 2327
3 2328
2 2331
2 2333
3 2334
2 2335
1 2340
3 2341
1 2342
2 2344
1 2345
1 2346
3 2347
1 2348
1 2349
1 2350
1 2351
1 2353
1 2354
3 2355
1 2356
1 2357
2 2359
3 2360
2 2363
3 2364
3 2365
6 2366
2 2367
1 2369
1 2370
2 2371
2 2372
2 2373
3 2374
2 2375
2 2376
2 2378
4 2380
2 2381
3 2382
1 2383
2 2385
1 2388
2 2390
3 2391
3 2392
1 2395
1 2396
2 2397
1 2398
1 2399
1 2400
1 2402
2 2403
1 2405
1 2406
1 2408
1 2409
1 2410
1 2411
2 2413
1 2414
2 2416
1 2424
1 2428
2 2430
1 2438
1 2448
1 2453
1 2456
1 2458
2 2471
1 2476
1 2479
1 2489
1 2490
1 2493
1 2498
1 2501
1 2502
2 2503
1 2516
1 2524
1 2527
1 2528
1 2530
1 2533
1 2551
1 2559
1 2562
1 2590
1 2591
1 2592
1 2606
1 2607
1 2615
1 2625
1 2650
1 2652
1 2663
1 2665
1 2666
1 2671
1 2675
1 2690
2 2694
1 2699
1 2701
1 2720
1 2745
1 2771
1 2798
1 2809
1 2812
1 2841
1 2852
1 2894
1 2899
1 2992
1 3002
1 3034
2 3041
1 3055
1 3057
1 3081
1 3088
1 3090
1 3168
1 3223
1 3237
1 3531
1 3911
1 4023
1 4283
1 5029
