1 1
1 3
1 7
2 9
1 10
1 13
1 15
1 17
1 23
1 26
1 28
1 30
1 31
1 33
1 34
1 35
1 36
1 40
2 43
1 44
1 45
1 48
1 49
1 51
1 52
1 53
1 56
1 59
1 62
2 68
1 69
3 70
2 71
1 73
1 75
1 77
3 78
1 79
2 81
3 82
1 83
4 84
1 85
3 86
3 87
3 88
2 90
1 91
1 92
2 93
1 94
1 95
4 96
1 97
1 98
1 99
2 100
3 101
6 102
3 103
2 104
7 105
2 106
6 107
3 108
3 109
8 110
5 111
7 112
6 113
4 114
5 115
7 116
5 117
11 118
1 119
3 120
2 121
5 122
3 123
3 124
2 125
3 126
3 127
5 128
3 129
2 131
3 132
2 133
2 134
3 135
2 136
1 138
1 139
1 140
1 141
3 143
2 144
3 145
2 146
2 147
4 148
4 149
3 150
1 151
2 153
2 154
3 155
1 156
3 157
3 159
2 160
1 161
4 162
3 163
1 164
5 166
1 167
2 168
2 169
1 170
2 171
3 172
2 174
1 175
4 176
3 177
1 178
1 179
2 180
2 181
2 182
5 183
2 184
4 185
4 186
5 187
3 188
2 189
1 190
2 191
5 192
4 193
3 194
4 195
1 196
1 197
2 198
6 199
2 200
1 201
2 202
3 203
3 204
6 205
6 206
3 207
1 208
1 209
2 210
1 211
1 212
4 213
6 214
4 215
3 216
3 217
4 218
4 219
2 220
4 221
4 222
2 223
4 224
1 225
5 226
7 227
6 228
3 229
4 230
5 231
7 232
3 233
7 234
6 235
4 236
5 237
7 238
6 239
5 240
5 241
6 242
4 243
3 244
2 245
3 246
5 247
15 248
11 249
13 250
11 251
16 252
16 253
23 254
22 255
22 256
22 257
18 258
21 259
12 260
11 261
15 262
10 263
13 264
9 265
7 266
11 267
3 268
4 269
1 270
4 271
2 272
3 273
3 274
3 275
4 276
2 278
4 279
2 280
4 281
6 282
7 283
5 284
9 285
3 286
7 287
4 288
7 289
5 290
12 291
5 292
1 293
7 294
3 295
8 296
2 297
1 298
5 299
2 300
4 301
6 302
5 303
7 304
6 305
4 306
7 307
5 308
4 309
6 310
2 311
2 312
9 313
3 314
1 315
4 316
2 317
4 318
3 319
3 320
4 321
4 322
4 323
6 324
11 325
2 326
9 327
2 328
7 329
4 330
7 331
5 332
2 333
6 334
8 335
6 336
3 337
4 338
7 339
7 340
2 341
4 342
8 343
3 344
5 345
4 346
7 347
7 348
3 349
6 350
7 351
3 352
3 353
2 354
4 355
4 356
3 357
5 358
3 359
7 360
9 361
2 362
7 363
5 364
5 365
6 366
4 367
5 368
4 369
4 370
7 371
6 372
6 373
5 374
8 375
3 376
3 377
8 378
8 379
7 380
4 381
7 382
6 383
7 384
5 385
4 386
4 387
5 388
7 389
10 390
5 391
7 392
7 393
4 394
14 395
7 396
12 397
16 398
10 399
6 400
9 401
9 402
9 403
14 404
12 405
11 406
11 407
19 408
11 409
13 410
18 411
20 412
19 413
19 414
10 415
18 416
32 417
14 418
15 419
22 420
20 421
25 422
24 423
22 424
13 425
10 426
21 427
20 428
20 429
16 430
25 431
19 432
25 433
21 434
19 435
21 436
24 437
30 438
22 439
35 440
31 441
31 442
40 443
37 444
52 445
47 446
45 447
50 448
56 449
60 450
63 451
70 452
64 453
72 454
67 455
69 456
70 457
61 458
61 459
64 460
42 461
45 462
36 463
19 464
40 465
21 466
19 467
19 468
15 469
15 470
12 471
12 472
5 473
7 474
11 475
9 476
6 477
6 478
4 479
6 480
6 481
7 482
3 483
5 484
4 485
5 486
3 487
5 488
3 489
2 490
2 491
4 492
4 493
5 494
7 495
3 496
2 497
4 498
3 499
5 500
3 501
2 502
1 503
6 504
6 505
4 506
2 507
3 508
2 509
4 510
4 511
5 512
8 513
7 514
5 515
6 516
7 517
6 518
2 519
3 520
8 521
10 522
7 523
9 524
7 525
7 526
5 527
12 528
11 529
10 530
16 531
8 532
12 533
13 534
14 535
12 536
14 537
10 538
20 539
13 540
18 541
23 542
26 543
22 544
32 545
31 546
34 547
35 548
25 549
17 550
23 551
21 552
16 553
19 554
16 555
26 556
14 557
15 558
13 559
12 560
12 561
17 562
10 563
12 564
8 565
8 566
9 567
6 568
4 569
13 570
14 571
5 572
9 573
9 574
6 575
10 576
12 577
7 578
6 579
14 580
7 581
10 582
8 583
9 584
10 585
8 586
5 587
11 588
3 589
8 590
12 591
9 592
10 593
10 594
8 595
6 596
8 597
8 598
9 599
5 600
6 601
10 602
4 603
8 604
8 605
10 606
7 607
8 608
13 609
11 610
10 611
14 612
11 613
16 614
21 615
21 616
18 617
11 618
10 619
22 620
13 621
11 622
23 623
18 624
27 625
27 626
17 627
21 628
15 629
24 630
15 631
28 632
10 633
10 634
17 635
13 636
11 637
11 638
13 639
8 640
5 641
7 642
6 643
12 644
7 645
4 646
5 647
5 648
6 649
8 650
3 651
5 652
6 653
8 654
5 655
5 656
7 657
10 658
12 659
7 660
7 661
5 662
7 663
8 664
2 665
9 666
9 667
3 668
13 669
8 670
9 671
9 672
11 673
9 674
8 675
8 676
17 677
8 678
10 679
11 680
17 681
7 682
16 683
17 684
17 685
9 686
12 687
17 688
16 689
17 690
10 691
19 692
12 693
12 694
16 695
22 696
16 697
11 698
19 699
11 700
11 701
17 702
15 703
11 704
18 705
10 706
5 707
15 708
9 709
12 710
18 711
17 712
13 713
20 714
23 715
17 716
20 717
28 718
22 719
18 720
25 721
21 722
23 723
29 724
24 725
25 726
24 727
31 728
39 729
37 730
23 731
32 732
51 733
40 734
30 735
45 736
41 737
40 738
49 739
41 740
50 741
58 742
60 743
67 744
62 745
69 746
76 747
90 748
79 749
79 750
118 751
91 752
81 753
121 754
135 755
125 756
153 757
131 758
141 759
162 760
144 761
160 762
171 763
150 764
152 765
155 766
140 767
146 768
133 769
115 770
138 771
101 772
91 773
102 774
87 775
69 776
57 777
67 778
61 779
62 780
43 781
40 782
37 783
21 784
21 785
20 786
24 787
16 788
7 789
13 790
13 791
11 792
15 793
11 794
10 795
11 796
14 797
9 798
9 799
6 800
9 801
12 802
9 803
7 804
10 805
8 806
13 807
14 808
9 809
7 810
13 811
5 812
7 813
7 814
8 815
10 816
14 817
12 818
13 819
19 820
15 821
14 822
19 823
14 824
11 825
16 826
8 827
17 828
15 829
12 830
19 831
17 832
13 833
18 834
20 835
12 836
17 837
15 838
20 839
18 840
17 841
20 842
19 843
22 844
22 845
20 846
15 847
20 848
21 849
26 850
23 851
19 852
23 853
21 854
28 855
29 856
28 857
26 858
29 859
27 860
21 861
32 862
34 863
35 864
38 865
37 866
34 867
31 868
39 869
30 870
27 871
23 872
26 873
23 874
32 875
26 876
24 877
27 878
29 879
28 880
25 881
20 882
21 883
21 884
20 885
27 886
22 887
25 888
20 889
14 890
27 891
30 892
24 893
21 894
22 895
30 896
20 897
35 898
29 899
34 900
28 901
31 902
19 903
35 904
42 905
34 906
33 907
33 908
34 909
28 910
30 911
27 912
40 913
47 914
46 915
44 916
57 917
51 918
55 919
52 920
56 921
55 922
49 923
56 924
64 925
84 926
69 927
77 928
77 929
86 930
92 931
95 932
79 933
100 934
89 935
114 936
111 937
131 938
104 939
142 940
123 941
147 942
135 943
149 944
187 945
191 946
190 947
204 948
215 949
222 950
220 951
259 952
298 953
288 954
348 955
331 956
302 957
358 958
399 959
402 960
387 961
418 962
432 963
419 964
419 965
418 966
407 967
442 968
422 969
371 970
381 971
348 972
330 973
276 974
288 975
263 976
196 977
241 978
205 979
171 980
134 981
150 982
120 983
113 984
78 985
75 986
78 987
62 988
55 989
38 990
44 991
29 992
25 993
18 994
21 995
17 996
16 997
10 998
12 999
9 1000
5 1001
5 1002
5 1003
7 1004
3 1005
7 1006
1 1007
1 1008
5 1009
3 1010
5 1012
2 1013
1 1014
1 1015
1 1016
2 1017
2 1018
1 1019
4 1022
1 1023
1 1024
2 1025
1 1027
1 1030
3 1031
1 1032
1 1033
5 1034
2 1035
1 1036
1 1037
2 1039
1 1041
1 1042
2 1043
2 1044
1 1045
1 1046
1 1047
2 1049
1 1050
1 1051
2 1052
2 1053
1 1054
2 1055
1 1057
1 1059
1 1061
2 1063
2 1064
3 1065
1 1066
1 1067
3 1068
1 1069
3 1070
1 1071
2 1072
1 1074
3 1075
1 1076
2 1077
2 1079
2 1080
1 1083
1 1084
3 1086
2 1087
1 1089
1 1090
1 1091
1 1092
1 1093
2 1095
1 1098
6 1099
2 1100
1 1101
2 1102
4 1103
4 1104
4 1105
1 1106
2 1107
2 1108
1 1109
4 1110
3 1112
2 1113
2 1114
2 1115
1 1117
1 1118
3 1119
3 1120
1 1121
3 1122
4 1123
3 1124
3 1125
4 1126
3 1127
4 1128
1 1129
3 1130
1 1131
3 1132
6 1133
2 1134
2 1135
3 1136
9 1138
5 1139
4 1140
3 1141
3 1142
1 1143
3 1144
5 1145
7 1146
9 1147
6 1148
6 1149
4 1150
6 1151
7 1152
10 1153
6 1154
2 1155
3 1156
9 1157
8 1158
6 1159
5 1160
4 1161
4 1162
3 1163
3 1164
3 1165
5 1166
6 1167
3 1168
3 1169
5 1170
3 1171
4 1172
9 1173
2 1174
1 1175
2 1176
1 1177
1 1178
1 1179
1 1180
2 1181
2 1183
1 1184
3 1185
1 1186
3 1187
2 1188
4 1191
6 1192
2 1193
1 1194
2 1196
1 1197
2 1198
3 1199
2 1201
1 1202
1 1203
3 1204
2 1205
4 1206
2 1208
4 1209
2 1210
1 1211
3 1212
1 1213
1 1214
4 1216
4 1217
3 1218
1 1219
3 1221
3 1222
1 1224
2 1225
3 1227
2 1228
1 1229
3 1230
1 1231
1 1232
2 1233
3 1234
2 1235
5 1236
2 1237
2 1238
1 1239
2 1240
3 1241
2 1242
2 1243
2 1244
4 1245
3 1246
3 1247
2 1248
3 1249
4 1250
4 1251
5 1252
2 1253
4 1254
4 1255
4 1256
6 1257
3 1258
2 1259
4 1260
1 1261
1 1262
6 1263
6 1264
8 1265
5 1266
2 1267
8 1268
5 1269
6 1270
5 1271
5 1272
3 1273
4 1274
1 1275
4 1276
3 1277
2 1278
4 1279
5 1280
5 1281
1 1282
2 1283
3 1284
3 1285
4 1286
3 1287
3 1288
2 1290
5 1291
2 1292
4 1293
3 1294
1 1295
2 1296
3 1297
4 1298
2 1299
4 1300
2 1301
5 1302
1 1303
3 1304
4 1306
3 1307
5 1308
3 1309
4 1310
7 1311
3 1312
4 1313
3 1314
1 1315
6 1316
8 1317
2 1318
3 1319
4 1320
2 1321
4 1322
7 1323
4 1324
3 1326
4 1327
2 1328
3 1329
2 1330
7 1331
2 1332
1 1333
4 1334
1 1335
2 1336
1 1337
2 1338
3 1339
2 1340
1 1341
2 1342
1 1343
3 1344
1 1345
1 1346
1 1347
2 1348
1 1349
1 1350
2 1352
1 1353
2 1355
1 1356
1 1358
1 1360
1 1363
1 1365
1 1367
2 1369
2 1373
1 1376
1 1377
3 1382
2 1383
1 1386
1 1387
1 1388
1 1390
1 1391
1 1395
1 1397
1 1400
1 1402
1 1403
1 1404
1 1405
1 1408
1 1410
2 1412
1 1413
1 1414
1 1415
1 1418
1 1420
1 1421
1 1423
2 1424
1 1425
1 1427
2 1428
1 1431
1 1432
1 1433
1 1437
1 1439
1 1440
2 1442
1 1444
1 1445
1 1448
1 1449
1 1455
2 1456
2 1457
1 1460
1 1465
1 1466
1 1467
1 1468
1 1469
1 1471
2 1472
1 1473
1 1474
1 1476
1 1477
1 1480
1 1482
1 1484
1 1490
1 1491
1 1492
2 1493
1 1494
2 1495
2 1497
1 1498
2 1499
1 1501
2 1504
2 1506
2 1508
1 1510
1 1515
1 1517
2 1520
2 1526
1 1527
2 1529
2 1530
1 1531
1 1536
1 1537
1 1539
1 1540
1 1544
1 1545
2 1547
2 1548
2 1549
1 1550
1 1551
2 1552
1 1554
1 1555
1 1556
2 1559
2 1561
1 1565
2 1567
1 1570
2 1572
1 1573
1 1580
1 1581
1 1582
1 1583
1 1585
1 1587
1 1589
1 1590
2 1591
3 1593
1 1595
3 1597
1 1598
1 1602
1 1607
1 1608
1 1609
2 1612
1 1614
1 1616
1 1617
1 1619
3 1620
2 1621
1 1624
2 1626
2 1628
1 1629
1 1630
1 1631
3 1632
1 1637
1 1638
1 1639
2 1648
1 1649
1 1650
1 1652
1 1654
1 1655
3 1656
1 1657
2 1658
2 1659
3 1660
2 1662
1 1663
1 1664
1 1667
2 1668
3 1669
2 1671
1 1673
1 1674
3 1677
1 1678
1 1680
2 1681
3 1682
1 1683
2 1686
2 1688
1 1689
4 1690
1 1692
1 1693
1 1694
2 1697
1 1698
2 1699
1 1701
1 1702
1 1703
1 1704
2 1705
1 1707
1 1708
2 1709
1 1710
2 1712
2 1713
1 1715
1 1716
4 1717
1 1719
1 1720
1 1721
4 1723
1 1725
2 1726
1 1727
2 1728
1 1729
1 1730
2 1732
1 1735
1 1738
1 1739
2 1741
1 1742
2 1744
2 1747
2 1750
2 1751
1 1752
1 1754
1 1756
2 1757
1 1758
1 1759
1 1760
2 1763
1 1765
1 1766
2 1767
2 1772
1 1773
1 1777
1 1778
2 1779
2 1780
1 1782
1 1783
1 1784
5 1785
1 1786
1 1790
2 1791
1 1794
3 1797
1 1798
2 1802
3 1805
1 1806
1 1807
2 1808
1 1809
1 1810
2 1811
1 1812
1 1814
1 1815
2 1816
2 1817
1 1819
1 1820
1 1821
3 1822
4 1824
2 1827
2 1830
1 1831
1 1832
1 1833
1 1834
1 1835
2 1836
1 1838
1 1841
1 1842
1 1843
1 1845
1 1848
1 1849
4 1850
3 1851
2 1852
2 1855
3 1857
2 1858
1 1860
1 1863
3 1865
3 1866
2 1868
1 1869
3 1870
1 1871
1 1872
1 1873
2 1876
1 1877
2 1878
2 1879
1 1880
2 1881
1 1883
2 1885
1 1886
3 1889
1 1890
1 1891
2 1892
2 1893
4 1895
2 1896
1 1897
4 1898
2 1899
2 1900
1 1901
2 1902
3 1903
2 1904
1 1906
3 1907
1 1909
1 1910
2 1913
1 1914
2 1917
1 1918
2 1919
2 1920
5 1921
1 1922
2 1923
2 1924
2 1925
1 1926
2 1928
2 1929
2 1930
1 1931
5 1932
1 1934
1 1935
3 1936
2 1938
1 1940
2 1941
2 1944
1 1945
2 1949
3 1952
1 1953
1 1954
1 1956
1 1957
1 1958
2 1959
1 1960
1 1961
4 1962
2 1963
1 1964
3 1966
2 1967
2 1968
1 1969
1 1972
1 1973
1 1974
2 1975
1 1976
3 1977
2 1978
1 1980
1 1986
3 1987
2 1988
2 1989
2 1990
4 1993
2 1994
1 1995
1 1996
2 2000
2 2002
1 2003
1 2005
1 2008
2 2009
2 2010
1 2012
4 2013
1 2014
1 2015
2 2016
4 2018
1 2020
1 2021
1 2022
1 2023
1 2025
1 2026
1 2027
1 2028
2 2029
2 2030
3 2031
1 2032
1 2033
2 2034
1 2035
4 2036
2 2037
4 2039
5 2040
1 2041
1 2042
1 2043
1 2045
3 2046
1 2047
2 2048
5 2050
1 2052
3 2054
3 2055
4 2057
2 2058
1 2059
1 2061
3 2062
3 2064
3 2065
2 2066
3 2067
1 2069
2 2071
1 2072
1 2073
3 2074
3 2075
1 2076
1 2077
1 2078
1 2079
1 2080
1 2082
1 2083
2 2085
2 2086
1 2087
2 2088
3 2089
1 2090
2 2091
1 2092
3 2093
4 2094
3 2095
3 2096
1 2097
3 2098
3 2099
3 2100
3 2101
2 2102
2 2103
2 2104
5 2105
4 2106
2 2107
1 2108
3 2110
1 2111
1 2112
2 2113
3 2114
3 2115
7 2116
5 2117
1 2118
2 2119
4 2120
1 2121
3 2122
6 2123
4 2124
5 2125
1 2126
1 2127
1 2128
5 2130
3 2131
2 2132
2 2133
6 2134
7 2135
4 2137
3 2138
2 2139
4 2141
5 2142
4 2143
2 2144
4 2146
2 2147
5 2148
2 2149
1 2150
3 2151
1 2152
3 2153
2 2154
4 2155
3 2156
4 2157
4 2158
5 2159
2 2160
3 2161
1 2162
5 2163
4 2164
4 2165
3 2166
4 2167
2 2168
3 2169
5 2170
3 2171
7 2172
2 2173
4 2174
4 2175
3 2176
2 2177
1 2178
5 2179
6 2180
1 2181
7 2182
10 2183
2 2184
5 2185
7 2186
4 2187
7 2188
7 2189
6 2190
6 2191
6 2192
8 2193
4 2194
9 2195
10 2196
10 2197
13 2198
11 2199
11 2200
9 2201
9 2202
5 2203
7 2204
10 2205
19 2206
14 2207
6 2208
13 2209
11 2210
10 2211
13 2212
9 2213
13 2214
12 2215
10 2216
10 2217
9 2218
7 2219
9 2220
10 2221
15 2222
17 2223
19 2224
13 2225
14 2226
10 2227
15 2228
12 2229
11 2230
18 2231
11 2232
14 2233
12 2234
12 2235
15 2236
17 2237
22 2238
11 2239
8 2240
19 2241
15 2242
19 2243
16 2244
17 2245
14 2246
16 2247
12 2248
15 2249
15 2250
14 2251
18 2252
20 2253
15 2254
19 2255
14 2256
15 2257
21 2258
25 2259
23 2260
13 2261
27 2262
18 2263
23 2264
20 2265
20 2266
21 2267
11 2268
14 2269
22 2270
17 2271
19 2272
14 2273
15 2274
21 2275
22 2276
16 2277
17 2278
20 2279
19 2280
14 2281
24 2282
19 2283
17 2284
19 2285
28 2286
13 2287
20 2288
25 2289
19 2290
16 2291
25 2292
11 2293
14 2294
25 2295
15 2296
18 2297
14 2298
23 2299
13 2300
17 2301
15 2302
19 2303
16 2304
17 2305
20 2306
16 2307
17 2308
9 2309
12 2310
16 2311
13 2312
11 2313
16 2314
15 2315
16 2316
11 2317
18 2318
9 2319
22 2320
19 2321
21 2322
21 2323
25 2324
18 2325
17 2326
24 2327
26 2328
20 2329
14 2330
18 2331
22 2332
24 2333
27 2334
18 2335
14 2336
28 2337
45 2338
37 2339
33 2340
18 2341
23 2342
35 2343
34 2344
36 2345
43 2346
36 2347
37 2348
49 2349
40 2350
36 2351
33 2352
49 2353
44 2354
41 2355
60 2356
44 2357
50 2358
52 2359
52 2360
41 2361
52 2362
49 2363
43 2364
59 2365
49 2366
59 2367
51 2368
53 2369
59 2370
49 2371
45 2372
58 2373
43 2374
52 2375
55 2376
45 2377
49 2378
40 2379
39 2380
38 2381
36 2382
43 2383
29 2384
35 2385
41 2386
26 2387
32 2388
31 2389
21 2390
21 2391
29 2392
23 2393
23 2394
21 2395
18 2396
28 2397
24 2398
22 2399
21 2400
15 2401
15 2402
16 2403
13 2404
11 2405
13 2406
19 2407
15 2408
11 2409
6 2410
8 2411
13 2412
4 2413
5 2414
6 2415
9 2416
7 2417
11 2418
8 2419
14 2420
5 2421
4 2422
6 2423
11 2424
6 2425
8 2426
5 2427
7 2428
10 2429
10 2430
10 2431
7 2432
10 2433
10 2434
3 2435
11 2436
12 2437
3 2438
13 2439
5 2440
9 2441
7 2442
9 2443
25 2444
10 2445
10 2446
10 2447
12 2448
15 2449
20 2450
15 2451
11 2452
11 2453
10 2454
13 2455
16 2456
23 2457
13 2458
22 2459
19 2460
13 2461
20 2462
14 2463
22 2464
17 2465
16 2466
21 2467
25 2468
24 2469
17 2470
21 2471
19 2472
20 2473
19 2474
17 2475
20 2476
13 2477
16 2478
22 2479
12 2480
21 2481
21 2482
16 2483
18 2484
21 2485
16 2486
17 2487
14 2488
14 2489
15 2490
16 2491
17 2492
13 2493
16 2494
8 2495
6 2496
5 2497
9 2498
7 2499
8 2500
6 2501
3 2502
6 2503
5 2504
5 2505
4 2506
5 2507
1 2508
2 2509
3 2510
5 2511
3 2512
2 2513
1 2514
8 2516
1 2517
1 2518
2 2519
3 2520
4 2521
1 2523
3 2525
3 2526
3 2527
1 2528
3 2530
4 2531
1 2532
4 2533
1 2535
1 2536
2 2537
1 2538
3 2539
5 2540
2 2541
6 2542
3 2543
2 2544
4 2545
3 2546
5 2547
3 2548
2 2549
4 2550
2 2551
4 2552
4 2553
3 2554
3 2555
4 2556
5 2557
3 2558
7 2559
4 2560
3 2561
2 2562
4 2563
4 2564
1 2565
3 2566
4 2567
2 2568
6 2569
7 2570
6 2571
2 2572
6 2573
1 2574
7 2575
5 2576
4 2577
6 2579
3 2580
6 2581
2 2582
5 2583
5 2584
6 2585
5 2586
7 2587
5 2588
6 2589
10 2590
9 2591
10 2592
5 2593
5 2594
8 2595
3 2596
15 2597
12 2598
5 2599
9 2600
8 2601
11 2602
8 2603
12 2604
10 2605
15 2606
4 2607
16 2608
12 2609
20 2610
10 2611
10 2612
5 2613
8 2614
6 2615
11 2616
7 2617
7 2618
7 2619
7 2620
11 2621
10 2622
12 2623
13 2624
15 2625
11 2626
10 2627
8 2628
11 2629
8 2630
6 2631
7 2632
5 2633
5 2634
6 2635
7 2636
7 2637
6 2638
2 2639
5 2640
5 2641
3 2642
2 2643
1 2644
4 2645
2 2646
3 2647
6 2649
3 2650
3 2651
6 2652
7 2653
2 2654
2 2656
2 2657
2 2659
1 2661
3 2662
3 2663
1 2664
1 2665
2 2666
2 2667
3 2668
2 2669
3 2671
2 2672
3 2673
1 2674
1 2675
1 2676
3 2677
2 2678
4 2681
1 2682
1 2683
2 2685
1 2686
1 2687
1 2688
1 2692
1 2700
2 2701
1 2702
1 2703
1 2705
1 2706
1 2707
2 2708
1 2709
1 2712
1 2713
2 2714
1 2716
1 2717
1 2719
2 2720
1 2722
1 2729
1 2730
1 2732
1 2737
1 2740
1 2742
1 2746
1 2749
1 2750
1 2751
1 2752
1 2753
1 2755
1 2763
1 2767
1 2776
2 2800
1 2823
1 2825
1 2842
1 2855
1 2874
1 2879
1 2887
1 2889
1 2895
1 2902
1 2913
1 2944
1 3013
1 3015
1 3030
1 3031
1 3058
1 3103
1 3123
1 3148
1 3162
1 3165
1 3224
1 3257
1 3277
1 3313
1 3328
1 3361
1 3376
1 3381
1 3405
1 3426
1 3448
1 3457
1 3481
1 3550
1 3649
1 3744
1 3746
1 4361
1 4520
1 4576
1 4663
1 4704
1 4730
1 4829
1 4849
1 4862
1 4870
1 4886
1 4902
1 4906
1 4921
1 4943
1 5083
