1 1
1 5
1 6
1 7
1 9
1 19
2 20
2 22
1 23
1 24
1 28
2 29
1 30
1 33
1 34
1 37
2 38
1 39
1 42
1 46
1 49
1 50
3 52
2 54
1 56
2 60
1 62
1 63
1 64
1 65
1 70
3 71
3 72
1 74
2 75
2 77
2 80
4 81
3 83
2 84
3 85
2 88
2 89
1 90
1 93
1 94
2 95
1 96
1 97
3 98
2 99
3 100
1 101
1 102
3 103
3 104
4 107
1 108
1 109
2 110
3 111
1 112
1 114
2 116
1 118
5 119
4 120
1 121
1 122
1 123
1 124
3 125
2 126
1 127
2 128
5 129
5 130
2 131
4 132
5 133
2 134
4 135
4 136
2 137
1 138
2 139
2 140
1 141
1 142
1 143
2 144
2 145
2 147
1 148
1 150
4 151
6 152
1 153
1 154
2 155
1 156
3 157
2 158
1 159
2 161
4 162
2 163
4 164
1 165
5 166
3 167
4 168
4 169
2 170
2 171
1 172
2 174
3 176
2 177
2 178
2 179
5 180
3 181
3 183
2 184
1 185
3 187
2 188
1 192
3 193
1 194
2 195
1 196
1 197
4 198
2 199
1 200
2 201
4 202
3 205
4 206
2 207
3 208
3 211
3 212
3 213
2 214
3 215
3 216
2 217
1 218
3 220
3 223
4 224
2 225
2 226
3 227
1 228
1 229
1 232
2 233
1 234
1 235
1 236
1 237
6 238
3 239
3 240
3 241
3 244
4 245
4 246
4 247
3 248
9 249
8 250
4 251
6 252
11 253
12 254
10 255
7 256
5 257
6 258
4 259
4 260
6 261
8 262
2 263
2 264
4 265
1 266
1 267
6 268
1 269
3 270
2 271
2 272
2 273
3 274
1 275
2 276
2 278
4 279
1 280
5 281
6 282
10 283
5 284
5 285
8 286
5 287
7 288
7 289
14 290
4 291
6 292
5 293
6 294
5 295
8 296
3 297
6 298
5 299
3 300
3 301
1 302
5 303
7 304
2 305
3 306
3 307
4 308
8 309
2 310
2 311
2 312
4 313
3 314
2 315
6 316
3 317
5 318
3 319
2 320
5 321
4 322
6 323
4 324
6 325
4 326
4 327
9 328
5 329
7 330
7 331
9 332
4 333
10 334
7 335
9 336
10 337
3 338
5 339
5 340
4 341
5 342
4 343
6 344
7 345
7 346
5 347
5 348
4 349
6 350
4 351
9 352
10 353
8 354
9 355
8 356
8 357
7 358
11 359
9 360
13 361
5 362
3 363
9 364
4 365
5 366
6 367
3 368
6 369
8 370
5 371
2 372
6 373
5 374
3 375
7 376
4 377
4 378
5 379
3 380
8 381
9 382
10 383
8 384
8 385
5 386
3 387
2 388
5 389
6 390
5 391
5 392
5 393
7 394
15 395
3 396
10 397
8 398
17 399
12 400
21 401
20 402
17 403
27 404
36 405
40 406
44 407
54 408
61 409
54 410
67 411
52 412
64 413
56 414
39 415
40 416
42 417
48 418
33 419
27 420
17 421
19 422
12 423
11 424
8 425
11 426
5 427
8 428
7 429
2 430
5 431
4 432
3 433
5 434
3 435
5 436
2 437
2 438
3 439
3 440
5 441
6 442
4 443
3 444
1 445
4 446
2 447
1 448
3 449
3 450
4 451
6 452
5 453
5 454
5 455
6 456
5 457
5 458
5 459
8 460
9 461
6 462
5 463
3 464
6 465
4 466
11 467
9 468
7 469
6 470
11 471
7 472
7 473
11 474
4 475
7 476
5 477
7 478
4 479
7 480
5 481
3 482
5 483
2 484
5 485
4 486
2 487
2 488
2 490
5 491
1 492
2 493
3 494
7 495
3 497
4 498
2 499
6 500
3 501
3 502
1 503
1 504
2 505
4 506
4 507
1 508
2 509
2 510
3 511
2 512
3 513
2 514
4 515
4 516
5 517
5 518
3 519
3 520
4 521
2 522
1 523
3 524
3 525
4 526
4 527
4 529
2 530
1 531
4 533
2 534
3 535
5 536
3 537
2 538
6 539
4 540
2 541
2 542
5 544
1 545
2 546
2 547
2 548
3 549
2 550
3 551
4 552
1 553
4 554
8 555
3 556
4 557
3 558
1 559
2 560
2 561
1 563
4 564
1 565
4 566
3 567
3 568
6 569
2 570
3 571
4 573
5 574
4 575
2 576
3 577
2 578
2 579
3 580
1 581
6 582
3 583
1 584
4 585
4 586
2 587
4 588
5 589
2 590
3 591
3 592
1 593
3 594
1 596
1 597
2 598
4 599
3 600
1 601
2 602
2 603
2 604
4 605
3 606
5 607
2 608
4 609
3 610
5 611
1 612
3 613
3 614
1 615
6 616
7 617
1 618
6 619
4 620
6 621
7 622
4 623
3 624
2 625
5 626
1 627
5 628
3 629
5 630
3 631
6 632
3 633
6 634
6 635
3 636
4 637
4 638
4 639
4 640
5 641
6 642
5 643
6 644
6 645
10 646
2 647
10 648
7 650
5 651
5 652
3 653
5 654
6 655
9 656
12 657
6 658
3 659
9 660
5 661
8 662
5 663
7 664
5 665
8 666
5 667
7 668
6 669
7 670
11 671
8 672
11 673
4 674
14 675
12 676
8 677
9 678
7 679
9 680
5 681
13 682
10 683
11 684
8 685
14 686
9 687
8 688
15 689
10 690
11 691
12 692
13 693
11 694
15 695
16 696
18 697
17 698
16 699
29 700
6 701
21 702
20 703
20 704
15 705
22 706
13 707
29 708
23 709
20 710
23 711
34 712
30 713
32 714
33 715
24 716
36 717
42 718
36 719
26 720
28 721
38 722
22 723
33 724
30 725
28 726
28 727
36 728
40 729
33 730
33 731
25 732
27 733
38 734
32 735
37 736
40 737
29 738
29 739
39 740
40 741
36 742
39 743
45 744
38 745
36 746
42 747
43 748
40 749
34 750
45 751
45 752
43 753
34 754
36 755
47 756
35 757
50 758
58 759
42 760
26 761
38 762
38 763
35 764
34 765
19 766
30 767
23 768
22 769
29 770
32 771
29 772
29 773
27 774
23 775
22 776
31 777
26 778
24 779
34 780
31 781
20 782
26 783
39 784
22 785
36 786
27 787
37 788
43 789
37 790
38 791
35 792
40 793
46 794
50 795
47 796
47 797
61 798
61 799
68 800
69 801
68 802
78 803
88 804
76 805
98 806
102 807
107 808
139 809
117 810
119 811
141 812
167 813
150 814
170 815
187 816
204 817
224 818
226 819
257 820
279 821
275 822
290 823
308 824
312 825
308 826
336 827
305 828
299 829
328 830
303 831
328 832
266 833
254 834
246 835
222 836
224 837
195 838
148 839
171 840
151 841
136 842
140 843
117 844
131 845
116 846
118 847
94 848
105 849
110 850
104 851
102 852
109 853
107 854
83 855
111 856
107 857
115 858
112 859
122 860
128 861
132 862
137 863
131 864
130 865
105 866
110 867
92 868
101 869
98 870
99 871
87 872
75 873
75 874
65 875
56 876
55 877
49 878
49 879
37 880
37 881
22 882
34 883
16 884
21 885
13 886
18 887
8 888
11 889
9 890
8 891
9 892
10 893
5 894
5 895
13 896
5 897
9 898
4 899
2 900
5 901
5 902
9 903
5 904
3 905
5 906
3 907
5 908
1 909
4 910
5 911
4 912
11 913
6 914
7 915
2 916
3 917
5 918
9 919
10 920
3 921
11 922
7 923
4 924
7 925
11 926
11 927
4 928
4 929
10 930
6 931
12 932
8 933
9 934
10 935
13 936
8 937
11 938
7 939
16 940
15 941
19 942
14 943
16 944
11 945
7 946
18 947
11 948
12 949
14 950
20 951
16 952
23 953
17 954
11 955
11 956
16 957
13 958
13 959
17 960
16 961
11 962
12 963
19 964
22 965
16 966
19 967
11 968
18 969
18 970
15 971
10 972
15 973
16 974
13 975
14 976
19 977
14 978
11 979
11 980
16 981
13 982
11 983
9 984
7 985
7 986
8 987
6 988
11 989
7 990
8 991
8 992
8 993
5 994
8 995
6 996
8 997
5 998
8 999
5 1000
10 1001
8 1002
6 1003
12 1004
21 1005
12 1006
3 1007
11 1008
9 1009
15 1010
22 1011
17 1012
14 1013
22 1014
15 1015
25 1016
20 1017
26 1018
24 1019
24 1020
21 1021
24 1022
24 1023
21 1024
34 1025
27 1026
31 1027
32 1028
32 1029
30 1030
25 1031
25 1032
31 1033
19 1034
24 1035
27 1036
22 1037
21 1038
25 1039
26 1040
15 1041
25 1042
18 1043
12 1044
15 1045
10 1046
11 1047
16 1048
11 1049
10 1050
11 1051
11 1052
17 1053
22 1054
17 1055
15 1056
12 1057
23 1058
12 1059
10 1060
14 1061
14 1062
16 1063
23 1064
19 1065
23 1066
12 1067
16 1068
14 1069
9 1070
15 1071
13 1072
13 1073
13 1074
19 1075
15 1076
15 1077
15 1078
13 1079
19 1080
15 1081
26 1082
14 1083
28 1084
19 1085
17 1086
24 1087
17 1088
19 1089
30 1090
27 1091
29 1092
28 1093
24 1094
30 1095
21 1096
27 1097
18 1098
28 1099
27 1100
22 1101
18 1102
27 1103
19 1104
18 1105
26 1106
16 1107
29 1108
25 1109
19 1110
18 1111
20 1112
31 1113
27 1114
27 1115
24 1116
11 1117
25 1118
26 1119
30 1120
19 1121
18 1122
27 1123
24 1124
22 1125
18 1126
13 1127
21 1128
11 1129
17 1130
13 1131
13 1132
10 1133
14 1134
6 1135
9 1136
7 1137
14 1138
14 1139
3 1140
9 1141
11 1142
3 1143
4 1144
3 1145
5 1146
2 1147
4 1148
3 1149
1 1150
1 1151
1 1152
1 1155
1 1156
1 1157
1 1158
1 1162
1 1165
1 1167
1 1172
1 1175
3 1176
1 1179
3 1180
1 1181
1 1182
1 1184
1 1186
1 1187
3 1189
1 1190
2 1191
1 1193
1 1197
2 1199
2 1200
1 1202
1 1203
1 1205
1 1206
1 1208
1 1210
1 1211
2 1212
1 1214
2 1215
1 1216
2 1219
3 1220
1 1223
1 1224
1 1226
2 1227
3 1230
1 1231
1 1232
6 1234
5 1235
2 1236
4 1237
3 1238
2 1239
1 1240
4 1242
2 1243
3 1244
1 1245
1 1246
3 1247
2 1248
1 1249
3 1250
3 1251
5 1252
2 1253
3 1254
3 1255
3 1256
1 1257
2 1258
2 1259
6 1260
4 1261
1 1262
4 1263
2 1265
7 1266
5 1267
4 1268
1 1269
4 1270
2 1271
1 1272
3 1273
1 1274
1 1275
1 1276
2 1277
1 1278
1 1279
2 1281
4 1282
2 1283
1 1284
2 1285
2 1287
2 1289
2 1290
1 1291
1 1293
3 1294
3 1295
3 1296
3 1297
2 1298
3 1299
4 1300
2 1301
2 1302
3 1303
3 1304
2 1305
4 1306
4 1307
7 1308
1 1309
1 1310
2 1311
3 1312
3 1314
3 1315
1 1316
4 1317
2 1318
1 1319
2 1320
8 1321
2 1322
4 1323
4 1324
3 1325
2 1326
1 1327
2 1328
2 1329
3 1330
2 1331
2 1332
4 1333
3 1334
8 1335
5 1336
3 1337
6 1338
1 1339
5 1340
5 1341
7 1342
4 1343
6 1344
5 1345
10 1346
10 1347
4 1348
4 1349
13 1350
4 1351
4 1352
9 1353
16 1354
10 1355
16 1356
12 1357
10 1358
15 1359
9 1360
13 1361
16 1362
18 1363
12 1364
13 1365
21 1366
16 1367
23 1368
20 1369
22 1370
24 1371
25 1372
32 1373
31 1374
25 1375
27 1376
26 1377
35 1378
34 1379
33 1380
33 1381
30 1382
35 1383
36 1384
24 1385
34 1386
28 1387
25 1388
29 1389
33 1390
24 1391
23 1392
21 1393
23 1394
25 1395
16 1396
18 1397
13 1398
13 1399
10 1400
15 1401
15 1402
14 1403
6 1404
8 1405
6 1406
7 1407
7 1408
2 1409
3 1410
5 1411
1 1412
1 1413
2 1414
3 1415
1 1416
1 1417
2 1418
4 1419
2 1420
1 1421
4 1422
1 1423
1 1424
1 1425
1 1426
2 1429
1 1430
1 1431
1 1433
1 1434
2 1435
3 1436
1 1437
1 1438
2 1439
2 1440
2 1441
1 1442
1 1443
2 1446
1 1447
1 1448
1 1449
1 1450
3 1451
1 1452
1 1454
1 1455
1 1456
1 1457
3 1459
1 1464
1 1470
2 1471
2 1473
1 1476
1 1477
1 1480
1 1481
1 1483
1 1485
2 1489
3 1492
1 1494
1 1498
1 1506
1 1511
1 1514
1 1516
1 1520
1 1521
1 1522
1 1525
1 1531
1 1532
3 1533
1 1534
1 1536
1 1537
1 1539
2 1541
1 1544
2 1546
1 1550
1 1551
1 1553
1 1554
1 1556
1 1557
1 1558
1 1559
1 1562
1 1565
1 1567
1 1569
1 1572
1 1575
2 1582
1 1583
1 1584
1 1588
1 1590
1 1592
1 1594
2 1601
1 1604
1 1607
1 1612
1 1613
1 1616
1 1617
3 1621
1 1623
1 1625
1 1626
1 1630
1 1633
1 1634
2 1639
1 1643
1 1646
1 1647
1 1649
2 1650
1 1651
1 1652
1 1653
1 1655
1 1657
1 1660
1 1662
1 1663
2 1664
1 1673
1 1676
1 1679
1 1680
1 1682
2 1685
1 1686
1 1688
1 1693
2 1694
1 1695
1 1697
1 1701
1 1702
1 1706
1 1707
2 1708
1 1709
2 1715
1 1723
1 1727
1 1729
1 1731
1 1735
1 1737
1 1742
1 1745
1 1747
1 1748
2 1749
2 1751
1 1752
1 1757
1 1758
1 1760
1 1764
1 1767
2 1771
1 1772
2 1775
1 1779
1 1782
1 1784
1 1789
1 1790
2 1797
2 1799
1 1800
1 1801
1 1803
1 1805
1 1807
1 1810
2 1812
1 1817
3 1821
1 1823
1 1825
1 1826
1 1828
1 1829
1 1834
2 1835
1 1837
1 1839
1 1841
1 1842
1 1843
1 1847
1 1849
1 1850
2 1857
1 1859
1 1861
1 1863
1 1864
1 1865
3 1866
1 1867
1 1868
2 1869
1 1871
2 1872
1 1875
1 1877
1 1878
2 1883
1 1884
1 1885
1 1887
1 1888
3 1889
1 1896
1 1897
1 1898
1 1900
1 1901
2 1902
1 1903
1 1905
2 1906
1 1907
2 1908
1 1910
2 1911
1 1912
1 1913
2 1915
1 1916
1 1920
1 1923
1 1926
2 1929
2 1932
1 1934
1 1935
1 1938
1 1940
1 1941
1 1942
2 1943
1 1944
1 1946
2 1947
1 1952
2 1955
2 1956
2 1957
2 1959
1 1960
2 1961
1 1964
1 1966
1 1969
1 1975
1 1976
2 1977
1 1978
1 1979
1 1980
1 1981
1 1982
1 1983
1 1984
2 1985
1 1986
1 1988
1 1990
2 1992
2 1993
1 1995
1 1996
3 1998
1 2002
2 2005
3 2006
2 2007
3 2009
2 2010
2 2011
2 2012
1 2013
1 2014
1 2016
4 2017
2 2018
4 2019
1 2020
6 2021
2 2022
1 2024
1 2025
1 2026
1 2027
2 2028
2 2029
2 2030
2 2031
1 2032
2 2033
1 2034
1 2035
2 2036
1 2037
1 2038
1 2039
2 2041
2 2042
1 2043
3 2044
4 2045
2 2046
2 2047
1 2048
1 2050
4 2052
2 2053
2 2054
2 2055
2 2057
1 2058
1 2061
2 2062
1 2063
2 2064
2 2067
1 2068
1 2069
2 2070
1 2072
2 2073
1 2074
2 2077
1 2078
1 2079
1 2080
2 2081
1 2084
1 2086
1 2087
2 2088
1 2089
1 2092
1 2096
2 2097
1 2099
2 2101
1 2103
1 2106
1 2107
1 2109
2 2110
2 2111
1 2112
1 2114
1 2115
3 2118
1 2119
2 2121
2 2123
3 2125
2 2126
1 2127
4 2129
1 2130
1 2131
1 2134
5 2135
3 2136
3 2138
2 2139
4 2140
1 2141
4 2142
3 2143
1 2144
2 2145
1 2146
5 2147
1 2148
3 2150
1 2151
2 2152
2 2153
2 2154
3 2156
2 2157
4 2158
8 2159
6 2160
3 2161
1 2162
3 2163
2 2164
2 2165
2 2167
3 2168
2 2169
4 2170
3 2171
1 2172
4 2173
1 2174
4 2177
1 2178
1 2179
4 2180
2 2182
1 2183
2 2185
1 2186
1 2187
3 2189
2 2194
2 2195
1 2197
1 2200
1 2203
1 2205
1 2206
1 2207
1 2210
1 2212
2 2214
1 2215
1 2216
1 2219
1 2222
2 2224
3 2231
2 2232
1 2234
1 2236
1 2237
1 2238
3 2239
1 2242
1 2244
2 2245
2 2247
1 2248
2 2251
2 2254
1 2255
3 2256
2 2257
1 2259
2 2260
1 2261
1 2262
1 2263
1 2264
2 2265
2 2266
1 2268
3 2269
1 2270
1 2271
2 2272
1 2273
1 2275
3 2276
1 2277
2 2278
1 2279
2 2280
6 2281
2 2282
6 2283
1 2284
1 2285
3 2286
4 2287
4 2288
2 2289
3 2290
3 2291
4 2292
5 2293
4 2294
2 2295
1 2297
1 2298
1 2299
2 2300
1 2301
2 2302
1 2303
1 2305
1 2307
1 2308
2 2309
2 2310
2 2311
5 2312
2 2314
2 2315
1 2316
1 2318
7 2319
1 2320
2 2321
2 2322
4 2323
1 2324
4 2325
4 2326
4 2327
1 2328
1 2329
5 2331
2 2332
4 2333
2 2334
3 2335
4 2336
5 2337
3 2338
3 2339
4 2341
6 2342
2 2344
4 2345
3 2346
3 2347
5 2348
3 2349
4 2350
1 2351
3 2352
5 2353
4 2354
7 2355
1 2356
7 2357
1 2358
3 2359
3 2360
7 2361
3 2362
2 2363
1 2364
2 2365
5 2366
2 2367
4 2368
7 2369
5 2370
4 2371
4 2372
3 2373
2 2374
6 2375
2 2376
7 2377
2 2378
5 2379
6 2380
2 2381
7 2382
7 2383
5 2384
5 2385
7 2386
4 2387
5 2388
6 2389
5 2390
6 2391
4 2392
5 2393
7 2394
4 2395
3 2396
6 2397
10 2398
7 2399
6 2400
3 2401
7 2402
6 2403
8 2404
6 2405
9 2406
7 2407
11 2408
6 2409
6 2410
8 2411
6 2412
9 2413
8 2414
11 2415
11 2416
7 2417
10 2418
8 2419
14 2420
8 2421
7 2422
7 2423
7 2424
5 2425
10 2426
6 2427
2 2428
7 2429
7 2430
3 2431
9 2432
5 2433
9 2434
7 2435
10 2436
6 2437
9 2438
11 2439
3 2440
6 2441
4 2442
1 2443
5 2444
9 2445
10 2446
5 2447
11 2448
5 2449
7 2450
7 2451
7 2452
7 2453
10 2454
4 2455
7 2456
7 2457
6 2458
13 2459
6 2460
12 2461
9 2462
10 2463
10 2464
7 2465
11 2466
12 2467
10 2468
20 2469
11 2470
12 2471
14 2472
9 2473
4 2474
8 2475
15 2476
15 2477
14 2478
23 2479
12 2480
15 2481
12 2482
16 2483
16 2484
13 2485
15 2486
13 2487
18 2488
13 2489
17 2490
15 2491
28 2492
14 2493
16 2494
28 2495
14 2496
19 2497
12 2498
23 2499
15 2500
18 2501
17 2502
18 2503
18 2504
15 2505
14 2506
16 2507
11 2508
13 2509
9 2510
10 2511
18 2512
16 2513
11 2514
6 2515
10 2516
12 2517
9 2518
10 2519
5 2520
13 2521
7 2522
6 2523
11 2524
2 2525
7 2526
10 2527
4 2528
5 2529
2 2530
3 2531
3 2532
1 2533
1 2534
4 2535
4 2536
2 2537
3 2538
3 2539
3 2540
2 2541
1 2542
1 2543
1 2544
4 2545
2 2546
3 2547
2 2548
1 2549
2 2551
4 2552
1 2554
1 2555
2 2556
1 2557
3 2558
3 2559
4 2560
3 2561
1 2562
3 2563
2 2565
1 2566
1 2570
2 2571
2 2572
1 2574
4 2575
2 2576
1 2577
1 2578
1 2581
2 2583
1 2584
1 2585
1 2588
3 2590
4 2592
3 2594
2 2596
3 2597
1 2598
1 2599
4 2600
1 2601
1 2604
1 2607
1 2609
2 2610
1 2611
1 2612
1 2613
1 2614
1 2615
1 2616
1 2617
1 2618
2 2619
1 2623
1 2624
1 2626
1 2629
2 2630
1 2632
1 2633
3 2636
2 2642
1 2645
1 2646
1 2647
1 2648
1 2650
1 2651
5 2652
2 2655
1 2656
1 2657
3 2658
3 2659
1 2661
2 2662
1 2663
3 2664
1 2666
1 2668
1 2669
1 2670
1 2672
1 2674
3 2675
1 2676
3 2677
2 2678
2 2679
1 2680
2 2681
2 2683
1 2684
1 2685
5 2686
4 2687
3 2688
1 2689
3 2690
2 2691
3 2692
3 2693
2 2695
2 2696
3 2697
1 2699
3 2700
2 2701
3 2702
8 2703
5 2704
4 2705
3 2706
1 2707
4 2708
3 2709
6 2710
2 2711
6 2712
2 2713
12 2714
3 2715
8 2716
4 2717
6 2718
4 2719
9 2720
4 2721
5 2722
6 2723
6 2724
3 2725
8 2726
6 2727
4 2728
5 2729
4 2730
8 2731
4 2732
3 2733
4 2734
3 2735
3 2736
5 2737
3 2738
2 2739
1 2740
4 2741
2 2742
5 2743
2 2744
3 2745
2 2746
1 2747
1 2748
1 2749
3 2750
2 2752
3 2753
4 2754
1 2755
2 2756
3 2759
1 2760
1 2761
1 2763
2 2766
2 2767
1 2768
1 2769
2 2770
2 2771
1 2772
1 2773
3 2774
2 2775
1 2776
1 2778
1 2781
1 2782
2 2784
2 2785
1 2789
1 2792
2 2795
2 2796
1 2798
2 2799
2 2800
2 2803
1 2807
2 2808
1 2809
3 2810
2 2811
2 2815
1 2817
1 2819
4 2820
1 2821
1 2822
1 2824
1 2825
3 2826
1 2827
2 2828
4 2831
4 2833
2 2834
1 2836
2 2838
1 2839
2 2840
1 2841
1 2843
2 2848
2 2851
1 2852
1 2855
2 2857
2 2858
1 2862
1 2864
1 2865
1 2867
1 2869
1 2870
1 2871
1 2872
1 2873
1 2881
1 2891
1 2896
1 2904
1 2912
1 2947
1 2949
1 2958
1 2964
1 2965
1 2987
1 2998
1 3017
1 3030
1 3034
1 3037
1 3046
2 3050
2 3058
1 3059
1 3060
2 3062
3 3071
1 3082
2 3084
1 3085
1 3089
1 3093
1 3094
3 3095
1 3098
1 3100
3 3107
1 3111
1 3112
1 3113
1 3118
1 3121
1 3125
1 3126
1 3127
1 3129
1 3131
1 3133
1 3134
1 3137
1 3138
1 3139
1 3140
1 3143
1 3147
1 3148
2 3151
1 3152
1 3153
1 3154
2 3155
2 3156
1 3157
1 3158
2 3161
1 3163
1 3164
1 3165
1 3167
1 3171
1 3173
1 3177
2 3184
1 3186
1 3223
1 3288
1 3327
1 3363
1 3734
1 3768
1 3922
1 4205
1 4357
1 4515
1 5152
