1 1
1 2
1 5
1 6
1 9
1 10
1 29
2 30
1 34
2 36
1 37
1 38
2 39
1 44
2 47
1 49
1 51
1 55
1 56
1 57
1 59
1 60
1 61
1 62
1 63
1 67
1 69
1 70
1 73
1 74
1 76
2 77
1 79
1 80
2 81
1 82
1 87
1 89
1 91
1 92
2 94
2 96
1 98
1 100
1 102
2 103
1 104
1 105
3 106
1 107
1 109
3 110
6 111
2 112
3 113
2 114
4 115
1 116
2 117
1 118
1 120
2 121
1 123
1 126
5 127
1 128
2 130
2 134
3 135
2 136
1 137
4 139
2 140
3 142
5 143
3 144
2 145
2 146
4 147
2 148
3 149
5 150
4 151
2 152
4 153
3 154
4 155
1 156
2 157
1 158
2 159
3 160
5 161
5 162
2 163
2 164
1 165
1 166
4 168
2 170
1 171
4 172
3 173
3 174
1 175
3 176
1 177
3 178
2 179
3 180
2 182
1 183
3 184
4 185
4 186
5 187
5 188
3 189
5 190
9 191
13 192
10 193
11 194
7 195
14 196
13 197
17 198
15 199
5 200
5 201
6 202
5 203
5 204
5 205
2 206
2 207
5 208
1 209
1 210
2 211
2 212
1 213
2 214
3 215
2 216
4 217
1 218
1 219
3 220
1 221
2 222
4 223
4 224
4 225
3 226
2 227
4 228
3 229
1 230
5 231
8 232
2 233
5 234
4 235
2 236
5 237
9 238
5 239
5 240
4 241
5 242
5 243
6 244
6 245
6 246
9 247
12 248
8 249
8 250
13 251
4 252
10 253
5 254
9 255
15 256
10 257
9 258
11 259
11 260
9 261
13 262
6 263
5 264
13 265
7 266
10 267
12 268
17 269
8 270
13 271
6 272
5 273
6 274
4 275
3 276
4 277
3 278
3 279
5 280
3 281
6 282
3 283
2 284
4 285
3 286
1 287
4 288
2 289
1 290
2 291
2 292
1 293
1 294
5 295
4 296
3 297
5 298
3 299
6 300
5 301
8 302
7 303
6 304
4 305
5 306
2 307
6 308
6 309
3 310
7 311
3 312
8 313
7 314
7 315
5 316
7 317
7 318
6 319
6 320
12 321
12 322
3 323
5 324
5 325
10 326
8 327
6 328
8 329
7 330
6 331
6 332
9 333
6 334
7 335
9 336
11 337
8 338
12 339
7 340
6 341
14 342
8 343
12 344
14 345
12 346
9 347
10 348
15 349
16 350
10 351
11 352
13 353
22 354
10 355
16 356
12 357
13 358
19 359
12 360
10 361
19 362
12 363
15 364
13 365
16 366
14 367
11 368
6 369
10 370
15 371
5 372
10 373
14 374
8 375
9 376
8 377
6 378
4 379
5 380
8 381
8 382
2 383
2 384
5 385
4 386
7 387
9 388
5 389
3 390
5 391
11 392
8 393
4 394
9 395
11 396
9 397
12 398
9 399
9 400
6 401
7 402
10 403
11 404
8 405
10 406
14 407
15 408
5 409
8 410
14 411
8 412
17 413
9 414
10 415
14 416
20 417
17 418
16 419
24 420
18 421
23 422
23 423
15 424
32 425
31 426
21 427
27 428
31 429
32 430
37 431
36 432
36 433
42 434
39 435
47 436
45 437
29 438
31 439
36 440
34 441
28 442
24 443
31 444
14 445
20 446
16 447
12 448
7 449
9 450
5 451
8 452
3 453
7 454
4 455
6 456
5 457
5 458
6 459
6 460
3 461
5 462
4 463
2 464
6 465
9 466
5 467
2 468
3 469
2 470
3 471
2 472
3 473
3 474
5 475
4 476
8 478
4 479
4 480
4 481
3 482
5 483
3 484
2 485
3 486
6 487
4 488
4 489
9 490
8 491
6 492
4 493
6 494
6 495
9 496
7 497
10 498
4 499
8 500
12 501
8 502
12 503
8 504
11 505
4 506
5 507
5 508
5 509
5 510
3 511
2 512
6 513
3 514
2 515
4 516
9 517
2 518
3 520
2 521
5 523
1 525
2 526
2 527
5 528
1 529
1 533
1 535
1 536
3 537
2 538
4 539
1 540
1 541
1 542
1 543
4 544
1 545
2 546
1 547
6 548
4 550
6 551
2 552
6 553
4 556
5 557
3 558
6 559
2 560
2 563
1 565
3 566
2 567
3 568
4 569
4 570
3 571
2 572
7 573
5 574
1 575
2 576
2 577
3 578
5 579
2 580
1 582
3 583
4 584
1 585
2 586
2 587
2 588
4 589
5 590
1 591
2 592
4 593
7 594
3 595
2 596
4 597
2 598
3 599
7 600
6 601
1 602
4 603
3 604
2 605
1 606
2 607
3 608
3 609
2 611
2 612
1 613
2 614
4 615
2 616
3 617
2 618
2 620
2 621
1 623
3 624
2 625
2 626
3 628
1 629
4 630
4 631
3 632
3 633
3 634
3 635
1 636
3 637
1 638
2 639
2 640
3 641
1 642
2 643
2 644
3 645
3 646
3 647
2 648
2 649
3 650
2 651
4 652
2 654
2 655
3 656
4 657
4 658
3 659
2 660
4 661
3 662
5 663
3 664
8 665
5 666
3 667
4 668
5 669
6 670
3 671
5 672
1 673
6 674
7 675
9 676
10 677
13 678
5 679
8 680
10 681
11 682
6 683
2 684
5 685
4 686
7 687
9 688
10 689
9 690
11 691
3 692
6 693
7 694
5 695
5 696
3 697
4 698
3 699
6 700
8 701
3 702
2 703
4 704
5 705
3 706
5 707
7 708
5 709
3 710
5 711
5 712
2 713
4 714
3 715
1 716
3 717
4 718
4 719
6 720
3 721
4 722
4 723
6 724
2 725
7 726
8 727
2 728
7 729
4 730
12 731
1 732
10 733
8 734
12 735
5 736
12 737
14 738
12 739
11 740
19 741
10 742
12 743
16 744
20 745
16 746
13 747
14 748
14 749
9 750
9 751
11 752
13 753
4 754
8 755
8 756
4 757
8 758
5 759
6 760
9 761
9 762
8 763
7 764
12 765
8 766
7 767
9 768
9 769
10 770
6 771
15 772
13 773
5 774
15 775
8 776
10 777
7 778
15 779
6 780
1 781
9 782
4 783
2 784
1 785
5 786
1 787
2 788
1 789
2 790
1 791
2 793
2 794
1 795
1 796
1 797
2 798
4 799
3 800
2 802
2 803
3 804
3 805
2 806
1 807
2 808
2 809
1 811
2 812
1 813
2 815
1 816
1 818
2 819
2 820
1 821
2 823
1 825
1 826
1 831
2 833
1 835
1 844
1 845
2 846
1 847
2 850
2 853
1 854
1 855
1 856
2 860
1 861
1 863
1 864
1 865
4 868
1 870
2 871
1 872
1 873
2 875
1 876
2 877
2 879
2 882
1 884
2 885
1 887
2 890
1 891
1 892
1 893
1 896
2 897
1 898
2 901
1 903
1 904
1 905
1 907
1 908
1 910
2 913
1 914
1 916
1 917
2 919
1 920
1 921
1 922
1 923
1 924
1 926
1 930
1 935
1 936
2 938
1 941
1 943
2 944
2 945
2 946
1 947
2 948
2 949
6 950
1 951
1 952
3 953
4 954
4 955
1 956
4 957
4 958
1 959
3 960
3 961
2 962
5 963
2 964
2 965
4 966
3 967
4 968
6 969
3 970
1 971
2 972
1 973
1 975
2 977
3 978
1 979
2 982
1 983
1 986
1 987
1 994
1 995
2 998
2 1002
1 1004
1 1006
1 1009
2 1010
1 1011
2 1012
1 1013
1 1015
2 1016
2 1017
1 1020
2 1021
1 1022
1 1023
1 1024
1 1025
1 1026
3 1027
1 1028
1 1029
3 1030
2 1031
1 1033
2 1034
1 1035
1 1036
1 1037
1 1039
1 1040
1 1041
1 1043
1 1044
1 1045
1 1046
1 1050
1 1052
1 1054
2 1060
1 1061
1 1064
1 1073
3 1074
1 1076
1 1077
1 1080
1 1092
2 1097
1 1103
1 1105
1 1106
2 1109
1 1111
1 1114
2 1115
1 1116
2 1117
1 1119
2 1121
1 1129
1 1130
1 1132
1 1133
1 1134
1 1139
1 1141
2 1143
2 1144
1 1146
2 1147
1 1150
1 1159
1 1160
1 1162
2 1166
3 1168
4 1169
1 1171
1 1174
2 1178
3 1179
4 1181
1 1182
1 1183
2 1185
1 1186
1 1188
1 1189
2 1190
1 1192
5 1195
1 1197
1 1198
4 1199
1 1200
1 1202
1 1203
2 1204
1 1205
1 1206
2 1208
2 1209
3 1211
3 1212
3 1214
1 1215
1 1216
2 1217
1 1218
3 1219
1 1220
1 1222
4 1223
3 1224
1 1225
1 1226
3 1227
1 1228
1 1229
1 1230
1 1231
3 1232
3 1233
3 1234
1 1235
4 1236
5 1237
1 1238
5 1240
3 1241
2 1242
1 1244
1 1245
1 1246
4 1247
5 1248
2 1249
4 1250
1 1251
4 1252
8 1253
1 1254
2 1255
3 1257
1 1258
4 1259
3 1260
2 1261
2 1263
3 1264
3 1265
3 1266
4 1267
3 1268
7 1269
5 1270
4 1271
4 1272
6 1273
7 1274
1 1275
1 1276
6 1277
9 1278
6 1279
5 1280
7 1281
7 1282
2 1283
6 1284
7 1285
7 1286
9 1287
12 1288
5 1289
10 1290
7 1291
14 1292
11 1293
9 1294
11 1295
7 1296
8 1297
10 1298
15 1299
7 1300
14 1301
11 1302
15 1303
9 1304
13 1305
8 1306
13 1307
5 1308
9 1309
14 1310
10 1311
6 1312
7 1313
6 1314
8 1315
7 1316
9 1317
4 1318
8 1319
2 1320
7 1321
5 1322
6 1323
2 1324
6 1325
5 1326
4 1327
4 1328
7 1329
9 1330
4 1331
4 1332
7 1333
8 1334
8 1335
9 1336
7 1337
4 1338
9 1339
3 1340
8 1341
14 1342
10 1343
9 1344
4 1345
14 1346
13 1347
4 1348
2 1349
13 1350
4 1351
11 1352
13 1353
5 1354
6 1355
12 1356
9 1357
9 1358
8 1359
4 1360
13 1361
10 1362
2 1363
9 1364
8 1365
3 1366
4 1367
9 1368
7 1369
1 1370
7 1371
3 1372
10 1373
5 1374
7 1375
2 1376
5 1377
4 1378
8 1379
11 1380
1 1381
3 1382
9 1383
5 1384
7 1385
5 1386
6 1387
3 1388
5 1389
2 1390
2 1391
4 1392
4 1393
4 1394
6 1395
6 1396
6 1397
7 1398
8 1399
7 1400
10 1401
9 1402
7 1403
11 1404
9 1405
11 1406
12 1407
11 1408
13 1409
18 1410
13 1411
7 1412
11 1413
18 1414
18 1415
16 1416
23 1417
31 1418
17 1419
16 1420
17 1421
25 1422
24 1423
25 1424
17 1425
30 1426
14 1427
22 1428
25 1429
22 1430
38 1431
33 1432
26 1433
20 1434
16 1435
22 1436
21 1437
17 1438
18 1439
22 1440
21 1441
11 1442
20 1443
14 1444
20 1445
21 1446
14 1447
13 1448
6 1449
8 1450
7 1451
9 1452
5 1453
5 1454
7 1455
4 1456
2 1457
2 1458
5 1459
3 1460
4 1461
1 1463
2 1464
4 1465
1 1466
1 1467
1 1468
1 1470
1 1471
2 1474
1 1478
1 1486
1 1487
1 1497
1 1509
1 1574
1 1582
1 1711
1 1803
1 1821
1 1873
1 1880
1 1987
1 2061
1 2153
1 2242
1 2323
1 2419
1 2666
1 2678
1 2786
1 2877
1 2924
1 2944
1 3292
1 5210
1 5261
1 5282
1 5402
