3 1
2 2
6 3
1 4
7 5
3 6
3 7
5 8
1 9
6 10
3 12
2 13
1 14
1 15
2 16
3 17
4 18
2 19
5 20
5 22
2 23
1 24
6 25
4 26
5 27
3 28
2 29
4 30
4 31
5 32
5 33
9 34
9 35
4 36
3 37
6 38
6 39
10 40
2 41
4 42
3 43
4 44
6 45
8 46
4 47
3 48
7 49
3 50
3 51
4 52
7 53
4 54
3 55
2 56
8 57
4 58
5 59
4 60
4 61
5 62
5 63
5 64
7 65
4 66
4 67
4 68
4 69
5 70
3 71
6 72
10 73
6 74
7 75
7 76
5 77
1 78
3 79
7 80
5 81
5 82
9 83
8 84
6 85
8 86
4 87
11 88
6 89
9 90
9 91
9 92
8 93
8 94
6 95
12 96
5 97
13 98
10 99
5 100
11 101
11 102
6 103
10 104
9 105
9 106
7 107
5 108
7 109
9 110
9 111
18 112
25 113
19 114
26 115
16 116
21 117
20 118
15 119
18 120
12 121
17 122
22 123
17 124
6 125
7 126
9 127
7 128
10 129
9 130
13 131
7 132
17 133
20 134
20 135
6 136
13 137
16 138
14 139
11 140
16 141
15 142
32 143
14 144
21 145
13 146
26 147
29 148
20 149
17 150
15 151
21 152
25 153
21 154
24 155
23 156
20 157
16 158
20 159
14 160
16 161
15 162
21 163
14 164
11 165
11 166
11 167
21 168
19 169
16 170
16 171
6 172
16 173
21 174
8 175
22 176
26 177
14 178
12 179
29 180
16 181
23 182
27 183
26 184
28 185
38 186
28 187
27 188
33 189
30 190
8 191
18 192
24 193
26 194
19 195
30 196
19 197
32 198
28 199
21 200
31 201
36 202
36 203
35 204
45 205
55 206
61 207
55 208
92 209
87 210
100 211
102 212
97 213
81 214
121 215
108 216
102 217
107 218
117 219
143 220
126 221
143 222
155 223
175 224
174 225
206 226
246 227
326 228
327 229
367 230
367 231
415 232
400 233
464 234
362 235
374 236
301 237
253 238
231 239
177 240
154 241
131 242
95 243
81 244
78 245
86 246
82 247
91 248
79 249
82 250
106 251
114 252
132 253
130 254
136 255
137 256
129 257
143 258
132 259
92 260
66 261
75 262
55 263
54 264
48 265
32 266
27 267
20 268
33 269
29 270
25 271
21 272
25 273
22 274
24 275
21 276
26 277
20 278
19 279
17 280
20 281
12 282
14 283
15 284
20 285
17 286
22 287
23 288
19 289
14 290
20 291
16 292
16 293
24 294
28 295
20 296
33 297
18 298
23 299
25 300
32 301
25 302
32 303
25 304
25 305
29 306
35 307
38 308
35 309
42 310
34 311
46 312
51 313
54 314
45 315
50 316
47 317
49 318
45 319
46 320
54 321
46 322
59 323
56 324
39 325
60 326
61 327
56 328
63 329
76 330
69 331
75 332
92 333
68 334
76 335
79 336
77 337
78 338
64 339
71 340
83 341
80 342
67 343
71 344
72 345
75 346
57 347
67 348
67 349
68 350
71 351
86 352
89 353
95 354
93 355
118 356
140 357
123 358
188 359
195 360
255 361
277 362
323 363
361 364
389 365
388 366
445 367
440 368
458 369
418 370
384 371
346 372
306 373
280 374
213 375
187 376
167 377
162 378
124 379
86 380
88 381
73 382
78 383
52 384
53 385
46 386
46 387
43 388
61 389
37 390
42 391
34 392
40 393
28 394
21 395
26 396
30 397
25 398
16 399
22 400
23 401
24 402
21 403
28 404
24 405
19 406
34 407
25 408
36 409
45 410
47 411
39 412
52 413
43 414
56 415
63 416
62 417
86 418
71 419
74 420
93 421
98 422
100 423
96 424
112 425
126 426
118 427
117 428
133 429
138 430
143 431
150 432
137 433
152 434
154 435
132 436
81 437
105 438
97 439
98 440
72 441
65 442
58 443
63 444
48 445
33 446
36 447
26 448
25 449
24 450
21 451
11 452
9 453
16 454
8 455
8 456
8 457
6 458
12 459
7 460
12 461
13 462
7 463
10 464
4 465
10 466
3 467
5 468
6 469
5 470
7 471
8 472
9 473
4 474
15 475
13 476
9 477
10 478
9 479
13 480
11 481
12 482
14 483
11 484
4 485
7 486
6 487
12 488
13 489
9 490
7 491
5 492
6 493
11 494
11 495
6 496
15 497
17 498
7 499
11 500
19 501
10 502
12 503
8 504
20 505
18 506
7 507
12 508
17 509
21 510
16 511
17 512
13 513
17 514
29 515
25 516
26 517
35 518
26 519
47 520
48 521
31 522
48 523
51 524
41 525
54 526
71 527
61 528
71 529
70 530
78 531
93 532
97 533
100 534
80 535
106 536
107 537
93 538
109 539
112 540
82 541
86 542
77 543
82 544
63 545
52 546
60 547
40 548
29 549
39 550
25 551
31 552
19 553
18 554
15 555
7 556
14 557
11 558
6 559
10 560
9 561
7 562
8 563
14 564
13 565
10 566
16 567
16 568
11 569
10 570
11 571
14 572
9 573
6 574
8 575
10 576
4 577
7 578
2 579
13 580
8 581
6 582
4 583
6 584
13 585
6 586
9 587
9 588
7 589
8 590
10 591
8 592
8 593
5 594
9 595
10 596
7 597
5 598
7 599
6 600
6 601
6 602
6 603
3 604
4 605
3 606
3 607
5 608
5 609
3 610
5 611
3 612
5 613
4 614
2 615
7 616
3 617
2 618
6 619
6 620
3 621
8 622
4 623
7 624
2 625
4 626
7 627
6 628
6 629
9 630
6 631
7 632
8 633
2 634
5 635
6 636
8 637
7 638
6 639
3 640
10 641
7 642
5 643
10 644
10 645
8 646
9 647
7 648
8 649
9 650
3 651
11 652
9 653
9 654
12 655
10 656
8 657
9 658
6 659
17 660
14 661
14 662
12 663
12 664
12 665
12 666
10 667
16 668
6 669
12 670
6 671
10 672
11 673
8 674
14 675
10 676
11 677
8 678
9 679
8 680
8 681
5 682
7 683
10 684
9 685
7 686
10 687
10 688
12 689
9 690
3 691
16 692
10 693
9 694
14 695
13 696
7 697
8 698
5 699
10 700
5 701
8 702
8 703
8 704
12 705
7 706
4 707
4 708
4 709
5 710
5 711
5 712
6 713
6 714
6 715
3 716
8 717
3 718
10 719
4 720
5 721
4 722
4 723
6 724
6 725
3 726
7 727
4 728
3 729
6 730
7 731
6 732
4 733
5 734
3 735
7 736
5 737
5 738
5 739
7 740
3 741
7 742
7 743
5 744
10 745
11 746
6 747
6 748
11 749
7 750
3 751
13 752
5 753
7 754
6 755
8 756
7 757
10 758
10 759
8 760
6 761
4 762
4 763
6 764
5 765
8 766
9 767
5 768
3 769
7 770
3 771
6 772
9 773
4 774
5 775
1 776
3 777
3 778
3 779
4 780
4 781
3 782
6 783
8 784
5 785
2 786
3 787
2 788
4 789
8 790
5 791
2 793
3 794
3 795
5 796
2 797
3 798
5 799
3 800
2 801
2 802
1 803
7 804
3 805
3 806
3 807
3 808
2 809
3 810
3 811
3 812
2 813
4 814
2 815
5 816
9 817
4 818
4 819
2 820
4 821
6 822
2 823
6 824
3 825
8 826
5 827
7 828
11 829
6 830
3 831
7 832
6 833
11 834
5 835
6 836
5 837
8 838
8 839
5 840
5 841
8 842
6 843
5 844
4 845
5 846
7 847
2 848
7 849
8 850
5 851
4 852
4 853
6 854
2 855
2 856
11 857
3 858
3 859
3 860
4 861
4 862
3 863
8 864
2 865
1 866
3 867
3 868
2 869
2 870
4 872
3 873
3 874
5 875
3 876
5 877
2 878
4 879
4 880
3 881
2 882
2 883
3 884
3 885
5 886
6 887
3 888
1 889
6 890
2 891
3 892
3 893
4 894
4 895
1 896
1 897
5 898
8 899
5 900
2 901
5 902
2 903
4 904
1 905
3 906
3 907
7 908
6 909
2 910
7 911
6 912
1 913
6 914
7 915
4 916
8 917
5 918
6 919
3 920
7 921
5 922
3 923
3 924
4 925
4 926
2 927
2 928
8 929
7 930
7 931
2 932
4 933
5 934
5 935
5 936
5 937
4 938
5 939
12 940
5 941
6 942
10 943
11 944
8 945
13 946
6 947
5 948
18 949
12 950
8 951
7 952
8 953
6 954
8 955
13 956
11 957
8 958
7 959
5 960
6 961
11 962
11 963
4 964
6 965
6 966
10 967
4 968
3 969
2 970
14 971
7 972
5 973
6 974
8 975
7 976
13 977
12 978
7 979
6 980
4 981
6 982
2 983
7 984
5 985
7 986
10 987
9 988
4 989
7 990
12 991
4 992
5 993
7 994
6 995
7 996
9 997
13 998
7 999
3 1000
9 1001
8 1002
7 1003
10 1004
14 1005
12 1006
10 1007
5 1008
7 1009
7 1010
9 1011
13 1012
7 1013
8 1014
7 1015
6 1016
8 1017
11 1018
15 1019
10 1020
13 1021
7 1022
7 1023
14 1024
18 1025
11 1026
17 1027
22 1028
14 1029
15 1030
21 1031
24 1032
19 1033
17 1034
24 1035
15 1036
33 1037
23 1038
24 1039
30 1040
32 1041
38 1042
32 1043
27 1044
37 1045
37 1046
35 1047
39 1048
42 1049
45 1050
43 1051
54 1052
46 1053
48 1054
58 1055
41 1056
47 1057
69 1058
53 1059
66 1060
48 1061
56 1062
52 1063
41 1064
47 1065
46 1066
47 1067
54 1068
43 1069
59 1070
45 1071
54 1072
42 1073
49 1074
41 1075
56 1076
50 1077
67 1078
75 1079
71 1080
73 1081
73 1082
85 1083
79 1084
96 1085
98 1086
99 1087
103 1088
122 1089
144 1090
139 1091
150 1092
152 1093
167 1094
146 1095
157 1096
169 1097
144 1098
168 1099
166 1100
159 1101
167 1102
158 1103
157 1104
149 1105
133 1106
138 1107
125 1108
97 1109
118 1110
95 1111
80 1112
71 1113
59 1114
50 1115
58 1116
43 1117
44 1118
36 1119
32 1120
28 1121
20 1122
24 1123
17 1124
12 1125
17 1126
11 1127
10 1128
10 1129
6 1130
9 1131
9 1132
9 1133
7 1134
3 1135
3 1136
5 1137
7 1138
8 1139
7 1140
5 1141
3 1142
4 1143
5 1144
3 1145
5 1146
8 1147
12 1148
4 1149
5 1150
4 1151
3 1152
3 1153
2 1154
5 1155
6 1156
12 1157
2 1158
8 1159
3 1160
9 1161
3 1162
5 1163
6 1164
11 1165
10 1166
18 1167
15 1168
7 1169
7 1170
16 1171
14 1172
15 1173
22 1174
9 1175
15 1176
15 1177
16 1178
14 1179
14 1180
15 1181
22 1182
15 1183
12 1184
13 1185
16 1186
13 1187
16 1188
20 1189
16 1190
20 1191
19 1192
23 1193
9 1194
12 1195
13 1196
13 1197
8 1198
12 1199
11 1200
13 1201
8 1202
10 1203
10 1204
4 1205
9 1206
6 1207
4 1208
1 1209
8 1210
3 1211
5 1212
5 1213
1 1214
1 1215
2 1216
1 1217
4 1218
3 1219
2 1220
5 1221
1 1222
2 1223
4 1224
2 1225
3 1226
3 1227
2 1228
1 1229
1 1230
2 1231
2 1232
1 1234
2 1237
3 1238
1 1239
3 1240
3 1241
1 1242
1 1243
2 1244
1 1246
1 1247
2 1248
1 1249
2 1250
2 1253
2 1254
5 1255
2 1256
3 1258
2 1259
2 1261
1 1263
2 1264
2 1265
2 1267
1 1268
2 1269
2 1270
1 1271
1 1272
2 1273
1 1274
3 1275
1 1276
2 1277
1 1278
5 1279
3 1280
1 1281
4 1282
4 1283
1 1284
1 1285
3 1287
3 1288
1 1289
3 1290
4 1291
2 1293
2 1295
6 1296
3 1297
5 1298
1 1300
2 1301
1 1302
2 1304
4 1305
1 1306
3 1308
2 1309
1 1311
1 1312
2 1313
5 1314
1 1315
2 1316
1 1317
3 1319
1 1322
2 1323
1 1324
2 1326
4 1327
2 1329
1 1330
3 1331
1 1332
3 1333
2 1334
1 1335
1 1336
1 1337
2 1338
1 1339
1 1340
1 1341
2 1342
1 1343
1 1344
1 1345
3 1347
2 1349
1 1352
4 1353
1 1354
3 1355
1 1357
1 1358
2 1359
1 1361
2 1362
1 1363
1 1364
1 1365
2 1367
1 1368
5 1369
3 1372
4 1373
4 1374
1 1375
2 1376
1 1377
3 1379
3 1380
2 1381
4 1382
2 1383
1 1384
2 1385
3 1386
1 1387
1 1388
3 1389
2 1390
3 1391
2 1392
5 1393
4 1394
5 1395
1 1396
2 1397
3 1398
2 1399
4 1400
1 1401
4 1402
4 1403
4 1404
3 1405
3 1406
4 1407
1 1408
3 1409
1 1410
3 1411
6 1412
1 1415
3 1416
1 1417
5 1418
1 1419
2 1420
2 1421
1 1422
2 1423
3 1424
2 1425
1 1426
2 1427
1 1428
1 1429
5 1430
1 1431
3 1432
1 1433
2 1434
1 1435
1 1436
1 1437
2 1438
2 1439
2 1440
2 1441
2 1442
1 1444
1 1446
1 1447
3 1448
1 1449
2 1450
2 1451
3 1452
1 1453
2 1456
1 1458
1 1459
1 1460
2 1461
3 1462
2 1463
1 1464
1 1465
4 1467
4 1468
1 1469
1 1470
2 1471
1 1472
3 1473
2 1475
1 1477
1 1478
1 1479
1 1480
2 1483
1 1485
2 1487
4 1488
1 1489
1 1491
3 1492
4 1493
3 1494
1 1496
1 1497
2 1499
2 1501
2 1503
2 1504
2 1505
3 1506
1 1507
3 1508
5 1512
3 1518
2 1519
1 1521
3 1522
2 1523
3 1524
1 1527
1 1528
1 1530
1 1531
1 1533
1 1534
1 1535
2 1536
2 1537
3 1538
3 1539
3 1545
1 1546
2 1547
1 1548
1 1549
4 1550
2 1551
2 1552
2 1553
1 1554
4 1555
2 1556
1 1557
2 1558
4 1559
3 1561
5 1562
1 1564
2 1565
2 1566
4 1567
3 1568
4 1569
1 1570
5 1571
3 1573
2 1574
1 1575
2 1577
3 1578
2 1579
5 1580
3 1581
3 1582
4 1583
4 1584
2 1586
2 1587
2 1588
4 1589
3 1590
6 1591
1 1592
3 1593
4 1594
4 1595
3 1596
2 1597
3 1598
3 1599
7 1600
6 1601
1 1602
6 1603
4 1604
4 1605
4 1606
7 1607
6 1608
6 1609
6 1610
8 1611
2 1612
2 1613
3 1614
4 1615
7 1616
5 1617
7 1618
5 1619
4 1620
8 1621
8 1622
9 1623
6 1624
7 1625
5 1626
8 1627
8 1628
4 1629
10 1630
9 1631
5 1632
4 1633
7 1634
11 1635
6 1636
10 1637
8 1638
10 1639
7 1640
5 1641
8 1642
8 1643
5 1644
6 1645
9 1646
10 1647
10 1648
13 1649
10 1650
11 1651
8 1652
8 1653
9 1654
5 1655
11 1656
6 1657
6 1658
8 1659
6 1660
7 1661
6 1662
9 1663
4 1664
3 1665
7 1666
7 1667
4 1668
6 1669
4 1670
4 1671
8 1672
7 1673
11 1674
14 1675
7 1676
9 1677
3 1678
10 1679
6 1680
9 1681
11 1682
13 1683
4 1684
7 1685
10 1686
14 1687
14 1688
17 1689
7 1690
9 1691
20 1692
24 1693
21 1694
18 1695
11 1696
17 1697
23 1698
19 1699
18 1700
29 1701
18 1702
28 1703
29 1704
29 1705
17 1706
32 1707
31 1708
38 1709
38 1710
29 1711
47 1712
28 1713
33 1714
37 1715
46 1716
49 1717
48 1718
55 1719
55 1720
52 1721
52 1722
41 1723
67 1724
62 1725
55 1726
61 1727
49 1728
61 1729
59 1730
57 1731
45 1732
58 1733
31 1734
57 1735
53 1736
38 1737
40 1738
38 1739
36 1740
40 1741
26 1742
30 1743
35 1744
26 1745
27 1746
29 1747
33 1748
34 1749
16 1750
26 1751
28 1752
20 1753
20 1754
12 1755
15 1756
11 1757
17 1758
8 1759
15 1760
16 1761
16 1762
14 1763
13 1764
12 1765
5 1766
12 1767
11 1768
11 1769
11 1770
8 1771
9 1772
9 1773
11 1774
7 1775
11 1776
11 1777
8 1778
6 1779
10 1780
3 1781
9 1782
7 1783
5 1784
7 1785
2 1786
5 1787
5 1788
3 1789
6 1790
4 1791
3 1792
5 1793
2 1795
3 1796
2 1797
4 1798
2 1799
3 1800
2 1801
1 1802
4 1803
3 1804
3 1805
1 1806
3 1807
4 1808
2 1809
3 1810
4 1811
4 1812
2 1813
1 1814
5 1815
1 1816
2 1817
1 1818
2 1819
2 1820
1 1821
1 1822
1 1823
1 1824
2 1825
2 1827
1 1829
4 1831
1 1832
3 1833
4 1834
1 1836
1 1837
2 1838
2 1839
2 1840
3 1841
2 1843
8 1844
2 1845
1 1846
4 1847
2 1848
2 1849
4 1851
2 1852
5 1854
6 1855
3 1856
1 1857
1 1858
4 1860
2 1861
5 1862
3 1863
3 1864
3 1865
2 1867
2 1868
3 1869
3 1870
5 1871
1 1872
2 1873
5 1874
2 1875
3 1876
3 1877
4 1878
5 1879
5 1880
3 1881
6 1882
6 1883
1 1884
4 1885
4 1886
3 1887
6 1888
4 1889
5 1890
9 1891
7 1892
10 1893
5 1894
6 1895
5 1896
5 1897
12 1898
8 1899
12 1900
10 1901
8 1902
5 1903
10 1904
10 1905
23 1906
12 1907
14 1908
20 1909
18 1910
22 1911
16 1912
18 1913
16 1914
25 1915
22 1916
23 1917
25 1918
27 1919
31 1920
28 1921
19 1922
26 1923
20 1924
19 1925
22 1926
21 1927
17 1928
24 1929
13 1930
23 1931
13 1932
18 1933
18 1934
9 1935
19 1936
14 1937
14 1938
13 1939
8 1940
11 1941
10 1942
4 1943
10 1944
8 1945
7 1946
4 1947
7 1948
8 1949
5 1950
5 1951
7 1952
7 1953
3 1954
3 1955
1 1956
3 1957
2 1958
2 1959
2 1960
1 1961
1 1962
2 1963
2 1964
1 1965
2 1966
1 1967
1 1970
1 1971
1 1973
1 1978
1 1979
1 1980
1 1984
1 1986
1 1987
1 1996
2 2014
1 2036
1 2059
1 2061
1 2081
1 2090
1 2094
1 2098
1 2125
1 2127
1 2128
1 2150
1 2193
1 2217
1 2233
1 2240
1 2245
1 2254
1 2267
1 2275
1 2291
1 2296
1 2309
1 2336
1 2358
1 2374
1 2375
1 2385
1 2423
1 2424
1 2437
1 2438
1 2440
1 2472
1 2476
1 2482
1 2483
1 2516
1 2534
1 2545
1 2549
1 2558
1 2588
1 2590
1 2613
1 2616
1 2625
1 2626
1 2627
1 2641
1 2651
1 2674
1 2679
1 2683
1 2684
1 2694
1 2701
1 2751
1 2784
1 2812
1 2956
1 3175
1 3330
1 3549
1 3653
1 3728
1 4006
1 4314
1 4991
