1 1
3 5
1 6
2 7
1 9
2 10
2 13
4 14
1 15
3 16
1 20
1 21
2 22
2 26
2 27
2 28
1 29
2 30
2 31
1 34
3 35
2 38
2 39
4 40
1 41
5 42
3 43
4 44
1 45
2 46
6 47
2 48
3 49
3 50
1 53
4 54
1 55
3 56
3 57
4 58
1 60
4 61
4 62
1 63
3 64
1 65
1 66
5 67
3 68
9 69
4 71
11 72
8 73
4 74
2 75
1 76
2 77
1 79
3 80
3 81
4 82
4 83
6 84
4 86
5 87
1 88
2 89
1 90
1 91
3 92
1 93
1 94
2 95
2 96
7 97
2 98
4 99
2 100
3 101
1 102
4 103
1 104
2 105
2 106
2 107
4 108
3 109
5 110
4 111
3 112
4 113
5 114
4 115
2 116
2 117
4 118
5 119
3 120
7 122
4 123
3 124
2 126
2 127
2 128
4 129
1 130
3 131
2 132
3 133
5 134
1 135
1 136
4 137
2 139
3 140
4 141
8 142
1 143
4 144
2 145
4 146
4 147
7 149
6 150
3 151
2 152
4 153
2 154
3 155
2 156
3 157
2 158
2 160
3 161
3 162
3 163
2 164
3 165
2 166
5 167
1 168
5 169
6 170
4 171
3 172
3 173
4 174
4 175
6 176
4 177
2 178
5 179
9 180
4 181
4 182
1 183
4 184
3 185
2 186
2 187
1 188
6 189
2 190
3 191
3 192
7 193
8 194
4 195
4 196
4 197
5 198
6 199
6 200
4 201
7 202
7 203
3 204
4 205
2 206
5 207
6 208
3 209
8 210
2 211
3 212
4 213
3 214
5 215
4 216
4 217
7 218
4 219
6 220
3 221
6 222
6 223
4 224
5 225
4 226
2 227
6 228
5 229
8 230
6 231
6 232
8 233
5 234
5 235
7 236
2 237
3 238
5 239
4 240
5 241
4 242
4 243
5 244
6 245
7 246
8 247
6 248
7 249
3 250
6 251
1 252
5 253
5 254
1 255
4 256
8 257
3 258
10 259
5 260
7 261
6 262
5 263
4 264
8 265
14 266
8 267
6 268
10 269
9 270
6 271
9 272
7 273
7 274
6 275
10 276
9 277
9 278
14 279
9 280
11 281
14 282
22 283
9 284
13 285
20 286
24 287
14 288
9 289
23 290
17 291
22 292
17 293
24 294
30 295
10 296
17 297
13 298
14 299
11 300
21 301
18 302
27 303
18 304
15 305
15 306
16 307
11 308
16 309
9 310
15 311
19 312
23 313
18 314
25 315
23 316
31 317
32 318
27 319
24 320
23 321
20 322
18 323
17 324
17 325
22 326
21 327
19 328
23 329
26 330
18 331
12 332
31 333
20 334
35 335
35 336
42 337
34 338
39 339
51 340
65 341
81 342
75 343
87 344
101 345
116 346
110 347
131 348
131 349
150 350
181 351
183 352
218 353
246 354
253 355
257 356
252 357
258 358
262 359
256 360
225 361
219 362
156 363
188 364
123 365
118 366
100 367
71 368
51 369
54 370
51 371
41 372
42 373
32 374
29 375
31 376
17 377
15 378
41 379
21 380
21 381
34 382
29 383
34 384
36 385
29 386
39 387
52 388
36 389
51 390
37 391
52 392
43 393
56 394
45 395
54 396
52 397
52 398
65 399
65 400
48 401
44 402
45 403
48 404
45 405
38 406
44 407
40 408
37 409
34 410
35 411
37 412
43 413
42 414
44 415
39 416
43 417
47 418
69 419
62 420
64 421
70 422
75 423
71 424
92 425
111 426
111 427
131 428
142 429
144 430
205 431
192 432
207 433
178 434
230 435
221 436
236 437
208 438
246 439
234 440
223 441
219 442
187 443
166 444
166 445
160 446
142 447
111 448
101 449
83 450
106 451
97 452
77 453
73 454
69 455
53 456
56 457
58 458
58 459
63 460
35 461
50 462
50 463
47 464
45 465
47 466
39 467
46 468
44 469
45 470
43 471
35 472
42 473
39 474
37 475
44 476
26 477
25 478
23 479
33 480
21 481
35 482
15 483
19 484
24 485
23 486
19 487
31 488
13 489
29 490
20 491
16 492
22 493
13 494
25 495
25 496
36 497
39 498
33 499
23 500
51 501
33 502
50 503
43 504
44 505
54 506
55 507
69 508
63 509
71 510
72 511
74 512
98 513
89 514
94 515
104 516
103 517
96 518
112 519
97 520
106 521
92 522
77 523
82 524
76 525
59 526
45 527
48 528
57 529
36 530
44 531
26 532
29 533
39 534
24 535
34 536
22 537
24 538
25 539
21 540
26 541
17 542
17 543
14 544
17 545
21 546
16 547
29 548
31 549
22 550
18 551
24 552
34 553
30 554
28 555
27 556
20 557
38 558
37 559
33 560
57 561
39 562
54 563
50 564
55 565
59 566
55 567
48 568
60 569
71 570
77 571
78 572
80 573
110 574
98 575
114 576
120 577
151 578
147 579
157 580
173 581
202 582
258 583
271 584
293 585
275 586
353 587
322 588
373 589
384 590
402 591
453 592
382 593
399 594
392 595
371 596
352 597
355 598
287 599
290 600
267 601
209 602
165 603
176 604
125 605
117 606
85 607
75 608
72 609
57 610
38 611
45 612
40 613
31 614
19 615
17 616
11 617
19 618
18 619
12 620
14 621
11 622
17 623
8 624
11 625
6 626
12 627
10 628
7 629
11 630
10 631
7 632
10 633
7 634
7 635
8 636
6 637
7 638
13 639
9 640
6 641
5 642
7 643
6 644
10 645
11 646
11 647
10 648
7 649
15 650
9 651
15 652
7 653
15 654
10 655
12 656
12 657
15 658
18 659
13 660
12 661
13 662
15 663
9 664
18 665
16 666
15 667
16 668
12 669
19 670
10 671
11 672
12 673
15 674
12 675
13 676
16 677
20 678
11 679
13 680
9 681
11 682
6 683
9 684
5 685
12 686
11 687
16 688
6 689
10 690
15 691
8 692
12 693
13 694
5 695
12 696
9 697
11 698
12 699
13 700
10 701
16 702
15 703
13 704
16 705
12 706
17 707
26 708
12 709
16 710
21 711
19 712
28 713
22 714
28 715
21 716
26 717
39 718
43 719
43 720
41 721
60 722
43 723
37 724
57 725
74 726
79 727
90 728
81 729
93 730
91 731
92 732
134 733
157 734
139 735
185 736
195 737
199 738
245 739
260 740
308 741
310 742
325 743
338 744
355 745
371 746
420 747
410 748
430 749
400 750
427 751
397 752
385 753
369 754
306 755
316 756
299 757
286 758
249 759
226 760
213 761
183 762
162 763
148 764
132 765
131 766
102 767
90 768
79 769
85 770
90 771
57 772
58 773
57 774
54 775
35 776
31 777
34 778
46 779
28 780
29 781
25 782
18 783
23 784
9 785
19 786
19 787
19 788
17 789
16 790
19 791
13 792
12 793
12 794
12 795
7 796
15 797
10 798
12 799
10 800
8 801
12 802
11 803
15 804
11 805
8 806
8 807
11 808
13 809
11 810
14 811
7 812
3 813
10 814
9 815
9 816
4 817
2 818
4 819
8 820
6 821
9 822
7 823
1 824
12 825
6 826
3 827
2 828
1 829
8 830
6 831
7 832
6 833
9 834
9 835
5 836
7 837
7 838
7 839
10 840
11 841
6 842
12 843
10 844
7 845
12 846
9 847
11 848
17 849
15 850
21 851
12 852
16 853
23 854
19 855
22 856
23 857
23 858
23 859
21 860
24 861
27 862
39 863
25 864
31 865
38 866
38 867
29 868
45 869
27 870
44 871
45 872
57 873
49 874
46 875
64 876
70 877
73 878
65 879
64 880
64 881
62 882
92 883
76 884
58 885
84 886
68 887
75 888
74 889
63 890
62 891
56 892
62 893
61 894
60 895
45 896
43 897
45 898
42 899
38 900
36 901
35 902
36 903
27 904
29 905
20 906
36 907
28 908
22 909
16 910
18 911
19 912
13 913
21 914
9 915
15 916
7 917
8 918
6 919
8 920
8 921
6 922
6 923
9 924
1 925
5 926
3 927
4 928
6 929
4 930
3 931
2 932
2 933
2 934
2 936
4 937
1 938
3 939
5 940
3 941
2 942
3 943
1 944
2 945
4 946
3 947
1 948
2 949
6 950
1 951
1 952
5 953
1 954
1 955
3 956
1 957
4 958
1 959
4 960
4 961
1 962
2 963
1 964
1 965
1 966
2 967
2 968
2 969
7 970
1 971
2 972
1 973
3 974
2 975
2 976
2 977
3 978
3 979
1 980
1 981
1 982
1 986
1 987
1 990
2 991
1 992
1 995
2 997
2 999
1 1000
1 1003
3 1010
1 1021
1 1022
1 1023
2 1025
1 1026
1 1031
2 1033
1 1040
2 1044
1 1045
1 1058
1 1059
2 1060
1 1061
1 1063
1 1064
1 1065
1 1066
1 1072
1 1075
1 1077
1 1078
1 1079
1 1088
2 1089
1 1090
1 1096
2 1097
1 1099
1 1102
1 1105
1 1109
1 1113
1 1114
2 1118
1 1119
1 1121
2 1122
1 1123
3 1124
1 1126
1 1129
1 1130
2 1132
1 1133
2 1134
3 1135
1 1137
3 1138
1 1141
1 1142
1 1143
1 1145
1 1148
2 1155
1 1156
2 1157
1 1162
1 1163
1 1164
1 1168
2 1171
2 1172
1 1177
1 1178
2 1180
2 1183
1 1188
1 1193
1 1194
1 1196
1 1197
1 1199
1 1200
1 1202
1 1204
1 1205
1 1207
1 1208
1 1212
1 1213
1 1214
1 1216
2 1218
1 1219
1 1220
1 1221
1 1222
1 1223
1 1224
1 1230
2 1231
1 1234
1 1237
2 1242
1 1245
1 1246
1 1247
2 1248
2 1250
1 1251
4 1252
1 1253
1 1254
2 1257
2 1258
3 1259
1 1261
1 1262
3 1263
2 1266
2 1267
1 1268
1 1269
2 1270
2 1272
1 1273
1 1274
1 1276
1 1277
1 1278
2 1280
2 1283
1 1284
1 1287
1 1288
1 1290
1 1292
1 1295
3 1296
1 1297
1 1298
1 1302
2 1305
1 1306
1 1307
2 1310
3 1311
1 1312
2 1313
2 1314
1 1321
1 1324
2 1325
1 1326
1 1329
1 1330
1 1332
2 1335
1 1337
2 1338
1 1339
1 1340
2 1341
1 1342
1 1343
2 1349
1 1351
1 1353
2 1354
1 1358
1 1360
1 1361
1 1362
1 1363
1 1364
4 1365
3 1366
2 1367
4 1368
1 1369
1 1370
1 1371
1 1372
2 1376
1 1377
3 1380
1 1382
2 1384
1 1385
1 1386
1 1387
3 1389
1 1390
1 1391
1 1393
1 1394
3 1395
1 1396
1 1397
1 1398
1 1399
3 1400
2 1401
2 1402
1 1403
2 1405
2 1406
2 1407
1 1408
1 1410
2 1411
2 1413
2 1414
2 1415
1 1416
1 1417
7 1418
1 1419
2 1420
1 1421
1 1423
2 1424
2 1425
1 1426
1 1428
1 1429
2 1430
1 1431
3 1432
1 1433
3 1435
2 1436
2 1437
1 1438
1 1439
1 1440
3 1441
1 1442
2 1443
2 1444
1 1445
1 1447
4 1448
2 1449
2 1450
4 1451
2 1454
2 1455
1 1456
1 1457
2 1459
1 1461
2 1462
4 1463
1 1464
1 1466
3 1467
1 1468
1 1469
1 1470
3 1471
2 1472
2 1473
3 1474
2 1475
1 1476
2 1477
1 1478
1 1479
1 1480
2 1485
3 1486
2 1490
1 1491
4 1492
2 1493
1 1495
5 1496
3 1497
2 1498
1 1500
2 1503
3 1504
6 1505
6 1506
2 1507
3 1508
5 1509
5 1510
5 1511
4 1512
3 1513
5 1514
4 1515
1 1516
2 1517
6 1518
6 1519
4 1520
9 1521
3 1522
7 1524
2 1525
2 1526
7 1527
5 1528
3 1529
5 1530
4 1531
8 1532
2 1533
7 1534
5 1535
4 1536
4 1537
5 1538
4 1539
4 1540
3 1541
5 1542
3 1543
8 1544
3 1545
6 1546
4 1547
3 1548
4 1549
4 1550
5 1551
6 1552
8 1553
8 1554
10 1555
5 1556
2 1557
6 1558
5 1559
6 1560
7 1561
7 1562
9 1563
9 1564
11 1565
8 1566
11 1567
7 1568
13 1569
14 1570
11 1571
7 1572
5 1573
15 1574
8 1575
6 1576
6 1577
9 1578
8 1579
12 1580
10 1581
4 1582
8 1583
8 1584
7 1585
10 1586
11 1587
14 1588
12 1589
17 1590
13 1591
8 1592
19 1593
14 1594
13 1595
14 1596
17 1597
14 1598
16 1599
14 1600
11 1601
22 1602
18 1603
18 1604
20 1605
19 1606
23 1607
29 1608
29 1609
24 1610
34 1611
23 1612
36 1613
29 1614
31 1615
27 1616
30 1617
19 1618
28 1619
40 1620
32 1621
23 1622
29 1623
34 1624
22 1625
19 1626
22 1627
35 1628
18 1629
27 1630
21 1631
30 1632
17 1633
15 1634
15 1635
14 1636
9 1637
9 1638
9 1639
10 1640
8 1641
11 1642
5 1643
9 1644
9 1645
13 1646
6 1647
3 1648
3 1649
9 1651
3 1652
4 1653
3 1654
5 1655
4 1656
4 1657
2 1658
1 1659
4 1660
2 1661
1 1663
1 1664
1 1665
3 1667
1 1669
2 1670
1 1674
1 1675
1 1676
2 1681
2 1682
1 1696
1 1700
1 1702
1 1706
1 1711
2 1713
1 1714
1 1723
1 1724
1 1728
1 1735
1 1742
1 1744
1 1754
1 1755
3 1757
1 1758
1 1763
2 1765
1 1767
1 1769
1 1773
1 1774
1 1777
1 1783
1 1785
1 1786
1 1789
1 1790
1 1791
1 1793
1 1800
1 1801
1 1803
1 1804
1 1806
1 1811
1 1812
1 1821
1 1826
1 1827
2 1834
1 1836
1 1840
1 1847
1 1851
1 1852
1 1855
1 1857
1 1858
2 1860
1 1861
1 1862
1 1864
1 1865
1 1866
2 1867
1 1868
2 1869
1 1873
1 1875
1 1876
1 1878
1 1879
3 1880
1 1881
1 1882
3 1883
2 1885
2 1886
1 1887
1 1891
1 1895
1 1897
1 1901
1 1908
1 1909
1 1912
2 1916
1 1918
1 1920
1 1921
2 1927
1 1928
2 1929
1 1930
1 1931
1 1933
2 1934
1 1935
2 1946
1 1949
2 1951
1 1952
1 1954
2 1957
2 1958
3 1960
1 1961
1 1962
1 1965
2 1966
1 1967
1 1968
1 1972
4 1973
1 1974
2 1975
1 1976
2 1977
1 1978
2 1979
1 1980
1 1981
2 1982
2 1983
1 1984
2 1985
4 1986
3 1987
1 1988
2 1989
5 1990
4 1991
3 1992
3 1993
3 1994
2 1995
3 1996
4 1997
4 1998
2 1999
3 2000
5 2001
5 2002
3 2003
3 2004
3 2005
2 2006
8 2007
5 2008
2 2009
7 2010
2 2011
5 2012
8 2013
8 2014
5 2015
4 2016
6 2017
3 2018
6 2019
3 2020
3 2021
4 2022
4 2023
5 2024
5 2025
4 2026
7 2027
4 2028
2 2029
4 2030
4 2031
4 2032
2 2034
4 2037
3 2038
1 2040
2 2041
4 2042
2 2043
2 2044
2 2045
1 2046
4 2049
3 2051
1 2055
1 2058
2 2064
1 2065
1 2068
1 2070
1 2071
1 2072
1 2073
3 2077
2 2078
1 2079
3 2082
2 2086
1 2087
1 2088
1 2089
2 2091
2 2092
1 2093
1 2096
2 2097
1 2099
1 2100
1 2102
1 2105
1 2106
2 2107
1 2110
1 2112
1 2115
1 2116
1 2118
2 2119
3 2121
2 2123
1 2124
1 2126
1 2127
1 2129
1 2132
1 2134
2 2136
1 2140
2 2141
3 2146
1 2150
1 2158
1 2160
1 2161
1 2166
1 2169
1 2170
1 2173
1 2202
1 2215
1 2223
1 2225
1 2234
1 2238
1 2241
1 2243
1 2251
1 2269
1 2275
1 2279
1 2287
1 2298
1 2299
1 2327
1 2330
1 2332
1 2354
1 2356
1 2357
1 2366
1 2368
1 2371
1 2372
1 2373
1 2375
1 2377
1 2382
1 2389
1 2406
1 2412
1 2413
1 2415
1 2416
1 2419
1 2422
2 2440
1 2442
2 2462
1 2463
1 2474
1 2484
2 2485
1 2490
1 2499
1 2500
1 2502
1 2504
1 2505
1 2519
1 2522
1 2526
1 2531
1 2534
1 2546
2 2551
1 2566
1 2569
1 2570
1 2575
1 2576
1 2580
1 2581
1 2586
1 2592
1 2596
1 2609
1 2615
1 2621
1 2674
1 2676
1 2682
1 2687
1 2695
1 2697
1 2702
1 2711
1 2712
1 2715
1 2724
1 2726
1 2733
1 2736
1 2750
1 2752
1 2754
1 2755
1 2764
1 2768
1 2780
1 2783
1 2793
1 2807
1 2814
1 2818
1 2822
1 2840
1 2844
1 2849
1 2851
1 2889
1 2916
1 2941
1 2948
1 2958
1 2959
1 2961
1 2965
1 2973
1 2974
1 2993
1 2994
1 2996
1 3000
1 3004
1 3005
2 3006
1 3009
1 3016
1 3020
1 3025
1 3031
2 3033
1 3034
1 3042
1 3045
1 3047
2 3049
1 3051
1 3052
1 3054
1 3056
1 3058
1 3060
1 3062
1 3063
2 3064
1 3066
1 3067
1 3068
1 3069
2 3070
2 3073
2 3074
1 3076
2 3077
1 3078
1 3080
2 3081
1 3082
3 3083
2 3084
2 3086
3 3089
2 3090
1 3091
2 3093
2 3094
2 3096
2 3097
2 3098
4 3099
1 3101
1 3103
2 3104
2 3109
1 3111
5 3112
3 3113
3 3114
1 3115
2 3117
2 3119
2 3120
1 3121
2 3124
2 3125
2 3126
1 3128
1 3131
1 3134
1 3135
1 3144
1 3145
1 3146
1 3147
1 3162
1 3163
2 3172
1 3183
1 3188
1 3200
1 3206
1 3207
1 3216
1 3224
1 3226
1 3228
1 3233
1 3237
1 3240
2 3241
1 3246
2 3248
1 3256
2 3260
1 3336
1 3348
1 3373
1 3419
1 3435
1 3520
1 3525
1 3542
1 3662
1 3664
1 3744
1 4242
