1 5
1 6
1 7
1 9
1 10
3 16
1 17
1 19
3 23
1 24
1 25
3 26
3 27
2 28
1 29
1 30
3 32
1 33
1 35
1 37
1 38
1 39
1 40
1 41
2 42
2 43
5 44
4 45
4 46
3 47
1 48
3 49
4 50
2 51
1 54
1 55
1 56
2 57
2 58
2 59
2 62
2 65
2 66
3 67
2 68
3 69
4 70
1 71
5 72
2 73
2 74
5 75
4 78
1 79
1 80
5 81
2 83
5 84
2 85
1 87
1 88
1 90
1 91
4 92
1 94
1 95
1 96
1 97
1 98
3 99
3 101
2 103
2 104
5 105
2 106
3 107
3 108
4 109
1 110
4 111
3 112
7 113
1 114
3 116
2 117
4 118
3 120
2 121
3 122
1 123
2 124
3 125
2 126
3 127
2 128
2 129
3 130
1 131
4 132
2 133
1 135
2 136
1 137
4 138
3 139
1 141
1 142
3 143
1 144
2 145
1 146
3 147
1 148
3 149
4 150
2 151
1 152
2 153
4 154
3 155
1 156
4 157
2 158
2 159
6 160
2 161
3 162
1 163
6 164
2 165
6 166
4 167
3 168
1 169
10 170
4 171
3 172
5 173
5 174
3 175
3 176
4 177
3 178
1 179
7 180
2 181
2 182
2 183
3 184
1 185
3 186
4 187
3 188
4 189
1 190
5 191
4 192
12 195
4 196
2 197
2 198
1 199
2 200
3 201
2 202
3 203
5 204
2 205
3 206
1 207
2 209
5 210
2 211
3 212
4 213
3 214
4 215
7 216
1 217
5 218
2 220
4 221
4 222
4 223
3 224
2 225
1 226
7 227
4 228
5 229
4 230
3 231
4 232
6 233
2 234
3 235
3 236
7 237
6 238
5 240
9 241
5 242
3 243
5 244
3 245
3 246
5 247
4 248
5 249
5 250
3 251
4 252
3 253
7 254
6 255
5 256
6 257
3 258
1 259
6 260
6 261
2 262
7 263
9 264
6 265
4 266
2 267
5 268
5 269
8 270
4 271
2 272
6 273
2 274
3 275
5 276
2 277
10 278
4 279
3 280
7 281
4 282
8 283
7 284
11 285
7 286
13 287
18 288
13 289
12 290
9 291
9 292
11 293
11 294
17 295
17 296
20 297
16 298
11 299
14 300
11 301
7 302
5 303
17 304
6 305
6 306
11 307
6 308
12 309
9 310
11 311
11 312
8 313
10 314
11 315
6 316
11 317
13 318
14 319
15 320
12 321
17 322
16 323
9 324
5 325
9 326
10 327
7 328
9 329
12 330
12 331
7 332
17 333
8 334
10 335
6 336
15 337
15 338
24 339
12 340
15 341
21 342
22 343
34 344
17 345
40 346
36 347
28 348
39 349
40 350
57 351
53 352
51 353
71 354
60 355
85 356
80 357
103 358
83 359
83 360
82 361
54 362
72 363
59 364
58 365
53 366
32 367
31 368
31 369
27 370
15 371
22 372
18 373
14 374
8 375
20 376
10 377
13 378
14 379
10 380
18 381
11 382
14 383
8 384
4 385
9 386
19 387
16 388
14 389
4 390
12 391
16 392
16 393
12 394
14 395
15 396
23 397
20 398
27 399
27 400
18 401
18 402
22 403
24 404
15 405
26 406
25 407
26 408
12 409
23 410
18 411
12 412
21 413
23 414
22 415
21 416
15 417
17 418
21 419
22 420
28 421
25 422
29 423
42 424
34 425
38 426
47 427
49 428
47 429
55 430
64 431
68 432
88 433
66 434
85 435
82 436
72 437
104 438
82 439
85 440
78 441
65 442
60 443
77 444
57 445
52 446
49 447
45 448
52 449
28 450
35 451
32 452
33 453
36 454
32 455
31 456
30 457
20 458
26 459
15 460
19 461
24 462
22 463
18 464
21 465
16 466
17 467
15 468
11 469
16 470
15 471
11 472
14 473
25 474
14 475
17 476
12 477
14 478
8 479
16 480
19 481
9 482
10 483
16 484
9 485
14 486
8 487
8 488
5 489
12 490
15 491
8 492
9 493
11 494
11 495
20 496
12 497
13 498
16 499
10 500
20 501
26 502
21 503
23 504
21 505
30 506
30 507
41 508
23 509
34 510
30 511
38 512
44 513
34 514
53 515
45 516
47 517
58 518
48 519
45 520
32 521
28 522
34 523
52 524
30 525
28 526
23 527
19 528
18 529
20 530
11 531
15 532
15 533
9 534
7 535
11 536
11 537
8 538
9 539
11 540
6 541
8 542
11 543
8 544
9 545
14 546
7 547
4 548
10 549
13 550
7 551
9 552
16 553
9 554
14 555
13 556
7 557
27 558
22 559
15 560
14 561
24 562
12 563
21 564
20 565
22 566
24 567
29 568
32 569
32 570
38 571
41 572
31 573
32 574
51 575
48 576
54 577
46 578
61 579
67 580
72 581
78 582
104 583
91 584
122 585
120 586
129 587
124 588
140 589
180 590
164 591
173 592
161 593
172 594
176 595
153 596
159 597
154 598
122 599
118 600
103 601
98 602
92 603
82 604
50 605
50 606
40 607
37 608
29 609
28 610
24 611
22 612
17 613
17 614
13 615
12 616
16 617
5 618
9 619
5 620
7 621
6 622
11 623
10 624
9 625
8 626
8 627
1 628
11 629
7 630
2 631
7 632
7 633
3 634
4 635
10 636
4 637
5 638
4 639
5 640
3 641
8 642
3 643
4 644
8 645
7 646
5 647
5 648
1 649
2 650
5 651
4 652
5 653
5 654
1 655
4 656
7 657
6 658
5 659
9 660
7 661
4 662
5 663
2 664
13 665
6 666
5 667
10 668
6 669
4 670
3 671
10 672
7 673
8 674
7 675
9 676
6 677
9 678
7 679
10 680
5 681
6 682
6 683
4 684
5 685
7 686
8 687
11 688
2 689
11 690
8 691
8 692
7 693
6 694
3 695
7 696
4 697
10 698
9 699
8 700
16 701
5 702
10 703
6 704
14 705
7 706
7 707
10 708
10 709
10 710
17 711
17 712
23 713
15 714
14 715
19 716
18 717
34 718
16 719
28 720
25 721
32 722
42 723
25 724
33 725
33 726
36 727
56 728
60 729
59 730
64 731
75 732
91 733
83 734
86 735
119 736
113 737
122 738
148 739
160 740
160 741
181 742
189 743
221 744
247 745
263 746
239 747
229 748
254 749
265 750
260 751
262 752
240 753
222 754
250 755
183 756
211 757
175 758
144 759
126 760
139 761
128 762
111 763
86 764
101 765
85 766
72 767
57 768
62 769
56 770
39 771
52 772
49 773
45 774
22 775
29 776
22 777
24 778
23 779
22 780
23 781
19 782
25 783
18 784
5 785
10 786
10 787
10 788
13 789
14 790
19 791
7 792
15 793
12 794
11 795
12 796
14 797
11 798
11 799
11 800
8 801
7 802
15 803
8 804
2 805
6 806
9 807
8 808
6 809
8 810
7 811
8 812
6 813
6 814
10 815
7 816
2 817
4 818
10 819
3 820
5 821
2 822
7 823
6 824
2 825
4 826
4 827
4 828
5 829
5 830
2 831
3 832
7 833
1 834
9 835
5 836
3 837
7 838
7 839
13 840
4 841
6 842
10 843
15 844
4 845
10 846
3 847
3 848
9 849
14 850
8 851
15 852
12 853
4 854
10 855
21 856
12 857
10 858
10 859
17 860
16 861
19 862
21 863
20 864
16 865
25 866
21 867
17 868
24 869
23 870
26 871
32 872
30 873
23 874
32 875
30 876
37 877
40 878
39 879
48 880
44 881
34 882
42 883
47 884
57 885
55 886
42 887
40 888
45 889
42 890
31 891
41 892
47 893
24 894
30 895
33 896
36 897
40 898
29 899
14 900
21 901
23 902
14 903
19 904
15 905
9 906
23 907
19 908
15 909
15 910
18 911
7 912
11 913
14 914
12 915
11 916
17 917
7 918
5 919
8 920
4 921
5 922
5 923
5 924
5 925
2 926
6 927
1 928
3 929
4 930
5 931
7 932
2 933
2 934
1 935
2 936
2 937
2 938
3 939
1 940
2 941
4 942
1 943
1 944
3 946
2 947
3 948
1 949
3 950
2 951
1 952
5 955
2 956
2 957
3 958
1 959
2 960
4 961
3 962
3 963
1 964
3 965
3 966
2 967
1 969
1 970
5 971
1 972
2 973
1 974
2 975
2 976
3 977
2 978
1 979
1 980
3 981
2 983
3 984
4 985
3 987
1 988
1 990
1 992
2 998
1 1003
2 1005
2 1007
1 1009
1 1011
1 1012
2 1013
1 1014
1 1015
1 1016
1 1018
1 1022
1 1027
1 1030
1 1031
1 1035
1 1036
1 1039
2 1040
1 1042
1 1046
2 1047
1 1049
1 1051
1 1053
1 1055
1 1056
1 1058
1 1062
1 1066
1 1068
1 1070
1 1071
1 1075
1 1076
1 1078
1 1079
1 1080
1 1081
1 1083
1 1086
3 1088
1 1089
2 1090
1 1094
2 1100
1 1101
2 1109
2 1112
1 1113
1 1114
1 1115
2 1118
1 1121
2 1122
1 1131
2 1134
1 1136
1 1137
1 1139
2 1140
2 1141
1 1144
2 1146
2 1147
1 1148
1 1149
1 1150
1 1151
1 1153
1 1154
1 1157
1 1158
1 1160
2 1162
1 1163
3 1170
1 1171
1 1173
1 1177
1 1179
2 1182
1 1184
1 1186
1 1189
1 1190
1 1192
4 1193
1 1196
1 1197
1 1198
2 1199
1 1200
1 1202
1 1203
1 1206
2 1207
1 1208
3 1210
1 1211
1 1213
1 1215
1 1216
1 1217
1 1219
1 1225
1 1226
2 1229
2 1230
1 1232
1 1235
1 1236
1 1237
1 1238
2 1240
3 1241
4 1243
1 1244
4 1246
2 1247
1 1248
2 1249
3 1250
2 1251
1 1252
1 1253
2 1254
1 1255
1 1256
2 1258
1 1259
3 1260
1 1261
3 1262
1 1263
1 1265
3 1266
2 1267
3 1268
1 1269
2 1270
3 1271
2 1272
5 1273
4 1274
3 1275
1 1276
1 1277
4 1278
2 1279
2 1280
2 1281
3 1282
2 1283
1 1284
3 1285
3 1286
3 1287
1 1288
3 1289
4 1290
2 1291
4 1292
3 1293
1 1294
2 1295
2 1296
3 1297
2 1298
2 1299
1 1300
2 1301
1 1303
2 1305
1 1306
3 1307
2 1308
1 1309
2 1311
1 1312
2 1313
2 1314
2 1315
3 1316
2 1317
1 1318
1 1319
1 1320
2 1321
1 1322
1 1323
1 1324
1 1325
2 1328
1 1329
2 1330
1 1332
1 1334
1 1335
1 1336
1 1337
1 1338
1 1339
1 1341
1 1342
1 1343
2 1344
1 1345
2 1346
1 1347
1 1348
2 1349
2 1351
3 1352
2 1353
2 1355
1 1356
1 1359
1 1360
2 1361
2 1363
1 1364
1 1365
1 1367
1 1370
1 1371
1 1372
1 1373
1 1374
1 1375
1 1376
2 1377
3 1378
1 1379
1 1380
1 1381
2 1382
3 1383
4 1384
3 1386
1 1387
3 1388
1 1389
5 1391
1 1392
1 1393
2 1394
2 1395
3 1396
2 1397
1 1400
1 1401
3 1402
3 1403
3 1404
3 1405
2 1407
2 1408
3 1409
1 1410
1 1411
1 1412
2 1413
3 1414
2 1416
3 1417
1 1418
6 1419
2 1420
5 1421
2 1422
3 1423
4 1424
7 1425
1 1426
6 1427
5 1428
2 1429
3 1431
3 1432
1 1433
4 1434
7 1435
2 1436
5 1437
8 1438
1 1439
6 1440
1 1441
4 1442
4 1443
5 1444
2 1445
5 1446
4 1447
5 1448
6 1449
3 1450
5 1451
7 1452
2 1453
2 1454
4 1455
2 1456
9 1457
3 1458
5 1459
4 1460
5 1461
3 1464
2 1465
3 1466
1 1467
3 1468
2 1469
3 1470
1 1471
2 1472
1 1473
3 1474
4 1475
2 1476
4 1478
5 1479
3 1480
4 1481
3 1482
2 1483
1 1484
2 1485
4 1486
1 1487
5 1488
2 1489
1 1490
4 1492
2 1493
3 1494
1 1495
2 1496
8 1497
5 1498
10 1499
6 1500
5 1501
3 1502
9 1503
5 1504
6 1505
5 1506
4 1507
6 1508
7 1509
5 1510
4 1511
4 1512
5 1513
3 1514
6 1515
5 1516
11 1517
7 1518
8 1519
7 1520
5 1521
9 1522
6 1523
6 1524
7 1525
10 1526
6 1527
7 1528
3 1529
5 1530
7 1531
4 1532
12 1533
3 1534
13 1535
8 1536
3 1537
8 1538
9 1539
5 1540
2 1541
4 1542
7 1543
7 1544
9 1545
12 1546
6 1547
8 1548
8 1549
12 1550
8 1551
8 1552
9 1553
15 1554
14 1555
11 1556
11 1557
8 1558
13 1559
14 1560
14 1561
11 1562
20 1563
10 1564
9 1565
15 1566
15 1567
14 1568
13 1569
15 1570
11 1571
19 1572
16 1573
17 1574
10 1575
17 1576
6 1577
11 1578
20 1579
15 1580
11 1581
17 1582
13 1583
14 1584
14 1585
14 1586
13 1587
23 1588
12 1589
19 1590
20 1591
20 1592
31 1593
19 1594
25 1595
28 1596
20 1597
27 1598
28 1599
29 1600
35 1601
32 1602
32 1603
33 1604
32 1605
29 1606
46 1607
33 1608
44 1609
39 1610
33 1611
51 1612
48 1613
40 1614
45 1615
48 1616
48 1617
49 1618
46 1619
43 1620
42 1621
53 1622
34 1623
42 1624
42 1625
38 1626
44 1627
42 1628
28 1629
28 1630
38 1631
38 1632
27 1633
21 1634
24 1635
26 1636
29 1637
22 1638
17 1639
16 1640
15 1641
10 1642
13 1643
22 1644
6 1645
11 1646
9 1647
16 1648
3 1649
10 1650
10 1651
7 1652
3 1653
8 1654
2 1655
3 1656
5 1657
4 1658
4 1659
2 1660
2 1661
1 1662
3 1663
5 1664
3 1665
2 1666
2 1667
1 1668
1 1669
3 1670
1 1672
1 1675
1 1678
1 1680
2 1681
1 1682
1 1686
1 1687
1 1688
2 1690
1 1691
2 1694
2 1698
1 1699
1 1700
1 1702
1 1706
1 1707
1 1711
1 1712
1 1715
1 1723
1 1725
1 1727
2 1730
1 1736
1 1737
1 1741
1 1743
1 1744
1 1745
3 1748
1 1751
1 1753
1 1756
2 1758
1 1759
2 1760
1 1762
2 1766
1 1767
1 1769
1 1772
2 1778
1 1779
1 1789
1 1791
2 1793
1 1794
2 1800
1 1801
1 1804
1 1805
2 1806
1 1807
2 1809
1 1810
1 1812
1 1813
2 1816
1 1817
2 1819
1 1822
1 1823
1 1824
1 1826
2 1827
1 1828
2 1829
1 1833
1 1835
1 1836
2 1837
1 1838
1 1840
1 1842
1 1844
1 1845
2 1846
1 1849
4 1850
1 1852
1 1853
1 1855
2 1856
2 1857
1 1858
2 1859
1 1860
4 1861
1 1862
2 1863
6 1864
2 1865
1 1866
2 1867
1 1868
1 1870
1 1872
1 1873
1 1874
2 1875
1 1876
2 1877
2 1878
7 1879
3 1880
5 1881
4 1882
2 1883
6 1884
1 1885
3 1887
1 1888
1 1889
3 1890
3 1891
2 1892
3 1893
1 1895
3 1896
2 1897
1 1898
3 1899
1 1900
2 1901
2 1902
1 1903
3 1904
1 1905
2 1907
4 1908
2 1909
1 1910
1 1911
1 1912
1 1913
2 1915
3 1916
5 1917
1 1918
3 1919
2 1921
2 1923
1 1926
1 1927
1 1929
1 1930
2 1931
1 1932
2 1933
2 1934
3 1935
1 1936
2 1938
3 1939
2 1941
1 1942
1 1943
2 1944
2 1945
3 1946
2 1947
2 1949
4 1950
2 1951
1 1952
3 1953
3 1955
3 1957
3 1958
1 1959
2 1960
2 1961
2 1963
2 1965
1 1967
3 1968
3 1969
2 1970
4 1971
4 1972
2 1973
3 1974
5 1975
5 1976
1 1977
6 1978
2 1979
7 1980
3 1981
2 1982
6 1983
4 1984
4 1985
3 1986
4 1987
7 1988
6 1989
4 1990
6 1991
7 1992
8 1993
10 1994
6 1995
17 1996
7 1997
13 1998
5 1999
9 2000
12 2001
6 2002
16 2003
9 2004
9 2005
18 2006
15 2007
22 2008
9 2009
11 2010
18 2011
21 2012
9 2013
19 2014
11 2015
13 2016
14 2017
23 2018
16 2019
9 2020
15 2021
15 2022
7 2023
12 2024
10 2025
10 2026
10 2027
12 2028
6 2029
8 2030
6 2031
7 2032
8 2033
9 2034
6 2035
5 2036
3 2037
5 2038
4 2039
7 2040
3 2041
3 2042
3 2043
7 2044
2 2045
5 2046
1 2047
4 2048
2 2049
3 2050
2 2051
5 2052
2 2053
1 2054
1 2056
3 2057
2 2058
4 2059
2 2060
3 2061
1 2062
1 2063
1 2064
3 2065
1 2066
1 2067
2 2068
1 2069
1 2070
6 2072
1 2073
1 2074
4 2075
2 2076
3 2077
2 2078
2 2079
4 2080
3 2081
2 2082
3 2083
3 2084
1 2085
1 2086
5 2087
2 2088
2 2089
4 2090
1 2091
1 2092
2 2093
7 2094
1 2097
4 2098
2 2099
1 2100
3 2101
3 2102
1 2103
1 2105
1 2107
2 2108
1 2109
1 2110
1 2111
1 2112
1 2113
2 2114
1 2115
1 2116
2 2118
4 2119
2 2120
2 2121
1 2122
2 2123
3 2124
2 2125
1 2126
1 2127
2 2128
4 2130
2 2131
1 2133
3 2134
2 2135
2 2136
2 2137
1 2139
1 2141
1 2142
3 2148
1 2151
2 2152
1 2154
2 2155
1 2157
1 2158
2 2160
1 2168
2 2170
1 2172
1 2176
1 2178
2 2179
2 2182
1 2186
1 2188
1 2190
2 2191
1 2195
1 2201
1 2207
1 2209
1 2221
1 2227
2 2234
2 2235
1 2241
1 2242
1 2249
1 2259
1 2270
1 2274
1 2278
1 2279
2 2286
1 2288
2 2289
1 2291
4 2292
1 2294
1 2299
1 2305
1 2311
1 2315
2 2316
1 2323
2 2327
1 2339
1 2340
1 2341
1 2342
2 2344
1 2350
1 2351
1 2352
2 2353
1 2354
1 2357
1 2362
1 2365
1 2366
1 2367
1 2368
2 2370
2 2375
1 2384
1 2390
1 2392
1 2393
1 2395
1 2397
1 2401
2 2402
1 2407
1 2412
1 2415
1 2418
1 2421
1 2423
1 2426
1 2428
1 2430
1 2435
1 2436
1 2437
1 2438
1 2441
1 2446
1 2449
1 2451
2 2452
2 2454
1 2455
1 2460
2 2461
1 2462
2 2463
1 2464
1 2465
2 2466
1 2468
1 2469
1 2470
1 2475
1 2477
3 2478
1 2479
2 2480
2 2481
2 2483
3 2485
2 2486
3 2490
3 2491
2 2492
2 2493
2 2495
2 2496
3 2497
3 2498
1 2499
3 2500
1 2502
2 2505
1 2507
1 2508
1 2514
1 2515
1 2518
1 2522
1 2530
1 2532
2 2533
1 2535
1 2536
1 2547
2 2551
1 2554
1 2556
2 2577
1 2583
1 2599
1 2602
2 2603
1 2605
1 2614
1 2616
1 2629
1 2632
1 2633
1 2635
1 2637
1 2647
1 2648
1 2653
2 2654
1 2661
1 2664
1 2665
1 2676
1 2677
1 2680
1 2685
1 2691
1 2705
1 2707
1 2708
1 2711
2 2720
1 2721
1 2726
1 2736
1 2740
1 2742
1 2748
1 2750
1 2752
1 2756
1 2757
1 2759
1 2762
2 2768
1 2771
2 2772
1 2793
1 2797
2 2800
1 2806
1 2807
1 2809
2 2819
1 2820
1 2824
2 2826
1 2844
1 2851
1 2854
2 2867
1 2874
1 2883
1 2886
1 2897
1 2907
2 2918
1 2920
1 2934
1 2944
3 2948
1 2952
1 2953
1 2958
1 2961
1 2962
1 2964
1 2965
1 2980
1 2984
1 2986
1 2994
1 2995
1 2999
1 3001
1 3002
1 3003
1 3004
1 3006
1 3007
1 3013
2 3014
1 3016
2 3018
3 3019
1 3020
1 3024
1 3025
1 3033
1 3035
1 3036
3 3037
1 3039
2 3040
1 3042
2 3045
1 3046
1 3047
2 3048
3 3049
1 3051
1 3052
3 3054
2 3055
1 3056
2 3057
2 3059
1 3060
1 3061
1 3062
1 3065
1 3066
1 3067
3 3068
2 3069
2 3070
1 3071
1 3072
1 3073
1 3074
2 3076
3 3077
5 3078
3 3079
7 3080
4 3081
3 3082
7 3083
5 3084
7 3085
3 3086
5 3087
5 3088
4 3089
3 3090
7 3091
2 3092
7 3093
5 3094
5 3095
5 3096
5 3097
5 3098
3 3099
4 3100
3 3101
2 3102
4 3103
7 3104
5 3105
6 3106
6 3107
3 3108
3 3109
4 3110
7 3111
6 3112
7 3113
5 3114
7 3115
5 3116
1 3117
1 3118
2 3119
3 3120
3 3121
2 3122
3 3123
1 3124
3 3125
3 3126
2 3127
3 3128
1 3129
3 3130
2 3131
2 3132
1 3133
2 3136
1 3138
1 3140
1 3148
1 3156
1 3158
1 3160
1 3165
1 3174
1 3178
1 3182
1 3183
2 3184
2 3193
1 3195
1 3203
1 3205
1 3206
2 3207
2 3214
2 3216
1 3217
1 3220
1 3224
2 3229
2 3230
3 3234
1 3236
1 3237
2 3238
3 3239
1 3240
1 3242
1 3243
2 3244
1 3248
1 3251
2 3254
1 3257
2 3259
1 3261
3 3262
1 3266
1 3269
1 3286
1 3294
1 3302
1 3310
1 3325
1 3333
1 3352
1 3355
1 3368
1 3370
1 3391
1 3411
1 3418
1 3446
1 3450
1 3496
1 3503
1 3508
1 3519
1 3634
1 3660
1 3719
1 3783
1 3837
1 3929
1 3946
1 3993
1 3994
1 4130
1 4138
1 4176
1 4190
1 4287
1 4714
1 4847
