2 1
5 2
4 3
2 5
2 6
2 7
1 8
3 9
3 11
3 12
4 13
4 14
1 15
1 16
3 17
1 20
1 21
2 22
5 23
1 25
1 26
5 27
3 28
2 29
5 31
5 32
1 33
3 34
2 35
4 36
2 37
8 38
12 39
11 40
24 41
7 42
7 43
3 44
2 45
7 46
2 47
1 48
7 49
1 50
4 51
1 53
2 55
1 57
3 58
1 59
1 60
1 61
3 62
1 63
3 64
1 65
3 67
2 68
1 69
2 70
5 71
2 72
3 73
3 74
5 75
2 76
3 77
4 78
5 79
3 80
3 81
2 82
3 83
4 86
4 87
5 88
4 89
3 90
1 91
2 92
6 93
3 94
1 95
1 96
2 97
5 98
1 99
3 100
4 101
6 102
4 103
2 104
5 105
4 106
5 107
4 108
5 109
3 110
1 111
7 112
6 113
6 114
5 115
4 116
2 117
4 118
4 119
5 120
1 121
4 122
3 123
8 124
6 125
4 126
7 127
5 128
3 129
4 130
11 131
7 132
4 133
4 134
7 135
16 136
13 137
19 138
15 139
22 140
19 141
20 142
20 143
19 144
17 145
13 146
8 147
11 148
6 149
9 150
8 151
6 152
1 153
9 154
6 155
2 156
3 157
4 158
3 159
6 160
7 161
3 162
5 163
6 164
10 165
9 166
6 167
8 168
8 169
8 170
4 171
6 172
6 173
6 174
8 175
4 176
11 177
6 178
7 179
9 180
12 181
2 182
3 183
11 184
8 185
11 186
8 187
10 188
12 189
14 190
16 191
23 192
23 193
33 194
22 195
31 196
24 197
17 198
31 199
22 200
20 201
10 202
9 203
9 204
19 205
12 206
7 207
8 208
12 209
8 210
7 211
10 212
9 213
13 214
8 215
6 216
12 217
12 218
6 219
4 220
10 221
8 222
7 223
6 224
9 225
4 226
12 227
9 228
7 229
7 230
7 231
10 232
4 233
7 234
5 235
10 236
13 237
8 238
15 239
12 240
10 241
15 242
8 243
2 244
8 245
8 246
8 247
16 248
16 249
13 250
15 251
24 252
10 253
20 254
17 255
17 256
18 257
24 258
20 259
16 260
16 261
10 262
16 263
13 264
14 265
16 266
17 267
16 268
8 269
17 270
17 271
8 272
17 273
12 274
8 275
8 276
8 277
7 278
7 279
12 280
16 281
11 282
16 283
17 284
11 285
15 286
19 287
16 288
17 289
13 290
12 291
17 292
10 293
16 294
14 295
15 296
24 297
12 298
12 299
15 300
14 301
12 302
16 303
19 304
18 305
20 306
16 307
27 308
12 309
20 310
24 311
27 312
24 313
24 314
24 315
34 316
36 317
34 318
25 319
31 320
27 321
47 322
44 323
32 324
44 325
39 326
45 327
45 328
35 329
29 330
24 331
32 332
23 333
17 334
19 335
12 336
22 337
24 338
21 339
17 340
24 341
15 342
11 343
18 344
15 345
19 346
12 347
23 348
23 349
14 350
16 351
12 352
25 353
22 354
10 355
23 356
24 357
21 358
18 359
31 360
25 361
28 362
27 363
21 364
20 365
21 366
34 367
31 368
24 369
27 370
25 371
32 372
35 373
19 374
25 375
25 376
30 377
25 378
31 379
35 380
33 381
41 382
34 383
32 384
29 385
41 386
33 387
33 388
44 389
51 390
40 391
40 392
41 393
54 394
58 395
62 396
61 397
65 398
71 399
81 400
74 401
79 402
74 403
80 404
92 405
88 406
97 407
79 408
85 409
76 410
82 411
67 412
88 413
84 414
78 415
78 416
61 417
75 418
58 419
80 420
71 421
62 422
58 423
52 424
79 425
78 426
98 427
88 428
100 429
107 430
118 431
109 432
128 433
136 434
128 435
141 436
171 437
156 438
171 439
146 440
175 441
158 442
163 443
139 444
133 445
117 446
114 447
111 448
91 449
95 450
70 451
55 452
57 453
69 454
71 455
64 456
63 457
73 458
59 459
77 460
95 461
87 462
105 463
105 464
128 465
111 466
123 467
152 468
155 469
152 470
165 471
174 472
184 473
189 474
222 475
193 476
210 477
208 478
230 479
292 480
221 481
252 482
233 483
297 484
347 485
368 486
375 487
504 488
519 489
558 490
673 491
800 492
913 493
984 494
1163 495
1270 496
1451 497
1481 498
1666 499
1774 500
1868 501
1752 502
1819 503
1840 504
1801 505
1703 506
1550 507
1365 508
1303 509
1142 510
951 511
818 512
682 513
555 514
519 515
394 516
287 517
219 518
167 519
163 520
140 521
98 522
83 523
80 524
53 525
40 526
35 527
29 528
26 529
22 530
15 531
25 532
18 533
13 534
11 535
11 536
8 537
10 538
6 539
9 540
7 541
10 542
7 543
11 544
12 545
4 546
13 547
12 548
13 549
6 550
12 551
9 552
10 553
5 554
11 555
11 556
8 557
9 558
6 559
9 560
7 561
9 562
7 563
8 564
7 565
6 566
4 567
3 568
13 569
5 570
6 571
7 572
8 573
6 574
7 575
9 576
5 577
11 578
4 579
7 580
10 581
4 582
9 583
10 584
7 585
11 586
9 587
8 588
8 589
7 590
6 591
9 592
12 593
6 594
7 595
2 596
8 597
7 598
9 599
7 600
4 601
2 602
8 603
3 604
4 605
8 606
5 607
2 608
2 609
2 610
6 611
6 612
4 613
6 614
8 615
3 616
7 617
4 618
7 619
4 620
3 621
3 622
4 623
7 624
3 625
5 626
8 627
6 628
5 629
3 630
6 631
1 632
5 633
9 634
2 635
5 636
6 637
7 638
6 639
3 640
8 641
8 642
10 643
7 644
7 645
7 646
6 647
10 648
3 649
7 650
4 651
6 652
10 653
4 654
8 655
5 656
4 657
9 658
3 659
8 660
5 661
5 662
3 663
11 664
9 665
2 666
11 667
8 668
8 669
13 670
7 671
5 672
5 673
10 674
8 675
5 676
5 677
13 678
11 679
7 680
10 681
14 682
10 683
3 684
11 685
8 686
8 687
8 688
18 689
10 690
9 691
12 692
11 693
9 694
15 695
11 696
11 697
20 698
15 699
12 700
10 701
13 702
10 703
10 704
7 705
12 706
15 707
12 708
14 709
14 710
10 711
16 712
12 713
10 714
21 715
18 716
11 717
17 718
13 719
19 720
12 721
20 722
10 723
10 724
17 725
14 726
10 727
17 728
12 729
30 730
16 731
21 732
21 733
23 734
23 735
19 736
20 737
25 738
27 739
30 740
27 741
36 742
33 743
27 744
22 745
42 746
30 747
39 748
40 749
34 750
45 751
38 752
47 753
58 754
48 755
57 756
63 757
47 758
57 759
41 760
48 761
49 762
54 763
54 764
58 765
52 766
39 767
42 768
45 769
47 770
31 771
42 772
54 773
35 774
34 775
47 776
37 777
28 778
39 779
30 780
34 781
32 782
40 783
34 784
38 785
32 786
24 787
35 788
25 789
32 790
30 791
29 792
45 793
33 794
28 795
37 796
37 797
36 798
34 799
37 800
40 801
37 802
44 803
38 804
53 805
49 806
45 807
52 808
40 809
62 810
57 811
64 812
64 813
64 814
63 815
75 816
72 817
80 818
91 819
85 820
104 821
112 822
93 823
113 824
96 825
126 826
134 827
129 828
129 829
132 830
154 831
137 832
143 833
124 834
153 835
130 836
124 837
125 838
111 839
122 840
135 841
121 842
96 843
81 844
90 845
73 846
74 847
56 848
49 849
53 850
35 851
41 852
46 853
31 854
37 855
32 856
29 857
31 858
29 859
23 860
37 861
27 862
31 863
27 864
24 865
37 866
37 867
27 868
28 869
29 870
41 871
35 872
29 873
38 874
41 875
41 876
38 877
52 878
40 879
54 880
59 881
54 882
54 883
52 884
68 885
74 886
81 887
95 888
82 889
105 890
87 891
77 892
109 893
95 894
94 895
100 896
106 897
106 898
101 899
118 900
121 901
117 902
135 903
137 904
115 905
119 906
111 907
134 908
138 909
118 910
128 911
126 912
111 913
98 914
111 915
88 916
81 917
67 918
54 919
48 920
53 921
55 922
36 923
37 924
17 925
25 926
31 927
19 928
22 929
15 930
21 931
19 932
13 933
11 934
13 935
8 936
10 937
18 938
5 939
4 940
9 941
9 942
8 943
9 944
6 945
5 946
10 947
5 948
10 949
4 950
7 951
4 952
4 953
5 954
8 955
8 956
3 957
11 958
8 959
7 960
8 961
5 962
4 963
7 964
6 965
7 966
7 967
7 968
16 969
8 970
11 971
12 972
18 973
14 974
14 975
13 976
12 977
19 978
14 979
9 980
7 981
21 982
31 983
16 984
17 985
20 986
21 987
27 988
20 989
18 990
19 991
19 992
18 993
23 994
25 995
19 996
22 997
27 998
26 999
21 1000
13 1001
27 1002
12 1003
15 1004
17 1005
10 1006
11 1007
10 1008
6 1009
12 1010
8 1011
12 1012
8 1013
4 1014
9 1015
4 1016
3 1017
8 1018
2 1019
2 1020
3 1021
4 1022
1 1023
4 1024
3 1025
2 1026
2 1028
3 1029
3 1030
4 1032
1 1033
4 1034
4 1035
3 1037
3 1038
2 1039
2 1040
3 1041
2 1042
3 1044
4 1046
1 1047
4 1048
1 1049
1 1050
1 1051
4 1052
3 1053
2 1054
3 1055
3 1056
4 1057
1 1058
2 1059
4 1060
4 1062
6 1063
3 1064
4 1065
2 1066
10 1067
2 1068
9 1069
1 1070
6 1071
2 1072
6 1073
5 1074
3 1075
2 1076
4 1077
2 1078
4 1079
14 1080
10 1081
6 1082
7 1083
10 1084
6 1085
6 1086
8 1087
6 1088
7 1089
10 1090
6 1091
7 1092
2 1093
2 1094
3 1095
4 1096
1 1097
4 1098
5 1099
8 1100
6 1101
5 1102
6 1103
5 1104
9 1105
4 1106
11 1107
7 1108
21 1109
7 1110
9 1111
7 1112
9 1113
10 1114
11 1115
11 1116
16 1117
12 1118
10 1119
11 1120
15 1121
14 1122
15 1123
17 1124
13 1125
8 1126
17 1127
16 1128
14 1129
13 1130
16 1131
13 1132
20 1133
19 1134
14 1135
10 1136
9 1137
11 1138
15 1139
8 1140
13 1141
13 1142
5 1143
5 1144
6 1145
8 1146
6 1147
6 1148
3 1149
7 1150
7 1151
4 1152
9 1153
3 1154
9 1155
6 1156
8 1157
5 1158
7 1159
3 1160
7 1161
7 1162
5 1163
7 1164
6 1165
9 1166
11 1167
4 1168
8 1169
8 1170
4 1171
4 1172
8 1173
6 1174
6 1175
6 1176
8 1177
4 1178
7 1179
9 1180
3 1181
8 1182
1 1183
4 1184
7 1185
6 1186
3 1187
1 1188
6 1189
3 1190
6 1191
6 1192
2 1193
3 1194
4 1195
3 1196
3 1197
5 1198
3 1199
1 1201
2 1202
2 1203
2 1204
2 1205
1 1206
2 1208
2 1210
3 1211
2 1212
1 1213
3 1214
2 1216
1 1217
3 1219
1 1220
3 1221
1 1222
1 1223
1 1225
2 1226
2 1227
2 1228
1 1229
4 1230
1 1231
1 1232
1 1233
3 1234
1 1235
2 1236
1 1237
2 1238
1 1239
2 1241
1 1242
1 1245
1 1247
1 1248
1 1249
2 1250
1 1251
2 1252
1 1254
1 1255
1 1256
2 1257
2 1258
1 1263
1 1265
4 1266
1 1268
3 1270
2 1271
1 1272
1 1274
2 1276
2 1277
1 1280
1 1281
2 1283
1 1285
2 1286
2 1287
2 1289
2 1292
1 1295
1 1296
1 1297
1 1299
1 1300
1 1301
3 1302
1 1303
5 1304
1 1305
2 1306
2 1307
2 1308
3 1311
1 1312
2 1313
1 1315
2 1317
1 1319
4 1320
1 1321
1 1322
2 1323
4 1324
1 1325
4 1326
3 1327
5 1328
3 1329
1 1331
1 1332
3 1334
1 1335
1 1336
2 1337
3 1338
3 1340
2 1341
1 1342
2 1343
2 1344
4 1345
5 1346
4 1347
1 1349
2 1350
2 1351
2 1352
1 1353
6 1354
1 1355
4 1356
1 1357
2 1358
1 1361
2 1362
2 1363
1 1364
1 1365
5 1366
2 1367
1 1370
2 1371
1 1372
1 1373
3 1374
5 1375
2 1377
4 1378
1 1379
1 1380
4 1381
1 1382
1 1383
1 1384
2 1385
1 1387
3 1388
1 1389
6 1390
3 1391
2 1392
5 1393
2 1394
1 1395
5 1396
1 1397
1 1398
5 1399
2 1401
5 1402
4 1403
1 1404
5 1405
3 1406
2 1408
2 1409
3 1410
3 1411
1 1412
3 1413
3 1414
1 1415
1 1417
5 1418
3 1419
1 1420
3 1421
7 1423
3 1424
1 1425
4 1426
6 1427
4 1428
5 1429
5 1430
5 1431
8 1432
3 1433
2 1434
3 1435
2 1436
4 1437
7 1438
4 1439
5 1440
3 1441
8 1442
6 1443
5 1444
4 1445
6 1446
3 1447
7 1448
10 1449
2 1450
8 1451
1 1452
4 1453
3 1454
4 1455
4 1456
2 1458
5 1459
5 1460
3 1461
3 1462
1 1463
5 1464
5 1465
1 1466
4 1467
1 1468
6 1469
1 1470
2 1471
5 1472
1 1473
5 1474
5 1475
7 1476
12 1477
6 1478
7 1479
4 1480
7 1481
5 1482
9 1483
5 1484
8 1485
11 1486
10 1487
8 1488
8 1489
10 1490
9 1491
16 1492
13 1493
11 1494
12 1495
11 1496
7 1497
10 1498
10 1499
9 1500
12 1501
4 1502
11 1503
11 1504
7 1505
4 1506
8 1507
5 1508
12 1509
5 1510
9 1511
6 1512
7 1513
4 1514
3 1515
8 1516
8 1517
5 1518
3 1519
2 1520
4 1521
2 1522
2 1523
2 1524
2 1525
2 1526
2 1527
2 1528
1 1529
1 1530
3 1532
3 1533
2 1535
1 1537
2 1538
3 1539
3 1540
2 1541
3 1542
3 1543
2 1544
4 1545
2 1546
2 1547
2 1548
1 1551
3 1552
2 1554
4 1555
2 1556
2 1557
3 1558
4 1559
1 1560
3 1561
6 1562
2 1563
3 1564
1 1565
5 1566
4 1567
6 1568
2 1569
4 1570
2 1571
2 1572
4 1573
9 1574
5 1575
1 1576
3 1577
5 1578
3 1579
1 1580
5 1581
3 1582
5 1583
4 1584
1 1586
1 1587
1 1588
1 1589
4 1590
5 1591
2 1592
4 1593
3 1594
3 1595
1 1596
2 1597
2 1598
6 1599
3 1600
5 1601
3 1602
3 1603
2 1604
3 1606
4 1607
2 1609
2 1611
2 1612
3 1614
3 1615
1 1616
1 1618
2 1619
1 1620
3 1621
1 1622
3 1623
1 1624
3 1626
3 1627
1 1628
1 1629
3 1630
2 1631
1 1632
1 1633
5 1634
4 1636
3 1637
1 1638
2 1639
2 1640
1 1641
2 1643
1 1644
2 1645
2 1646
1 1647
1 1649
1 1650
1 1651
1 1653
3 1655
3 1656
1 1657
2 1660
2 1661
3 1663
2 1664
2 1665
1 1666
1 1667
1 1668
1 1670
5 1671
2 1672
4 1673
1 1674
1 1675
1 1676
4 1678
1 1680
2 1681
2 1683
1 1684
3 1685
4 1687
2 1688
1 1690
2 1691
1 1693
2 1694
3 1695
5 1697
1 1698
6 1699
1 1700
1 1701
1 1702
2 1704
1 1705
2 1706
2 1707
1 1708
1 1709
2 1710
2 1711
1 1712
3 1713
3 1715
4 1716
6 1717
1 1718
1 1719
3 1720
3 1721
3 1722
2 1723
3 1724
4 1725
1 1726
2 1728
3 1729
3 1730
6 1731
5 1732
5 1734
5 1735
4 1736
2 1737
3 1738
2 1739
5 1740
1 1741
4 1742
2 1743
3 1744
1 1745
6 1747
1 1748
6 1749
2 1750
5 1751
4 1752
2 1753
6 1754
5 1755
2 1756
5 1757
6 1758
3 1759
5 1760
8 1761
1 1762
4 1763
2 1764
4 1765
5 1766
2 1767
4 1768
5 1769
8 1770
6 1771
3 1772
7 1773
2 1774
5 1775
7 1776
5 1777
6 1778
4 1779
9 1780
4 1781
7 1782
5 1783
4 1784
11 1785
9 1786
6 1787
6 1788
6 1789
7 1790
12 1791
9 1792
8 1793
7 1794
4 1795
6 1796
11 1797
10 1798
8 1799
3 1800
3 1801
12 1802
5 1803
7 1804
9 1805
11 1806
6 1807
10 1808
15 1809
7 1810
6 1811
9 1812
6 1813
9 1814
7 1815
8 1816
8 1817
11 1818
8 1819
11 1820
13 1821
5 1822
5 1823
6 1824
8 1825
4 1826
5 1827
7 1828
9 1829
9 1830
5 1831
7 1832
11 1833
11 1834
13 1835
6 1836
8 1837
4 1838
5 1839
4 1840
7 1841
8 1842
4 1843
6 1844
4 1845
8 1846
7 1847
5 1848
4 1849
4 1850
9 1851
7 1852
2 1853
4 1854
2 1855
6 1856
4 1857
2 1858
5 1859
11 1860
6 1861
3 1862
4 1863
12 1864
5 1865
7 1866
7 1867
3 1868
7 1869
6 1870
4 1871
6 1872
10 1873
6 1874
5 1875
10 1876
12 1877
7 1878
6 1879
7 1880
6 1881
10 1882
10 1883
7 1884
8 1885
7 1886
9 1887
10 1888
12 1889
9 1890
11 1891
14 1892
13 1893
11 1894
11 1895
6 1896
6 1897
6 1898
20 1899
9 1900
13 1901
4 1902
5 1903
9 1904
10 1905
16 1906
9 1907
8 1908
9 1909
18 1910
12 1911
6 1912
11 1913
13 1914
19 1915
18 1916
18 1917
12 1918
28 1919
20 1920
18 1921
23 1922
11 1923
21 1924
15 1925
24 1926
25 1927
30 1928
30 1929
19 1930
27 1931
41 1932
32 1933
41 1934
45 1935
33 1936
40 1937
41 1938
40 1939
52 1940
56 1941
52 1942
55 1943
64 1944
49 1945
55 1946
50 1947
66 1948
64 1949
68 1950
66 1951
64 1952
85 1953
75 1954
59 1955
80 1956
60 1957
74 1958
80 1959
73 1960
74 1961
78 1962
78 1963
64 1964
75 1965
59 1966
48 1967
60 1968
59 1969
58 1970
44 1971
31 1972
43 1973
40 1974
39 1975
47 1976
29 1977
34 1978
33 1979
34 1980
23 1981
18 1982
19 1983
21 1984
23 1985
15 1986
11 1987
14 1988
12 1989
13 1990
7 1991
9 1992
7 1993
6 1994
7 1995
10 1996
8 1997
7 1998
5 1999
1 2000
3 2001
7 2002
7 2003
2 2004
1 2005
2 2006
3 2007
4 2008
2 2009
2 2010
1 2011
2 2012
3 2013
1 2014
1 2016
1 2017
4 2018
1 2019
1 2021
1 2022
1 2023
1 2024
1 2025
1 2026
1 2028
1 2032
1 2034
1 2036
2 2042
1 2043
1 2046
1 2047
1 2048
1 2049
2 2050
1 2053
1 2063
1 2066
2 2069
1 2070
1 2071
2 2075
3 2077
1 2078
3 2080
1 2083
1 2086
1 2088
1 2089
1 2092
1 2096
2 2097
1 2099
1 2101
1 2102
1 2104
1 2105
1 2108
2 2109
1 2111
3 2112
2 2113
1 2114
1 2115
2 2116
1 2118
2 2120
2 2121
1 2122
2 2123
2 2125
1 2127
1 2129
3 2130
3 2132
1 2134
1 2137
1 2138
3 2139
1 2140
2 2146
1 2147
4 2149
1 2150
3 2152
2 2153
1 2154
2 2156
1 2158
2 2159
1 2161
1 2162
2 2164
2 2169
2 2170
1 2172
3 2177
1 2178
1 2182
2 2184
1 2187
2 2189
1 2191
1 2194
1 2195
2 2196
3 2197
1 2198
2 2201
1 2203
2 2204
1 2208
1 2209
1 2210
1 2211
2 2213
2 2214
2 2216
1 2217
1 2218
1 2219
2 2221
1 2222
1 2223
1 2225
3 2226
2 2227
2 2228
2 2232
1 2233
1 2234
4 2235
3 2237
1 2238
6 2240
4 2241
3 2242
3 2243
4 2244
1 2246
6 2247
1 2248
3 2249
2 2250
4 2251
5 2252
2 2253
3 2254
1 2255
5 2256
5 2257
5 2258
2 2259
2 2260
6 2262
2 2263
1 2264
2 2265
6 2266
6 2267
1 2268
3 2269
7 2270
3 2271
2 2272
3 2273
1 2274
3 2275
1 2276
3 2277
2 2278
1 2279
2 2280
3 2281
4 2282
1 2284
3 2285
1 2286
1 2288
2 2291
1 2292
2 2293
3 2294
2 2295
1 2296
2 2297
1 2298
4 2299
3 2301
1 2302
1 2303
5 2304
1 2305
5 2306
4 2307
1 2308
2 2309
2 2310
1 2311
1 2312
3 2314
1 2316
1 2317
2 2318
1 2319
1 2320
1 2322
1 2323
1 2324
2 2326
2 2327
3 2328
2 2330
2 2331
2 2332
1 2333
1 2334
1 2335
2 2336
3 2337
3 2339
2 2341
1 2342
5 2344
3 2345
4 2347
2 2348
3 2349
2 2350
5 2351
5 2352
1 2354
6 2355
5 2356
1 2357
4 2358
1 2359
1 2360
3 2361
3 2362
1 2363
6 2364
2 2365
1 2366
7 2367
3 2368
3 2369
4 2370
2 2371
1 2372
2 2373
8 2374
2 2375
3 2376
3 2377
3 2378
2 2379
7 2380
11 2381
3 2382
4 2383
4 2384
5 2385
8 2386
4 2387
8 2388
5 2389
6 2390
7 2391
10 2392
10 2393
12 2394
7 2395
12 2396
13 2397
10 2398
9 2399
9 2400
16 2401
12 2402
13 2403
7 2404
19 2405
12 2406
17 2407
19 2408
18 2409
18 2410
23 2411
19 2412
20 2413
21 2414
21 2415
24 2416
11 2417
22 2418
24 2419
18 2420
18 2421
28 2422
28 2423
19 2424
26 2425
20 2426
19 2427
23 2428
32 2429
28 2430
24 2431
24 2432
19 2433
18 2434
26 2435
23 2436
16 2437
25 2438
18 2439
12 2440
19 2441
12 2442
11 2443
13 2444
10 2445
9 2446
16 2447
10 2448
14 2449
13 2450
7 2451
12 2452
8 2453
4 2454
17 2455
7 2456
4 2457
5 2458
3 2459
3 2460
6 2461
6 2462
2 2464
2 2465
7 2466
4 2467
4 2468
3 2469
2 2470
3 2471
2 2472
3 2473
1 2474
1 2475
1 2476
2 2478
1 2479
2 2481
1 2483
3 2484
1 2486
1 2487
1 2488
1 2493
1 2495
1 2496
1 2500
2 2505
2 2508
1 2509
2 2510
1 2511
2 2512
1 2517
1 2519
1 2520
2 2521
1 2524
1 2525
1 2527
1 2528
1 2531
1 2533
1 2535
2 2536
1 2538
1 2539
1 2540
1 2541
1 2542
2 2544
5 2546
1 2547
3 2548
4 2549
3 2550
1 2551
2 2552
1 2553
2 2554
2 2555
3 2556
3 2558
2 2559
5 2560
6 2561
1 2562
2 2563
4 2564
4 2565
2 2566
2 2567
5 2568
3 2570
2 2571
3 2572
4 2573
6 2574
6 2575
6 2576
8 2578
6 2579
3 2580
3 2581
4 2582
5 2583
5 2584
7 2585
4 2586
5 2587
3 2588
6 2589
10 2590
6 2591
4 2592
6 2593
4 2594
4 2595
5 2596
2 2597
5 2598
1 2599
4 2600
2 2601
1 2602
6 2603
5 2604
4 2605
8 2606
1 2607
4 2608
3 2609
5 2610
6 2611
2 2612
3 2613
4 2614
3 2615
4 2616
5 2617
2 2618
1 2621
2 2622
2 2624
2 2625
1 2626
1 2627
1 2629
1 2638
1 2640
2 2643
1 2646
1 2653
1 2655
1 2656
1 2657
1 2660
1 2672
1 2677
1 2682
1 2689
1 2696
1 2702
1 2703
1 2711
1 2718
1 2721
1 2723
1 2728
1 2732
3 2733
1 2740
1 2741
3 2742
1 2744
1 2745
1 2746
1 2749
2 2750
2 2751
1 2752
2 2755
2 2756
1 2757
2 2759
1 2760
1 2761
4 2762
1 2765
3 2766
1 2768
1 2769
1 2770
1 2772
1 2773
1 2774
2 2781
1 2786
1 2787
1 2792
1 2797
1 2801
1 2802
1 2815
1 2817
1 2827
1 2847
1 2853
1 2854
2 2855
1 2865
1 2878
1 2890
1 2900
1 2908
1 2910
2 2911
2 2920
1 2921
1 2922
1 2927
1 2929
2 2935
1 2936
1 2937
2 2939
1 2946
1 2952
2 2971
1 2974
2 2982
1 3005
2 3010
1 3040
1 3059
1 3085
1 3086
1 3088
1 3109
1 3125
1 3152
1 3156
1 3170
1 3239
1 3241
1 3313
1 3331
1 3367
1 3370
1 3392
1 3400
1 3459
1 3475
1 3510
1 3533
1 3568
1 3629
1 3689
1 3732
1 3754
1 3820
1 3837
1 3860
1 3881
1 3887
1 3892
1 3897
1 3923
1 3928
1 3933
2 3939
2 3981
1 4023
1 4032
1 4036
2 4038
1 4040
1 4044
1 4048
1 4052
1 4074
1 4077
1 4080
2 4085
1 4095
2 4096
2 4100
2 4101
1 4103
1 4105
1 4107
2 4108
1 4113
1 4119
1 4120
1 4123
1 4128
1 4136
1 4137
1 4138
2 4141
1 4143
1 4144
1 4151
1 4155
1 4180
1 4186
1 4192
1 4193
1 4257
1 4665
1 4819
1 4909
1 4996
1 5537
