1 2
1 3
3 6
2 10
2 14
2 15
1 16
2 20
3 22
2 23
1 30
2 33
1 36
1 37
1 38
1 39
1 41
2 53
1 57
1 61
1 62
1 63
1 64
2 65
2 67
1 68
2 69
1 72
1 73
2 74
1 75
2 76
2 77
1 80
1 81
1 83
1 84
1 85
2 86
4 87
2 88
2 89
1 90
2 93
2 95
2 96
3 97
1 100
1 101
1 102
1 104
2 105
1 106
3 108
2 109
2 110
1 111
1 112
1 113
1 114
1 115
1 116
2 118
2 119
2 120
1 121
2 122
1 123
1 124
2 125
1 127
3 128
6 129
1 130
2 131
3 132
1 133
4 134
4 135
3 136
1 137
1 138
7 139
1 140
1 142
3 143
3 145
1 147
4 148
1 149
1 150
2 151
2 152
7 153
1 154
1 155
1 157
4 158
4 159
2 160
5 162
6 163
4 164
2 165
5 166
2 167
5 168
5 169
6 170
3 171
1 172
3 175
1 176
1 177
4 178
1 179
2 180
2 181
2 183
2 184
2 185
2 186
2 187
1 188
1 191
1 193
1 194
2 195
2 196
2 197
6 199
6 200
2 201
1 202
4 203
1 204
1 205
1 206
2 207
1 208
4 209
2 210
1 211
1 212
2 213
1 214
2 215
3 216
3 217
3 218
3 219
2 220
2 221
1 222
2 223
4 224
6 225
5 226
5 227
2 228
3 229
6 230
1 231
3 232
3 233
2 235
3 236
5 237
3 238
5 239
9 240
2 241
10 242
4 243
8 244
7 245
11 246
11 247
9 248
14 249
15 250
12 251
15 252
14 253
17 254
22 255
16 256
15 257
9 258
10 259
9 260
6 261
8 262
5 263
5 264
6 265
3 266
6 267
5 268
3 269
3 270
1 271
5 273
2 274
3 275
3 276
1 277
1 279
1 280
1 281
3 282
4 283
2 284
2 285
3 286
3 287
9 288
4 289
7 290
6 291
7 292
3 293
2 294
4 295
3 296
5 297
8 298
6 299
5 300
4 301
3 302
3 303
3 304
4 305
6 306
5 307
5 308
2 309
1 310
1 311
2 312
2 313
1 314
3 315
3 316
2 317
6 318
2 319
5 320
1 321
6 322
9 323
4 324
3 325
4 326
3 327
3 328
3 329
5 330
9 331
2 332
6 333
6 334
9 335
9 336
3 337
6 338
7 339
5 340
4 341
6 342
9 343
5 344
4 345
5 346
4 347
4 348
4 349
2 350
8 351
9 352
9 353
8 354
12 355
9 356
10 357
12 358
7 359
11 360
10 361
10 362
7 363
7 364
6 365
10 366
6 367
8 368
10 369
5 370
4 371
5 372
10 373
6 374
3 375
5 376
5 377
12 378
6 379
11 380
5 381
10 382
11 383
9 384
12 385
8 386
6 387
4 388
5 389
6 390
13 391
9 392
8 393
17 394
13 395
11 396
15 397
13 398
24 399
32 400
22 401
27 402
48 403
44 404
55 405
64 406
68 407
74 408
75 409
107 410
81 411
97 412
106 413
109 414
74 415
71 416
71 417
66 418
46 419
45 420
30 421
31 422
21 423
14 424
14 425
12 426
3 427
8 428
5 429
6 430
10 431
4 432
1 433
1 434
1 435
3 436
4 437
5 438
3 439
6 440
2 441
5 442
4 443
7 444
4 445
2 446
6 447
6 448
4 449
4 450
9 451
2 452
5 453
5 454
6 455
9 456
4 457
5 458
13 459
7 460
5 461
2 462
8 463
13 464
14 465
4 466
4 467
10 468
11 469
7 470
11 471
13 472
11 473
14 474
14 475
9 476
9 477
8 478
4 479
10 480
5 481
8 482
4 483
6 484
4 485
4 486
2 487
7 488
2 489
1 490
3 491
1 492
1 493
1 494
3 495
4 497
1 498
1 499
3 500
3 501
1 502
5 504
4 505
2 506
3 507
4 508
3 509
1 510
2 511
1 512
2 513
3 514
1 515
4 516
3 517
2 518
1 519
1 520
2 521
2 522
3 523
4 524
2 525
5 526
3 527
1 528
3 529
1 530
3 531
4 532
4 533
2 534
2 535
3 536
3 537
5 538
2 539
2 540
3 541
4 542
5 543
5 544
1 545
3 546
3 547
2 548
6 549
5 550
2 551
4 552
3 553
3 554
4 555
4 556
2 557
1 558
1 559
5 560
1 561
3 562
2 563
2 564
3 565
4 566
4 567
2 568
2 569
1 570
3 571
5 572
1 573
2 574
2 576
3 577
2 578
1 579
1 580
2 581
2 582
2 583
3 585
4 586
2 588
4 589
1 590
1 591
2 593
6 594
1 595
2 596
3 597
2 599
1 601
4 602
2 603
1 604
3 605
1 606
7 607
3 608
1 609
1 610
4 611
4 612
1 613
5 614
3 615
4 616
5 617
4 618
4 619
4 620
4 621
7 622
3 623
3 624
9 625
6 626
4 627
5 628
8 629
2 630
5 631
4 632
2 633
2 634
7 635
5 636
3 637
1 638
3 639
5 640
5 641
4 642
9 643
7 644
2 645
3 646
8 647
8 648
8 649
8 650
5 651
7 652
5 653
8 654
6 655
7 656
9 657
5 658
5 659
9 660
10 661
9 662
9 663
10 664
7 665
11 666
4 667
8 668
7 669
5 670
9 671
8 672
8 673
10 674
10 675
11 676
10 677
11 678
6 679
8 680
11 681
6 682
8 683
10 684
14 685
14 686
10 687
6 688
12 689
8 690
13 691
9 692
13 693
14 694
8 695
13 696
20 697
12 698
13 699
17 700
21 701
13 702
18 703
12 704
19 705
18 706
18 707
17 708
21 709
24 710
14 711
25 712
36 713
22 714
24 715
31 716
29 717
26 718
27 719
31 720
19 721
23 722
30 723
22 724
49 725
31 726
28 727
24 728
32 729
26 730
32 731
24 732
24 733
38 734
48 735
26 736
38 737
36 738
35 739
25 740
35 741
27 742
45 743
40 744
34 745
30 746
36 747
36 748
42 749
41 750
29 751
32 752
35 753
34 754
38 755
44 756
47 757
39 758
30 759
32 760
36 761
42 762
34 763
40 764
33 765
31 766
36 767
20 768
20 769
28 770
23 771
29 772
22 773
37 774
16 775
17 776
18 777
23 778
21 779
25 780
27 781
19 782
22 783
32 784
16 785
22 786
27 787
33 788
27 789
36 790
32 791
42 792
29 793
40 794
40 795
38 796
44 797
50 798
52 799
46 800
51 801
51 802
57 803
59 804
80 805
76 806
89 807
77 808
98 809
97 810
108 811
123 812
115 813
150 814
143 815
163 816
169 817
176 818
213 819
230 820
229 821
222 822
279 823
255 824
296 825
279 826
282 827
281 828
294 829
269 830
297 831
256 832
260 833
237 834
234 835
227 836
214 837
189 838
146 839
166 840
136 841
111 842
116 843
108 844
89 845
99 846
104 847
94 848
88 849
75 850
86 851
85 852
93 853
79 854
72 855
75 856
89 857
80 858
93 859
98 860
84 861
91 862
95 863
99 864
79 865
93 866
85 867
75 868
70 869
87 870
66 871
82 872
64 873
55 874
44 875
42 876
35 877
44 878
19 879
22 880
21 881
27 882
17 883
15 884
15 885
11 886
15 887
8 888
8 889
2 890
10 891
7 892
6 893
3 894
8 895
6 896
8 897
8 898
2 899
6 900
6 901
6 902
5 903
2 904
3 905
4 906
11 907
7 908
2 909
3 910
5 911
4 912
6 913
6 914
6 915
9 916
12 917
10 918
8 919
2 920
11 921
4 922
8 923
6 924
11 925
7 926
4 927
8 928
5 929
8 930
5 931
8 932
7 933
10 934
6 935
8 936
5 937
9 938
11 939
5 940
7 941
11 942
5 943
10 944
11 945
8 946
7 947
15 948
10 949
13 950
13 951
5 952
13 953
14 954
17 955
13 956
9 957
16 958
11 959
7 960
13 961
7 962
11 963
18 964
19 965
9 966
10 967
22 968
18 969
15 970
18 971
11 972
15 973
17 974
12 975
14 976
14 977
10 978
14 979
10 980
13 981
12 982
9 983
11 984
4 985
5 986
15 987
2 988
7 989
7 990
8 991
7 992
4 993
5 994
8 995
6 996
4 997
7 998
10 999
10 1000
5 1001
11 1002
9 1003
4 1004
8 1005
7 1006
6 1007
9 1008
8 1009
13 1010
3 1011
16 1012
12 1013
12 1014
16 1015
13 1016
18 1017
15 1018
20 1019
18 1020
12 1021
21 1022
19 1023
31 1024
32 1025
20 1026
23 1027
27 1028
32 1029
16 1030
18 1031
22 1032
20 1033
21 1034
19 1035
33 1036
18 1037
11 1038
21 1039
21 1040
16 1041
10 1042
9 1043
8 1044
12 1045
16 1046
7 1047
17 1048
13 1049
12 1050
9 1051
10 1052
13 1053
11 1054
13 1055
13 1056
11 1057
16 1058
12 1059
18 1060
15 1061
10 1062
6 1063
14 1064
15 1065
9 1066
17 1067
17 1068
13 1069
15 1070
7 1071
13 1072
17 1073
16 1074
15 1075
15 1076
11 1077
15 1078
16 1079
13 1080
17 1081
16 1082
19 1083
20 1084
25 1085
18 1086
19 1087
23 1088
33 1089
21 1090
21 1091
22 1092
18 1093
30 1094
25 1095
12 1096
22 1097
27 1098
17 1099
26 1100
11 1101
22 1102
21 1103
20 1104
21 1105
21 1106
12 1107
14 1108
18 1109
12 1110
18 1111
21 1112
17 1113
10 1114
24 1115
11 1116
26 1117
22 1118
20 1119
14 1120
29 1121
18 1122
16 1123
23 1124
17 1125
24 1126
20 1127
18 1128
18 1129
16 1130
10 1131
10 1132
13 1133
12 1134
12 1135
15 1136
9 1137
9 1138
5 1139
8 1140
7 1141
4 1142
7 1143
4 1145
1 1146
3 1147
3 1148
2 1149
2 1151
2 1152
2 1153
1 1154
1 1155
1 1157
1 1161
3 1162
1 1167
1 1170
1 1171
3 1172
1 1175
2 1177
1 1184
1 1185
1 1186
3 1187
1 1191
1 1193
1 1196
1 1198
1 1200
1 1201
1 1206
3 1210
2 1211
2 1212
1 1213
1 1215
1 1216
1 1217
2 1218
1 1220
3 1222
1 1223
3 1225
2 1227
2 1228
2 1229
1 1230
1 1233
1 1234
3 1235
1 1236
2 1237
2 1238
2 1239
3 1240
2 1241
2 1242
1 1244
3 1245
1 1246
6 1248
3 1249
1 1250
1 1251
4 1252
1 1253
4 1254
1 1255
2 1256
4 1258
3 1259
3 1260
1 1261
1 1262
3 1263
2 1264
5 1265
2 1266
1 1268
1 1269
2 1271
2 1273
3 1274
5 1275
2 1278
3 1279
2 1282
1 1283
2 1284
2 1285
3 1286
1 1287
1 1288
1 1289
2 1290
1 1291
1 1292
6 1293
1 1294
1 1295
4 1296
1 1297
2 1298
1 1299
1 1300
4 1302
3 1303
4 1304
3 1306
4 1307
1 1308
1 1309
5 1310
3 1311
2 1313
3 1314
2 1315
1 1316
3 1317
1 1318
3 1319
7 1320
1 1321
3 1322
3 1323
5 1324
1 1325
3 1326
5 1327
3 1328
2 1329
1 1330
4 1331
3 1332
2 1333
9 1334
2 1335
2 1336
4 1338
5 1339
2 1340
11 1341
4 1342
2 1343
7 1344
1 1345
8 1346
4 1347
8 1348
7 1349
5 1350
5 1351
4 1352
8 1353
6 1354
7 1355
9 1356
9 1357
9 1358
9 1359
13 1360
16 1361
9 1362
13 1363
14 1364
16 1365
8 1366
15 1367
15 1368
12 1369
19 1370
23 1371
14 1372
11 1373
27 1374
24 1375
16 1376
22 1377
23 1378
24 1379
24 1380
20 1381
20 1382
28 1383
23 1384
29 1385
13 1386
22 1387
24 1388
25 1389
20 1390
15 1391
12 1392
16 1393
17 1394
21 1395
19 1396
8 1397
19 1398
9 1399
17 1400
8 1401
8 1402
7 1403
7 1404
5 1405
4 1406
1 1407
4 1408
3 1409
2 1410
2 1411
1 1412
3 1413
2 1414
2 1415
3 1417
2 1418
1 1419
1 1420
2 1421
1 1423
1 1424
2 1425
1 1426
2 1427
1 1429
2 1430
1 1431
1 1435
1 1437
1 1439
1 1440
1 1442
1 1445
1 1446
2 1447
1 1449
1 1453
1 1463
2 1472
1 1474
1 1476
1 1481
2 1488
2 1490
1 1493
1 1497
1 1498
1 1500
1 1501
1 1504
1 1506
1 1507
1 1508
1 1509
2 1519
1 1525
1 1527
2 1530
1 1531
1 1533
2 1535
2 1536
1 1538
1 1539
1 1542
1 1550
1 1554
1 1560
1 1561
1 1562
1 1564
1 1566
1 1575
1 1577
1 1581
1 1584
1 1585
1 1587
1 1590
1 1591
1 1594
1 1597
1 1598
1 1599
1 1601
1 1605
1 1606
1 1608
2 1610
2 1615
1 1616
2 1617
1 1618
2 1620
3 1622
1 1625
1 1626
1 1627
3 1628
1 1632
2 1633
1 1638
1 1639
1 1642
1 1643
1 1647
1 1648
1 1650
2 1651
2 1655
1 1660
1 1662
1 1664
1 1665
2 1668
1 1669
2 1671
1 1672
1 1673
1 1677
3 1679
1 1682
2 1684
1 1689
1 1694
1 1697
1 1698
1 1699
3 1701
1 1702
2 1706
1 1709
1 1710
2 1711
2 1713
1 1721
1 1724
1 1727
1 1731
1 1733
1 1734
1 1735
1 1736
1 1742
3 1747
1 1748
1 1753
1 1758
1 1760
1 1762
1 1767
1 1780
1 1782
2 1785
1 1788
1 1790
1 1792
1 1796
1 1799
2 1800
1 1806
2 1811
1 1812
5 1819
4 1823
1 1826
1 1828
1 1830
2 1833
1 1841
1 1846
1 1851
1 1854
1 1858
1 1859
1 1862
2 1864
1 1865
1 1867
1 1868
1 1872
1 1874
2 1876
3 1878
1 1880
1 1881
2 1883
1 1888
1 1889
1 1891
1 1892
3 1893
1 1894
2 1895
1 1898
2 1904
1 1905
1 1910
1 1911
2 1915
1 1919
1 1920
2 1921
2 1923
2 1924
2 1925
1 1926
1 1927
1 1930
2 1931
1 1932
1 1934
1 1935
2 1936
3 1937
2 1938
2 1939
1 1940
1 1941
1 1942
2 1943
2 1944
2 1946
1 1947
1 1948
3 1949
1 1950
1 1951
3 1952
1 1955
1 1956
2 1958
2 1960
2 1961
1 1965
1 1969
2 1972
1 1974
2 1976
1 1978
3 1979
1 1981
1 1982
3 1983
1 1984
1 1985
1 1987
1 1992
1 1993
1 1994
2 1995
3 1997
1 1998
4 1999
2 2000
1 2001
1 2002
3 2005
3 2006
2 2008
3 2009
1 2011
5 2012
3 2013
4 2014
1 2015
3 2018
3 2019
1 2020
4 2021
2 2022
3 2023
3 2024
2 2025
3 2026
1 2027
4 2028
3 2029
1 2030
4 2031
1 2033
1 2034
3 2035
1 2036
1 2037
3 2038
2 2040
4 2043
4 2044
4 2045
3 2046
2 2048
1 2051
1 2052
2 2053
2 2054
1 2056
1 2058
1 2059
1 2060
1 2061
1 2062
1 2063
2 2065
1 2066
1 2069
1 2071
1 2072
1 2074
1 2077
1 2078
1 2079
2 2080
1 2083
3 2087
2 2089
2 2091
2 2092
2 2093
1 2095
2 2096
1 2100
1 2105
2 2107
2 2108
4 2109
1 2110
1 2113
1 2114
1 2115
1 2117
1 2118
3 2119
1 2121
2 2122
1 2123
1 2124
1 2125
1 2127
2 2128
2 2130
3 2131
3 2132
1 2133
3 2134
3 2135
1 2136
1 2137
2 2138
3 2140
2 2141
2 2142
2 2143
2 2144
3 2145
2 2146
5 2147
2 2148
1 2149
1 2150
3 2151
3 2152
3 2153
8 2154
4 2155
2 2156
3 2158
2 2159
2 2160
5 2161
3 2162
7 2163
1 2164
1 2165
5 2166
4 2167
1 2168
1 2169
2 2171
3 2172
1 2173
1 2174
1 2175
2 2176
3 2178
1 2179
2 2180
1 2181
1 2184
3 2185
1 2186
2 2188
3 2189
1 2192
1 2193
2 2195
1 2199
2 2203
2 2204
2 2207
1 2209
1 2213
1 2217
1 2219
1 2220
1 2222
1 2223
1 2228
1 2229
1 2231
3 2232
1 2233
1 2234
1 2235
2 2238
1 2239
1 2242
2 2243
1 2244
2 2245
4 2247
1 2249
1 2250
1 2251
1 2252
1 2253
2 2255
1 2256
1 2257
1 2258
3 2260
1 2261
1 2262
2 2263
3 2267
1 2268
2 2271
1 2273
2 2274
2 2275
1 2277
1 2278
2 2279
1 2281
3 2282
3 2283
3 2284
1 2287
2 2288
2 2289
1 2290
1 2291
4 2292
1 2294
4 2295
1 2297
2 2299
1 2300
2 2304
4 2305
1 2306
4 2307
3 2308
2 2309
1 2310
2 2311
2 2312
2 2313
1 2317
1 2318
2 2319
1 2320
1 2321
1 2322
1 2323
1 2324
1 2325
1 2327
2 2328
3 2330
1 2332
2 2333
1 2334
3 2335
2 2336
3 2337
4 2338
1 2341
1 2342
3 2343
2 2344
3 2345
2 2347
3 2349
2 2350
2 2353
2 2354
2 2355
5 2356
2 2357
2 2358
2 2359
2 2362
1 2363
5 2364
4 2365
7 2367
4 2368
1 2369
2 2370
2 2371
2 2372
3 2373
2 2374
3 2375
2 2376
6 2377
1 2378
3 2379
3 2380
2 2381
7 2382
5 2383
7 2384
3 2385
3 2386
3 2387
2 2388
5 2389
3 2391
2 2392
4 2393
3 2394
3 2395
3 2396
3 2397
4 2398
5 2399
4 2400
4 2401
6 2402
8 2403
9 2404
5 2405
1 2406
3 2407
7 2408
2 2409
5 2410
9 2411
3 2412
9 2413
7 2414
12 2415
7 2416
4 2417
1 2418
7 2419
7 2420
5 2421
4 2422
2 2423
6 2424
6 2425
4 2426
7 2427
4 2428
4 2429
7 2430
7 2431
1 2432
1 2433
4 2434
8 2435
4 2436
4 2437
3 2438
3 2439
6 2440
3 2441
8 2442
1 2443
2 2444
1 2445
9 2446
3 2447
2 2448
6 2449
2 2450
4 2451
4 2452
6 2453
2 2454
7 2455
7 2456
1 2457
7 2458
6 2459
4 2460
3 2461
6 2462
7 2463
6 2464
6 2465
7 2466
9 2467
7 2468
4 2469
5 2470
7 2471
10 2472
8 2473
8 2474
6 2475
11 2476
11 2477
5 2478
13 2479
6 2480
15 2481
12 2482
12 2483
8 2484
12 2485
12 2486
10 2487
10 2488
7 2489
19 2490
9 2491
12 2492
12 2493
13 2494
11 2495
9 2496
9 2497
8 2498
6 2499
13 2500
9 2501
8 2502
7 2503
10 2504
9 2505
9 2506
7 2507
9 2508
7 2509
5 2510
7 2511
7 2512
8 2513
5 2514
4 2515
2 2516
6 2517
6 2518
1 2519
3 2520
4 2521
3 2522
5 2523
5 2524
1 2525
1 2526
5 2527
1 2528
4 2529
8 2530
2 2531
2 2532
2 2533
1 2534
1 2535
1 2536
2 2537
1 2538
3 2540
1 2541
1 2542
2 2543
1 2544
2 2545
1 2546
1 2547
2 2548
1 2549
1 2552
2 2553
2 2554
2 2555
1 2557
2 2558
2 2559
1 2561
1 2565
3 2568
2 2571
1 2573
1 2576
2 2577
2 2584
1 2587
2 2589
1 2591
1 2594
1 2596
1 2597
2 2599
1 2600
1 2602
1 2603
1 2607
1 2610
1 2611
1 2618
1 2619
1 2620
2 2621
1 2622
2 2627
1 2628
2 2632
1 2634
1 2638
1 2642
2 2644
1 2645
2 2648
3 2652
1 2654
1 2655
1 2656
1 2658
1 2661
1 2662
1 2663
1 2665
1 2666
1 2669
1 2671
1 2672
2 2674
1 2675
1 2676
2 2677
1 2678
2 2679
2 2680
1 2682
2 2685
1 2688
1 2689
1 2690
1 2691
5 2692
4 2693
2 2694
2 2695
1 2696
2 2697
1 2698
4 2699
3 2700
3 2701
2 2702
2 2703
5 2704
4 2705
5 2707
2 2708
4 2709
4 2710
1 2711
2 2712
2 2713
1 2714
5 2715
1 2716
3 2717
1 2718
4 2719
2 2720
1 2721
3 2722
5 2723
3 2724
3 2725
4 2726
2 2727
1 2728
3 2729
2 2730
2 2731
3 2732
1 2733
3 2734
2 2735
2 2736
3 2737
1 2738
2 2739
2 2740
1 2741
1 2742
3 2743
2 2744
2 2745
1 2746
2 2747
1 2748
1 2750
2 2752
3 2753
1 2755
3 2759
1 2762
1 2763
1 2764
3 2765
1 2768
2 2773
1 2777
1 2778
1 2780
2 2784
1 2788
1 2791
1 2792
1 2794
1 2795
4 2808
1 2809
1 2817
1 2820
1 2822
2 2823
2 2826
1 2828
1 2830
2 2835
1 2837
1 2838
1 2839
2 2840
1 2841
1 2842
2 2848
1 2851
1 2867
2 2868
1 2871
1 2888
1 2896
1 2906
2 2908
1 2930
1 2932
1 2953
1 2958
1 2962
1 2966
1 2981
1 2986
1 2996
1 3002
1 3007
1 3011
1 3012
1 3014
2 3018
1 3031
1 3038
1 3039
1 3047
1 3050
2 3051
1 3065
2 3066
1 3069
1 3073
1 3075
1 3077
1 3079
1 3091
2 3092
1 3093
1 3096
1 3097
2 3102
1 3103
1 3104
2 3107
2 3109
1 3112
1 3114
2 3117
2 3118
1 3120
1 3122
1 3125
1 3126
2 3128
1 3129
1 3131
1 3133
1 3135
2 3139
3 3140
1 3141
3 3144
2 3145
1 3146
1 3147
1 3148
1 3149
2 3150
1 3151
1 3152
2 3153
1 3154
1 3156
1 3160
1 3161
1 3164
1 3165
1 3166
1 3169
1 3172
1 3173
3 3176
1 3182
1 3183
3 3184
1 3191
1 3192
1 3194
1 3260
1 3277
1 3296
1 3301
1 3317
1 3322
1 3328
1 3332
1 3358
1 3410
1 3437
1 3471
1 3495
1 3541
1 3559
1 3573
1 3619
1 3684
1 3695
1 3702
1 3857
1 3954
1 4042
1 4074
1 4101
1 4333
1 4624
1 4752
1 4813
1 5052
1 5306
