2 1
2 2
1 5
1 7
3 10
2 13
1 16
3 17
2 18
1 19
1 20
1 23
1 25
2 26
2 28
1 30
1 31
2 32
1 33
1 34
1 35
2 36
2 41
1 42
1 43
2 44
2 46
1 47
2 48
2 49
2 51
2 52
3 53
1 54
1 55
2 56
3 57
1 58
2 59
1 60
1 61
1 62
1 63
1 64
1 66
4 67
2 68
3 69
1 70
3 71
1 72
3 73
1 75
1 76
1 77
2 78
2 79
1 80
2 81
1 82
2 83
1 84
5 86
2 88
2 89
3 90
2 92
3 93
2 95
4 96
3 97
4 98
2 99
4 100
5 101
1 102
2 103
4 105
3 106
2 107
1 108
2 109
2 110
2 112
2 113
6 114
5 115
2 116
3 117
3 118
3 119
1 120
2 121
3 122
3 123
6 124
6 125
2 126
1 127
3 128
1 130
1 131
5 132
4 133
4 134
6 135
1 136
2 137
2 138
5 139
5 140
4 141
2 142
1 144
3 145
3 147
4 148
5 149
1 150
4 151
2 152
1 153
1 154
1 155
2 156
1 157
3 158
3 159
2 160
2 161
2 162
1 164
3 167
6 168
5 170
2 171
2 172
2 173
5 174
7 175
1 176
2 177
1 178
1 179
3 180
2 181
3 182
1 183
5 184
3 185
1 186
6 187
4 188
2 189
4 190
8 191
4 193
5 194
3 195
6 196
3 197
5 198
6 199
7 200
3 201
4 202
10 203
4 204
5 205
4 206
8 207
8 208
7 209
7 210
9 211
6 212
11 213
9 214
7 215
7 216
12 217
12 218
12 219
16 220
7 221
15 222
11 223
22 224
21 225
33 226
36 227
35 228
39 229
35 230
48 231
51 232
40 233
50 234
41 235
41 236
32 237
22 238
22 239
25 240
16 241
15 242
14 243
13 244
10 245
15 246
21 247
13 248
20 249
21 250
25 251
28 252
28 253
31 254
34 255
37 256
26 257
28 258
31 259
26 260
18 261
24 262
15 263
17 264
6 265
7 266
7 268
4 269
3 270
2 271
5 272
3 273
6 274
4 275
3 276
5 277
5 278
3 279
2 280
10 281
1 282
5 283
7 284
2 285
6 286
4 287
2 288
8 289
6 290
5 291
10 292
4 293
5 294
6 295
4 296
4 297
9 298
6 299
3 300
4 301
2 302
4 303
6 304
3 305
7 306
9 307
8 308
4 309
7 310
9 311
10 312
13 313
9 314
12 315
13 316
14 317
11 318
13 319
10 320
10 321
13 322
9 323
15 324
12 325
15 326
11 327
17 328
16 329
8 330
14 331
14 332
13 333
12 334
10 335
14 336
10 337
15 338
11 339
16 340
11 341
18 342
10 343
11 344
11 345
7 346
14 347
15 348
12 349
17 350
13 351
16 352
11 353
14 354
14 355
20 356
32 357
34 358
38 359
47 360
50 361
59 362
69 363
78 364
95 365
92 366
101 367
93 368
88 369
95 370
104 371
77 372
46 373
55 374
53 375
45 376
44 377
27 378
28 379
27 380
19 381
23 382
16 383
16 384
18 385
11 386
11 387
16 388
7 389
12 390
9 391
7 392
8 393
6 394
4 395
8 396
4 397
10 398
8 399
10 400
3 401
12 402
9 403
8 404
8 405
9 406
5 407
12 408
9 409
7 410
10 411
12 412
5 413
19 414
11 415
15 416
7 417
17 418
12 419
13 420
14 421
24 422
16 423
21 424
27 425
25 426
23 427
29 428
24 429
30 430
22 431
21 432
31 433
32 434
23 435
12 436
18 437
20 438
16 439
14 440
7 441
7 442
17 443
13 444
10 445
9 446
7 447
3 448
10 449
5 450
5 451
3 453
2 454
3 455
3 456
2 457
2 458
3 459
4 460
2 461
3 462
2 463
2 464
4 465
2 466
3 467
6 468
4 469
2 470
7 471
1 472
2 473
6 474
5 475
3 476
6 477
3 478
8 479
6 480
5 481
4 482
4 483
2 484
2 485
2 486
3 487
4 488
6 489
2 490
6 491
3 492
6 493
4 494
1 495
6 496
3 497
7 498
7 499
4 500
8 501
7 502
2 503
4 504
6 505
11 506
1 507
11 508
9 509
9 510
4 511
11 512
12 513
3 514
16 515
11 516
12 517
15 518
20 519
13 520
20 521
19 522
21 523
14 524
19 525
35 526
28 527
35 528
27 529
35 530
39 531
43 532
38 533
53 534
51 535
45 536
43 537
43 538
45 539
50 540
52 541
43 542
34 543
24 544
28 545
24 546
22 547
21 548
11 549
8 550
14 551
14 552
13 553
7 554
9 555
4 556
12 557
2 558
9 559
6 560
9 561
3 562
4 563
2 564
1 565
2 566
5 567
3 568
4 569
3 570
3 571
3 572
7 573
3 574
3 575
6 576
2 577
4 578
3 579
4 580
3 581
6 582
6 583
6 584
3 585
1 586
3 587
2 588
3 589
2 590
6 591
2 592
6 594
7 595
3 596
1 597
7 598
1 599
6 600
2 601
5 602
3 603
1 604
1 605
1 606
3 607
1 608
1 609
5 610
2 611
3 612
4 614
3 615
5 616
1 617
3 618
2 619
2 620
1 621
5 623
2 624
4 625
2 627
2 628
6 629
4 630
3 631
3 632
4 633
8 634
1 635
3 636
1 637
3 638
4 639
4 640
7 641
5 642
7 643
2 644
2 645
3 646
8 647
2 648
4 649
5 650
6 651
8 652
1 653
10 654
6 655
11 656
4 657
5 658
8 659
8 660
6 661
1 662
4 663
1 664
6 665
10 666
9 667
6 668
11 669
7 670
10 671
5 672
3 673
3 674
5 675
7 676
8 677
4 678
7 679
4 680
3 681
3 682
2 683
1 684
6 685
3 686
1 687
1 688
5 689
5 690
1 691
3 692
2 693
2 695
3 696
2 697
2 698
3 699
1 700
2 702
3 703
2 704
2 705
7 706
3 707
4 708
4 709
4 710
4 711
2 713
2 714
2 715
5 716
5 717
2 718
3 720
1 721
4 722
1 723
3 725
3 726
4 727
2 728
1 729
1 730
3 731
6 732
2 733
2 734
8 735
7 736
2 737
1 738
5 739
2 740
3 741
2 742
4 743
1 744
4 745
4 746
4 747
3 748
5 749
7 750
4 751
7 752
5 753
2 754
2 755
6 756
3 757
6 758
2 759
5 760
6 761
5 762
6 763
2 764
5 765
1 766
3 767
8 768
5 769
3 770
4 771
4 772
7 773
6 774
5 775
4 776
2 777
2 778
3 779
2 780
4 781
2 782
4 783
4 784
3 785
7 786
2 787
4 788
2 789
4 790
2 792
2 793
1 794
5 795
4 796
5 797
1 798
4 799
1 800
2 801
2 802
3 803
3 804
2 805
2 806
2 807
1 809
3 810
2 811
3 812
1 813
2 814
1 815
2 816
5 817
1 818
1 819
2 820
2 821
3 822
1 823
1 824
3 825
5 826
4 827
1 828
3 829
4 830
3 831
4 832
4 833
3 834
6 835
5 836
7 837
3 838
8 839
2 840
1 841
4 842
5 843
5 844
3 845
4 846
2 847
6 848
2 849
4 850
3 851
6 852
3 853
4 854
3 855
6 856
2 857
1 858
4 859
1 860
3 861
1 862
2 863
1 864
3 865
2 866
3 867
4 868
4 869
2 870
4 871
2 872
2 873
3 874
1 875
6 876
3 877
5 878
5 879
5 880
3 881
6 882
1 883
3 884
4 885
5 886
4 887
6 888
3 889
2 890
4 891
3 892
2 893
2 894
2 895
5 896
2 897
6 899
3 900
5 901
3 902
2 903
6 904
2 905
4 906
2 907
1 908
6 909
2 910
4 911
6 912
4 913
3 914
6 915
6 916
9 917
6 918
8 919
5 920
4 921
6 922
1 923
6 924
5 925
3 926
8 927
3 928
2 929
8 930
4 931
4 932
2 933
6 934
4 935
7 936
10 937
7 938
8 939
6 940
11 941
11 942
8 943
8 944
12 945
6 946
14 947
4 948
9 949
7 950
8 951
5 952
10 953
7 954
10 955
8 956
7 957
8 958
7 959
8 960
7 961
6 962
9 963
9 964
5 965
10 966
14 967
6 968
8 969
5 970
10 971
2 972
16 973
5 974
1 975
6 976
8 977
6 978
9 979
7 980
8 981
7 982
5 983
6 984
6 985
7 986
10 987
4 988
3 989
8 990
5 991
6 992
11 993
12 994
11 995
10 996
11 997
12 998
9 999
14 1000
11 1001
8 1002
7 1003
14 1004
9 1005
8 1006
18 1007
11 1008
11 1009
11 1010
10 1011
13 1012
14 1013
9 1014
17 1015
19 1016
17 1017
11 1018
17 1019
15 1020
14 1021
21 1022
23 1023
13 1024
13 1025
13 1026
18 1027
25 1028
28 1029
20 1030
29 1031
16 1032
18 1033
27 1034
35 1035
33 1036
31 1037
27 1038
32 1039
45 1040
40 1041
51 1042
46 1043
49 1044
43 1045
51 1046
47 1047
62 1048
69 1049
62 1050
71 1051
56 1052
59 1053
67 1054
74 1055
61 1056
72 1057
75 1058
68 1059
77 1060
74 1061
68 1062
76 1063
81 1064
77 1065
60 1066
66 1067
63 1068
77 1069
73 1070
58 1071
66 1072
69 1073
72 1074
73 1075
69 1076
68 1077
87 1078
94 1079
105 1080
101 1081
100 1082
110 1083
123 1084
126 1085
147 1086
153 1087
183 1088
179 1089
170 1090
153 1091
192 1092
185 1093
219 1094
215 1095
216 1096
237 1097
238 1098
230 1099
225 1100
196 1101
198 1102
242 1103
209 1104
202 1105
171 1106
204 1107
175 1108
164 1109
128 1110
124 1111
133 1112
110 1113
69 1114
81 1115
73 1116
49 1117
49 1118
62 1119
49 1120
30 1121
33 1122
34 1123
16 1124
19 1125
25 1126
13 1127
14 1128
16 1129
21 1130
8 1131
5 1132
10 1133
6 1134
5 1135
9 1136
8 1137
5 1138
9 1139
12 1140
9 1141
5 1142
3 1143
9 1144
7 1145
5 1146
9 1147
4 1148
6 1149
10 1150
5 1151
10 1152
4 1153
9 1154
10 1155
6 1156
8 1157
7 1158
4 1159
17 1160
12 1161
8 1162
14 1163
10 1164
16 1165
18 1166
12 1167
13 1168
19 1169
19 1170
5 1171
22 1172
27 1173
19 1174
20 1175
21 1176
17 1177
19 1178
17 1179
20 1180
21 1181
28 1182
30 1183
25 1184
29 1185
30 1186
21 1187
26 1188
23 1189
25 1190
26 1191
14 1192
24 1193
26 1194
23 1195
15 1196
17 1197
11 1198
23 1199
17 1200
11 1201
23 1202
12 1203
10 1204
16 1205
14 1206
8 1207
10 1208
6 1209
9 1210
3 1211
4 1212
6 1213
2 1214
5 1215
6 1216
1 1217
1 1218
2 1219
7 1221
3 1222
3 1223
1 1224
3 1226
3 1227
1 1228
2 1229
3 1230
2 1232
1 1233
2 1235
1 1237
2 1238
4 1240
3 1241
2 1242
1 1243
1 1244
1 1245
1 1246
1 1249
4 1250
2 1251
2 1252
4 1253
1 1254
1 1255
2 1256
4 1257
2 1258
4 1259
1 1260
1 1262
3 1264
1 1265
1 1266
1 1267
1 1269
2 1271
1 1272
3 1273
1 1275
2 1276
2 1279
1 1280
1 1281
2 1282
2 1283
3 1284
4 1285
2 1286
3 1287
2 1289
2 1290
3 1294
4 1295
1 1296
2 1297
1 1298
2 1299
2 1300
1 1301
2 1302
1 1303
2 1304
1 1305
1 1306
1 1307
1 1308
2 1309
3 1310
2 1313
1 1315
1 1316
1 1318
3 1319
2 1320
2 1321
2 1322
2 1323
2 1324
1 1325
3 1328
3 1330
1 1331
1 1333
1 1334
1 1335
3 1336
1 1337
3 1339
2 1340
2 1341
4 1344
1 1346
1 1347
1 1348
2 1349
1 1350
3 1353
1 1354
1 1355
1 1356
2 1357
1 1359
3 1361
4 1362
2 1363
1 1364
1 1365
3 1368
1 1369
3 1370
1 1371
1 1372
4 1373
4 1374
2 1375
3 1377
1 1378
1 1380
2 1381
2 1383
3 1385
1 1386
4 1387
2 1388
2 1390
1 1392
3 1393
1 1395
3 1396
1 1397
3 1398
1 1399
1 1400
4 1402
3 1403
1 1404
2 1405
2 1407
2 1409
1 1410
6 1413
3 1414
2 1415
2 1416
3 1417
1 1418
2 1419
2 1420
2 1421
4 1422
1 1423
3 1424
3 1425
1 1426
1 1427
3 1428
1 1429
4 1430
2 1431
3 1432
3 1433
2 1434
1 1435
2 1436
3 1439
2 1440
3 1441
3 1442
1 1444
3 1445
4 1447
5 1448
4 1449
1 1450
1 1452
1 1453
2 1454
3 1455
3 1457
1 1458
5 1459
3 1461
4 1462
1 1463
2 1464
3 1465
1 1466
4 1467
3 1468
2 1469
1 1470
3 1471
2 1472
3 1473
2 1474
2 1475
3 1476
1 1477
2 1478
3 1479
2 1480
4 1481
2 1482
2 1483
5 1484
4 1485
2 1487
1 1488
2 1489
1 1490
1 1492
1 1493
3 1494
1 1495
1 1496
5 1497
1 1499
2 1500
1 1502
2 1503
1 1504
2 1505
7 1506
2 1509
3 1510
3 1511
4 1512
1 1513
2 1514
2 1515
2 1516
5 1517
2 1518
2 1519
1 1520
1 1521
3 1522
1 1523
1 1525
1 1526
2 1527
2 1528
2 1529
3 1530
1 1531
3 1532
1 1533
1 1534
1 1535
3 1536
2 1537
2 1538
3 1539
3 1540
2 1541
1 1542
3 1543
5 1544
1 1545
1 1546
1 1547
1 1548
3 1549
3 1550
1 1551
2 1552
2 1553
2 1554
2 1555
7 1556
2 1557
2 1558
5 1560
9 1561
4 1562
2 1563
4 1564
1 1565
5 1566
5 1567
4 1568
4 1569
5 1570
3 1571
5 1572
3 1573
4 1574
6 1575
4 1576
9 1577
4 1578
3 1579
4 1580
2 1581
2 1582
7 1583
6 1584
3 1585
4 1586
7 1587
7 1588
5 1589
3 1590
5 1591
11 1592
13 1593
8 1594
6 1595
9 1596
7 1597
11 1598
7 1599
6 1600
11 1601
9 1602
8 1603
13 1604
12 1605
8 1606
12 1607
17 1608
11 1609
12 1610
9 1611
11 1612
14 1613
9 1614
8 1615
13 1616
11 1617
10 1618
9 1619
9 1620
10 1621
17 1622
10 1623
15 1624
9 1625
13 1626
12 1627
15 1628
12 1629
6 1630
10 1631
18 1632
13 1633
6 1634
10 1635
12 1636
14 1637
14 1638
15 1639
9 1640
5 1641
12 1642
17 1643
7 1644
17 1645
14 1646
15 1647
19 1648
15 1649
17 1650
15 1651
15 1652
12 1653
13 1654
9 1655
7 1656
14 1657
13 1658
17 1659
12 1660
14 1661
13 1662
11 1663
13 1664
7 1665
14 1666
11 1667
14 1668
8 1669
9 1670
8 1671
16 1672
19 1673
12 1674
8 1675
12 1676
5 1677
17 1678
19 1679
14 1680
14 1681
13 1682
7 1683
17 1684
15 1685
28 1686
17 1687
15 1688
21 1689
26 1690
25 1691
21 1692
17 1693
27 1694
23 1695
34 1696
25 1697
36 1698
30 1699
36 1700
51 1701
35 1702
43 1703
41 1704
55 1705
48 1706
47 1707
49 1708
59 1709
73 1710
85 1711
58 1712
59 1713
63 1714
78 1715
86 1716
86 1717
77 1718
86 1719
86 1720
94 1721
88 1722
88 1723
77 1724
103 1725
95 1726
102 1727
114 1728
91 1729
93 1730
80 1731
94 1732
96 1733
84 1734
99 1735
87 1736
76 1737
80 1738
68 1739
71 1740
70 1741
67 1742
56 1743
62 1744
64 1745
64 1746
71 1747
43 1748
56 1749
47 1750
48 1751
47 1752
38 1753
44 1754
34 1755
32 1756
25 1757
29 1758
39 1759
35 1760
38 1761
29 1762
28 1763
29 1764
15 1765
25 1766
29 1767
29 1768
18 1769
37 1770
18 1771
31 1772
21 1773
22 1774
12 1775
22 1776
15 1777
15 1778
12 1779
14 1780
15 1781
12 1782
8 1783
10 1784
10 1785
5 1786
10 1787
9 1788
9 1789
6 1790
10 1791
9 1792
9 1793
6 1794
7 1795
8 1796
4 1797
5 1798
7 1799
2 1800
3 1801
7 1802
8 1803
7 1804
8 1805
3 1806
7 1807
5 1808
7 1809
4 1810
3 1811
6 1812
4 1813
3 1814
7 1815
4 1816
1 1817
2 1818
8 1819
2 1820
5 1821
2 1822
2 1823
4 1824
3 1825
3 1826
5 1827
4 1828
2 1829
3 1830
3 1831
3 1832
5 1833
2 1834
2 1835
3 1836
2 1837
1 1838
7 1839
3 1840
3 1841
1 1842
2 1843
2 1844
2 1846
2 1847
3 1848
3 1849
5 1850
3 1852
2 1853
6 1854
5 1855
3 1856
3 1857
4 1858
4 1859
3 1860
3 1861
2 1862
3 1863
2 1864
7 1865
6 1866
2 1867
7 1868
6 1869
3 1870
3 1871
4 1872
5 1873
6 1874
10 1875
7 1876
6 1877
4 1878
11 1879
4 1880
13 1881
6 1882
10 1883
7 1884
7 1885
7 1886
6 1887
8 1888
16 1889
14 1890
8 1891
12 1892
15 1893
5 1894
19 1895
16 1896
16 1897
20 1898
19 1899
15 1900
23 1901
18 1902
29 1903
17 1904
19 1905
37 1906
27 1907
27 1908
31 1909
36 1910
43 1911
37 1912
38 1913
41 1914
37 1915
30 1916
38 1917
39 1918
41 1919
34 1920
49 1921
45 1922
26 1923
43 1924
46 1925
52 1926
34 1927
42 1928
42 1929
31 1930
48 1931
44 1932
37 1933
38 1934
33 1935
28 1936
22 1937
19 1938
22 1939
21 1940
25 1941
18 1942
14 1943
17 1944
15 1945
15 1946
15 1947
18 1948
7 1949
7 1950
9 1951
9 1952
7 1953
9 1954
5 1955
6 1956
10 1957
7 1958
5 1959
2 1960
2 1961
4 1963
1 1964
2 1965
2 1966
4 1969
1 1970
1 1972
1 1973
1 1974
1 1975
1 1976
2 1977
2 1979
2 1983
1 1986
1 1989
1 1990
1 1995
1 1997
1 2000
1 2002
1 2005
1 2006
1 2009
1 2018
1 2020
1 2032
1 2033
1 2060
1 2065
1 2071
2 2081
2 2093
1 2109
1 2141
1 2144
1 2163
1 2172
1 2183
1 2200
1 2215
1 2224
1 2229
1 2254
1 2268
1 2272
1 2292
1 2308
1 2316
1 2322
1 2345
1 2349
1 2352
1 2355
1 2383
1 2397
1 2405
1 2417
1 2426
1 2445
1 2472
1 2474
1 2494
1 2509
1 2519
2 2529
1 2534
1 2549
1 2558
1 2561
2 2573
1 2580
1 2589
1 2592
1 2593
1 2599
1 2601
1 2615
1 2616
1 2625
1 2629
1 2633
1 2637
1 2641
1 2642
1 2650
1 2657
1 2658
1 2673
1 2756
1 2870
1 2880
1 2881
1 2886
1 2969
1 3085
1 3112
1 3113
1 3133
1 3152
1 3157
1 3227
1 3275
1 3414
1 3507
1 3521
1 4428
1 6224
