1 6
1 7
1 25
1 28
1 35
1 40
1 46
1 48
1 50
1 51
1 54
1 55
1 56
3 60
1 61
2 64
2 65
2 67
1 68
1 70
2 71
2 73
1 75
1 77
1 78
3 80
1 83
1 84
1 88
1 90
1 91
3 95
2 97
3 98
1 99
1 100
2 101
2 102
1 103
2 105
1 108
4 110
1 111
1 112
1 113
3 115
2 116
3 117
3 118
2 119
3 120
4 121
2 122
3 124
2 125
6 126
2 127
3 128
2 129
3 130
1 131
3 132
3 133
1 134
1 136
1 137
1 138
2 140
1 141
1 143
1 144
1 146
2 147
3 148
1 149
2 150
3 151
2 152
5 153
4 155
2 156
5 157
3 158
4 159
5 160
7 161
4 162
2 163
6 164
5 165
1 166
1 167
2 168
2 169
2 170
3 171
1 172
1 173
2 175
1 177
4 179
2 180
2 181
3 182
3 183
2 184
4 185
10 186
6 187
9 188
9 189
8 190
14 191
22 192
14 193
26 194
28 195
24 196
41 197
28 198
23 199
21 200
20 201
18 202
14 203
9 204
7 205
5 206
5 207
1 208
6 209
4 210
4 211
2 212
1 213
3 214
3 215
1 216
1 217
4 218
1 220
3 221
2 222
1 223
1 225
3 226
1 227
1 228
2 229
2 230
2 231
2 232
6 233
1 234
7 235
2 236
3 237
6 239
7 240
4 241
5 242
4 244
5 245
3 246
4 247
5 248
4 249
1 250
1 251
3 252
4 253
6 254
2 255
3 256
6 257
2 258
6 259
6 260
5 261
7 262
8 263
10 264
5 265
11 266
6 267
6 268
7 269
10 270
10 271
12 272
11 273
17 274
14 275
18 276
15 277
16 278
15 279
9 280
11 281
10 282
7 283
8 284
13 285
7 286
15 287
13 288
16 289
10 290
11 291
22 292
20 293
23 294
24 295
30 296
35 297
47 298
51 299
61 300
56 301
64 302
70 303
73 304
57 305
48 306
41 307
49 308
37 309
32 310
26 311
16 312
14 313
20 314
11 315
19 316
14 317
19 318
22 319
26 320
24 321
29 322
23 323
37 324
29 325
33 326
30 327
38 328
21 329
25 330
36 331
38 332
19 333
19 334
20 335
13 336
21 337
15 338
9 339
5 340
12 341
2 342
6 343
13 344
6 345
12 346
11 347
12 348
12 349
12 350
15 351
10 352
14 353
12 354
12 355
9 356
9 357
4 358
9 359
4 360
5 361
4 362
8 363
5 364
7 365
9 366
5 367
6 368
6 369
4 370
14 371
10 372
10 373
7 374
19 375
11 376
9 377
8 378
14 379
13 380
11 381
17 382
12 383
9 384
7 385
9 386
11 387
9 388
5 389
7 390
3 391
8 392
3 393
8 394
6 395
5 396
3 397
6 398
4 400
5 401
6 402
2 403
5 404
2 405
1 406
5 407
4 408
10 409
3 410
6 411
6 412
7 413
3 414
4 415
5 416
3 417
9 418
6 419
9 420
8 421
4 422
8 423
7 424
8 425
9 426
6 427
17 428
11 429
12 430
14 431
13 432
16 433
13 434
8 435
11 436
9 437
12 438
9 439
10 440
5 441
8 442
5 443
4 444
9 445
8 446
2 447
3 448
6 449
8 450
5 451
4 452
6 453
7 454
3 455
6 456
3 457
1 458
4 459
9 460
6 461
7 462
5 463
11 464
4 465
12 466
4 467
7 468
10 469
8 470
10 471
8 472
3 473
4 474
8 475
4 476
10 477
6 478
5 479
7 480
7 481
6 482
5 483
3 484
1 485
6 486
6 487
5 488
2 489
7 490
5 491
7 492
4 493
4 494
2 495
10 496
6 497
4 498
6 499
7 500
4 501
5 502
4 503
7 504
7 505
6 506
10 507
7 508
7 509
5 510
7 511
11 512
12 513
14 514
15 515
21 516
15 517
15 518
17 519
18 520
26 521
23 522
29 523
21 524
26 525
24 526
30 527
30 528
26 529
29 530
23 531
24 532
31 533
22 534
17 535
25 536
19 537
15 538
11 539
10 540
10 541
13 542
12 543
6 544
6 545
6 546
5 547
5 548
8 549
5 550
4 551
2 552
3 553
3 554
4 555
4 556
3 557
5 558
3 559
3 560
1 561
4 562
3 563
9 564
6 565
3 566
3 567
6 568
3 569
3 570
5 571
2 572
2 573
1 574
5 575
6 576
5 577
1 578
7 579
3 580
4 581
4 582
4 583
4 584
5 585
3 586
3 587
3 588
4 589
2 590
3 591
2 592
5 593
6 594
3 595
2 596
5 597
5 598
4 599
6 600
5 601
4 602
6 603
6 604
6 605
5 606
5 607
6 608
3 609
3 610
7 611
6 612
8 613
7 614
8 615
3 616
4 617
5 618
5 619
3 620
4 621
5 622
6 623
4 624
4 625
2 626
3 627
3 628
3 629
5 630
1 631
2 632
3 633
5 634
4 635
4 636
4 637
3 638
5 639
7 640
2 641
8 642
12 643
11 644
5 645
6 646
7 647
10 648
8 649
6 650
7 651
12 652
10 653
8 654
10 655
12 656
17 657
11 658
8 659
16 660
17 661
11 662
19 663
16 664
11 665
13 666
9 667
18 668
17 669
13 670
11 671
12 672
7 673
7 674
8 675
7 676
12 677
13 678
9 679
6 680
7 681
4 682
5 683
9 684
7 685
3 686
7 687
10 688
6 689
8 690
8 691
4 692
6 693
8 694
7 695
5 696
5 697
5 698
2 699
5 700
6 701
2 702
4 703
5 704
2 705
5 706
9 707
2 708
9 709
2 710
7 711
4 712
4 713
3 714
4 715
6 716
3 717
5 718
5 720
3 721
3 722
2 723
6 724
2 725
2 726
2 727
1 728
5 729
1 730
2 731
3 732
2 733
6 734
6 735
5 736
6 737
1 738
2 739
3 740
3 741
2 742
6 743
4 744
2 745
2 747
1 748
3 749
5 750
1 751
2 752
1 753
8 754
3 755
3 756
2 757
1 758
3 759
4 760
3 761
2 762
5 763
4 764
2 765
3 766
4 767
2 768
5 769
4 770
2 771
5 772
3 773
4 774
3 775
7 776
2 777
3 778
4 779
1 780
3 781
4 782
4 783
3 784
4 785
5 786
8 787
5 788
6 789
8 790
6 791
8 792
2 793
3 794
5 795
5 796
5 797
5 798
3 799
4 800
3 801
3 802
9 803
4 804
3 805
5 806
4 807
4 808
1 809
2 810
2 811
5 812
2 813
1 814
5 815
5 816
5 817
6 818
4 819
3 820
5 821
6 822
3 823
6 824
10 825
4 826
7 827
8 828
5 829
4 830
2 831
9 832
7 833
4 834
12 835
8 836
8 837
6 838
14 839
6 840
10 841
9 842
9 843
11 844
11 845
16 846
15 847
16 848
12 849
23 850
11 851
11 852
16 853
17 854
15 855
16 856
18 857
19 858
20 859
11 860
19 861
17 862
24 863
14 864
20 865
17 866
16 867
13 868
16 869
18 870
16 871
16 872
11 873
10 874
16 875
7 876
14 877
14 878
15 879
12 880
8 881
17 882
14 883
13 884
19 885
10 886
13 887
10 888
13 889
17 890
15 891
6 892
23 893
28 894
17 895
20 896
12 897
20 898
21 899
24 900
20 901
31 902
19 903
27 904
22 905
15 906
19 907
15 908
22 909
24 910
13 911
15 912
10 913
15 914
12 915
13 916
12 917
12 918
5 919
14 920
4 921
4 922
5 923
2 924
9 925
3 926
5 927
4 928
4 929
2 930
2 931
5 932
2 935
1 936
1 937
3 939
3 940
1 941
1 942
1 943
3 944
1 945
2 946
1 947
1 948
1 949
1 952
1 953
2 958
2 959
1 960
1 961
2 962
1 964
1 968
1 970
2 973
1 975
3 976
2 977
1 979
3 982
3 984
2 986
2 987
1 988
1 989
1 991
1 992
1 995
1 996
1 997
1 998
2 1001
2 1003
3 1005
1 1007
1 1008
1 1009
1 1013
2 1014
2 1018
1 1019
2 1021
2 1022
2 1023
1 1024
2 1028
4 1032
3 1034
2 1038
1 1039
1 1040
1 1041
1 1042
2 1044
1 1045
1 1046
1 1047
4 1048
1 1049
1 1050
1 1052
1 1053
1 1054
1 1059
2 1060
1 1061
1 1062
3 1065
1 1066
1 1067
1 1069
2 1071
2 1072
4 1074
1 1075
1 1077
4 1078
2 1079
1 1080
1 1081
2 1082
1 1083
1 1084
1 1085
2 1087
1 1090
1 1091
4 1094
1 1096
4 1098
1 1101
1 1102
1 1103
2 1104
1 1105
1 1109
1 1112
1 1113
1 1116
1 1121
2 1122
2 1123
1 1125
1 1126
1 1127
3 1128
1 1130
2 1134
1 1136
2 1137
1 1138
1 1140
1 1142
2 1144
1 1145
1 1148
1 1149
2 1150
1 1153
2 1155
1 1156
1 1157
3 1159
2 1160
1 1161
3 1162
1 1164
3 1165
2 1168
1 1169
1 1170
2 1171
3 1172
5 1174
4 1175
4 1176
3 1177
3 1178
2 1179
3 1180
8 1182
2 1183
4 1184
4 1185
4 1186
4 1187
6 1188
5 1189
2 1190
3 1191
6 1192
5 1193
4 1194
9 1195
6 1196
5 1197
2 1198
7 1199
3 1200
2 1201
6 1202
5 1203
2 1204
1 1205
1 1206
2 1207
3 1208
5 1209
2 1210
5 1211
2 1212
1 1213
1 1214
1 1216
2 1217
1 1220
4 1221
3 1222
2 1226
1 1227
1 1228
1 1229
1 1230
2 1231
1 1233
1 1236
4 1238
4 1240
1 1241
2 1243
1 1245
2 1247
1 1248
3 1250
4 1251
2 1252
3 1253
2 1254
2 1255
3 1257
1 1258
4 1259
2 1260
1 1261
1 1262
1 1263
2 1264
2 1265
3 1266
1 1267
2 1268
3 1269
2 1270
4 1271
4 1272
2 1273
5 1274
4 1275
2 1276
8 1277
5 1278
14 1279
4 1280
5 1281
6 1282
6 1283
11 1284
6 1285
5 1286
5 1287
8 1288
14 1289
5 1290
13 1291
12 1292
8 1293
14 1294
9 1295
10 1296
15 1297
11 1298
7 1299
6 1300
10 1301
2 1302
13 1303
9 1304
6 1305
5 1306
3 1307
7 1308
4 1309
3 1310
7 1311
3 1312
7 1313
4 1314
5 1315
2 1316
3 1317
4 1318
5 1319
5 1320
4 1321
3 1322
8 1323
3 1324
1 1325
2 1326
1 1328
3 1330
1 1332
4 1333
2 1334
5 1335
3 1336
2 1337
1 1338
1 1339
2 1340
1 1341
2 1342
2 1343
2 1344
2 1345
3 1346
6 1347
1 1348
2 1351
1 1352
1 1353
1 1354
1 1355
2 1356
3 1357
1 1358
2 1360
1 1361
1 1364
1 1365
2 1366
2 1367
2 1368
1 1369
1 1371
1 1372
2 1373
2 1375
2 1376
1 1378
1 1379
2 1380
2 1381
2 1384
4 1385
1 1386
2 1387
5 1388
1 1389
4 1391
1 1392
1 1393
2 1394
5 1396
3 1397
2 1398
2 1399
1 1400
1 1401
1 1402
2 1403
1 1405
1 1406
1 1407
2 1408
3 1409
1 1410
2 1414
1 1416
1 1417
1 1418
2 1419
2 1420
1 1422
1 1423
1 1424
1 1426
1 1427
1 1428
1 1429
3 1431
1 1432
1 1435
1 1437
1 1438
2 1439
2 1440
2 1444
1 1445
1 1446
1 1447
1 1450
2 1451
1 1452
3 1453
3 1454
3 1455
2 1457
1 1458
1 1459
4 1460
1 1461
1 1463
2 1465
4 1466
2 1470
1 1471
1 1472
3 1473
3 1475
2 1476
1 1477
1 1478
1 1479
3 1481
1 1483
3 1484
4 1486
2 1487
1 1488
1 1492
1 1494
2 1496
1 1498
1 1499
2 1502
2 1503
1 1504
1 1505
1 1508
2 1511
1 1513
1 1515
1 1516
1 1517
4 1519
3 1520
1 1522
1 1523
1 1526
2 1527
3 1528
2 1529
1 1531
1 1533
2 1536
2 1537
2 1539
1 1541
2 1544
1 1546
1 1547
1 1548
1 1549
4 1550
1 1553
1 1556
1 1558
1 1559
3 1560
1 1565
2 1566
1 1568
1 1570
1 1571
2 1572
2 1574
1 1575
1 1581
1 1582
2 1584
3 1585
1 1589
2 1592
1 1593
5 1594
1 1595
3 1598
1 1601
2 1602
1 1604
2 1605
2 1606
1 1608
3 1609
1 1610
1 1611
3 1612
1 1613
1 1614
1 1618
1 1619
2 1620
2 1621
3 1622
2 1623
1 1624
4 1626
2 1627
3 1628
2 1629
2 1630
1 1631
2 1632
1 1633
2 1634
1 1636
1 1638
2 1639
2 1640
4 1641
3 1642
1 1643
3 1644
1 1645
3 1646
1 1647
2 1648
3 1649
4 1651
1 1652
1 1653
2 1654
2 1656
1 1657
2 1658
1 1661
1 1662
5 1663
1 1665
1 1666
1 1667
1 1668
2 1669
1 1670
1 1671
1 1681
1 1693
1 1694
2 1695
1 1700
1 1701
1 1702
1 1706
1 1707
1 1708
2 1709
1 1711
1 1712
2 1715
1 1716
1 1717
2 1718
1 1719
1 1721
1 1722
1 1723
1 1724
1 1727
1 1730
1 1732
2 1733
1 1734
1 1735
1 1736
1 1737
2 1738
1 1740
1 1741
1 1743
1 1747
1 1748
1 1749
2 1752
1 1754
1 1755
1 1758
2 1761
1 1762
1 1763
4 1764
1 1766
1 1767
2 1768
1 1769
1 1770
2 1771
1 1772
3 1773
1 1774
1 1776
2 1777
1 1778
1 1780
2 1782
2 1783
1 1784
1 1785
2 1786
2 1787
2 1788
2 1789
2 1791
1 1793
2 1794
2 1795
1 1800
2 1801
2 1803
2 1804
1 1805
2 1806
2 1808
1 1809
2 1810
2 1811
1 1815
1 1816
2 1817
3 1818
3 1819
2 1820
3 1822
1 1824
1 1826
2 1827
1 1829
1 1832
1 1834
2 1835
4 1837
1 1838
1 1839
4 1840
5 1841
2 1843
1 1844
2 1845
4 1846
4 1847
2 1848
2 1849
1 1851
3 1852
2 1853
3 1854
3 1855
5 1856
1 1857
4 1858
4 1859
4 1860
4 1861
6 1862
3 1863
5 1864
8 1865
3 1866
1 1867
2 1868
6 1869
7 1870
8 1871
4 1872
5 1873
6 1874
11 1875
6 1876
3 1877
3 1878
10 1879
5 1880
5 1881
5 1882
13 1883
4 1884
6 1885
5 1886
5 1887
4 1888
7 1889
3 1890
11 1891
6 1892
5 1893
9 1894
13 1895
6 1896
8 1897
1 1898
6 1899
5 1900
3 1901
4 1902
1 1903
1 1904
4 1905
4 1906
6 1907
8 1908
3 1909
6 1910
1 1911
3 1912
2 1913
2 1914
2 1915
3 1916
1 1917
2 1918
2 1919
3 1920
3 1921
1 1923
2 1926
1 1927
1 1929
2 1932
4 1933
1 1934
1 1937
2 1938
1 1939
1 1940
1 1942
2 1943
4 1944
3 1945
1 1947
1 1948
3 1949
3 1950
3 1953
2 1954
4 1955
1 1956
2 1957
2 1958
2 1959
2 1960
1 1961
2 1962
1 1963
2 1964
1 1965
3 1966
1 1967
6 1968
1 1969
2 1972
1 1973
2 1974
1 1975
2 1976
4 1977
1 1978
2 1980
1 1981
2 1985
2 1987
1 1988
2 1990
1 1992
3 1993
2 1994
2 1995
1 1996
1 2000
1 2002
1 2003
1 2004
1 2007
1 2019
1 2020
2 2021
1 2022
2 2023
1 2024
1 2025
2 2027
3 2032
1 2035
1 2036
2 2043
1 2044
2 2047
1 2048
2 2049
1 2051
1 2052
1 2055
1 2056
1 2057
1 2058
1 2059
2 2060
3 2066
1 2067
3 2069
1 2070
4 2071
1 2072
2 2073
3 2074
1 2078
1 2079
2 2080
5 2081
1 2082
1 2083
1 2084
1 2086
1 2088
2 2089
2 2090
1 2091
2 2092
1 2094
1 2096
2 2097
1 2101
1 2102
1 2103
2 2104
1 2106
2 2107
2 2108
1 2109
2 2110
1 2111
1 2113
1 2115
1 2118
1 2120
1 2121
1 2125
2 2127
1 2128
1 2129
1 2130
2 2132
1 2133
1 2134
1 2135
1 2136
4 2139
3 2141
1 2144
1 2145
2 2146
1 2147
2 2150
3 2152
2 2153
3 2154
1 2156
2 2158
2 2160
2 2161
2 2162
2 2163
4 2165
2 2166
1 2167
1 2169
1 2170
2 2171
4 2173
3 2174
5 2175
1 2176
3 2177
3 2178
1 2179
2 2180
2 2181
2 2182
5 2183
2 2186
3 2187
2 2188
3 2189
3 2190
5 2191
1 2192
3 2193
3 2194
2 2195
2 2196
2 2197
1 2198
4 2199
2 2200
2 2201
2 2202
3 2203
3 2204
3 2205
1 2206
2 2207
2 2208
2 2209
4 2211
2 2213
1 2214
2 2216
3 2218
3 2221
1 2222
2 2223
2 2224
3 2226
1 2227
3 2228
3 2229
2 2230
4 2231
3 2232
4 2233
3 2234
2 2235
2 2236
1 2237
5 2238
2 2240
3 2241
4 2242
1 2243
5 2244
1 2245
3 2246
2 2247
3 2248
1 2249
4 2251
1 2252
3 2253
1 2254
3 2255
1 2256
3 2257
3 2258
1 2259
1 2262
3 2263
2 2264
1 2265
4 2266
2 2267
4 2268
2 2269
3 2270
5 2271
1 2272
4 2273
3 2274
1 2275
1 2276
3 2277
1 2278
2 2279
4 2280
6 2281
6 2283
3 2284
4 2285
3 2286
3 2287
1 2288
2 2289
4 2290
2 2291
2 2292
3 2293
1 2294
2 2295
4 2296
3 2297
2 2298
1 2299
4 2300
1 2301
3 2302
8 2303
3 2304
2 2306
3 2307
5 2308
2 2309
1 2310
3 2311
3 2312
1 2313
5 2314
2 2315
3 2316
5 2317
6 2318
3 2320
6 2321
3 2322
1 2323
2 2325
1 2326
8 2327
4 2328
4 2329
2 2330
1 2331
1 2332
1 2333
5 2334
2 2335
2 2336
3 2337
2 2338
4 2339
5 2340
1 2341
5 2342
1 2343
1 2344
2 2345
2 2347
3 2348
3 2349
3 2350
1 2351
5 2352
4 2354
4 2355
2 2356
3 2357
8 2358
5 2359
5 2360
5 2361
2 2362
5 2363
2 2364
8 2365
2 2366
8 2367
6 2368
6 2369
8 2370
10 2371
3 2372
5 2373
9 2374
12 2375
9 2376
10 2377
11 2378
5 2379
8 2380
10 2381
20 2382
8 2383
15 2384
10 2385
13 2386
9 2387
11 2388
13 2389
13 2390
15 2391
12 2392
16 2393
14 2394
19 2395
15 2396
17 2397
14 2398
15 2399
12 2400
20 2401
17 2402
14 2403
8 2404
11 2405
15 2406
16 2407
13 2408
9 2409
16 2410
10 2411
13 2412
11 2413
7 2414
10 2415
8 2416
7 2417
12 2418
10 2419
4 2420
6 2421
7 2422
13 2423
2 2424
2 2425
1 2426
2 2427
8 2428
5 2429
5 2430
6 2431
4 2432
4 2433
3 2434
6 2435
4 2436
2 2437
3 2438
3 2439
3 2440
4 2441
2 2442
3 2443
1 2444
2 2445
1 2446
1 2448
1 2450
3 2451
1 2456
2 2458
1 2460
2 2461
1 2462
1 2466
1 2470
1 2475
2 2479
1 2481
1 2482
1 2488
1 2491
1 2494
2 2502
1 2503
1 2505
1 2506
1 2507
1 2511
1 2515
1 2519
1 2520
1 2521
1 2524
1 2531
1 2539
1 2554
1 2555
1 2556
1 2562
2 2566
1 2569
2 2574
1 2575
1 2578
1 2580
1 2582
2 2583
1 2584
1 2585
1 2586
1 2587
1 2591
1 2593
1 2599
2 2601
1 2611
1 2612
1 2613
1 2615
2 2617
2 2618
1 2621
1 2624
3 2627
1 2628
1 2630
2 2631
1 2632
1 2635
2 2638
1 2639
1 2640
1 2641
1 2642
2 2643
2 2647
1 2648
2 2650
2 2653
1 2654
2 2655
1 2656
1 2657
1 2658
1 2659
1 2660
1 2662
1 2665
2 2666
1 2668
1 2669
2 2676
2 2680
1 2682
1 2683
2 2684
1 2685
1 2688
1 2689
1 2692
1 2693
2 2694
1 2695
1 2696
4 2697
1 2699
1 2700
2 2701
1 2702
1 2703
1 2705
1 2706
1 2707
3 2708
1 2711
2 2712
3 2713
1 2716
1 2717
2 2718
1 2720
3 2721
2 2723
1 2724
1 2725
2 2728
1 2729
1 2730
1 2734
2 2737
1 2738
1 2740
1 2743
1 2744
1 2747
2 2748
4 2749
1 2750
1 2751
1 2757
1 2758
1 2759
1 2763
1 2764
1 2765
1 2767
1 2768
1 2769
1 2770
6 2771
1 2773
2 2774
2 2775
1 2777
1 2778
1 2779
1 2780
1 2782
2 2783
2 2785
1 2786
1 2789
2 2790
1 2791
1 2792
1 2794
1 2796
2 2797
2 2799
3 2800
1 2803
1 2804
1 2805
2 2806
2 2807
3 2808
1 2809
2 2811
2 2812
3 2813
2 2814
2 2815
3 2816
2 2817
1 2818
3 2819
2 2820
1 2821
3 2822
1 2823
1 2824
2 2825
1 2827
3 2828
1 2831
2 2832
2 2833
1 2834
1 2835
1 2836
4 2837
7 2838
2 2839
2 2841
1 2842
2 2843
2 2844
3 2845
1 2846
4 2847
3 2848
2 2849
1 2850
5 2851
2 2852
4 2853
4 2854
3 2855
2 2857
1 2858
5 2859
2 2860
4 2862
1 2863
2 2864
6 2865
4 2866
5 2867
1 2868
2 2869
4 2870
7 2871
3 2872
2 2873
2 2874
1 2875
2 2876
1 2877
5 2878
5 2879
3 2880
4 2881
3 2882
2 2883
8 2884
5 2885
2 2886
2 2887
5 2888
1 2889
3 2890
4 2891
3 2892
4 2893
8 2894
7 2895
9 2896
8 2897
9 2898
4 2899
2 2900
4 2901
2 2902
9 2903
6 2904
4 2905
3 2906
3 2907
4 2908
12 2909
5 2910
7 2911
6 2912
7 2913
7 2914
11 2915
10 2916
6 2917
12 2918
9 2919
8 2920
7 2921
6 2922
7 2923
10 2924
9 2925
13 2926
7 2927
11 2928
7 2929
7 2930
12 2931
12 2932
15 2933
15 2934
17 2935
11 2936
7 2937
15 2938
13 2939
7 2940
11 2941
16 2942
15 2943
9 2944
13 2945
10 2946
11 2947
14 2948
11 2949
9 2950
7 2951
11 2952
15 2953
13 2954
11 2955
6 2956
7 2957
4 2958
5 2959
8 2960
7 2961
7 2962
7 2963
4 2964
5 2965
10 2966
3 2967
7 2968
6 2969
4 2970
1 2971
1 2972
2 2973
5 2974
3 2975
5 2976
2 2977
5 2978
5 2979
4 2980
2 2981
3 2982
1 2983
2 2985
5 2986
2 2987
1 2988
2 2989
2 2990
4 2993
2 2994
1 2996
2 3000
1 3001
1 3002
1 3003
1 3009
1 3010
1 3012
1 3015
1 3018
1 3019
2 3026
1 3032
1 3047
1 3098
1 3102
1 3114
1 3118
1 3165
1 3181
1 3201
1 3221
1 3246
1 3255
1 3265
1 3280
1 3286
1 3288
1 3296
1 3299
1 3312
1 3315
1 3322
1 3325
1 3326
1 3328
1 3336
1 3337
1 3341
1 3352
1 3357
1 3374
1 3375
1 3377
1 3380
1 3392
1 3402
1 3412
2 3416
1 3426
1 3427
1 3428
1 3431
1 3436
1 3438
1 3443
1 3451
1 3452
1 3453
3 3457
1 3460
2 3464
1 3465
1 3466
1 3470
1 3474
1 3475
1 3476
2 3478
1 3481
1 3482
2 3483
1 3484
1 3485
2 3487
1 3489
1 3490
1 3492
2 3495
2 3497
1 3500
1 3501
4 3502
2 3503
1 3504
1 3505
1 3506
4 3507
2 3509
2 3511
2 3512
1 3513
3 3518
2 3519
3 3521
1 3522
1 3523
3 3526
4 3527
1 3528
3 3530
1 3532
4 3533
1 3534
1 3535
3 3536
3 3538
2 3539
1 3540
2 3541
1 3542
1 3543
4 3544
2 3545
2 3546
2 3548
1 3550
1 3551
4 3554
1 3556
3 3557
1 3559
3 3560
1 3561
2 3562
1 3564
3 3565
2 3566
3 3567
1 3568
1 3569
5 3573
3 3574
1 3576
1 3578
1 3579
2 3580
1 3581
1 3582
2 3587
1 3589
2 3597
1 3598
1 3599
1 3608
1 3657
1 3661
1 3693
1 3699
1 3755
1 3765
1 3800
1 3999
1 4010
1 4017
1 4051
1 4058
1 4087
1 4114
1 4132
1 4147
1 4154
1 4166
1 4186
1 4245
1 4253
1 4270
1 4275
1 4277
1 4282
2 4284
1 4288
1 4307
1 4310
1 4313
1 4314
1 4319
1 4321
1 4324
1 4335
1 4337
1 4346
1 4354
1 4356
1 4365
1 4385
1 4636
1 4689
1 4737
1 4892
1 5047
1 5133
1 5289
1 5398
