1 1
1 2
2 4
1 9
1 10
1 12
1 15
1 16
2 19
2 24
2 25
1 27
1 28
2 30
2 33
1 34
1 36
1 37
1 38
2 40
1 42
2 43
1 44
2 45
1 46
2 49
1 51
2 52
2 53
4 55
1 56
1 57
1 58
1 59
4 60
3 61
1 62
2 64
6 65
1 66
1 67
1 68
2 70
3 71
1 72
2 73
2 74
4 75
3 76
3 77
6 78
9 79
5 80
7 81
4 82
3 83
1 84
2 85
1 86
1 87
4 88
2 89
2 91
1 92
4 94
3 95
1 96
4 97
1 98
1 99
2 101
1 103
4 104
2 105
2 106
2 108
1 109
5 111
2 112
2 113
1 114
2 115
1 116
4 117
2 118
3 119
7 120
1 121
4 122
3 123
5 124
5 125
5 126
2 127
3 128
2 129
6 130
4 131
6 132
4 133
2 134
2 135
3 136
1 137
2 138
1 139
1 140
2 141
1 142
2 143
2 144
3 145
2 146
6 147
2 148
6 149
1 150
2 151
4 152
2 153
5 155
2 156
2 157
4 158
4 160
8 161
3 162
4 163
4 164
7 165
6 167
2 168
6 169
2 170
2 171
7 172
3 173
2 174
4 175
2 176
3 177
6 178
4 179
4 180
1 181
2 182
3 183
4 184
5 185
4 186
3 187
6 188
5 189
13 190
15 191
14 192
14 193
24 194
31 195
33 196
20 197
31 198
34 199
28 200
26 201
14 202
6 203
6 204
4 205
2 206
3 207
5 208
7 209
7 210
1 211
2 212
3 213
2 214
4 215
7 216
7 217
11 218
6 219
5 220
3 221
5 222
3 223
4 224
3 225
1 226
2 227
3 228
2 229
2 230
3 231
2 232
1 233
3 234
2 235
8 236
5 237
4 238
5 239
6 240
5 241
5 242
10 243
2 244
3 245
6 246
5 247
7 248
6 249
4 250
7 251
6 252
8 253
10 254
4 255
7 256
8 257
9 258
12 259
8 260
9 261
7 262
10 263
8 264
8 265
5 266
6 267
6 268
3 269
5 270
2 271
11 272
9 273
6 274
6 275
6 276
6 277
8 278
10 279
11 280
8 281
9 282
8 283
11 284
11 285
5 286
4 287
13 288
10 289
10 290
9 291
12 292
11 293
28 294
22 295
11 296
20 297
28 298
28 299
34 300
31 301
39 302
32 303
32 304
23 305
26 306
34 307
22 308
27 309
23 310
20 311
9 312
18 313
16 314
16 315
29 316
18 317
17 318
18 319
20 320
22 321
22 322
34 323
32 324
29 325
32 326
28 327
42 328
25 329
37 330
35 331
25 332
20 333
24 334
13 335
16 336
19 337
20 338
18 339
11 340
10 341
20 342
16 343
16 344
24 345
11 346
10 347
19 348
19 349
14 350
21 351
10 352
13 353
17 354
10 355
12 356
21 357
10 358
12 359
8 360
11 361
16 362
5 363
10 364
11 365
10 366
17 367
17 368
15 369
25 370
16 371
24 372
13 373
15 374
15 375
17 376
14 377
9 378
18 379
19 380
21 381
15 382
20 383
8 384
17 385
13 386
12 387
6 388
15 389
16 390
23 391
14 392
14 393
23 394
14 395
14 396
9 397
16 398
10 399
12 400
14 401
22 402
13 403
20 404
23 405
18 406
22 407
23 408
18 409
26 410
19 411
28 412
22 413
25 414
33 415
25 416
27 417
29 418
45 419
37 420
43 421
42 422
70 423
56 424
58 425
69 426
87 427
118 428
122 429
131 430
160 431
151 432
174 433
160 434
187 435
193 436
167 437
200 438
169 439
163 440
140 441
146 442
138 443
109 444
101 445
81 446
81 447
62 448
51 449
51 450
48 451
33 452
28 453
33 454
41 455
30 456
33 457
27 458
37 459
30 460
40 461
34 462
47 463
31 464
29 465
37 466
40 467
22 468
32 469
25 470
21 471
22 472
17 473
20 474
16 475
21 476
19 477
18 478
14 479
13 480
13 481
16 482
10 483
11 484
10 485
14 486
16 487
13 488
11 489
14 490
12 491
16 492
17 493
14 494
17 495
18 496
13 497
23 498
18 499
18 500
21 501
31 502
31 503
27 504
31 505
35 506
50 507
32 508
37 509
42 510
42 511
49 512
45 513
57 514
59 515
46 516
55 517
59 518
57 519
50 520
51 521
56 522
44 523
43 524
43 525
44 526
42 527
52 528
32 529
33 530
30 531
28 532
26 533
32 534
19 535
18 536
31 537
17 538
8 539
18 540
8 541
14 542
10 543
12 544
3 545
5 546
7 547
7 548
4 549
6 550
9 551
4 552
6 553
4 554
5 555
5 556
3 557
3 558
5 559
5 560
5 561
6 562
5 563
5 564
5 565
3 566
12 567
3 568
9 569
11 570
6 571
5 572
5 573
7 574
5 575
10 576
7 577
8 578
7 579
13 580
10 581
11 582
9 583
11 584
13 585
12 586
14 587
9 588
23 589
17 590
15 591
15 592
13 593
17 594
22 595
14 596
14 597
14 598
12 599
10 600
9 601
9 602
11 603
8 604
16 605
11 606
13 607
13 608
15 609
12 610
11 611
10 612
12 613
9 614
10 615
10 616
12 617
10 618
7 619
13 620
10 621
4 622
12 623
14 624
18 625
11 626
12 627
11 628
16 629
9 630
12 631
13 632
17 633
14 634
20 635
22 636
20 637
19 638
16 639
26 640
14 641
35 642
32 643
33 644
44 645
35 646
43 647
47 648
42 649
72 650
64 651
66 652
60 653
74 654
92 655
91 656
94 657
136 658
135 659
127 660
129 661
168 662
179 663
170 664
172 665
166 666
179 667
170 668
155 669
156 670
141 671
136 672
123 673
105 674
113 675
83 676
61 677
49 678
48 679
52 680
42 681
32 682
33 683
23 684
18 685
18 686
13 687
18 688
11 689
14 690
8 691
8 692
4 693
12 694
1 695
6 696
4 697
12 698
8 699
7 700
3 701
8 702
1 703
4 704
3 705
2 706
3 707
6 708
3 709
6 710
3 711
3 712
4 713
4 714
5 715
2 716
2 717
3 718
1 720
2 721
3 722
2 723
2 724
2 725
4 726
1 728
5 730
2 731
1 732
1 733
3 734
2 735
3 736
3 737
4 738
3 739
8 740
4 741
4 742
4 745
3 746
4 747
7 748
7 749
3 750
3 751
2 752
1 753
8 754
4 755
2 756
4 757
2 758
6 759
3 760
2 761
3 762
2 763
5 764
1 765
1 766
7 767
6 768
2 769
4 770
3 771
1 772
3 773
2 774
1 775
4 776
3 777
3 778
1 779
3 780
4 781
1 782
3 783
1 784
2 785
3 786
2 787
1 789
2 790
6 791
2 792
5 793
2 794
4 795
4 796
2 797
3 799
1 800
6 801
8 802
6 803
4 804
5 806
4 807
2 808
3 809
1 810
2 811
6 812
7 813
3 814
5 815
5 816
8 817
7 818
7 819
5 820
5 821
9 822
7 823
4 824
6 825
5 826
9 827
10 828
8 829
8 830
17 831
9 832
6 833
9 834
12 835
14 836
14 837
12 838
13 839
20 840
15 841
19 842
19 843
20 844
17 845
25 846
19 847
30 848
27 849
20 850
32 851
30 852
36 853
26 854
35 855
29 856
44 857
46 858
29 859
50 860
35 861
52 862
33 863
38 864
41 865
32 866
25 867
41 868
34 869
29 870
27 871
17 872
24 873
13 874
10 875
15 876
17 877
18 878
12 879
15 880
8 881
6 882
5 883
6 884
6 885
13 886
6 887
5 888
3 889
10 890
11 891
7 892
9 893
7 894
10 895
14 896
15 897
8 898
9 899
15 900
13 901
12 902
14 903
16 904
14 905
21 906
14 907
10 908
11 909
8 910
13 911
11 912
14 913
10 914
10 915
11 916
8 917
10 918
9 919
12 920
10 921
8 922
2 923
8 924
7 925
7 926
3 927
4 928
2 929
3 930
1 931
6 932
1 933
2 934
3 935
1 937
1 938
1 939
2 940
1 941
2 944
2 946
1 947
1 949
1 950
1 951
3 952
2 953
2 954
1 955
3 956
1 957
1 961
1 962
1 967
2 968
1 969
3 970
2 981
3 982
2 983
1 988
1 989
2 990
1 991
3 993
1 995
1 996
2 998
1 999
1 1001
2 1002
1 1005
3 1006
1 1007
1 1008
3 1009
1 1014
3 1015
2 1016
1 1017
1 1019
2 1020
1 1021
1 1025
1 1026
1 1027
2 1029
1 1031
1 1032
1 1036
1 1037
1 1039
2 1041
1 1042
1 1044
1 1046
5 1047
5 1048
3 1049
6 1050
1 1051
4 1052
3 1053
1 1054
3 1056
1 1058
3 1060
2 1061
2 1063
1 1064
2 1065
4 1066
1 1068
3 1069
3 1071
1 1072
2 1073
2 1075
2 1076
2 1078
2 1079
1 1080
2 1081
1 1082
1 1083
1 1084
1 1089
1 1091
4 1092
1 1093
2 1094
4 1096
2 1098
4 1099
1 1100
1 1101
2 1103
4 1104
2 1105
2 1106
1 1107
1 1108
2 1109
1 1110
2 1111
3 1112
7 1113
1 1114
4 1115
1 1117
3 1118
2 1120
1 1121
2 1122
1 1123
4 1124
1 1126
3 1127
1 1128
3 1129
1 1130
4 1131
1 1132
2 1134
3 1135
3 1136
4 1139
2 1140
2 1142
1 1145
1 1148
1 1149
2 1150
1 1151
1 1152
1 1154
2 1155
2 1156
2 1157
3 1158
1 1160
2 1161
3 1162
3 1163
5 1164
3 1165
1 1166
2 1168
2 1169
2 1170
6 1171
3 1172
3 1173
5 1174
10 1175
2 1176
4 1177
4 1178
5 1179
4 1180
4 1181
10 1182
10 1183
7 1184
6 1185
7 1186
7 1187
3 1188
4 1189
8 1190
7 1191
7 1192
4 1193
5 1194
2 1195
5 1196
6 1197
6 1198
10 1199
4 1200
4 1201
6 1202
4 1203
1 1204
6 1205
3 1206
3 1207
2 1208
5 1209
4 1210
1 1212
1 1213
5 1214
3 1215
3 1216
4 1217
3 1218
1 1219
4 1220
1 1221
2 1222
3 1223
1 1224
2 1225
2 1226
2 1227
10 1231
3 1232
3 1233
2 1234
2 1235
3 1236
3 1237
2 1238
2 1239
1 1243
1 1244
2 1245
3 1246
3 1247
2 1248
3 1249
2 1250
3 1251
2 1252
5 1253
4 1255
5 1256
2 1257
2 1258
2 1259
4 1260
1 1261
4 1262
2 1263
4 1264
4 1265
5 1266
6 1267
4 1268
1 1269
1 1270
4 1271
2 1272
3 1273
8 1274
6 1275
6 1276
8 1277
4 1278
4 1279
11 1280
8 1281
7 1282
6 1283
9 1284
7 1285
4 1286
10 1287
5 1288
7 1289
12 1290
16 1291
9 1292
15 1293
8 1294
6 1295
14 1296
12 1297
9 1298
9 1299
10 1300
11 1301
8 1302
8 1303
8 1304
3 1305
6 1306
8 1307
5 1308
4 1309
4 1310
4 1311
8 1312
4 1313
9 1314
9 1315
9 1316
5 1317
4 1318
9 1319
6 1320
6 1321
8 1322
3 1323
10 1324
7 1325
5 1326
2 1327
4 1328
4 1329
6 1330
3 1331
5 1332
3 1333
6 1334
5 1335
5 1336
3 1337
5 1338
1 1339
6 1340
3 1341
2 1342
1 1343
3 1344
1 1345
5 1346
5 1347
4 1348
4 1349
5 1351
1 1352
2 1353
2 1354
4 1355
4 1356
3 1357
2 1358
2 1360
1 1361
4 1362
2 1363
1 1364
4 1365
3 1366
5 1367
2 1368
4 1369
3 1370
4 1371
2 1372
4 1373
4 1374
6 1375
2 1376
4 1377
3 1378
5 1379
2 1380
1 1381
2 1382
1 1383
5 1384
2 1385
5 1386
3 1387
5 1388
4 1389
4 1390
6 1391
6 1392
4 1393
4 1394
8 1395
1 1396
3 1397
5 1398
6 1399
2 1400
11 1401
7 1402
10 1403
7 1404
10 1405
2 1406
5 1407
3 1408
10 1409
8 1410
5 1411
5 1412
4 1413
10 1414
9 1415
6 1416
8 1417
8 1418
9 1419
9 1420
9 1421
13 1422
10 1423
16 1424
7 1425
11 1426
9 1427
11 1428
14 1429
7 1430
7 1431
14 1432
14 1433
10 1434
12 1435
9 1436
13 1437
13 1438
5 1439
11 1440
5 1441
5 1442
2 1443
5 1444
15 1445
5 1446
7 1447
8 1448
9 1449
5 1450
4 1451
7 1452
9 1453
8 1454
6 1455
2 1456
4 1457
4 1458
7 1459
6 1460
4 1461
9 1462
7 1463
6 1464
7 1465
4 1466
4 1467
7 1468
3 1469
6 1470
6 1471
7 1472
6 1473
11 1474
10 1475
13 1476
3 1477
4 1478
8 1479
8 1480
3 1481
8 1482
4 1483
8 1484
9 1485
9 1486
6 1487
10 1488
11 1489
13 1490
11 1491
17 1492
9 1493
11 1494
14 1495
12 1496
13 1497
16 1498
14 1499
29 1500
17 1501
18 1502
21 1503
26 1504
23 1505
22 1506
23 1507
12 1508
33 1509
22 1510
22 1511
30 1512
25 1513
42 1514
26 1515
32 1516
28 1517
41 1518
40 1519
45 1520
53 1521
42 1522
49 1523
45 1524
48 1525
48 1526
45 1527
43 1528
50 1529
45 1530
43 1531
50 1532
52 1533
45 1534
50 1535
57 1536
36 1537
40 1538
24 1539
46 1540
30 1541
31 1542
30 1543
36 1544
20 1545
32 1546
31 1547
23 1548
26 1549
23 1550
24 1551
16 1552
20 1553
15 1554
19 1555
14 1556
10 1557
13 1558
12 1559
10 1560
7 1561
10 1562
3 1563
5 1564
2 1565
5 1566
6 1567
4 1568
4 1569
5 1570
4 1571
3 1572
4 1573
2 1574
2 1577
3 1578
2 1579
2 1580
3 1581
1 1582
1 1583
4 1584
2 1585
1 1586
1 1587
1 1589
1 1590
2 1591
1 1592
2 1593
1 1594
3 1595
1 1597
2 1598
3 1600
2 1601
3 1602
1 1603
3 1604
1 1605
1 1606
3 1607
2 1608
1 1610
2 1611
5 1612
1 1613
2 1614
2 1615
3 1616
2 1617
8 1618
3 1620
2 1622
1 1623
1 1624
2 1625
1 1626
2 1627
2 1628
4 1629
2 1630
2 1631
5 1632
4 1633
2 1634
2 1635
1 1636
2 1637
2 1638
2 1639
3 1640
2 1641
2 1643
3 1644
1 1645
2 1646
4 1647
1 1648
4 1649
3 1650
4 1651
1 1652
4 1653
1 1654
1 1655
3 1658
1 1659
1 1660
2 1661
1 1662
2 1663
1 1666
1 1668
1 1671
1 1674
1 1677
1 1680
1 1683
4 1685
1 1688
1 1691
2 1692
1 1693
1 1694
1 1695
1 1696
1 1701
1 1702
1 1704
1 1706
1 1709
1 1710
1 1711
1 1714
1 1715
2 1716
1 1717
1 1718
1 1720
1 1721
2 1726
1 1729
4 1730
1 1731
1 1734
1 1736
1 1737
1 1739
2 1745
1 1746
1 1747
2 1748
2 1749
2 1751
2 1752
1 1754
1 1755
4 1756
1 1760
3 1761
2 1763
1 1764
1 1767
1 1768
2 1769
2 1771
1 1772
2 1774
1 1775
3 1776
2 1777
4 1778
1 1779
1 1783
2 1784
2 1787
3 1788
1 1789
1 1790
3 1791
2 1793
1 1795
1 1797
1 1798
1 1799
1 1800
2 1802
1 1803
1 1804
2 1806
1 1807
1 1809
2 1810
1 1811
1 1812
1 1813
1 1814
1 1815
1 1818
2 1819
3 1820
1 1821
2 1823
2 1824
1 1826
1 1827
3 1828
3 1830
1 1831
1 1832
1 1833
3 1836
1 1837
2 1840
1 1841
1 1842
5 1843
3 1844
1 1845
1 1847
4 1848
4 1850
3 1851
3 1852
4 1853
3 1854
2 1855
1 1856
1 1857
2 1858
5 1859
3 1860
4 1861
4 1862
1 1863
5 1864
4 1865
4 1866
2 1867
5 1868
2 1869
7 1870
3 1871
4 1873
8 1874
4 1875
5 1876
7 1877
7 1878
7 1879
6 1880
4 1881
5 1882
7 1883
6 1884
5 1885
8 1886
7 1887
7 1888
7 1889
5 1890
10 1891
5 1892
9 1893
4 1894
5 1895
5 1896
7 1897
4 1898
3 1899
3 1900
5 1901
5 1902
1 1903
7 1904
4 1905
4 1906
2 1907
3 1908
5 1909
1 1910
5 1911
2 1912
2 1913
3 1914
4 1915
1 1916
3 1917
1 1918
1 1919
2 1920
3 1921
5 1922
1 1923
1 1925
4 1926
2 1927
1 1928
1 1931
1 1932
1 1933
3 1935
2 1937
1 1938
1 1939
1 1940
1 1941
1 1942
1 1943
2 1944
1 1945
3 1947
1 1948
2 1949
3 1950
2 1951
1 1952
2 1953
3 1954
4 1955
1 1957
2 1958
4 1960
3 1961
2 1962
1 1963
1 1965
2 1967
1 1968
1 1969
3 1970
2 1971
2 1972
2 1974
2 1975
1 1977
2 1978
2 1980
4 1981
1 1982
2 1983
1 1984
1 1985
2 1986
1 1990
1 1992
1 1993
3 1994
1 1995
1 1999
1 2001
1 2003
2 2004
1 2005
1 2006
1 2007
1 2008
1 2012
3 2018
1 2019
1 2021
1 2023
1 2029
1 2031
1 2032
2 2033
2 2034
1 2037
2 2039
1 2042
1 2044
1 2054
1 2056
1 2057
2 2060
1 2065
1 2066
1 2067
1 2068
1 2069
1 2070
2 2073
1 2075
1 2081
1 2087
1 2089
1 2090
1 2095
1 2097
1 2098
1 2102
1 2106
1 2108
1 2110
2 2116
1 2118
4 2119
2 2120
1 2121
1 2125
1 2127
1 2130
1 2131
1 2133
1 2136
1 2138
2 2147
1 2148
1 2150
1 2152
1 2153
1 2154
1 2157
1 2159
1 2171
1 2175
2 2181
2 2182
1 2183
2 2184
1 2186
2 2188
1 2190
1 2193
2 2194
1 2197
3 2198
2 2201
1 2202
1 2204
3 2206
1 2207
3 2208
1 2209
1 2211
2 2212
2 2213
2 2214
2 2215
4 2216
3 2217
3 2219
1 2220
1 2222
2 2224
1 2225
1 2226
2 2228
2 2229
1 2230
2 2231
2 2232
2 2233
2 2234
1 2235
2 2236
1 2238
1 2239
1 2241
2 2242
2 2243
3 2244
1 2245
1 2246
5 2247
3 2248
2 2249
3 2250
4 2251
3 2252
4 2254
1 2255
2 2256
2 2257
2 2259
2 2260
3 2262
2 2263
2 2264
3 2265
2 2266
4 2267
3 2268
1 2269
2 2270
6 2271
2 2272
1 2273
5 2275
2 2276
2 2277
2 2278
3 2279
3 2280
4 2281
2 2282
2 2283
2 2284
3 2285
6 2286
1 2287
2 2288
4 2289
3 2290
9 2291
4 2292
6 2293
2 2294
4 2295
4 2296
5 2297
2 2298
5 2299
8 2300
2 2301
2 2303
3 2304
7 2305
5 2306
5 2307
2 2308
2 2309
1 2310
5 2311
3 2312
5 2313
2 2314
2 2316
1 2317
3 2318
2 2319
1 2320
2 2321
3 2322
1 2323
2 2324
3 2325
2 2326
3 2327
2 2328
7 2329
2 2330
3 2331
2 2332
3 2333
4 2334
1 2335
4 2336
2 2337
2 2338
1 2339
1 2340
2 2341
3 2342
5 2343
2 2344
1 2345
4 2346
1 2347
3 2348
3 2349
4 2350
1 2351
1 2352
2 2353
2 2354
3 2355
2 2356
4 2357
2 2358
5 2359
3 2360
1 2361
2 2362
3 2363
4 2364
5 2365
9 2366
3 2368
2 2369
6 2370
1 2371
8 2372
4 2373
3 2374
4 2375
9 2376
10 2377
12 2378
11 2379
2 2380
9 2381
5 2382
9 2383
8 2384
7 2385
6 2386
10 2387
8 2388
12 2389
10 2390
7 2391
8 2392
7 2393
7 2394
10 2395
11 2396
10 2397
8 2398
3 2399
10 2400
6 2401
7 2402
8 2403
10 2404
9 2405
7 2406
12 2407
10 2408
9 2409
6 2410
10 2411
5 2412
11 2413
6 2414
3 2415
8 2416
3 2417
3 2418
5 2419
8 2420
2 2421
7 2422
7 2423
2 2424
1 2425
4 2426
4 2427
6 2428
3 2429
2 2430
5 2431
3 2432
4 2434
2 2435
1 2436
3 2437
1 2440
3 2442
2 2443
3 2444
2 2445
2 2446
1 2447
1 2448
1 2449
1 2452
2 2456
1 2459
1 2461
1 2462
2 2463
2 2465
1 2468
1 2472
1 2474
1 2478
1 2481
1 2484
1 2487
1 2488
1 2489
1 2505
1 2512
1 2514
1 2515
2 2516
1 2519
1 2520
1 2525
1 2526
2 2537
2 2538
1 2539
1 2540
1 2542
2 2543
2 2546
1 2549
3 2553
1 2554
1 2563
2 2565
2 2566
1 2567
2 2569
1 2575
1 2583
3 2585
1 2590
1 2591
1 2594
1 2596
1 2598
1 2599
1 2601
2 2605
1 2612
2 2614
1 2618
1 2619
1 2620
2 2621
1 2622
1 2625
2 2628
1 2629
1 2631
1 2633
1 2635
1 2636
1 2639
2 2645
3 2646
1 2647
2 2648
2 2649
1 2650
3 2651
1 2652
2 2653
2 2655
1 2657
1 2660
1 2661
2 2663
1 2664
1 2665
1 2666
2 2668
2 2669
1 2670
1 2671
1 2676
1 2679
1 2680
1 2681
1 2682
2 2684
2 2685
1 2687
2 2688
2 2689
1 2691
1 2694
4 2695
1 2696
1 2698
2 2699
1 2700
3 2701
2 2702
3 2703
3 2705
4 2706
1 2707
3 2709
1 2710
1 2711
2 2712
2 2714
2 2715
1 2716
1 2717
2 2720
1 2721
1 2723
2 2724
1 2725
1 2726
2 2727
1 2728
1 2729
1 2730
1 2732
2 2733
1 2738
1 2739
1 2740
3 2741
1 2745
1 2748
1 2750
2 2751
2 2757
2 2758
2 2759
1 2761
1 2763
2 2764
1 2766
1 2767
2 2770
1 2772
2 2778
1 2779
1 2780
1 2781
1 2783
2 2784
1 2785
1 2791
2 2793
1 2794
1 2795
3 2796
1 2797
1 2800
2 2801
1 2804
1 2806
1 2807
1 2808
4 2809
4 2812
2 2813
3 2815
1 2816
4 2817
1 2818
3 2821
1 2822
2 2823
1 2824
2 2825
2 2826
1 2827
3 2828
4 2829
1 2830
3 2831
1 2832
3 2833
1 2834
4 2835
2 2836
1 2837
1 2838
1 2839
2 2840
5 2841
2 2843
2 2844
2 2845
4 2846
1 2847
3 2848
1 2851
2 2852
1 2853
2 2854
2 2855
2 2856
3 2858
2 2859
5 2860
1 2861
2 2862
4 2864
1 2867
3 2868
2 2869
1 2870
5 2871
4 2872
1 2873
3 2874
1 2875
1 2876
4 2877
8 2878
4 2879
1 2880
3 2881
2 2882
2 2883
5 2884
3 2885
2 2886
7 2887
4 2888
1 2889
7 2890
2 2891
7 2892
2 2893
6 2894
3 2895
7 2896
7 2897
5 2898
3 2899
7 2900
8 2901
3 2902
7 2903
6 2904
7 2905
6 2906
1 2907
7 2908
4 2909
8 2910
8 2911
2 2912
6 2913
7 2914
5 2915
4 2916
6 2917
8 2918
4 2919
4 2920
7 2921
6 2922
14 2923
8 2924
3 2925
12 2926
9 2927
13 2928
17 2929
8 2930
9 2931
5 2932
12 2933
13 2934
11 2935
11 2936
13 2937
8 2938
7 2939
7 2940
14 2941
11 2942
13 2943
17 2944
12 2945
14 2946
16 2947
10 2948
6 2949
12 2950
13 2951
12 2952
18 2953
10 2954
14 2955
5 2956
7 2957
10 2958
6 2959
7 2960
8 2961
11 2962
8 2963
10 2964
10 2965
10 2966
3 2967
6 2968
1 2969
9 2970
3 2971
9 2972
7 2973
3 2974
8 2975
4 2976
5 2977
2 2978
3 2979
2 2980
7 2981
2 2982
1 2983
1 2984
3 2985
1 2986
4 2987
3 2988
7 2989
2 2990
1 2991
1 2992
1 2993
1 2994
1 2995
2 2996
1 2997
2 2998
2 2999
1 3001
1 3002
2 3003
1 3009
1 3012
1 3014
1 3015
1 3016
1 3022
1 3025
1 3032
1 3034
2 3042
1 3047
1 3064
1 3069
1 3074
1 3080
1 3082
1 3101
1 3108
1 3113
1 3118
1 3168
1 3171
1 3174
1 3178
1 3183
1 3219
1 3220
1 3221
2 3224
1 3233
1 3235
1 3240
2 3253
1 3255
1 3259
1 3261
1 3267
1 3272
1 3286
1 3290
1 3291
2 3299
2 3301
1 3302
1 3305
1 3306
1 3317
2 3318
1 3321
1 3322
1 3325
1 3328
1 3330
1 3335
1 3337
1 3338
1 3346
1 3347
1 3350
1 3358
1 3360
1 3364
1 3365
1 3370
1 3374
1 3376
2 3378
2 3381
1 3382
2 3384
1 3388
1 3391
1 3393
1 3395
1 3397
1 3404
1 3405
1 3419
1 3421
1 3424
1 3426
1 3427
1 3429
1 3432
1 3433
1 3442
2 3443
1 3444
1 3446
1 3454
1 3455
1 3458
2 3462
1 3464
2 3465
1 3467
1 3475
1 3477
1 3478
1 3485
2 3486
1 3489
1 3490
1 3491
1 3492
3 3494
2 3496
1 3497
2 3498
1 3500
1 3503
1 3505
2 3507
2 3508
1 3509
2 3512
2 3513
3 3516
3 3517
4 3518
1 3520
2 3521
1 3523
1 3524
2 3525
2 3526
2 3527
2 3528
5 3529
1 3530
3 3531
1 3532
1 3533
2 3534
3 3535
3 3536
2 3537
2 3538
2 3539
2 3540
5 3541
3 3544
2 3545
3 3547
1 3548
2 3549
2 3550
3 3551
5 3552
1 3553
2 3554
2 3556
1 3557
2 3558
3 3559
2 3560
2 3561
2 3562
1 3563
2 3564
3 3566
1 3568
3 3569
1 3570
1 3572
1 3573
3 3574
3 3575
1 3577
1 3578
1 3580
2 3584
3 3586
2 3587
1 3588
1 3589
1 3595
1 3605
1 3625
1 3640
1 3718
1 3723
1 3739
1 3743
1 3746
1 3749
1 3753
1 3766
1 3791
1 3793
1 3916
1 3951
1 3957
1 3978
1 3980
1 3998
1 4033
1 4037
1 4041
1 4044
1 4071
1 4078
1 4104
1 4108
1 4117
1 4130
1 4136
1 4142
1 4147
1 4148
1 4149
1 4150
2 4152
1 4157
1 4161
1 4162
2 4168
1 4175
1 4177
1 4178
1 4200
1 4220
1 4266
1 4316
1 4317
1 4334
1 4350
1 4367
1 4389
1 4490
1 4566
1 4599
1 4626
1 4672
1 4721
1 4800
1 5090
1 5109
1 5111
1 5133
1 5164
1 5199
1 5210
1 5285
1 5320
1 5343
1 5432
1 5488
1 5531
1 5533
1 5536
1 5544
1 5569
1 5581
1 5699
