1 2
2 5
1 6
3 7
1 8
3 9
1 10
2 11
1 13
1 15
2 16
3 17
2 18
1 19
1 20
2 21
2 23
2 24
2 25
1 26
2 27
5 28
3 29
1 30
1 31
1 32
3 34
1 38
1 39
1 40
1 41
2 44
2 45
1 46
2 47
1 48
2 49
1 50
5 51
2 52
2 53
4 54
2 55
1 56
1 57
1 58
2 59
1 60
4 62
1 63
3 64
2 65
2 66
1 67
2 68
1 69
1 70
2 71
3 72
2 73
6 75
4 76
5 77
4 78
1 79
4 80
5 81
4 82
1 85
1 86
2 87
3 88
3 89
3 90
2 91
5 92
3 93
3 94
4 95
4 96
3 97
4 98
3 99
1 100
1 101
4 102
3 103
3 104
5 105
1 106
4 107
4 108
2 109
2 110
6 112
1 113
6 114
2 115
7 116
2 117
2 118
5 119
6 120
2 121
4 122
4 123
1 124
7 125
4 126
2 127
2 128
6 129
4 130
4 131
2 132
5 133
5 134
4 135
6 136
7 137
2 138
3 139
3 140
6 141
6 142
1 143
2 144
7 145
5 146
2 147
3 148
3 149
3 150
4 151
12 152
2 153
10 154
5 155
9 156
7 157
6 158
6 159
2 160
2 161
6 162
2 163
3 164
5 165
4 166
6 167
1 168
2 169
4 170
2 171
4 172
2 173
10 174
4 175
7 176
4 177
5 178
2 179
5 180
4 181
6 182
4 183
3 184
5 185
7 186
7 187
6 188
7 189
7 190
2 191
4 192
3 193
5 194
6 195
3 196
3 197
5 198
2 199
12 200
7 201
6 202
4 203
6 204
6 205
13 206
15 207
9 208
11 209
16 210
15 211
12 212
16 213
17 214
12 215
15 216
14 217
13 218
19 219
28 220
24 221
16 222
22 223
25 224
32 225
24 226
37 227
31 228
47 229
54 230
50 231
57 232
69 233
55 234
60 235
57 236
38 237
36 238
42 239
26 240
25 241
18 242
24 243
21 244
15 245
14 246
15 247
18 248
19 249
22 250
19 251
20 252
26 253
27 254
28 255
29 256
29 257
13 258
29 259
13 260
15 261
24 262
9 263
15 264
10 265
9 266
9 267
11 268
8 269
6 270
11 271
6 272
9 273
7 274
4 275
7 276
6 277
2 278
10 279
4 280
2 281
5 282
9 283
5 284
1 285
7 286
7 287
7 288
3 289
2 290
6 291
6 292
5 293
2 294
3 295
4 296
7 297
6 298
6 299
10 300
7 301
8 302
12 303
2 304
7 305
17 306
6 307
10 308
10 309
11 310
7 311
10 312
6 313
8 314
10 315
15 316
7 317
9 318
10 319
13 320
8 321
15 322
15 323
14 324
16 325
19 326
13 327
18 328
12 329
18 330
18 331
29 332
24 333
16 334
24 335
8 336
8 337
15 338
16 339
13 340
22 341
11 342
13 343
17 344
6 345
14 346
13 347
12 348
11 349
18 350
18 351
8 352
12 353
18 354
18 355
23 356
22 357
30 358
27 359
40 360
28 361
37 362
50 363
59 364
59 365
66 366
73 367
72 368
73 369
70 370
65 371
60 372
41 373
41 374
42 375
39 376
35 377
32 378
22 379
14 380
23 381
24 382
9 383
21 384
16 385
13 386
13 387
8 388
11 389
15 390
8 391
6 392
7 393
6 394
3 395
6 396
5 397
4 398
5 399
6 400
4 401
6 402
4 403
8 404
14 405
9 406
9 407
9 408
6 409
9 410
9 411
15 412
13 413
14 414
15 415
13 416
17 417
14 418
15 419
20 420
25 421
9 422
17 423
21 424
17 425
26 426
32 427
32 428
39 429
25 430
19 431
23 432
33 433
27 434
18 435
20 436
26 437
23 438
22 439
16 440
18 441
16 442
24 443
23 444
8 445
16 446
15 447
13 448
10 449
8 450
7 451
8 452
5 453
5 454
4 455
3 456
1 457
2 458
1 459
2 460
8 461
2 462
3 463
4 464
5 465
5 466
4 467
5 468
4 469
4 470
6 471
5 472
7 473
3 474
8 475
3 476
2 477
4 478
1 479
9 480
7 481
5 482
3 483
6 484
5 485
6 486
3 487
5 488
5 489
5 490
2 491
2 492
7 493
4 494
7 495
2 496
4 497
6 498
6 499
3 500
4 501
4 503
6 504
5 505
6 506
7 507
2 508
11 509
14 510
11 511
10 512
8 513
11 514
15 515
13 516
23 517
12 518
12 519
15 520
23 521
18 522
28 523
33 524
26 525
27 526
24 527
36 528
32 529
30 530
34 531
28 532
39 533
53 534
40 535
47 536
51 537
45 538
43 539
60 540
43 541
40 542
45 543
47 544
39 545
22 546
21 547
14 548
16 549
11 550
18 551
16 552
6 553
6 554
9 555
15 556
12 557
6 558
2 559
5 560
9 561
6 562
4 563
7 564
5 565
9 566
6 567
7 568
5 569
3 570
1 571
9 572
7 573
4 574
7 575
5 576
3 577
2 578
5 579
5 580
2 581
6 582
8 583
4 584
9 585
2 586
9 587
10 588
4 589
6 590
7 591
3 592
13 593
8 594
9 595
8 596
1 597
3 598
6 599
8 600
12 601
3 602
3 603
3 604
5 605
5 606
3 607
3 608
3 609
3 610
6 612
4 613
3 614
2 615
5 616
5 617
2 618
2 619
2 620
4 621
11 622
2 623
1 624
4 625
3 626
5 627
3 628
2 629
4 630
3 631
2 632
2 633
3 634
1 635
2 636
4 637
2 638
7 639
2 640
3 641
3 642
5 643
4 644
10 645
9 646
3 647
6 648
7 649
7 650
3 651
7 652
5 653
2 654
8 655
5 656
6 657
6 658
7 659
9 660
6 661
6 662
6 663
7 664
12 665
11 666
11 667
12 668
6 669
7 670
9 671
11 672
1 673
7 674
5 675
5 676
7 677
7 678
4 679
4 680
5 681
2 682
4 683
9 684
5 685
3 686
3 687
4 688
5 689
4 690
9 691
3 692
5 693
5 694
3 695
6 696
2 697
2 698
6 699
1 701
3 702
3 703
1 704
6 705
5 706
4 707
4 708
3 709
3 710
3 711
2 712
6 713
7 714
4 715
7 716
3 717
5 718
2 719
2 720
5 721
5 722
2 723
5 724
3 725
5 726
3 727
7 728
5 729
7 730
4 731
4 732
4 733
4 734
6 735
7 736
8 737
7 738
9 739
9 740
13 741
4 742
10 743
9 744
5 745
9 746
8 747
4 748
8 749
7 750
13 751
16 752
8 753
7 754
9 755
12 756
7 757
13 758
5 759
5 760
10 761
11 762
11 763
13 764
8 765
2 766
10 767
5 768
7 769
5 770
3 771
2 772
5 773
6 774
6 775
5 776
3 777
3 778
2 779
5 780
3 781
4 782
3 783
4 784
6 785
2 786
6 787
5 788
5 789
5 790
7 791
2 792
4 793
1 794
3 795
1 796
4 797
3 798
4 799
2 800
2 801
3 802
1 804
4 805
2 806
4 807
5 808
3 809
2 810
2 811
5 812
4 813
3 814
6 815
8 816
3 817
7 818
8 819
5 820
5 821
8 822
6 823
11 824
10 825
5 826
14 827
13 828
17 829
8 830
13 831
12 832
16 833
18 834
12 835
12 836
20 837
16 838
14 839
18 840
12 841
14 842
13 843
13 844
9 845
13 846
12 847
13 848
13 849
10 850
6 851
12 852
6 853
7 854
8 855
8 856
8 857
7 858
3 859
3 860
6 861
4 862
4 863
4 864
6 865
2 866
2 867
5 868
5 869
6 870
5 871
3 872
4 873
6 874
4 875
3 876
4 877
3 878
3 879
1 880
3 882
3 883
3 884
4 885
5 886
3 887
2 888
5 889
1 890
3 891
4 892
5 893
7 894
6 895
5 896
2 897
4 898
3 899
3 900
6 901
5 902
3 903
3 904
2 905
4 906
10 907
2 908
3 909
6 910
6 911
3 912
6 913
4 914
4 915
3 916
4 917
4 918
4 919
3 920
8 921
6 922
5 923
9 924
3 925
4 926
4 927
3 928
7 929
5 930
3 931
6 932
3 933
5 934
7 935
3 936
10 937
3 938
5 939
6 940
7 941
6 942
11 943
10 944
7 945
5 946
10 947
6 948
11 949
11 950
9 951
3 952
9 953
9 954
14 955
12 956
10 957
4 958
7 959
10 960
9 961
13 962
4 963
7 964
10 965
10 966
11 967
4 968
11 969
10 970
5 971
9 972
6 973
5 974
6 975
7 976
8 977
13 978
5 979
8 980
7 981
4 982
7 983
10 984
5 985
5 986
6 987
9 988
6 989
7 990
8 991
10 992
13 993
9 994
3 995
5 996
7 997
8 998
11 999
8 1000
8 1001
6 1002
7 1003
10 1004
10 1005
13 1006
11 1007
6 1008
7 1009
12 1010
16 1011
12 1012
13 1013
14 1014
10 1015
11 1016
17 1017
18 1018
18 1019
18 1020
15 1021
16 1022
16 1023
18 1024
18 1025
20 1026
16 1027
11 1028
23 1029
21 1030
24 1031
19 1032
31 1033
22 1034
21 1035
30 1036
28 1037
19 1038
31 1039
22 1040
37 1041
35 1042
46 1043
34 1044
35 1045
40 1046
42 1047
53 1048
47 1049
52 1050
41 1051
58 1052
61 1053
49 1054
46 1055
44 1056
56 1057
57 1058
53 1059
45 1060
44 1061
49 1062
41 1063
64 1064
55 1065
43 1066
58 1067
40 1068
46 1069
59 1070
53 1071
56 1072
38 1073
50 1074
58 1075
50 1076
52 1077
59 1078
67 1079
63 1080
74 1081
84 1082
82 1083
84 1084
83 1085
108 1086
106 1087
126 1088
121 1089
133 1090
133 1091
149 1092
138 1093
154 1094
140 1095
157 1096
156 1097
180 1098
166 1099
180 1100
181 1101
158 1102
155 1103
146 1104
143 1105
139 1106
132 1107
121 1108
104 1109
97 1110
84 1111
104 1112
63 1113
68 1114
66 1115
51 1116
45 1117
28 1118
39 1119
37 1120
26 1121
26 1122
15 1123
26 1124
10 1125
19 1126
14 1127
11 1128
9 1129
9 1130
8 1131
5 1132
8 1133
3 1134
6 1135
3 1136
14 1137
6 1138
7 1139
8 1140
2 1141
7 1142
8 1143
8 1144
1 1145
5 1146
8 1147
11 1148
5 1149
6 1150
7 1151
4 1152
6 1153
6 1154
12 1155
4 1156
11 1157
7 1158
6 1159
8 1160
8 1161
13 1162
16 1163
11 1164
17 1165
9 1166
16 1167
11 1168
8 1169
9 1170
13 1171
11 1172
10 1173
12 1174
21 1175
13 1176
11 1177
16 1178
16 1179
20 1180
26 1181
21 1182
22 1183
22 1184
19 1185
22 1186
20 1187
20 1188
17 1189
24 1190
23 1191
17 1192
12 1193
19 1194
17 1195
13 1196
17 1197
16 1198
11 1199
11 1200
2 1201
8 1202
13 1203
11 1204
15 1205
12 1206
10 1207
4 1208
8 1209
5 1210
6 1211
6 1212
1 1213
2 1214
6 1215
9 1217
4 1218
5 1219
5 1220
5 1221
2 1222
3 1223
2 1224
5 1225
6 1226
1 1227
5 1228
1 1229
3 1230
6 1231
7 1232
8 1233
3 1234
4 1236
2 1237
5 1238
3 1239
5 1240
7 1241
4 1242
5 1243
5 1244
2 1245
4 1246
5 1247
7 1248
4 1249
1 1250
6 1251
3 1252
5 1253
5 1254
7 1255
3 1256
4 1257
6 1258
5 1259
5 1260
6 1261
5 1262
6 1263
7 1264
8 1265
10 1266
3 1267
4 1268
5 1269
13 1270
11 1271
6 1272
5 1273
4 1274
3 1275
7 1276
6 1277
7 1278
5 1279
8 1280
8 1281
13 1282
9 1283
6 1284
6 1285
10 1286
11 1287
7 1288
10 1289
9 1290
4 1291
8 1292
11 1293
9 1294
6 1295
9 1296
4 1297
5 1298
11 1299
6 1300
3 1301
6 1302
5 1303
7 1304
3 1305
4 1306
4 1307
3 1308
3 1309
1 1310
3 1311
4 1312
2 1313
2 1314
3 1315
2 1316
4 1317
2 1318
2 1320
2 1321
2 1322
2 1324
3 1325
3 1326
1 1327
1 1328
3 1329
1 1330
3 1331
4 1332
2 1334
1 1335
1 1336
1 1337
3 1338
3 1339
7 1340
2 1341
1 1342
1 1343
1 1345
5 1346
1 1347
1 1348
2 1349
4 1350
4 1351
1 1352
1 1353
3 1354
4 1356
3 1357
2 1358
2 1359
3 1360
1 1361
3 1362
1 1363
3 1364
4 1365
1 1366
3 1367
4 1368
5 1369
4 1370
3 1371
5 1372
4 1373
5 1374
1 1375
5 1376
4 1377
3 1378
5 1379
2 1380
5 1381
7 1382
3 1383
2 1384
5 1385
4 1386
7 1387
2 1388
7 1389
5 1390
7 1391
2 1392
4 1393
5 1394
7 1395
3 1396
4 1397
4 1398
3 1399
6 1400
8 1401
1 1402
4 1403
2 1404
5 1405
7 1406
1 1407
1 1408
3 1409
6 1410
5 1411
2 1412
4 1413
5 1414
3 1415
3 1416
2 1417
2 1418
1 1419
1 1420
6 1421
1 1422
4 1423
1 1424
1 1425
1 1426
3 1428
3 1430
3 1431
4 1432
6 1433
2 1434
2 1435
5 1436
1 1437
4 1438
4 1439
2 1440
5 1441
4 1442
3 1443
3 1444
6 1445
1 1446
4 1447
1 1448
3 1449
6 1450
1 1451
1 1452
1 1453
4 1454
5 1455
1 1456
2 1457
3 1458
1 1459
3 1460
2 1461
1 1462
3 1463
5 1464
4 1465
5 1466
6 1467
3 1468
2 1469
1 1470
3 1471
2 1472
7 1473
3 1474
4 1475
4 1476
2 1477
3 1478
1 1479
2 1480
1 1481
3 1482
3 1483
5 1484
3 1485
3 1486
3 1487
3 1488
2 1489
1 1490
6 1491
4 1492
2 1493
4 1495
3 1496
1 1497
2 1498
2 1499
3 1500
6 1501
4 1502
5 1503
2 1504
2 1505
3 1506
2 1507
4 1508
1 1509
6 1510
4 1511
2 1512
3 1513
7 1514
4 1515
3 1516
4 1517
1 1518
1 1519
5 1520
3 1521
1 1522
6 1523
2 1524
6 1525
3 1526
3 1527
4 1528
3 1529
1 1530
4 1531
5 1532
4 1533
6 1534
1 1535
5 1537
1 1538
2 1539
5 1540
3 1541
4 1542
3 1543
2 1544
4 1545
5 1546
1 1547
4 1548
5 1549
2 1550
6 1551
5 1552
7 1553
6 1554
8 1555
4 1556
2 1557
8 1558
3 1559
2 1560
5 1561
6 1562
4 1563
6 1564
5 1565
1 1566
5 1567
3 1568
4 1569
4 1570
5 1571
4 1572
7 1573
4 1574
8 1575
6 1576
10 1577
9 1578
7 1579
6 1580
6 1581
9 1582
8 1583
8 1584
7 1585
4 1586
5 1587
14 1588
12 1589
5 1590
10 1591
9 1592
15 1593
11 1594
6 1595
5 1596
9 1597
7 1598
6 1599
9 1600
14 1601
11 1602
14 1603
10 1604
10 1605
12 1606
15 1607
12 1608
14 1609
11 1610
14 1611
9 1612
10 1613
13 1614
11 1615
18 1616
10 1617
14 1618
13 1619
14 1620
14 1621
19 1622
9 1623
12 1624
18 1625
15 1626
21 1627
12 1628
16 1629
18 1630
16 1631
22 1632
16 1633
14 1634
25 1635
13 1636
14 1637
21 1638
17 1639
20 1640
22 1641
18 1642
18 1643
17 1644
16 1645
18 1646
22 1647
14 1648
17 1649
16 1650
19 1651
15 1652
20 1653
18 1654
15 1655
15 1656
16 1657
15 1658
13 1659
18 1660
18 1661
25 1662
12 1663
15 1664
19 1665
15 1666
15 1667
13 1668
14 1669
15 1670
24 1671
13 1672
12 1673
19 1674
17 1675
15 1676
16 1677
16 1678
23 1679
20 1680
15 1681
20 1682
19 1683
16 1684
23 1685
23 1686
26 1687
26 1688
22 1689
23 1690
30 1691
33 1692
33 1693
36 1694
27 1695
42 1696
33 1697
43 1698
42 1699
46 1700
42 1701
30 1702
52 1703
43 1704
55 1705
59 1706
57 1707
68 1708
71 1709
59 1710
72 1711
70 1712
87 1713
79 1714
90 1715
90 1716
95 1717
87 1718
98 1719
113 1720
105 1721
96 1722
110 1723
106 1724
128 1725
112 1726
136 1727
121 1728
134 1729
123 1730
136 1731
119 1732
118 1733
120 1734
113 1735
115 1736
137 1737
105 1738
98 1739
96 1740
102 1741
108 1742
88 1743
101 1744
110 1745
77 1746
76 1747
71 1748
74 1749
77 1750
66 1751
66 1752
47 1753
49 1754
48 1755
48 1756
48 1757
46 1758
47 1759
51 1760
51 1761
38 1762
32 1763
35 1764
43 1765
32 1766
36 1767
30 1768
23 1769
34 1770
28 1771
24 1772
18 1773
32 1774
15 1775
23 1776
31 1777
24 1778
23 1779
18 1780
21 1781
17 1782
16 1783
16 1784
24 1785
21 1786
24 1787
20 1788
12 1789
13 1790
22 1791
19 1792
7 1793
12 1794
12 1795
6 1796
15 1797
11 1798
11 1799
13 1800
7 1801
16 1802
11 1803
9 1804
10 1805
14 1806
8 1807
10 1808
6 1809
10 1810
8 1811
6 1812
6 1813
11 1814
5 1815
5 1816
7 1817
8 1818
9 1819
10 1820
10 1821
10 1822
10 1823
7 1824
7 1825
4 1826
4 1827
5 1828
4 1829
14 1830
3 1831
6 1832
11 1833
5 1834
8 1835
12 1836
11 1837
10 1838
3 1839
6 1840
10 1841
9 1842
15 1843
10 1844
4 1845
6 1846
15 1847
10 1848
6 1849
6 1850
9 1851
7 1852
5 1853
13 1854
12 1855
7 1856
7 1857
11 1858
5 1859
11 1860
7 1861
8 1862
12 1863
4 1864
7 1865
8 1866
9 1867
8 1868
12 1869
8 1870
11 1871
14 1872
9 1873
13 1874
11 1875
13 1876
9 1877
7 1878
12 1879
6 1880
13 1881
13 1882
14 1883
11 1884
16 1885
14 1886
15 1887
14 1888
10 1889
15 1890
21 1891
19 1892
24 1893
26 1894
18 1895
28 1896
29 1897
31 1898
29 1899
37 1900
31 1901
36 1902
37 1903
33 1904
39 1905
44 1906
42 1907
36 1908
44 1909
40 1910
59 1911
59 1912
58 1913
62 1914
58 1915
46 1916
78 1917
74 1918
79 1919
66 1920
68 1921
56 1922
71 1923
63 1924
77 1925
62 1926
69 1927
69 1928
55 1929
52 1930
50 1931
59 1932
48 1933
53 1934
59 1935
48 1936
37 1937
42 1938
38 1939
28 1940
26 1941
31 1942
25 1943
35 1944
11 1945
21 1946
17 1947
17 1948
16 1949
19 1950
19 1951
16 1952
7 1953
11 1954
9 1955
7 1956
12 1957
4 1958
10 1959
6 1960
5 1961
4 1962
3 1963
7 1964
2 1965
2 1966
2 1967
1 1968
2 1970
4 1971
3 1972
1 1973
3 1974
1 1975
6 1976
1 1977
3 1978
1 1980
1 1981
1 1982
1 1983
1 1984
1 1985
3 1986
2 1987
1 1989
2 1990
2 1994
1 1996
1 1997
1 2001
1 2012
1 2018
1 2020
1 2023
2 2029
1 2031
1 2037
1 2050
1 2059
1 2062
1 2067
1 2068
1 2069
1 2070
2 2072
1 2078
1 2082
1 2083
1 2091
2 2099
1 2102
1 2104
2 2106
1 2113
1 2115
1 2117
1 2119
1 2120
2 2121
1 2123
1 2124
1 2133
1 2137
1 2145
1 2147
1 2155
1 2159
1 2163
1 2164
1 2168
1 2171
2 2173
1 2175
2 2177
1 2180
1 2184
1 2185
1 2189
1 2192
1 2193
1 2196
1 2200
1 2202
1 2207
1 2208
1 2209
1 2210
1 2219
2 2220
1 2228
1 2233
1 2234
1 2237
2 2238
1 2243
1 2244
1 2245
2 2246
1 2251
1 2252
1 2266
1 2269
1 2275
1 2276
1 2290
1 2291
1 2292
1 2296
1 2297
2 2300
1 2309
1 2315
1 2320
1 2326
1 2328
2 2333
2 2334
2 2344
1 2347
1 2349
1 2354
1 2361
2 2362
1 2363
1 2365
2 2366
1 2367
1 2373
2 2377
2 2382
1 2383
1 2385
1 2386
1 2391
2 2398
1 2400
1 2403
1 2406
3 2418
1 2419
1 2421
1 2435
1 2455
1 2460
1 2466
1 2474
1 2492
1 2494
1 2495
2 2502
1 2505
1 2507
1 2511
1 2513
1 2517
1 2518
1 2531
1 2539
1 2543
1 2552
1 2557
1 2558
1 2561
1 2563
1 2565
2 2567
1 2571
3 2572
1 2576
1 2578
2 2581
1 2582
1 2583
1 2586
2 2587
1 2589
1 2591
1 2592
1 2594
3 2595
1 2603
3 2604
1 2605
1 2607
2 2608
2 2609
2 2610
1 2612
3 2613
1 2614
1 2615
1 2617
1 2618
2 2620
2 2621
2 2622
2 2623
4 2624
1 2625
1 2626
4 2627
2 2628
1 2629
1 2630
3 2631
4 2632
2 2633
3 2634
3 2635
2 2636
2 2637
1 2638
2 2640
2 2641
2 2642
4 2643
3 2646
1 2647
1 2648
6 2650
3 2651
3 2652
1 2653
3 2654
2 2655
2 2656
1 2657
1 2658
4 2659
2 2660
1 2664
1 2667
1 2669
1 2670
1 2673
2 2677
1 2678
2 2684
1 2687
1 2691
1 2693
1 2697
1 2707
1 2708
1 2720
1 2727
1 2735
1 2737
1 2741
1 2749
1 2760
1 2778
1 2780
1 2805
1 2815
1 2822
1 2844
1 2847
1 2851
1 2852
1 2869
1 2871
1 2885
1 2890
1 2925
1 2926
1 2928
2 2930
1 2935
1 2941
1 2943
2 2945
1 2946
1 2948
1 2954
1 2955
1 2956
1 2957
1 2959
1 2960
1 2963
1 2964
1 2966
2 2973
2 2974
2 2981
1 2982
1 2986
1 2988
2 2989
1 2992
1 3001
1 3011
1 3026
1 3029
1 3041
1 3052
1 3055
1 3077
1 3083
1 3112
1 3127
1 3141
1 3246
1 3264
1 3266
1 3270
2 3336
1 3346
1 3445
1 3464
1 3468
1 3472
1 3522
1 3541
1 3588
1 3614
1 3622
1 3646
1 3720
1 3774
1 3827
1 3855
1 3876
1 3880
1 3932
1 4006
1 4350
1 4454
1 4502
1 4534
1 4633
