4 1
1 2
1 4
2 6
1 7
2 9
1 11
1 12
2 13
2 15
1 19
1 20
1 24
1 25
1 26
1 27
2 28
1 29
1 30
4 34
3 35
2 37
5 38
10 39
6 40
5 41
2 42
3 44
1 47
3 48
1 49
1 51
1 54
2 56
2 58
3 59
3 61
2 62
1 63
1 65
1 70
1 71
2 72
2 73
2 74
2 75
2 77
1 78
1 79
3 84
1 85
1 86
1 89
1 90
1 91
1 93
1 94
2 95
2 96
1 98
1 99
1 100
1 101
2 102
1 103
2 105
1 106
3 107
1 109
1 110
2 111
4 112
2 113
2 114
2 116
4 117
2 118
1 120
1 121
1 122
7 123
1 124
3 125
2 126
4 127
2 129
1 130
2 131
1 133
2 134
8 135
13 136
12 137
15 138
21 139
12 140
16 141
17 142
13 143
8 144
13 145
6 146
2 147
6 148
3 150
5 151
4 152
5 153
5 154
7 155
10 156
5 157
3 158
3 159
1 160
1 161
1 162
3 163
4 164
2 166
1 167
3 170
5 171
2 172
3 173
1 174
1 175
5 176
2 177
2 178
3 179
1 180
2 181
5 182
2 183
5 184
3 185
4 186
3 187
6 188
4 189
2 190
3 191
8 192
6 193
5 194
3 195
3 196
3 197
4 198
7 199
3 200
4 201
3 202
4 203
4 204
4 205
3 206
4 207
2 208
5 210
2 211
7 212
3 213
5 214
6 216
3 217
4 218
1 219
2 220
3 221
6 222
4 223
3 224
9 225
2 226
6 228
1 229
2 230
4 231
2 232
2 234
4 235
3 236
4 237
3 238
1 239
6 240
1 241
4 242
3 243
4 244
4 245
5 246
8 247
10 248
2 249
4 250
3 251
5 252
2 253
3 254
5 255
6 256
3 257
6 258
7 259
8 260
4 261
7 262
9 263
6 264
11 265
16 266
20 267
9 268
14 269
18 270
27 271
23 272
23 273
23 274
19 275
16 276
23 277
18 278
21 279
9 280
11 281
8 282
10 283
12 284
6 285
5 286
6 287
3 288
9 290
3 291
4 292
4 293
3 294
2 295
4 296
7 297
2 298
5 299
6 300
5 301
8 302
5 303
5 304
5 305
5 306
4 307
5 308
15 309
8 310
9 311
7 312
2 313
5 314
3 315
3 316
3 317
8 318
11 319
8 320
13 321
5 322
2 323
7 324
10 325
8 326
5 327
10 328
7 329
10 330
9 331
12 332
7 333
10 334
6 335
8 336
12 337
8 338
8 339
19 340
11 341
18 342
16 343
18 344
16 345
22 346
17 347
14 348
21 349
13 350
25 351
16 352
17 353
21 354
19 355
25 356
29 357
31 358
36 359
55 360
57 361
49 362
57 363
70 364
77 365
71 366
89 367
87 368
84 369
59 370
60 371
64 372
36 373
53 374
45 375
32 376
27 377
24 378
15 379
13 380
13 381
6 382
10 383
8 384
2 385
7 386
8 387
1 388
5 389
2 390
3 391
5 392
3 393
4 394
3 395
2 396
1 397
4 398
2 399
2 400
4 401
1 402
2 403
6 404
2 405
4 406
2 407
1 408
6 409
4 410
4 411
3 412
5 413
4 414
3 415
7 416
5 417
4 418
3 419
4 420
3 421
3 422
4 423
4 424
6 425
5 426
7 427
8 428
4 429
7 430
4 431
6 432
7 433
3 434
5 435
4 436
5 437
4 438
2 439
6 440
6 441
3 442
5 443
3 444
4 445
7 446
8 447
7 448
5 450
3 451
2 452
13 453
6 454
2 455
11 456
7 457
9 458
9 459
6 460
9 461
8 462
9 463
5 464
4 465
8 466
10 467
5 468
7 469
7 470
3 471
6 472
10 473
5 474
11 475
9 476
8 477
8 478
9 479
3 480
3 481
5 482
6 483
6 484
7 485
8 486
6 487
7 488
5 489
9 490
11 491
4 492
8 493
6 494
11 495
6 496
11 497
11 498
15 499
8 500
12 501
12 502
13 503
11 504
9 505
28 506
11 507
15 508
19 509
17 510
14 511
15 512
9 513
20 514
24 515
20 516
36 517
12 518
28 519
35 520
18 521
40 522
30 523
40 524
46 525
42 526
35 527
29 528
45 529
34 530
49 531
37 532
42 533
43 534
47 535
56 536
52 537
57 538
72 539
89 540
91 541
95 542
100 543
132 544
160 545
152 546
150 547
206 548
232 549
256 550
272 551
299 552
284 553
281 554
299 555
318 556
312 557
278 558
300 559
246 560
248 561
191 562
192 563
156 564
133 565
113 566
109 567
82 568
50 569
55 570
51 571
46 572
29 573
29 574
19 575
21 576
22 577
8 578
9 579
15 580
9 581
10 582
9 583
5 584
7 585
12 586
4 587
10 588
6 589
4 590
6 591
2 592
8 594
6 595
3 596
5 597
3 598
7 599
7 600
3 601
5 602
3 603
3 604
6 605
10 606
3 607
5 608
8 609
4 610
4 611
10 612
2 613
9 614
2 615
6 616
4 617
4 618
5 619
6 620
4 621
6 622
5 623
4 624
5 625
2 626
7 627
7 628
8 629
3 630
7 631
7 632
10 633
6 634
7 635
8 636
9 637
10 638
14 639
5 640
11 641
7 642
11 643
7 644
13 645
7 646
10 647
19 648
16 649
9 650
20 651
7 652
10 653
15 654
18 655
16 656
17 657
9 658
10 659
12 660
15 661
16 662
11 663
16 664
12 665
19 666
22 667
21 668
18 669
23 670
21 671
15 672
18 673
32 674
24 675
34 676
32 677
34 678
30 679
36 680
44 681
35 682
36 683
40 684
54 685
55 686
61 687
59 688
74 689
87 690
72 691
104 692
79 693
91 694
87 695
97 696
105 697
86 698
106 699
100 700
99 701
96 702
87 703
102 704
87 705
85 706
78 707
65 708
71 709
75 710
56 711
69 712
60 713
39 714
49 715
44 716
27 717
32 718
24 719
31 720
28 721
17 722
13 723
19 724
17 725
10 726
5 727
8 728
5 729
14 730
7 731
12 732
4 733
7 734
10 735
7 736
5 737
6 738
11 739
8 740
6 741
5 742
2 743
10 744
10 745
8 746
5 747
6 748
11 749
9 750
7 751
8 752
12 753
6 754
7 755
9 756
6 757
7 758
9 759
6 760
7 761
1 762
12 763
10 764
6 765
13 766
8 767
11 768
10 769
5 770
10 771
7 772
6 773
5 774
7 775
7 776
4 777
4 778
4 779
7 780
9 781
6 782
4 783
9 784
5 785
8 786
2 787
9 788
7 789
4 790
4 791
10 792
8 793
9 794
6 795
8 796
16 797
11 798
11 799
9 800
15 801
9 802
17 803
10 804
12 805
11 806
14 807
11 808
11 809
14 810
19 811
13 812
18 813
11 814
14 815
13 816
17 817
16 818
16 819
18 820
19 821
11 822
18 823
15 824
10 825
15 826
20 827
16 828
21 829
25 830
19 831
18 832
23 833
20 834
14 835
25 836
32 837
20 838
45 839
38 840
40 841
46 842
42 843
50 844
60 845
73 846
67 847
66 848
78 849
83 850
87 851
92 852
107 853
103 854
112 855
126 856
105 857
106 858
119 859
130 860
117 861
103 862
143 863
120 864
117 865
112 866
99 867
113 868
123 869
106 870
112 871
109 872
127 873
123 874
120 875
98 876
131 877
131 878
116 879
143 880
141 881
136 882
150 883
152 884
130 885
131 886
139 887
116 888
142 889
127 890
105 891
93 892
98 893
82 894
77 895
59 896
57 897
48 898
47 899
46 900
60 901
39 902
33 903
24 904
22 905
22 906
21 907
27 908
12 909
8 910
13 911
9 912
13 913
12 914
10 915
16 916
14 917
11 918
12 919
10 920
10 921
9 922
5 923
7 924
6 925
3 926
9 927
8 928
7 929
8 930
7 931
6 932
9 933
12 934
3 935
6 936
6 937
13 938
6 939
10 940
2 941
9 942
9 943
8 944
5 945
10 946
6 947
10 948
4 949
7 950
12 951
10 952
8 953
10 954
13 955
11 956
2 957
12 958
16 959
19 960
13 961
11 962
19 963
16 964
13 965
16 966
13 967
17 968
16 969
20 970
25 971
24 972
28 973
24 974
30 975
46 976
34 977
39 978
45 979
66 980
47 981
58 982
51 983
55 984
70 985
76 986
71 987
62 988
87 989
67 990
84 991
71 992
81 993
64 994
85 995
85 996
75 997
63 998
75 999
63 1000
69 1001
48 1002
51 1003
46 1004
39 1005
49 1006
44 1007
44 1008
39 1009
33 1010
18 1011
38 1012
32 1013
24 1014
31 1015
30 1016
24 1017
31 1018
32 1019
25 1020
26 1021
27 1022
16 1023
22 1024
17 1025
17 1026
21 1027
18 1028
12 1029
16 1030
8 1031
11 1032
10 1033
13 1034
10 1035
19 1036
12 1037
6 1038
10 1039
6 1040
4 1041
12 1042
9 1043
5 1044
8 1045
9 1046
5 1047
9 1048
2 1049
5 1050
9 1051
7 1052
6 1053
8 1054
8 1055
1 1056
2 1057
4 1058
6 1059
6 1060
2 1061
2 1062
6 1063
4 1064
8 1065
4 1066
8 1067
3 1068
3 1069
5 1070
4 1071
3 1072
3 1073
4 1074
3 1075
3 1076
4 1077
3 1078
1 1079
1 1080
3 1081
2 1082
4 1083
6 1085
3 1086
3 1087
4 1088
3 1089
2 1090
2 1091
3 1092
2 1093
3 1094
6 1095
3 1096
3 1097
4 1098
4 1099
2 1100
1 1101
4 1102
7 1103
4 1104
2 1105
3 1106
2 1107
1 1108
5 1109
1 1110
3 1111
8 1112
5 1113
8 1114
4 1115
8 1116
7 1117
5 1118
11 1119
4 1120
5 1121
12 1122
10 1123
9 1124
7 1125
5 1126
7 1127
8 1128
9 1129
9 1130
14 1131
4 1132
14 1133
11 1134
12 1135
13 1136
7 1137
10 1138
14 1139
6 1140
5 1141
8 1142
4 1143
3 1144
9 1145
8 1146
6 1147
7 1148
5 1149
5 1150
9 1151
7 1152
11 1153
2 1154
4 1155
3 1156
1 1157
2 1158
3 1159
5 1160
5 1161
3 1162
2 1163
1 1164
1 1165
1 1166
1 1167
2 1169
1 1173
1 1177
1 1180
1 1181
1 1183
1 1185
1 1188
1 1190
1 1192
1 1193
1 1197
1 1198
2 1208
1 1212
1 1223
1 1231
2 1235
1 1240
1 1242
1 1243
1 1244
1 1245
1 1254
1 1262
1 1267
1 1268
1 1269
1 1273
1 1276
1 1284
2 1285
1 1286
1 1288
1 1289
2 1292
2 1293
4 1294
1 1295
1 1297
1 1298
1 1299
2 1302
1 1304
1 1307
1 1309
1 1310
1 1313
1 1314
1 1315
2 1316
1 1317
1 1319
1 1320
1 1321
3 1322
2 1323
1 1325
3 1326
2 1327
1 1328
1 1329
1 1330
2 1331
1 1333
1 1334
1 1335
1 1337
3 1339
2 1341
2 1342
1 1343
1 1354
1 1369
1 1377
1 1379
1 1383
1 1402
1 1408
1 1416
1 1424
2 1431
1 1433
2 1439
1 1444
1 1451
1 1452
1 1459
1 1475
1 1478
1 1479
1 1487
1 1488
1 1489
1 1493
1 1496
1 1501
2 1503
1 1512
2 1513
1 1519
1 1525
1 1526
1 1528
1 1534
2 1540
1 1542
1 1544
1 1546
1 1551
2 1555
1 1557
1 1564
1 1569
1 1574
1 1576
2 1581
1 1584
1 1599
1 1603
1 1606
1 1610
1 1613
1 1622
3 1628
1 1632
1 1638
1 1640
1 1642
3 1649
1 1650
1 1653
1 1656
1 1657
1 1658
1 1660
1 1663
1 1665
1 1669
1 1681
1 1682
1 1686
1 1687
1 1696
1 1698
1 1710
1 1727
1 1734
1 1735
1 1744
1 1747
1 1749
1 1754
1 1759
1 1764
1 1772
1 1776
1 1780
1 1795
1 1804
1 1805
1 1806
1 1815
1 1817
1 1824
1 1826
1 1827
1 1831
1 1834
1 1837
1 1838
1 1839
2 1844
1 1846
1 1853
1 1860
1 1870
2 1871
1 1872
1 1874
1 1876
1 1880
1 1893
1 1905
1 1917
1 1924
1 1928
1 1932
1 1944
1 1945
1 1964
1 1987
1 2017
1 2075
1 2093
1 2135
1 2139
1 2156
1 2181
1 2200
1 2212
1 2216
1 2230
2 2235
1 2256
1 2275
1 2280
1 2287
1 2297
1 2338
1 2340
1 2369
1 2379
1 2417
1 2506
1 2525
1 2542
1 2549
1 2560
1 2647
1 2654
1 2667
1 2818
1 2840
1 2923
1 2926
1 3209
1 3274
1 3290
1 3470
1 3482
1 3509
1 3517
1 3546
1 3577
1 3696
1 3702
1 3732
1 3733
1 3748
1 3753
1 3755
1 3775
1 3794
1 3810
1 3883
1 4118
1 4320
