2 1
3 2
1 3
1 4
1 5
4 6
1 8
2 11
1 12
1 13
2 14
3 15
1 17
1 18
1 19
1 20
1 21
1 22
1 23
1 24
2 26
1 27
4 28
4 29
4 32
3 33
1 35
2 36
4 37
4 38
5 39
14 40
9 41
5 42
4 43
2 44
2 45
4 46
3 47
2 48
1 49
2 50
3 51
3 52
1 53
2 55
3 56
2 57
2 59
1 60
2 61
2 62
1 63
4 65
2 66
1 67
3 68
1 69
2 73
3 74
1 75
1 76
1 78
3 82
2 83
1 84
2 85
3 86
1 87
1 89
1 90
4 91
3 92
2 93
2 94
2 95
2 96
6 97
3 99
3 100
1 101
1 102
3 104
6 105
1 106
4 107
3 108
1 109
5 110
2 111
2 113
1 114
3 115
2 116
2 119
9 120
2 121
3 122
3 123
4 124
3 126
3 127
2 128
2 129
3 130
3 131
3 132
6 133
7 134
4 135
3 136
6 137
4 138
11 139
19 140
8 141
5 142
9 143
13 144
9 145
10 146
8 147
5 148
9 149
5 150
4 151
4 152
1 153
2 154
2 155
2 156
4 157
4 158
2 159
2 160
4 161
3 162
3 163
2 164
4 165
3 166
2 167
4 168
3 169
2 170
2 171
5 172
5 173
5 174
2 175
4 176
4 177
2 178
1 179
5 180
4 181
9 182
6 183
7 184
6 185
4 186
9 187
9 188
11 189
10 190
6 191
19 192
15 193
21 194
27 195
18 196
22 197
26 198
24 199
15 200
10 201
8 202
10 203
14 204
7 205
6 206
10 207
7 208
4 209
11 210
4 211
10 212
9 213
4 214
6 215
7 216
4 217
7 218
3 219
3 220
5 221
6 222
4 223
6 224
3 225
8 226
3 227
2 228
5 229
2 230
4 231
1 232
5 233
5 234
6 235
3 236
1 237
4 238
5 239
3 240
4 241
9 242
6 243
4 244
10 245
4 246
5 247
12 248
7 249
9 250
10 251
11 252
9 253
13 254
6 255
16 256
10 257
8 258
12 259
11 260
9 261
7 262
11 263
7 264
9 265
8 266
7 267
7 268
5 269
8 270
8 271
5 272
6 273
8 274
6 275
10 276
9 277
5 278
13 279
3 280
6 281
9 282
6 283
5 284
9 285
11 286
11 287
15 288
11 289
6 290
7 291
9 292
8 293
15 294
9 295
8 296
5 297
7 298
10 299
7 300
8 301
11 302
15 303
9 304
12 305
10 306
13 307
8 308
17 309
11 310
11 311
11 312
9 313
23 314
13 315
15 316
17 317
17 318
19 319
23 320
21 321
25 322
23 323
26 324
24 325
21 326
29 327
25 328
15 329
23 330
20 331
20 332
18 333
16 334
20 335
18 336
8 337
17 338
11 339
5 340
10 341
13 342
9 343
10 344
11 345
9 346
18 347
10 348
11 349
8 350
12 351
20 352
21 353
9 354
12 355
16 356
11 357
14 358
9 359
12 360
10 361
19 362
11 363
14 364
17 365
13 366
11 367
14 368
10 369
18 370
17 371
16 372
15 373
16 374
14 375
15 376
9 377
17 378
14 379
22 380
21 381
12 382
20 383
20 384
24 385
18 386
23 387
21 388
27 389
26 390
14 391
20 392
22 393
26 394
35 395
33 396
39 397
29 398
36 399
25 400
37 401
44 402
41 403
43 404
60 405
44 406
51 407
42 408
61 409
45 410
52 411
47 412
44 413
41 414
42 415
43 416
40 417
42 418
44 419
37 420
47 421
36 422
35 423
39 424
40 425
39 426
34 427
50 428
49 429
49 430
48 431
60 432
59 433
85 434
67 435
89 436
55 437
90 438
97 439
78 440
101 441
82 442
86 443
76 444
59 445
58 446
60 447
36 448
52 449
48 450
38 451
38 452
39 453
35 454
39 455
47 456
32 457
35 458
44 459
52 460
43 461
65 462
54 463
50 464
56 465
65 466
64 467
58 468
77 469
69 470
80 471
83 472
81 473
98 474
113 475
114 476
103 477
111 478
105 479
129 480
126 481
139 482
152 483
142 484
140 485
181 486
239 487
219 488
329 489
316 490
399 491
372 492
463 493
545 494
621 495
708 496
729 497
838 498
874 499
943 500
961 501
969 502
987 503
961 504
975 505
890 506
834 507
787 508
641 509
600 510
497 511
478 512
354 513
316 514
284 515
215 516
179 517
143 518
93 519
76 520
58 521
55 522
37 523
39 524
27 525
30 526
23 527
27 528
22 529
10 530
11 531
19 532
8 533
9 534
8 535
7 536
5 537
6 538
11 539
7 540
7 541
4 542
4 543
3 544
3 545
3 546
6 547
5 548
2 549
7 550
7 551
5 552
3 553
7 554
3 555
3 556
3 557
5 559
5 560
2 561
3 562
8 563
2 564
4 565
4 566
7 567
3 568
2 569
2 570
3 571
4 572
5 573
2 574
3 575
5 576
2 577
1 578
2 579
4 580
5 581
5 582
3 583
4 584
5 585
5 586
5 588
7 589
6 591
5 592
5 593
2 594
1 595
1 596
3 597
6 598
7 599
2 600
3 601
6 602
4 603
3 604
3 605
3 606
8 607
4 608
1 609
2 610
3 612
2 614
3 615
1 616
1 617
4 618
5 619
3 620
5 621
4 622
2 623
2 624
7 625
2 626
1 627
4 628
2 629
4 630
2 631
6 632
5 633
7 634
3 635
5 636
3 637
4 638
4 639
3 640
5 641
2 642
3 643
3 644
5 645
4 646
2 647
3 648
1 649
1 650
3 651
1 652
6 653
3 654
4 655
1 656
2 657
6 658
1 659
3 660
2 661
4 662
5 663
2 664
2 665
2 666
6 667
1 668
5 669
5 670
3 671
3 672
4 673
4 674
2 675
5 676
3 677
2 678
2 679
5 680
3 681
5 682
3 683
2 684
3 685
3 686
4 687
5 688
5 689
5 690
4 691
5 692
4 693
2 694
3 695
5 696
8 697
2 698
6 699
6 700
2 701
10 702
5 703
6 704
9 705
3 706
7 707
5 708
7 709
5 710
5 711
8 713
8 714
11 715
8 716
6 717
5 718
8 719
6 720
2 721
12 722
11 723
4 724
9 725
9 726
8 727
6 728
9 729
2 730
3 731
7 732
15 733
9 734
8 735
12 736
18 737
21 738
17 739
17 740
23 741
26 742
14 743
14 744
22 745
25 746
21 747
36 748
33 749
34 750
29 751
31 752
36 753
28 754
29 755
41 756
42 757
27 758
37 759
26 760
37 761
30 762
28 763
28 764
19 765
28 766
17 767
26 768
19 769
18 770
17 771
14 772
19 773
20 774
15 775
12 776
11 777
11 778
15 779
13 780
12 781
8 782
13 783
15 784
12 785
19 786
13 787
11 788
16 789
16 790
7 791
14 792
12 793
13 794
10 795
9 796
17 797
17 798
8 799
16 800
20 801
15 802
18 803
13 804
21 805
21 806
16 807
23 808
21 809
25 810
25 811
22 812
19 813
18 814
24 815
23 816
19 817
23 818
14 819
22 820
24 821
28 822
28 823
29 824
30 825
30 826
46 827
40 828
39 829
38 830
35 831
47 832
42 833
41 834
35 835
39 836
34 837
41 838
32 839
26 840
32 841
40 842
30 843
30 844
30 845
28 846
19 847
20 848
20 849
22 850
14 851
21 852
17 853
19 854
15 855
19 856
8 857
18 858
18 859
23 860
21 861
17 862
17 863
14 864
23 865
12 866
20 867
26 868
30 869
24 870
19 871
28 872
24 873
18 874
26 875
28 876
28 877
45 878
31 879
34 880
28 881
32 882
39 883
58 884
45 885
57 886
48 887
58 888
61 889
64 890
72 891
74 892
67 893
83 894
104 895
112 896
101 897
89 898
109 899
110 900
106 901
90 902
109 903
108 904
85 905
89 906
93 907
91 908
87 909
82 910
77 911
72 912
62 913
57 914
66 915
54 916
46 917
45 918
37 919
37 920
36 921
25 922
19 923
20 924
35 925
24 926
12 927
10 928
16 929
10 930
11 931
9 932
7 933
6 934
6 935
5 936
8 937
8 938
6 939
6 940
2 941
4 942
4 943
1 944
5 945
5 946
8 947
1 948
4 949
7 950
3 951
3 952
6 953
6 954
3 955
6 956
3 957
3 958
8 959
10 960
6 961
6 962
7 963
7 964
7 965
10 966
12 967
7 968
12 969
9 970
8 971
10 972
12 973
12 974
10 975
13 976
17 977
25 978
15 979
18 980
19 981
27 982
19 983
15 984
13 985
23 986
14 987
22 988
23 989
19 990
24 991
18 992
23 993
18 994
28 995
18 996
13 997
15 998
21 999
15 1000
16 1001
11 1002
9 1003
9 1004
17 1005
3 1006
9 1007
8 1008
10 1009
3 1010
7 1011
10 1012
3 1013
4 1014
3 1015
7 1016
4 1017
6 1018
4 1019
5 1020
6 1021
4 1022
1 1023
4 1025
3 1026
3 1027
3 1029
3 1030
3 1031
2 1032
3 1033
1 1034
6 1035
1 1036
1 1037
1 1038
2 1039
3 1040
2 1041
6 1042
2 1043
4 1045
3 1046
1 1047
1 1048
2 1049
2 1050
2 1051
5 1052
3 1053
3 1055
2 1056
5 1057
1 1058
5 1059
3 1060
1 1061
4 1062
3 1063
5 1064
3 1065
5 1066
3 1067
2 1068
6 1069
4 1070
2 1071
5 1072
4 1073
4 1074
2 1075
8 1076
4 1077
7 1078
6 1079
7 1080
3 1081
7 1082
2 1083
5 1084
4 1085
3 1086
3 1087
6 1088
3 1089
6 1090
3 1091
4 1092
6 1093
5 1094
2 1095
7 1096
2 1097
6 1098
6 1099
3 1100
4 1101
13 1102
12 1103
5 1104
10 1105
13 1106
17 1107
12 1108
8 1109
12 1110
15 1111
9 1112
14 1113
11 1114
12 1115
14 1116
12 1117
5 1118
15 1119
14 1120
13 1121
11 1122
22 1123
15 1124
17 1125
17 1126
19 1127
16 1128
18 1129
19 1130
16 1131
6 1132
9 1133
10 1134
6 1135
8 1136
10 1137
15 1138
12 1139
9 1140
6 1141
11 1142
8 1143
7 1144
6 1145
9 1146
3 1147
9 1148
5 1149
3 1150
9 1151
6 1152
7 1153
5 1154
6 1155
9 1156
9 1157
7 1158
8 1159
7 1160
11 1161
7 1162
9 1163
6 1164
6 1165
16 1166
9 1167
14 1168
11 1169
8 1170
6 1171
15 1172
7 1173
10 1174
8 1175
4 1176
7 1177
5 1178
6 1179
11 1180
4 1181
5 1182
5 1183
4 1184
7 1185
8 1186
2 1187
4 1188
3 1189
2 1190
3 1191
3 1192
4 1193
1 1194
6 1195
1 1196
5 1197
3 1198
1 1199
2 1201
2 1202
5 1203
1 1204
4 1205
2 1206
2 1207
2 1208
1 1209
1 1210
2 1211
1 1212
1 1215
3 1216
1 1218
1 1220
1 1221
1 1222
1 1223
3 1226
1 1227
2 1228
1 1231
1 1233
2 1234
1 1235
1 1236
1 1237
2 1238
1 1240
1 1241
1 1242
1 1243
1 1247
3 1248
1 1250
1 1251
1 1252
1 1254
1 1256
2 1257
1 1259
1 1260
2 1261
1 1268
1 1270
2 1273
1 1274
4 1276
2 1279
1 1280
1 1281
1 1282
2 1283
1 1284
1 1285
1 1288
3 1291
1 1293
2 1294
1 1295
2 1297
1 1300
2 1301
1 1303
1 1304
1 1305
1 1306
2 1308
1 1309
1 1310
1 1311
2 1313
1 1314
2 1315
1 1316
1 1319
1 1321
2 1322
1 1324
1 1325
2 1326
2 1327
5 1328
1 1329
1 1331
2 1332
1 1334
3 1335
1 1336
1 1341
3 1345
2 1346
2 1347
1 1348
3 1349
3 1350
1 1351
1 1353
2 1354
2 1355
3 1356
2 1358
1 1359
2 1360
1 1361
1 1362
3 1363
1 1364
3 1365
3 1366
3 1367
2 1368
1 1369
1 1370
3 1371
2 1372
2 1373
2 1375
2 1378
1 1379
1 1381
1 1382
2 1383
3 1385
1 1387
1 1388
2 1389
2 1391
1 1394
1 1397
1 1398
1 1401
3 1402
1 1403
2 1404
2 1405
1 1406
2 1407
2 1408
1 1409
1 1410
3 1411
2 1414
2 1415
1 1416
1 1418
1 1419
2 1420
2 1422
3 1423
3 1424
3 1427
2 1428
1 1429
2 1431
1 1432
3 1433
2 1434
2 1435
2 1437
1 1439
3 1440
4 1441
1 1442
2 1443
1 1444
3 1445
3 1447
2 1448
2 1449
4 1450
2 1451
1 1452
1 1453
2 1454
2 1455
2 1456
1 1457
2 1459
2 1460
4 1461
6 1463
1 1464
3 1466
3 1467
5 1468
1 1470
1 1471
2 1472
1 1473
2 1475
3 1476
4 1477
4 1478
5 1479
3 1480
1 1481
3 1482
3 1483
2 1484
2 1485
4 1486
1 1487
4 1489
3 1490
1 1491
1 1492
4 1493
1 1494
4 1495
2 1496
3 1497
5 1498
4 1499
2 1500
7 1501
4 1502
2 1503
4 1504
5 1505
2 1506
6 1507
3 1508
6 1509
1 1510
2 1511
1 1512
3 1514
2 1515
1 1517
1 1518
2 1520
2 1521
1 1522
1 1523
1 1524
2 1525
3 1526
1 1527
3 1530
2 1532
3 1533
3 1534
1 1536
2 1537
2 1539
1 1541
1 1543
1 1544
3 1545
2 1546
2 1547
3 1548
4 1549
3 1550
6 1551
2 1552
1 1553
5 1554
1 1555
2 1556
5 1557
2 1558
4 1559
2 1560
2 1561
1 1562
2 1564
4 1565
2 1566
1 1567
1 1568
1 1569
3 1570
3 1571
3 1572
2 1573
2 1574
5 1575
3 1576
5 1577
3 1578
3 1579
1 1580
4 1582
4 1583
1 1584
1 1585
2 1586
2 1587
1 1588
3 1589
1 1590
1 1591
3 1592
4 1594
1 1596
2 1597
1 1598
2 1600
3 1601
4 1602
2 1603
5 1604
2 1605
5 1606
2 1607
3 1608
1 1609
2 1610
1 1611
1 1613
2 1614
2 1615
1 1617
1 1618
1 1619
3 1620
1 1621
2 1622
2 1623
2 1624
4 1625
2 1626
2 1627
3 1629
3 1630
2 1631
1 1633
2 1634
2 1635
3 1636
2 1637
3 1638
2 1639
1 1640
2 1641
1 1642
6 1645
3 1646
3 1648
1 1649
2 1650
3 1652
1 1653
2 1655
2 1657
1 1658
1 1659
1 1662
2 1663
4 1664
1 1665
3 1667
4 1669
2 1671
1 1672
1 1676
3 1677
1 1678
3 1679
1 1680
1 1681
1 1682
1 1683
1 1684
2 1685
4 1686
3 1687
4 1688
2 1689
5 1690
5 1691
1 1692
3 1693
1 1694
1 1695
6 1697
3 1698
7 1699
3 1700
5 1701
2 1702
3 1703
2 1705
3 1706
2 1707
1 1708
1 1709
2 1710
3 1711
5 1712
3 1713
4 1714
2 1715
5 1716
2 1717
2 1718
3 1719
5 1720
2 1721
4 1723
2 1724
4 1726
6 1727
4 1728
3 1729
4 1730
8 1731
2 1732
5 1733
1 1734
3 1735
3 1736
4 1737
4 1738
3 1739
3 1740
5 1741
6 1742
1 1743
6 1744
5 1745
2 1746
4 1747
4 1748
6 1749
3 1750
2 1751
11 1752
4 1753
6 1754
5 1755
3 1756
3 1757
5 1758
7 1759
7 1760
1 1761
5 1762
8 1763
11 1764
7 1765
5 1766
8 1767
7 1768
5 1769
5 1770
7 1771
7 1772
10 1773
4 1774
11 1775
1 1776
5 1777
10 1778
16 1779
13 1780
9 1781
12 1782
9 1783
10 1784
13 1785
7 1786
10 1787
10 1788
15 1789
9 1790
12 1791
10 1792
14 1793
15 1794
15 1795
16 1796
10 1797
9 1798
17 1799
8 1800
12 1801
7 1802
13 1803
16 1804
11 1805
10 1806
13 1807
20 1808
13 1809
20 1810
16 1811
12 1812
10 1813
15 1814
12 1815
8 1816
12 1817
11 1818
16 1819
14 1820
8 1821
8 1822
15 1823
8 1824
14 1825
6 1826
17 1827
13 1828
10 1829
18 1830
11 1831
7 1832
13 1833
8 1834
13 1835
8 1836
10 1837
5 1838
8 1839
11 1840
10 1841
11 1842
8 1843
2 1844
7 1845
4 1846
8 1847
4 1848
7 1849
6 1850
10 1851
6 1852
9 1853
7 1854
8 1855
10 1856
8 1857
11 1858
10 1859
9 1860
5 1861
10 1862
7 1863
12 1864
12 1865
7 1866
12 1867
11 1868
12 1869
8 1870
11 1871
12 1872
13 1873
13 1874
10 1875
9 1876
10 1877
16 1878
17 1879
14 1880
15 1881
9 1882
13 1883
11 1884
16 1885
13 1886
15 1887
10 1888
19 1889
15 1890
10 1891
15 1892
14 1893
16 1894
11 1895
20 1896
14 1897
12 1898
13 1899
18 1900
14 1901
14 1902
16 1903
14 1904
18 1905
17 1906
18 1907
13 1908
22 1909
19 1910
24 1911
20 1912
10 1913
22 1914
13 1915
20 1916
19 1917
25 1918
35 1919
21 1920
32 1921
35 1922
23 1923
22 1924
36 1925
31 1926
45 1927
33 1928
45 1929
47 1930
47 1931
42 1932
52 1933
60 1934
69 1935
55 1936
65 1937
58 1938
90 1939
63 1940
76 1941
60 1942
79 1943
83 1944
80 1945
89 1946
95 1947
97 1948
99 1949
103 1950
82 1951
114 1952
103 1953
110 1954
101 1955
114 1956
109 1957
128 1958
108 1959
104 1960
100 1961
97 1962
109 1963
116 1964
84 1965
105 1966
85 1967
93 1968
81 1969
81 1970
71 1971
73 1972
64 1973
65 1974
51 1975
57 1976
50 1977
54 1978
33 1979
34 1980
28 1981
28 1982
27 1983
32 1984
28 1985
28 1986
15 1987
16 1988
23 1989
13 1990
18 1991
10 1992
14 1993
1 1994
12 1995
6 1996
10 1997
5 1998
1 1999
4 2000
3 2001
4 2002
2 2003
3 2004
5 2005
2 2006
4 2007
4 2008
1 2010
4 2011
2 2012
2 2014
3 2015
2 2017
2 2019
1 2020
3 2022
1 2025
2 2026
1 2027
1 2028
2 2029
3 2030
1 2031
2 2032
1 2033
1 2037
2 2039
1 2040
1 2047
1 2048
1 2049
2 2050
1 2051
2 2052
1 2053
1 2054
1 2056
1 2057
3 2058
1 2059
2 2063
2 2066
1 2068
1 2069
1 2072
1 2073
4 2076
1 2078
2 2079
1 2080
1 2081
1 2085
2 2086
1 2087
1 2088
1 2089
3 2092
4 2093
1 2094
2 2098
1 2099
1 2100
2 2102
1 2104
1 2105
2 2108
2 2109
2 2111
3 2112
1 2114
1 2116
3 2118
2 2119
3 2121
1 2122
4 2124
4 2125
1 2126
2 2127
1 2128
1 2131
1 2132
2 2133
1 2137
2 2139
3 2140
2 2143
1 2145
1 2146
1 2148
1 2150
1 2151
1 2152
1 2155
1 2156
1 2157
1 2158
2 2160
2 2162
1 2163
2 2164
2 2166
1 2168
1 2170
2 2172
1 2173
2 2175
1 2177
2 2180
1 2181
2 2182
1 2183
3 2185
2 2188
2 2189
5 2190
2 2191
1 2193
1 2195
1 2196
3 2199
2 2200
1 2201
1 2202
2 2203
2 2206
1 2208
4 2210
1 2211
1 2212
5 2214
2 2215
4 2216
1 2219
1 2220
3 2221
1 2222
2 2223
1 2225
1 2227
2 2228
1 2232
3 2233
1 2234
3 2235
1 2236
2 2237
3 2238
2 2239
3 2240
6 2242
2 2244
2 2245
1 2246
3 2248
1 2249
6 2250
3 2251
3 2252
4 2253
8 2254
2 2255
2 2256
3 2257
4 2258
2 2259
5 2260
1 2261
2 2262
2 2263
2 2264
1 2265
2 2266
1 2267
7 2268
2 2269
7 2270
2 2271
1 2272
2 2273
2 2274
2 2275
2 2276
2 2277
1 2278
2 2279
5 2281
3 2282
4 2283
4 2284
4 2285
3 2286
3 2287
2 2288
2 2289
1 2290
4 2292
2 2293
4 2294
3 2295
1 2296
3 2297
5 2298
5 2299
3 2300
2 2301
1 2303
4 2304
1 2305
3 2306
1 2307
4 2308
2 2309
1 2310
2 2311
2 2312
3 2313
1 2315
3 2316
3 2317
1 2319
3 2320
5 2321
1 2323
4 2324
1 2325
2 2326
1 2327
1 2328
6 2329
1 2330
4 2331
3 2332
2 2333
2 2334
2 2335
2 2336
4 2337
2 2338
3 2339
2 2340
4 2341
2 2342
6 2343
2 2344
3 2345
4 2346
5 2347
5 2348
3 2349
5 2350
1 2351
4 2352
1 2353
3 2354
1 2355
3 2356
2 2357
7 2358
2 2359
6 2360
5 2361
7 2362
1 2363
4 2364
5 2365
2 2366
7 2367
3 2368
5 2369
3 2370
3 2371
4 2372
5 2373
9 2374
9 2375
6 2376
3 2377
5 2378
7 2379
6 2380
5 2381
12 2382
9 2383
5 2384
8 2385
10 2386
11 2387
8 2388
10 2389
11 2390
7 2391
6 2392
11 2393
17 2394
9 2395
5 2396
24 2397
17 2398
16 2399
16 2400
19 2401
11 2402
17 2403
22 2404
19 2405
22 2406
21 2407
22 2408
21 2409
36 2410
31 2411
24 2412
24 2413
23 2414
33 2415
22 2416
18 2417
32 2418
20 2419
29 2420
30 2421
34 2422
20 2423
21 2424
32 2425
33 2426
29 2427
43 2428
27 2429
26 2430
22 2431
24 2432
23 2433
28 2434
20 2435
24 2436
23 2437
24 2438
15 2439
17 2440
16 2441
14 2442
17 2443
13 2444
16 2445
20 2446
12 2447
16 2448
17 2449
10 2450
9 2451
17 2452
10 2453
8 2454
5 2455
8 2456
18 2457
2 2458
4 2459
7 2460
8 2461
1 2462
9 2463
5 2464
6 2465
4 2466
4 2467
5 2468
8 2469
1 2470
5 2471
3 2472
2 2473
5 2474
1 2476
2 2477
2 2478
3 2479
2 2480
2 2481
2 2482
2 2483
4 2484
2 2486
2 2487
2 2489
2 2490
1 2492
2 2493
1 2494
1 2495
1 2496
6 2497
1 2498
4 2499
3 2501
1 2502
1 2503
4 2504
3 2505
4 2506
2 2507
1 2508
3 2509
1 2511
4 2512
1 2513
1 2514
3 2515
4 2516
3 2517
3 2518
1 2519
3 2520
1 2521
3 2522
4 2523
6 2524
1 2525
2 2526
2 2527
3 2528
2 2529
2 2530
3 2531
3 2532
1 2533
4 2534
1 2535
1 2536
1 2537
4 2538
4 2539
4 2540
1 2541
2 2542
3 2543
5 2544
3 2545
4 2546
5 2547
3 2548
8 2549
2 2550
4 2551
7 2552
5 2553
2 2554
6 2555
6 2556
3 2557
4 2558
7 2559
5 2560
3 2561
7 2562
2 2563
6 2564
5 2565
6 2566
6 2567
3 2568
6 2569
4 2570
4 2571
8 2572
5 2573
9 2574
6 2575
8 2576
8 2577
7 2578
10 2579
1 2580
2 2581
5 2582
4 2583
4 2584
2 2585
5 2586
7 2587
8 2588
8 2589
8 2590
5 2591
5 2592
6 2593
4 2594
4 2595
4 2596
5 2598
7 2599
8 2600
7 2601
1 2602
1 2603
2 2604
6 2605
5 2606
4 2607
3 2608
4 2609
3 2610
1 2611
1 2612
4 2613
2 2614
2 2615
2 2616
5 2617
4 2618
2 2619
3 2621
1 2622
1 2623
1 2627
1 2629
2 2630
1 2632
2 2633
3 2639
2 2645
1 2651
1 2654
1 2661
1 2662
2 2664
2 2667
1 2669
1 2674
2 2677
1 2682
1 2688
1 2690
1 2702
1 2724
1 2725
1 2729
2 2731
1 2737
1 2739
1 2740
1 2742
1 2743
2 2744
1 2745
2 2750
1 2752
1 2753
1 2756
1 2757
1 2760
1 2761
3 2766
2 2767
1 2773
1 2777
1 2785
1 2788
1 2790
1 2792
1 2794
1 2795
1 2813
1 2823
1 2826
1 2832
1 2833
1 2835
1 2839
1 2860
1 2864
1 2867
1 2877
1 2898
1 2907
1 2911
1 2914
1 2918
1 2927
1 2928
1 2938
2 2939
1 2942
1 2961
1 2962
1 2964
1 2977
1 2983
1 3021
1 3030
1 3034
1 3040
1 3041
1 3046
1 3061
1 3079
1 3082
1 3091
1 3102
1 3105
1 3112
1 3115
1 3124
1 3132
1 3140
1 3160
1 3162
1 3166
1 3173
1 3192
1 3223
1 3231
1 3329
1 3381
1 3408
1 3412
1 3480
1 3502
1 3529
1 3562
1 3647
1 3686
1 3730
1 3739
1 3751
1 3754
1 3863
1 3867
1 3875
1 3890
1 3895
1 3896
1 3906
1 3933
2 3939
1 3947
1 3964
1 3979
1 3988
1 3995
1 4006
1 4018
1 4020
1 4023
1 4047
1 4049
1 4055
1 4056
1 4060
1 4061
1 4065
2 4067
1 4072
1 4077
1 4078
2 4084
1 4091
1 4092
1 4094
1 4095
1 4096
1 4098
1 4100
1 4105
1 4106
2 4109
1 4118
1 4124
1 4125
1 4127
1 4130
2 4133
1 4139
1 4141
1 4143
1 4149
1 4150
1 4159
1 4172
1 4178
1 4403
1 4469
1 4514
1 4755
1 4796
1 5308
