1 1
1 3
2 4
1 6
2 8
1 10
1 11
2 14
1 15
1 16
1 17
1 18
2 20
1 21
1 22
1 25
2 26
1 30
1 32
1 35
1 36
1 37
1 38
1 39
1 40
1 41
2 43
2 45
1 46
1 48
1 50
1 51
1 54
1 56
2 59
2 61
1 62
1 65
2 67
1 69
1 70
1 72
4 73
2 78
3 80
1 81
1 82
2 83
3 85
4 86
2 87
2 88
1 91
1 92
1 93
3 94
1 95
3 96
1 97
3 98
3 99
3 100
1 101
1 102
1 103
3 104
3 105
2 106
2 107
3 108
5 110
5 111
1 112
4 113
9 114
5 115
6 116
4 117
3 118
4 119
2 120
2 122
4 123
1 124
5 126
1 127
2 128
2 129
3 130
3 131
1 132
2 133
1 134
3 135
2 136
6 137
5 138
1 139
1 141
5 143
3 144
3 145
2 146
2 147
1 148
2 149
3 151
1 152
1 153
3 154
2 155
3 156
1 157
2 158
1 159
3 160
1 161
2 162
2 163
3 164
3 166
3 167
2 168
2 169
3 170
2 171
3 172
1 173
6 174
3 175
1 176
2 177
4 178
3 179
7 180
4 181
1 182
2 184
4 185
2 186
4 187
2 188
4 189
1 190
1 191
5 194
3 195
1 196
2 197
1 198
2 199
6 200
3 201
1 202
6 203
1 204
3 205
3 206
1 207
3 208
2 209
4 210
2 211
2 212
2 213
2 214
1 215
2 216
5 217
1 218
2 219
4 220
2 221
3 223
3 224
1 225
3 226
4 227
7 228
3 229
1 230
6 231
2 232
2 233
1 234
4 235
2 236
2 237
2 238
3 239
5 240
4 241
4 242
2 243
2 244
1 245
2 246
2 247
1 248
1 249
5 250
1 251
5 252
1 253
2 254
4 255
3 256
2 257
3 258
2 259
5 260
8 261
3 262
3 263
1 264
4 265
3 266
5 267
5 268
2 269
5 270
2 271
7 272
8 273
6 274
5 275
6 276
2 277
6 278
6 279
2 280
3 281
2 282
2 283
4 284
4 285
1 286
3 287
6 288
6 289
4 290
5 292
5 293
7 294
4 295
6 296
5 297
7 298
5 299
5 300
3 301
5 302
11 303
4 304
4 305
4 306
4 307
8 308
5 309
3 310
3 311
8 312
9 313
8 314
4 315
5 316
3 317
7 318
1 319
1 320
7 321
7 322
6 323
9 324
5 325
4 326
4 327
6 328
4 329
10 330
5 331
6 332
4 333
2 334
7 335
5 336
4 337
1 338
5 339
2 340
4 341
4 342
3 343
7 344
4 345
4 346
5 347
3 348
4 349
7 350
3 351
9 352
2 353
8 354
3 355
4 356
3 357
3 358
8 359
5 360
5 361
5 362
9 363
10 364
7 365
13 366
10 367
7 368
10 369
5 370
10 371
2 372
8 373
3 374
11 375
11 376
8 377
6 378
11 379
7 380
2 381
4 382
8 383
7 384
10 385
7 386
4 387
10 388
14 389
7 390
15 391
8 392
10 393
14 394
7 395
10 396
7 397
5 398
13 399
10 400
9 401
4 402
7 403
7 404
11 405
6 406
5 407
8 408
7 409
4 410
5 411
3 412
4 413
5 414
2 415
2 416
2 417
11 418
6 420
4 421
2 422
1 423
6 424
3 425
2 426
4 427
3 428
3 429
2 430
2 431
2 432
2 433
2 434
6 435
6 436
3 437
4 438
4 439
1 440
2 441
4 442
3 443
3 444
5 445
3 446
4 447
4 448
7 449
1 450
1 451
4 452
8 453
5 454
8 455
6 456
3 457
6 458
3 459
6 460
5 461
7 462
3 463
4 464
6 465
9 466
5 467
3 468
10 469
4 470
5 471
7 472
13 473
4 474
6 475
6 476
3 477
3 478
5 479
2 480
6 481
3 482
3 483
6 484
5 486
5 487
7 488
4 489
4 490
3 491
6 492
7 494
5 495
10 496
6 497
10 498
6 499
3 500
6 501
8 502
7 503
3 504
7 505
4 506
5 507
10 508
8 509
5 510
7 511
7 512
6 513
10 514
4 515
5 516
3 517
12 518
8 519
8 520
10 521
8 522
5 523
10 524
11 525
4 526
3 527
7 528
11 529
8 530
5 531
9 532
11 533
7 534
11 535
9 536
16 537
13 538
11 539
11 540
17 541
12 542
15 543
14 544
12 545
16 546
18 547
26 548
14 549
22 550
20 551
13 552
12 553
15 554
17 555
20 556
13 557
15 558
16 559
15 560
14 561
9 562
17 563
17 564
8 565
13 566
10 567
14 568
7 569
5 570
9 571
8 572
7 573
11 574
5 575
13 576
8 577
6 578
10 579
3 580
3 581
2 582
4 583
6 584
8 585
9 586
5 587
12 588
9 589
8 590
7 591
9 592
9 593
6 594
5 595
7 596
11 597
7 598
3 599
6 600
5 601
11 602
8 603
4 604
10 605
9 606
2 607
10 608
15 609
12 610
9 611
8 612
12 613
9 614
13 615
13 616
17 617
19 618
29 619
24 620
22 621
26 622
26 623
25 624
22 625
26 626
25 627
25 628
23 629
23 630
24 631
40 632
18 633
23 634
28 635
31 636
25 637
13 638
25 639
13 640
23 641
13 642
16 643
21 644
22 645
30 646
19 647
21 648
24 649
16 650
20 651
12 652
22 653
22 654
27 655
13 656
16 657
19 658
10 659
21 660
15 661
25 662
19 663
11 664
23 665
21 666
31 667
18 668
14 669
25 670
32 671
38 672
23 673
30 674
31 675
49 676
20 677
45 678
43 679
52 680
42 681
50 682
52 683
70 684
57 685
87 686
82 687
99 688
100 689
92 690
81 691
123 692
95 693
100 694
89 695
120 696
95 697
104 698
97 699
104 700
98 701
79 702
74 703
85 704
51 705
48 706
48 707
43 708
40 709
38 710
28 711
27 712
16 713
22 714
25 715
14 716
16 717
13 718
10 719
11 720
16 721
6 722
12 723
11 724
5 725
9 726
11 727
16 728
7 729
17 730
16 731
17 732
16 733
19 734
22 735
18 736
22 737
30 738
28 739
24 740
20 741
26 742
26 743
41 744
29 745
45 746
30 747
40 748
49 749
56 750
49 751
66 752
64 753
75 754
76 755
70 756
68 757
80 758
87 759
86 760
91 761
101 762
96 763
88 764
78 765
78 766
86 767
75 768
90 769
65 770
66 771
63 772
77 773
59 774
47 775
33 776
45 777
51 778
24 779
25 780
17 781
25 782
13 783
12 784
14 785
10 786
13 787
8 788
13 789
14 790
11 791
7 792
6 793
13 794
8 795
9 796
10 797
8 798
5 799
5 800
7 801
6 802
6 803
6 804
10 805
8 806
9 807
6 808
9 809
9 810
9 811
5 812
11 813
7 814
7 815
6 816
11 817
12 818
5 819
2 820
7 821
7 822
6 823
5 824
6 825
7 826
8 827
7 828
8 829
7 830
10 831
9 832
10 833
6 834
5 835
8 836
3 837
8 838
14 839
16 840
11 841
15 842
6 843
16 844
7 845
8 846
3 847
7 848
6 849
9 850
10 851
6 852
10 853
8 854
8 855
13 856
13 857
4 858
11 859
6 860
14 861
9 862
12 863
10 864
10 865
9 866
8 867
7 868
15 869
8 870
19 871
14 872
14 873
17 874
17 875
14 876
7 877
14 878
14 879
14 880
18 881
9 882
20 883
15 884
14 885
16 886
12 887
18 888
20 889
26 890
31 891
11 892
21 893
29 894
27 895
22 896
22 897
16 898
26 899
24 900
20 901
27 902
27 903
38 904
31 905
35 906
26 907
32 908
31 909
25 910
41 911
41 912
38 913
38 914
43 915
35 916
53 917
54 918
55 919
53 920
46 921
56 922
64 923
64 924
82 925
61 926
67 927
90 928
86 929
73 930
72 931
88 932
99 933
97 934
113 935
122 936
102 937
113 938
108 939
128 940
114 941
121 942
123 943
131 944
119 945
141 946
134 947
148 948
161 949
161 950
175 951
181 952
198 953
225 954
201 955
196 956
207 957
228 958
246 959
271 960
282 961
248 962
293 963
285 964
284 965
290 966
312 967
265 968
270 969
244 970
266 971
286 972
233 973
226 974
213 975
212 976
173 977
168 978
149 979
133 980
111 981
102 982
101 983
81 984
82 985
70 986
59 987
41 988
32 989
30 990
26 991
27 992
23 993
20 994
13 995
10 996
18 997
10 998
10 999
3 1000
9 1001
2 1002
5 1003
7 1004
3 1006
5 1007
8 1008
4 1009
2 1010
2 1011
1 1012
2 1013
2 1014
3 1015
2 1016
2 1017
2 1018
3 1019
3 1021
2 1023
1 1024
1 1025
2 1026
1 1027
2 1028
3 1029
1 1030
1 1031
4 1032
4 1033
3 1034
1 1035
3 1036
2 1037
1 1038
3 1039
3 1040
4 1041
3 1042
1 1043
1 1044
1 1045
2 1046
1 1047
1 1048
2 1051
1 1052
2 1053
3 1054
2 1056
3 1057
1 1059
3 1060
3 1062
1 1063
2 1064
3 1065
1 1067
2 1068
1 1069
6 1070
2 1071
3 1072
1 1074
1 1075
1 1076
1 1078
2 1079
1 1081
2 1082
1 1083
1 1085
2 1087
1 1088
3 1090
1 1091
1 1093
2 1094
1 1095
1 1097
4 1098
1 1099
2 1100
2 1101
3 1103
1 1104
2 1105
2 1107
1 1108
5 1109
3 1111
5 1112
2 1113
2 1114
3 1115
9 1116
4 1117
1 1118
7 1119
3 1120
1 1121
6 1122
8 1123
4 1124
2 1125
1 1126
4 1127
2 1128
9 1129
5 1130
7 1131
5 1132
9 1133
10 1134
5 1135
8 1136
6 1137
7 1138
7 1139
6 1140
8 1141
6 1142
11 1143
8 1144
11 1145
15 1146
5 1147
12 1148
9 1149
11 1150
1 1151
10 1152
12 1153
20 1154
10 1155
11 1156
7 1157
13 1158
8 1159
9 1160
11 1161
10 1162
9 1163
9 1164
9 1165
3 1166
5 1167
7 1168
5 1169
6 1170
8 1171
9 1172
3 1173
7 1174
6 1175
1 1176
1 1177
1 1178
5 1179
5 1180
2 1181
5 1182
1 1184
2 1186
4 1187
4 1188
2 1189
1 1190
1 1192
3 1193
2 1195
5 1196
3 1197
2 1198
3 1199
3 1200
1 1201
1 1203
3 1204
3 1205
2 1206
3 1207
1 1208
2 1209
3 1210
2 1211
1 1212
2 1213
3 1214
1 1215
2 1216
1 1217
3 1219
5 1220
2 1221
2 1222
1 1223
7 1224
2 1226
1 1227
2 1228
1 1229
1 1230
1 1231
2 1232
2 1233
6 1234
4 1235
1 1236
1 1237
4 1238
5 1239
5 1240
7 1241
7 1242
4 1243
4 1244
7 1245
2 1246
4 1247
2 1248
4 1249
6 1250
6 1251
3 1252
4 1253
2 1254
4 1255
9 1256
4 1257
6 1258
5 1259
7 1260
1 1261
5 1262
3 1263
4 1264
2 1265
3 1266
5 1267
4 1268
2 1269
2 1270
3 1271
4 1272
6 1273
8 1274
2 1275
1 1276
6 1277
2 1278
6 1279
7 1280
6 1281
5 1282
3 1283
3 1284
6 1285
5 1286
5 1287
8 1288
4 1289
5 1290
3 1291
4 1292
3 1293
6 1294
4 1295
8 1296
4 1297
5 1298
2 1299
1 1300
5 1301
6 1302
5 1303
2 1304
7 1305
9 1306
3 1307
8 1308
5 1309
7 1310
1 1311
8 1312
3 1313
7 1314
5 1315
8 1316
3 1317
7 1318
5 1319
7 1320
5 1321
4 1322
4 1323
3 1324
4 1325
6 1326
9 1327
3 1328
3 1329
8 1330
8 1331
7 1332
7 1333
8 1334
9 1335
9 1336
8 1337
9 1338
13 1339
6 1340
2 1341
7 1342
8 1343
4 1344
13 1345
4 1346
6 1347
4 1348
6 1349
8 1350
6 1351
8 1352
11 1353
10 1354
9 1355
6 1356
10 1357
8 1358
4 1359
5 1360
11 1361
5 1362
6 1363
15 1364
5 1365
4 1366
12 1367
9 1368
12 1369
7 1370
8 1371
11 1372
6 1373
5 1374
6 1375
11 1376
2 1377
13 1378
8 1379
9 1380
13 1381
11 1382
14 1383
5 1384
8 1385
10 1386
13 1387
13 1388
9 1389
16 1390
11 1391
12 1392
5 1393
20 1394
17 1395
6 1396
9 1397
23 1398
25 1399
17 1400
12 1401
14 1402
16 1403
34 1404
25 1405
36 1406
22 1407
19 1408
39 1409
28 1410
26 1411
30 1412
51 1413
46 1414
39 1415
43 1416
39 1417
62 1418
57 1419
50 1420
70 1421
85 1422
57 1423
77 1424
67 1425
72 1426
66 1427
78 1428
74 1429
81 1430
96 1431
81 1432
73 1433
82 1434
62 1435
62 1436
64 1437
64 1438
66 1439
65 1440
50 1441
71 1442
57 1443
38 1444
39 1445
32 1446
32 1447
37 1448
28 1449
29 1450
31 1451
20 1452
30 1453
20 1454
18 1455
15 1456
22 1457
16 1458
24 1459
16 1460
16 1461
15 1462
18 1463
15 1464
15 1465
20 1466
12 1467
20 1468
18 1469
18 1470
27 1471
15 1472
18 1473
18 1474
15 1475
29 1476
20 1477
24 1478
20 1479
21 1480
21 1481
21 1482
22 1483
26 1484
18 1485
30 1486
18 1487
30 1488
34 1489
25 1490
34 1491
24 1492
39 1493
46 1494
28 1495
42 1496
31 1497
39 1498
30 1499
41 1500
38 1501
42 1502
29 1503
35 1504
40 1505
38 1506
29 1507
34 1508
37 1509
22 1510
24 1511
30 1512
26 1513
31 1514
25 1515
19 1516
25 1517
23 1518
17 1519
23 1520
13 1521
13 1522
17 1523
13 1524
10 1525
10 1526
9 1527
12 1528
8 1529
11 1530
8 1531
9 1532
5 1533
3 1534
3 1535
8 1536
2 1537
3 1538
4 1539
4 1540
7 1541
1 1542
3 1543
2 1544
1 1545
1 1546
2 1547
5 1548
5 1549
3 1550
3 1551
3 1552
2 1553
3 1554
2 1555
2 1556
2 1557
2 1558
1 1559
3 1561
3 1562
2 1563
2 1564
2 1565
2 1566
1 1567
1 1568
2 1569
2 1570
3 1572
3 1573
2 1574
1 1575
4 1576
2 1577
2 1578
1 1580
1 1581
2 1582
4 1583
5 1584
1 1585
1 1586
2 1588
1 1589
4 1590
3 1591
2 1592
5 1594
2 1595
1 1596
2 1597
2 1598
5 1599
1 1600
4 1601
2 1602
1 1603
4 1604
2 1605
2 1606
3 1607
1 1608
2 1609
2 1611
2 1612
3 1613
2 1614
2 1615
3 1616
2 1618
1 1619
2 1620
4 1621
1 1622
2 1624
3 1625
1 1626
1 1627
1 1628
1 1629
3 1630
1 1632
1 1633
2 1634
1 1637
2 1638
1 1639
2 1640
2 1641
2 1642
1 1643
1 1644
1 1652
2 1653
1 1655
2 1657
1 1660
2 1661
3 1662
2 1666
2 1667
1 1668
2 1669
3 1670
1 1671
1 1672
2 1674
3 1675
1 1677
1 1678
1 1679
1 1682
3 1684
2 1685
1 1686
2 1689
1 1690
1 1691
1 1692
3 1695
2 1696
3 1697
2 1698
2 1699
1 1701
1 1702
1 1703
1 1708
1 1710
2 1712
1 1713
2 1717
2 1718
3 1719
1 1720
3 1721
2 1722
3 1725
2 1726
4 1727
1 1728
3 1729
3 1731
1 1732
2 1733
1 1734
1 1735
4 1736
1 1737
1 1738
2 1739
2 1740
1 1741
1 1742
1 1744
4 1745
1 1746
1 1747
1 1748
3 1750
1 1751
3 1753
3 1754
1 1755
2 1756
2 1758
1 1759
2 1760
4 1762
2 1763
1 1765
1 1766
1 1767
1 1768
1 1771
1 1773
1 1775
1 1776
1 1778
1 1779
1 1780
1 1782
4 1784
1 1785
1 1786
1 1787
1 1790
2 1792
1 1793
1 1798
1 1799
1 1801
1 1802
3 1804
2 1805
1 1807
1 1808
3 1809
2 1813
2 1814
3 1815
1 1817
1 1821
1 1822
1 1825
1 1826
1 1827
1 1829
1 1830
1 1832
1 1833
2 1834
2 1835
1 1837
2 1838
1 1842
1 1843
1 1848
2 1854
1 1855
1 1856
3 1857
2 1859
3 1860
2 1861
2 1863
2 1864
1 1865
1 1867
2 1868
1 1869
1 1870
1 1871
3 1872
2 1873
2 1874
1 1875
2 1876
2 1877
1 1878
3 1880
1 1882
2 1883
1 1887
2 1889
1 1891
1 1893
1 1894
4 1896
3 1898
1 1899
1 1900
3 1903
1 1906
2 1909
2 1910
1 1911
1 1912
2 1915
1 1916
3 1917
1 1918
1 1919
2 1920
1 1921
1 1922
1 1923
2 1924
2 1925
1 1927
1 1928
2 1929
2 1932
1 1933
3 1935
1 1937
1 1938
4 1939
1 1941
2 1942
1 1943
2 1945
1 1946
2 1947
2 1948
1 1949
2 1950
3 1953
1 1954
3 1955
2 1956
1 1957
2 1959
2 1960
2 1961
1 1962
2 1963
3 1964
2 1965
3 1966
1 1968
3 1969
3 1971
3 1972
1 1974
1 1976
4 1977
6 1980
2 1981
2 1982
3 1983
2 1984
2 1985
1 1986
1 1989
1 1991
4 1992
4 1993
1 1994
4 1996
2 1997
2 2000
1 2001
2 2002
2 2003
2 2004
1 2005
2 2009
1 2012
3 2014
1 2015
2 2017
3 2019
1 2020
4 2022
2 2023
2 2026
1 2027
1 2028
1 2029
3 2031
2 2032
2 2034
2 2036
1 2037
2 2038
1 2039
2 2041
2 2042
3 2043
2 2044
4 2045
3 2046
2 2047
1 2049
1 2050
2 2051
3 2054
1 2055
1 2056
1 2057
4 2058
2 2060
2 2061
2 2062
2 2063
2 2064
3 2065
1 2066
5 2067
1 2068
1 2069
2 2070
1 2071
1 2072
2 2073
1 2074
2 2075
2 2076
5 2077
2 2078
4 2079
4 2080
5 2081
1 2082
2 2083
1 2084
1 2085
3 2086
3 2087
2 2088
3 2089
1 2090
3 2091
1 2092
3 2093
1 2094
3 2095
2 2097
5 2099
2 2100
3 2101
1 2102
4 2103
2 2104
3 2105
5 2106
1 2107
8 2108
5 2109
4 2110
1 2112
3 2113
2 2114
4 2115
5 2116
6 2117
2 2118
7 2119
2 2120
6 2121
4 2122
6 2123
2 2124
5 2125
2 2126
5 2127
5 2128
3 2129
5 2130
4 2131
2 2132
5 2133
4 2134
7 2135
4 2137
5 2138
7 2139
7 2140
5 2141
9 2142
3 2143
4 2144
3 2145
6 2146
6 2147
1 2148
2 2150
6 2151
10 2152
4 2153
8 2154
2 2155
5 2156
8 2157
7 2158
4 2159
6 2160
4 2161
9 2162
3 2163
7 2164
5 2165
2 2166
7 2167
8 2168
3 2169
7 2170
2 2171
8 2172
7 2173
1 2174
6 2175
6 2176
10 2177
5 2178
6 2179
9 2180
13 2181
11 2182
7 2183
8 2184
9 2185
8 2186
7 2187
17 2188
8 2189
10 2190
11 2191
14 2192
11 2193
5 2194
11 2195
13 2196
17 2197
14 2198
8 2199
17 2200
21 2201
16 2202
20 2203
17 2204
29 2205
17 2206
12 2207
9 2208
13 2209
11 2210
17 2211
15 2212
14 2213
16 2214
23 2215
22 2216
16 2217
19 2218
20 2219
18 2220
27 2221
34 2222
22 2223
34 2224
25 2225
30 2226
23 2227
24 2228
18 2229
34 2230
49 2231
35 2232
34 2233
27 2234
27 2235
36 2236
27 2237
30 2238
40 2239
27 2240
40 2241
35 2242
32 2243
41 2244
31 2245
38 2246
44 2247
37 2248
45 2249
48 2250
43 2251
44 2252
40 2253
50 2254
47 2255
32 2256
39 2257
46 2258
54 2259
62 2260
47 2261
72 2262
65 2263
49 2264
59 2265
53 2266
61 2267
64 2268
52 2269
61 2270
68 2271
51 2272
56 2273
48 2274
62 2275
49 2276
40 2277
31 2278
48 2279
40 2280
47 2281
49 2282
30 2283
33 2284
35 2285
37 2286
36 2287
40 2288
29 2289
36 2290
31 2291
26 2292
34 2293
22 2294
26 2295
20 2296
23 2297
22 2298
20 2299
20 2300
23 2301
16 2302
18 2303
18 2304
6 2305
13 2306
11 2307
10 2308
9 2309
9 2310
9 2311
7 2312
5 2313
9 2314
5 2315
11 2316
4 2317
8 2318
2 2319
3 2320
3 2321
3 2322
3 2323
6 2325
2 2326
5 2327
2 2328
4 2329
4 2330
4 2331
2 2332
7 2333
3 2334
3 2335
3 2336
3 2337
4 2338
1 2339
6 2340
3 2341
4 2342
5 2343
6 2344
5 2345
5 2346
8 2347
4 2348
4 2349
6 2350
4 2351
8 2352
4 2353
7 2354
1 2355
2 2356
3 2357
5 2358
5 2359
4 2360
4 2361
6 2362
7 2363
5 2364
5 2365
6 2366
3 2367
10 2368
6 2369
8 2370
7 2371
8 2372
9 2373
6 2374
10 2375
6 2376
5 2377
5 2378
9 2379
5 2380
8 2381
4 2382
4 2383
3 2384
6 2385
4 2386
3 2387
4 2388
3 2389
5 2390
4 2391
5 2392
2 2393
1 2394
3 2395
5 2396
2 2397
4 2399
2 2400
2 2401
3 2403
1 2404
2 2406
1 2407
1 2408
1 2409
4 2410
2 2411
3 2413
4 2415
1 2416
1 2417
2 2419
1 2420
3 2422
3 2423
1 2427
1 2430
2 2431
1 2432
1 2434
2 2435
1 2437
2 2438
1 2441
1 2442
1 2445
1 2450
1 2456
1 2457
2 2462
1 2464
1 2466
2 2468
1 2471
1 2475
1 2476
1 2477
2 2483
1 2486
1 2487
1 2489
1 2490
2 2491
1 2492
1 2493
1 2496
1 2497
1 2500
1 2501
1 2504
1 2516
1 2519
1 2522
1 2528
1 2531
2 2532
1 2537
2 2538
1 2539
1 2542
2 2544
1 2545
1 2546
1 2548
1 2550
1 2551
1 2556
2 2560
1 2563
1 2564
1 2568
1 2580
1 2586
1 2595
1 2597
1 2599
1 2600
1 2601
1 2606
1 2609
1 2623
1 2640
1 2645
1 2648
1 2664
1 2666
1 2682
1 2683
1 2686
1 2698
1 2703
1 2724
1 2733
1 2740
1 2768
1 2798
1 2817
1 2840
1 2867
1 2873
1 2880
1 2887
1 2911
1 2940
1 2947
1 2955
1 3002
2 3024
1 3038
1 3059
1 3131
1 3149
1 3186
1 3196
1 3233
1 3249
1 3269
1 3329
1 3347
1 3379
1 3444
1 3451
1 3457
1 3521
1 3526
1 3608
1 3677
1 3755
1 3944
1 4111
1 4568
