3 1
3 2
4 3
4 4
1 5
4 6
3 7
2 8
1 9
1 10
1 11
5 12
5 13
6 14
3 16
4 17
1 18
2 19
2 20
4 21
2 22
1 23
3 24
1 25
1 26
1 27
3 28
3 29
4 30
5 31
3 32
3 33
1 34
5 35
7 36
10 37
9 38
18 39
19 40
25 41
17 42
12 43
5 44
2 45
1 46
1 47
1 48
1 49
1 50
3 51
4 52
7 53
1 54
4 55
3 56
3 57
1 58
3 59
5 61
5 62
3 63
1 64
5 66
3 67
2 70
1 71
3 72
3 73
2 74
3 75
3 76
1 78
4 79
2 80
5 81
2 82
3 83
1 84
6 85
3 86
3 87
4 88
4 89
4 90
4 91
7 92
6 93
6 94
2 95
3 96
3 97
4 98
5 99
3 100
4 101
3 102
3 103
5 104
1 105
4 106
3 107
4 108
3 109
1 110
2 111
6 112
4 113
4 114
5 115
2 116
6 117
8 118
9 119
2 120
4 121
2 122
9 123
5 124
6 125
3 126
7 127
9 128
12 129
7 130
11 131
12 132
12 133
13 134
13 135
19 136
31 137
38 138
34 139
53 140
51 141
45 142
50 143
37 144
37 145
22 146
16 147
10 148
12 149
15 150
8 151
12 152
7 153
12 154
5 155
4 156
6 157
8 158
5 159
13 160
11 161
6 162
8 163
8 164
4 165
10 166
1 167
11 168
10 169
5 170
8 171
8 172
10 173
7 174
8 175
8 176
6 177
6 178
10 179
5 180
10 181
10 182
18 183
9 184
12 185
14 186
16 187
22 188
19 189
21 190
28 191
31 192
37 193
37 194
35 195
41 196
30 197
34 198
38 199
27 200
32 201
16 202
18 203
26 204
11 205
9 206
14 207
11 208
8 209
11 210
9 211
24 212
15 213
13 214
10 215
8 216
11 217
6 218
16 219
9 220
9 221
11 222
9 223
8 224
6 225
13 226
9 227
12 228
11 229
7 230
7 231
8 232
18 233
10 234
12 235
11 236
18 237
8 238
11 239
8 240
10 241
20 242
8 243
11 244
15 245
12 246
12 247
13 248
17 249
14 250
24 251
16 252
12 253
13 254
26 255
27 256
19 257
28 258
34 259
16 260
14 261
35 262
22 263
19 264
19 265
22 266
15 267
21 268
22 269
13 270
17 271
13 272
22 273
16 274
21 275
15 276
13 277
10 278
10 279
11 280
11 281
11 282
20 283
15 284
20 285
19 286
18 287
15 288
20 289
10 290
14 291
12 292
19 293
23 294
19 295
20 296
18 297
21 298
21 299
20 300
21 301
21 302
11 303
15 304
18 305
24 306
16 307
21 308
36 309
24 310
26 311
26 312
25 313
29 314
28 315
27 316
33 317
23 318
34 319
36 320
42 321
36 322
51 323
41 324
57 325
42 326
43 327
43 328
39 329
38 330
35 331
35 332
30 333
26 334
26 335
27 336
15 337
24 338
20 339
18 340
19 341
29 342
19 343
21 344
13 345
21 346
18 347
18 348
20 349
28 350
17 351
15 352
14 353
23 354
15 355
20 356
21 357
20 358
23 359
25 360
23 361
18 362
25 363
25 364
25 365
33 366
26 367
29 368
25 369
35 370
35 371
40 372
26 373
25 374
43 375
30 376
29 377
32 378
36 379
25 380
31 381
49 382
21 383
36 384
29 385
47 386
32 387
39 388
49 389
28 390
46 391
41 392
37 393
51 394
55 395
38 396
49 397
46 398
59 399
62 400
62 401
82 402
78 403
89 404
80 405
82 406
79 407
85 408
95 409
72 410
84 411
87 412
68 413
65 414
78 415
64 416
63 417
82 418
67 419
70 420
75 421
67 422
83 423
67 424
68 425
55 426
72 427
88 428
84 429
90 430
99 431
110 432
111 433
132 434
130 435
151 436
165 437
160 438
160 439
175 440
159 441
137 442
151 443
159 444
126 445
117 446
105 447
82 448
78 449
81 450
80 451
67 452
42 453
61 454
63 455
58 456
38 457
71 458
66 459
71 460
75 461
77 462
70 463
83 464
87 465
93 466
95 467
121 468
107 469
143 470
152 471
116 472
143 473
140 474
172 475
168 476
173 477
158 478
165 479
178 480
183 481
221 482
214 483
276 484
295 485
321 486
379 487
403 488
460 489
629 490
577 491
698 492
751 493
858 494
1036 495
1124 496
1326 497
1426 498
1488 499
1606 500
1666 501
1767 502
1677 503
1725 504
1795 505
1591 506
1465 507
1335 508
1168 509
1035 510
912 511
739 512
674 513
538 514
449 515
329 516
295 517
212 518
183 519
145 520
122 521
87 522
87 523
80 524
58 525
41 526
40 527
31 528
32 529
20 530
24 531
21 532
14 533
15 534
14 535
9 536
16 537
9 538
9 539
4 540
12 541
13 542
22 543
10 544
10 545
12 546
12 547
15 548
10 549
17 550
13 551
6 552
17 553
12 554
12 555
8 556
8 557
12 558
11 559
14 560
9 561
13 562
5 563
13 564
6 565
11 566
6 567
6 568
7 569
6 570
8 571
6 572
5 573
4 574
6 575
4 576
9 577
6 578
7 579
6 580
5 581
6 582
8 583
9 584
6 585
2 586
9 587
6 588
5 589
8 590
8 591
5 592
4 593
5 594
7 595
10 596
8 597
6 598
2 599
5 600
5 601
3 602
4 603
5 604
5 605
2 606
8 607
4 608
5 609
4 610
5 611
4 612
4 613
13 614
3 615
5 616
5 617
3 618
2 619
3 620
4 621
6 622
3 623
2 624
4 625
9 626
7 627
10 628
7 629
7 630
2 631
4 632
4 633
4 634
5 635
6 636
4 637
5 638
4 639
6 640
5 641
5 642
2 643
4 644
8 645
3 646
5 647
4 648
6 649
3 650
1 651
6 652
7 653
4 654
3 655
7 656
4 657
4 658
6 659
8 660
5 661
5 662
4 663
3 664
8 665
9 666
2 667
8 668
5 669
9 670
6 671
8 672
4 673
5 674
10 675
6 676
5 677
7 678
12 679
7 680
4 681
9 682
7 683
6 684
6 685
8 686
8 687
6 688
8 689
9 690
7 691
12 692
9 693
7 694
4 695
7 696
6 697
14 698
8 699
4 700
11 701
7 702
12 703
9 704
9 705
14 706
11 707
10 708
8 709
16 710
9 711
9 712
8 713
8 714
9 715
10 716
10 717
13 718
9 719
11 720
10 721
10 722
11 723
10 724
14 725
9 726
12 727
13 728
12 729
15 730
12 731
8 732
12 733
15 734
11 735
17 736
22 737
18 738
12 739
16 740
10 741
19 742
14 743
22 744
21 745
20 746
29 747
20 748
17 749
23 750
20 751
27 752
36 753
15 754
44 755
28 756
44 757
24 758
25 759
33 760
35 761
24 762
29 763
30 764
36 765
40 766
24 767
26 768
29 769
31 770
37 771
33 772
30 773
30 774
20 775
25 776
21 777
31 778
16 779
23 780
25 781
21 782
30 783
27 784
25 785
20 786
24 787
27 788
24 789
32 790
28 791
31 792
29 793
29 794
24 795
27 796
23 797
20 798
37 799
22 800
34 801
37 802
26 803
31 804
46 805
36 806
45 807
38 808
41 809
48 810
59 811
55 812
62 813
59 814
64 815
76 816
69 817
77 818
81 819
75 820
91 821
94 822
97 823
104 824
97 825
114 826
111 827
119 828
108 829
117 830
145 831
113 832
128 833
163 834
143 835
143 836
125 837
140 838
120 839
122 840
116 841
104 842
77 843
85 844
100 845
72 846
71 847
73 848
63 849
32 850
36 851
42 852
29 853
26 854
33 855
25 856
30 857
23 858
31 859
18 860
19 861
21 862
24 863
17 864
25 865
15 866
14 867
19 868
20 869
21 870
24 871
16 872
25 873
17 874
20 875
26 876
12 877
20 878
30 879
30 880
34 881
28 882
45 883
26 884
38 885
51 886
38 887
37 888
48 889
45 890
55 891
53 892
44 893
52 894
43 895
43 896
50 897
48 898
53 899
57 900
55 901
57 902
48 903
56 904
56 905
63 906
55 907
56 908
56 909
43 910
56 911
47 912
46 913
46 914
36 915
36 916
34 917
30 918
30 919
23 920
23 921
16 922
19 923
18 924
14 925
21 926
13 927
8 928
14 929
9 930
7 931
10 932
5 933
6 934
8 935
12 936
8 937
4 938
5 939
5 940
2 941
3 942
4 943
6 944
6 946
2 947
2 948
2 949
4 950
2 951
5 953
2 954
2 955
3 956
7 957
3 958
4 959
5 960
4 961
5 962
2 963
7 964
2 965
5 966
5 967
6 968
6 969
3 970
7 971
7 972
3 973
4 974
6 975
7 976
4 977
6 978
5 979
11 980
7 981
7 982
7 983
8 984
16 985
10 986
10 987
11 988
7 989
15 990
11 991
14 992
11 993
20 994
17 995
10 996
12 997
11 998
9 999
12 1000
15 1001
4 1002
11 1003
11 1004
9 1005
10 1006
14 1007
8 1008
7 1009
3 1010
6 1011
7 1012
2 1013
5 1014
5 1015
3 1016
3 1017
3 1018
1 1019
2 1020
4 1021
3 1022
1 1023
3 1024
2 1025
2 1026
2 1027
2 1028
2 1030
2 1031
1 1032
2 1033
1 1034
1 1036
1 1037
1 1040
1 1041
2 1042
2 1043
4 1044
2 1045
3 1046
1 1047
1 1048
1 1049
3 1050
5 1051
2 1053
1 1054
2 1056
2 1058
2 1059
1 1060
1 1061
2 1062
3 1063
4 1064
1 1066
1 1067
3 1068
3 1069
4 1070
3 1071
2 1072
2 1073
1 1074
1 1076
2 1077
4 1078
1 1079
1 1080
1 1081
1 1082
2 1083
3 1084
1 1085
1 1086
3 1087
3 1088
1 1089
2 1091
1 1092
1 1093
3 1094
2 1096
1 1097
3 1098
1 1099
1 1101
2 1102
2 1103
1 1104
4 1105
1 1106
2 1107
3 1108
7 1109
1 1110
5 1111
2 1112
5 1113
3 1114
4 1115
3 1116
1 1117
2 1118
4 1119
1 1120
4 1121
3 1122
7 1123
6 1124
3 1125
7 1126
9 1127
3 1128
6 1129
6 1130
3 1131
8 1132
6 1133
6 1134
7 1135
4 1136
3 1137
3 1138
2 1139
4 1140
5 1141
4 1142
3 1143
2 1144
3 1145
4 1146
2 1147
2 1148
6 1149
3 1150
4 1151
4 1152
3 1153
5 1154
3 1155
2 1156
2 1157
2 1158
2 1159
2 1160
3 1161
3 1163
1 1164
2 1165
3 1166
2 1168
5 1170
2 1172
3 1173
1 1174
2 1175
3 1176
3 1178
4 1179
2 1180
2 1181
1 1182
2 1183
1 1187
1 1188
2 1189
2 1190
1 1191
1 1192
2 1194
1 1196
1 1197
1 1198
1 1199
1 1201
1 1204
2 1206
2 1207
2 1210
1 1212
3 1214
1 1216
1 1229
1 1231
1 1235
1 1239
1 1242
1 1244
1 1246
2 1250
1 1253
1 1257
1 1258
2 1261
1 1267
1 1268
1 1270
1 1274
1 1275
1 1278
1 1281
1 1284
1 1285
1 1287
1 1295
1 1297
2 1298
1 1299
1 1300
1 1308
1 1309
1 1312
2 1313
2 1316
1 1317
2 1318
2 1319
2 1320
2 1321
1 1325
1 1326
2 1327
1 1328
1 1331
1 1334
1 1336
1 1337
1 1338
2 1339
1 1340
1 1342
2 1343
1 1344
2 1346
2 1348
1 1352
1 1353
4 1354
1 1355
1 1356
1 1357
1 1363
2 1364
2 1365
1 1366
3 1374
1 1376
1 1381
3 1382
1 1383
1 1384
1 1389
1 1390
2 1393
1 1395
3 1396
2 1404
1 1406
1 1409
1 1410
1 1411
1 1415
2 1417
1 1419
2 1421
3 1426
1 1427
1 1429
1 1431
1 1432
2 1433
2 1435
1 1436
3 1437
1 1441
3 1445
1 1446
1 1447
1 1449
1 1450
1 1453
2 1454
1 1455
3 1456
1 1457
2 1458
1 1459
1 1463
1 1464
2 1465
1 1466
2 1469
1 1470
1 1472
1 1473
2 1474
1 1477
1 1479
2 1481
2 1483
1 1484
2 1485
3 1486
2 1487
1 1488
3 1489
1 1490
1 1492
2 1493
2 1494
1 1495
2 1496
1 1497
1 1498
1 1499
3 1500
6 1501
2 1502
1 1503
1 1504
1 1505
1 1506
1 1507
1 1509
1 1511
1 1512
1 1513
2 1515
2 1518
1 1521
1 1522
1 1525
1 1527
2 1530
1 1531
1 1532
3 1534
1 1535
1 1536
1 1537
1 1539
1 1541
1 1542
1 1543
2 1544
2 1545
2 1546
2 1547
1 1548
2 1550
1 1551
1 1552
2 1553
3 1556
3 1557
2 1558
2 1559
2 1560
2 1561
2 1562
1 1563
3 1564
2 1566
3 1567
1 1568
2 1569
1 1570
3 1571
3 1572
1 1573
2 1574
1 1576
2 1577
3 1578
2 1579
2 1580
2 1583
2 1584
1 1585
2 1586
1 1588
2 1589
2 1590
1 1591
2 1592
2 1593
1 1594
2 1596
2 1597
1 1603
1 1605
1 1606
2 1608
1 1610
1 1612
1 1615
1 1617
2 1618
3 1619
1 1620
1 1621
1 1629
2 1630
1 1631
3 1634
1 1635
1 1636
1 1638
1 1642
2 1646
1 1650
1 1651
2 1654
1 1658
1 1661
1 1664
1 1665
2 1667
1 1668
1 1670
1 1672
2 1677
2 1678
1 1679
1 1680
2 1681
1 1683
2 1688
1 1690
1 1698
1 1705
1 1707
2 1709
1 1713
1 1714
1 1717
1 1718
1 1721
1 1722
1 1723
3 1725
1 1726
1 1728
2 1730
1 1735
1 1738
1 1741
1 1742
1 1745
2 1746
1 1747
1 1749
1 1750
1 1752
1 1756
1 1757
2 1759
2 1760
1 1761
2 1762
1 1764
1 1766
1 1767
2 1768
3 1769
1 1770
1 1771
1 1773
2 1775
2 1777
1 1778
5 1779
2 1780
3 1781
3 1783
4 1784
1 1785
3 1786
5 1787
2 1788
5 1789
1 1790
2 1791
3 1792
2 1793
4 1794
4 1795
2 1797
2 1798
2 1799
2 1800
1 1801
1 1802
3 1803
2 1804
1 1805
1 1806
1 1807
4 1808
3 1809
4 1810
4 1812
3 1813
3 1814
1 1815
3 1816
2 1817
2 1818
1 1819
5 1820
4 1822
2 1823
1 1824
3 1825
4 1826
6 1827
3 1828
1 1829
2 1832
1 1833
1 1834
4 1835
2 1838
1 1839
2 1841
1 1842
1 1843
2 1845
1 1846
2 1847
1 1848
5 1849
2 1850
2 1851
2 1852
1 1853
2 1854
1 1855
2 1857
3 1858
2 1859
1 1861
1 1862
1 1863
1 1864
1 1865
1 1866
1 1867
1 1868
1 1869
2 1871
1 1872
4 1873
1 1874
3 1875
2 1876
3 1878
3 1879
2 1880
3 1881
6 1882
2 1883
2 1884
5 1885
3 1886
2 1887
2 1888
1 1889
1 1890
2 1891
1 1892
2 1893
3 1894
2 1895
1 1897
3 1898
5 1899
5 1900
2 1901
2 1902
4 1903
2 1904
2 1905
5 1906
1 1907
4 1908
2 1909
3 1910
3 1911
3 1912
5 1913
5 1914
5 1915
4 1916
4 1917
5 1918
5 1919
5 1920
5 1921
4 1922
3 1923
2 1924
4 1925
6 1926
2 1927
4 1928
13 1929
5 1930
10 1931
11 1932
10 1933
9 1934
9 1935
12 1936
10 1937
12 1938
14 1939
11 1940
8 1941
18 1942
10 1943
15 1944
15 1945
16 1946
28 1947
12 1948
21 1949
14 1950
17 1951
20 1952
16 1953
11 1954
29 1955
26 1956
20 1957
11 1958
22 1959
14 1960
20 1961
15 1962
17 1963
21 1964
15 1965
15 1966
10 1967
15 1968
10 1969
16 1970
17 1971
18 1972
14 1973
3 1974
5 1975
9 1976
12 1977
14 1978
6 1979
5 1980
6 1981
11 1982
5 1983
8 1984
2 1985
7 1986
3 1987
5 1988
2 1989
2 1990
2 1991
2 1993
1 1995
3 1997
2 1999
1 2000
3 2001
1 2002
1 2003
1 2008
2 2011
1 2013
1 2016
1 2021
2 2023
2 2027
1 2028
1 2031
1 2054
3 2057
1 2058
1 2060
1 2064
1 2068
1 2080
1 2082
1 2087
2 2089
1 2091
1 2096
1 2102
1 2104
1 2110
1 2113
2 2114
1 2115
1 2125
3 2127
1 2132
1 2134
1 2139
1 2144
1 2145
1 2150
1 2154
2 2155
2 2156
1 2157
1 2159
1 2162
1 2163
1 2167
1 2169
1 2171
2 2175
1 2186
1 2190
1 2196
1 2198
1 2199
1 2205
1 2209
1 2211
1 2215
1 2216
1 2217
1 2226
1 2227
1 2231
1 2234
1 2237
2 2238
3 2240
1 2241
1 2249
1 2252
2 2253
2 2254
3 2255
1 2257
2 2258
1 2259
1 2260
4 2261
2 2262
1 2265
2 2266
1 2268
3 2269
1 2270
1 2273
2 2277
1 2279
1 2282
2 2283
2 2284
1 2285
1 2286
2 2291
2 2292
1 2297
1 2302
1 2305
1 2309
2 2312
1 2313
2 2314
1 2315
1 2318
1 2320
2 2321
1 2322
1 2324
2 2325
1 2329
2 2331
1 2332
1 2337
1 2338
2 2340
1 2344
1 2347
1 2348
1 2349
1 2350
1 2351
1 2354
1 2361
1 2362
2 2363
1 2365
2 2366
1 2369
2 2371
1 2373
2 2374
3 2376
1 2377
1 2378
1 2381
1 2382
1 2385
1 2386
1 2387
1 2388
2 2390
1 2391
1 2392
3 2393
2 2394
5 2395
1 2396
2 2398
4 2399
3 2400
4 2401
4 2403
2 2404
3 2405
8 2407
2 2408
8 2409
4 2410
3 2411
3 2412
5 2413
7 2414
6 2415
5 2416
4 2417
7 2418
9 2419
4 2420
6 2421
7 2422
4 2423
1 2424
3 2425
8 2426
6 2427
7 2428
4 2429
7 2430
6 2431
3 2432
8 2433
6 2434
6 2435
3 2436
5 2437
5 2438
3 2439
6 2440
2 2441
4 2442
3 2443
1 2444
3 2445
4 2446
2 2447
5 2448
5 2449
1 2450
7 2451
4 2452
1 2453
1 2456
4 2457
3 2460
2 2463
1 2464
2 2465
2 2467
1 2470
1 2474
1 2478
1 2481
1 2482
1 2484
1 2486
1 2493
1 2503
1 2504
1 2505
1 2507
1 2510
2 2513
1 2514
2 2518
1 2521
1 2524
1 2530
1 2532
1 2535
1 2538
1 2541
1 2542
2 2543
1 2547
4 2551
2 2555
1 2559
3 2560
2 2562
1 2563
1 2564
2 2565
1 2566
2 2567
1 2568
2 2569
1 2570
2 2572
2 2573
1 2574
2 2575
1 2578
2 2579
4 2581
2 2582
3 2585
3 2586
2 2587
3 2588
1 2589
2 2590
4 2591
5 2592
2 2594
4 2595
3 2596
2 2597
3 2598
1 2599
3 2600
3 2602
3 2603
3 2604
1 2605
2 2607
1 2608
2 2609
1 2610
1 2611
2 2612
2 2613
1 2614
1 2615
2 2616
1 2617
1 2620
1 2621
1 2628
1 2631
1 2632
2 2637
1 2649
1 2662
1 2683
1 2688
1 2704
2 2713
2 2726
1 2729
1 2733
1 2747
1 2751
1 2752
1 2756
1 2758
2 2760
1 2762
1 2764
1 2765
1 2768
1 2776
1 2789
1 2809
1 2813
1 2836
1 2852
1 2860
1 2881
2 2900
1 2921
1 2997
1 3120
1 3124
1 3136
1 3141
1 3155
1 3255
1 3274
1 3381
1 3414
1 3441
1 3542
1 3645
1 4000
1 4008
1 4021
1 4048
1 4051
1 4052
1 4066
1 4070
1 4088
1 4090
1 4091
1 4092
1 4100
1 4101
1 4109
1 4118
1 4130
1 4132
1 4135
1 4136
1 4153
