1 1
4 3
3 5
1 6
2 7
5 8
3 9
3 10
1 11
4 12
1 13
4 14
1 16
3 17
1 18
3 19
2 20
4 21
1 22
1 23
1 24
1 25
2 26
2 27
2 28
3 29
4 32
1 34
1 35
5 37
5 38
3 39
3 40
4 41
3 42
4 43
4 44
3 45
4 46
5 47
3 48
4 49
2 50
1 51
3 52
2 53
1 54
2 55
6 56
1 57
4 58
2 59
2 60
1 61
2 62
2 63
5 64
6 65
6 66
5 67
10 68
6 69
6 70
7 71
4 72
7 73
6 74
3 75
2 76
1 77
2 78
2 79
4 80
5 81
1 82
4 83
6 84
3 85
7 86
3 87
2 88
2 89
3 90
2 91
3 92
2 93
4 94
4 95
2 96
5 97
1 98
3 99
3 100
1 101
4 102
3 103
4 104
4 105
3 106
5 107
1 108
3 109
4 110
4 111
5 112
2 113
6 114
3 115
3 116
3 117
3 118
6 119
6 121
3 122
5 123
2 124
9 125
7 126
4 127
9 128
4 129
3 130
4 131
5 132
5 133
2 134
7 135
3 136
9 137
5 138
6 139
6 140
4 141
10 142
3 143
5 144
3 145
5 146
1 147
2 148
10 149
8 150
8 151
4 152
7 153
3 154
5 155
4 156
4 157
5 158
8 159
7 160
7 161
4 162
8 163
9 164
7 165
8 166
4 167
6 168
8 169
7 170
9 171
4 172
8 173
4 174
9 175
5 176
11 177
6 178
5 179
10 180
10 181
20 182
6 183
8 184
7 185
9 186
6 187
7 188
11 189
4 190
11 191
7 192
9 193
10 194
9 195
11 196
9 197
12 198
4 199
12 200
8 201
6 202
3 203
4 204
7 205
8 206
8 207
6 208
9 209
6 210
3 211
5 212
8 213
12 214
8 215
7 216
7 217
4 218
4 219
4 220
9 221
9 222
7 223
6 224
7 225
7 226
15 227
10 228
10 229
11 230
9 231
11 232
9 233
7 234
9 235
6 236
9 237
11 238
11 239
10 240
6 241
15 242
8 243
9 245
6 246
7 247
9 248
17 249
6 250
16 251
10 252
8 253
9 254
8 255
11 256
13 257
14 258
15 259
7 260
9 261
8 262
13 263
13 264
10 265
15 266
10 267
12 268
8 269
12 270
10 271
11 272
8 273
16 274
12 275
11 276
17 277
8 278
12 279
15 280
21 281
14 282
16 283
15 284
18 285
20 286
20 287
21 288
17 289
36 290
28 291
34 292
30 293
35 294
45 295
31 296
34 297
40 298
27 299
29 300
32 301
37 302
24 303
27 304
30 305
30 306
19 307
24 308
29 309
27 310
24 311
14 312
38 313
27 314
26 315
36 316
30 317
27 318
40 319
38 320
42 321
32 322
25 323
30 324
24 325
21 326
29 327
28 328
22 329
28 330
24 331
23 332
36 333
25 334
34 335
31 336
27 337
42 338
44 339
48 340
59 341
54 342
57 343
66 344
69 345
84 346
81 347
90 348
98 349
119 350
128 351
121 352
157 353
160 354
179 355
191 356
229 357
216 358
238 359
212 360
241 361
216 362
213 363
172 364
148 365
116 366
119 367
86 368
101 369
54 370
59 371
55 372
41 373
47 374
23 375
43 376
25 377
31 378
32 379
19 380
18 381
34 382
22 383
26 384
28 385
29 386
32 387
37 388
45 389
45 390
35 391
42 392
66 393
53 394
57 395
37 396
59 397
70 398
52 399
57 400
67 401
63 402
56 403
42 404
55 405
56 406
49 407
38 408
34 409
33 410
53 411
35 412
47 413
41 414
40 415
59 416
49 417
48 418
64 419
74 420
68 421
89 422
74 423
84 424
106 425
117 426
109 427
118 428
153 429
168 430
137 431
186 432
208 433
212 434
233 435
227 436
207 437
252 438
256 439
216 440
212 441
214 442
180 443
172 444
161 445
150 446
153 447
137 448
135 449
118 450
112 451
130 452
115 453
123 454
86 455
109 456
108 457
86 458
99 459
73 460
65 461
77 462
67 463
58 464
58 465
59 466
42 467
48 468
54 469
60 470
41 471
52 472
43 473
57 474
53 475
44 476
44 477
29 478
40 479
34 480
29 481
27 482
35 483
45 484
28 485
45 486
20 487
36 488
34 489
31 490
34 491
27 492
32 493
35 494
36 495
48 496
42 497
43 498
33 499
41 500
51 501
45 502
55 503
62 504
63 505
81 506
90 507
88 508
81 509
89 510
84 511
125 512
105 513
111 514
113 515
101 516
103 517
110 518
91 519
89 520
121 521
101 522
74 523
81 524
95 525
73 526
60 527
47 528
62 529
48 530
39 531
37 532
36 533
34 534
29 535
20 536
26 537
26 538
22 539
22 540
25 541
25 542
25 543
29 544
23 545
37 546
35 547
27 548
28 549
32 550
45 551
42 552
41 553
42 554
35 555
50 556
46 557
39 558
49 559
62 560
60 561
45 562
66 563
56 564
71 565
80 566
60 567
92 568
86 569
98 570
98 571
109 572
99 573
134 574
151 575
147 576
158 577
172 578
170 579
214 580
206 581
239 582
293 583
294 584
381 585
390 586
389 587
460 588
462 589
488 590
494 591
527 592
495 593
507 594
517 595
484 596
491 597
433 598
377 599
396 600
333 601
301 602
224 603
209 604
174 605
165 606
122 607
107 608
91 609
64 610
63 611
50 612
46 613
33 614
38 615
36 616
33 617
22 618
15 619
25 620
14 621
13 622
19 623
22 624
19 625
21 626
15 627
29 628
23 629
19 630
15 631
9 632
17 633
12 634
19 635
14 636
20 637
12 638
17 639
19 640
14 641
13 642
10 643
14 644
17 645
16 646
18 647
11 648
26 649
16 650
11 651
7 652
13 653
11 654
13 655
10 656
11 657
19 658
13 659
10 660
12 661
9 662
10 663
14 664
12 665
21 666
14 667
7 668
15 669
17 670
14 671
11 672
15 673
15 674
14 675
22 676
15 677
10 678
14 679
17 680
15 681
19 682
12 683
22 684
14 685
15 686
21 687
10 688
18 689
9 690
23 691
18 692
24 693
25 694
23 695
22 696
17 697
16 698
31 699
21 700
26 701
27 702
38 703
18 704
19 705
24 706
34 707
22 708
20 709
35 710
34 711
37 712
40 713
47 714
41 715
51 716
56 717
49 718
58 719
78 720
74 721
72 722
65 723
99 724
99 725
116 726
112 727
102 728
118 729
168 730
178 731
187 732
191 733
234 734
249 735
239 736
331 737
370 738
406 739
407 740
400 741
471 742
494 743
510 744
601 745
636 746
601 747
667 748
718 749
692 750
700 751
671 752
641 753
650 754
592 755
556 756
474 757
490 758
418 759
394 760
353 761
341 762
322 763
249 764
214 765
219 766
204 767
159 768
137 769
153 770
128 771
113 772
97 773
99 774
91 775
65 776
63 777
65 778
55 779
59 780
41 781
38 782
36 783
38 784
17 785
32 786
27 787
22 788
21 789
19 790
26 791
20 792
22 793
23 794
19 795
27 796
16 797
19 798
19 799
14 800
17 801
13 802
18 803
20 804
15 805
19 806
15 807
15 808
18 809
15 810
10 811
7 812
16 813
20 814
17 815
14 816
8 817
13 818
9 819
14 820
16 821
12 822
16 823
11 824
15 825
17 826
13 827
16 828
7 829
15 830
14 831
11 832
18 833
16 834
21 835
10 836
19 837
19 838
18 839
14 840
16 841
14 842
24 843
22 844
18 845
24 846
19 847
21 848
23 849
21 850
31 851
24 852
19 853
24 854
31 855
38 856
39 857
42 858
37 859
44 860
37 861
44 862
47 863
50 864
57 865
65 866
57 867
49 868
64 869
67 870
71 871
75 872
77 873
90 874
90 875
97 876
104 877
97 878
106 879
92 880
117 881
122 882
107 883
129 884
124 885
123 886
135 887
122 888
114 889
114 890
127 891
115 892
109 893
98 894
98 895
89 896
91 897
92 898
75 899
81 900
75 901
68 902
66 903
61 904
70 905
50 906
53 907
49 908
56 909
31 910
59 911
37 912
41 913
39 914
36 915
32 916
36 917
26 918
32 919
17 920
21 921
9 922
19 923
16 924
13 925
13 926
13 927
13 928
11 929
11 930
6 931
12 932
5 933
8 934
5 935
1 936
7 937
2 938
7 939
5 940
1 941
8 942
4 943
4 944
1 945
4 946
4 948
7 949
3 950
2 951
7 952
3 953
6 954
2 955
4 956
6 957
6 958
7 959
3 960
7 961
6 962
8 963
5 964
3 965
6 966
5 967
4 968
4 969
2 970
3 971
6 972
9 973
7 974
4 975
4 976
3 977
4 978
1 979
5 980
6 981
7 982
3 983
4 984
5 985
2 986
5 987
3 988
4 989
3 990
1 991
3 992
1 993
1 994
2 995
2 998
5 999
1 1000
1 1001
4 1002
1 1003
1 1005
1 1006
2 1008
1 1009
1 1010
1 1011
2 1012
1 1015
1 1018
2 1019
1 1021
1 1027
1 1030
1 1031
1 1032
2 1034
1 1035
3 1037
2 1038
1 1039
1 1040
2 1041
1 1042
2 1043
3 1044
2 1045
4 1047
1 1048
1 1049
1 1051
2 1052
2 1053
1 1056
3 1059
1 1061
2 1063
1 1064
1 1065
1 1066
2 1067
2 1068
1 1069
1 1070
1 1071
3 1073
2 1074
1 1076
2 1078
2 1079
1 1081
1 1084
1 1086
3 1089
2 1093
1 1095
1 1098
5 1100
1 1101
1 1103
1 1104
2 1105
3 1106
1 1108
3 1109
4 1110
2 1112
1 1114
2 1115
3 1116
2 1118
1 1120
2 1121
1 1122
1 1123
2 1124
1 1125
2 1126
3 1127
2 1128
3 1129
3 1133
1 1134
3 1135
3 1136
3 1138
2 1139
2 1140
1 1141
1 1142
2 1143
3 1144
3 1147
1 1148
2 1149
2 1150
1 1151
2 1152
2 1153
2 1155
1 1156
2 1157
1 1158
1 1159
2 1160
2 1161
2 1163
2 1164
1 1165
1 1166
1 1167
1 1168
2 1169
3 1170
2 1174
2 1175
1 1176
2 1177
2 1178
1 1180
1 1181
2 1183
1 1184
1 1185
1 1186
1 1188
1 1189
1 1190
1 1191
2 1192
2 1195
2 1196
2 1198
2 1200
2 1203
1 1205
2 1206
1 1207
2 1208
3 1209
1 1210
2 1211
1 1212
3 1213
3 1214
2 1215
1 1216
1 1217
1 1219
2 1220
1 1221
1 1222
2 1223
3 1224
1 1227
3 1228
4 1230
2 1231
1 1234
1 1235
3 1236
1 1237
1 1239
3 1240
2 1241
1 1242
1 1244
2 1245
1 1246
1 1247
1 1248
2 1249
3 1250
2 1251
2 1252
1 1253
5 1254
3 1255
2 1256
1 1257
3 1258
1 1259
4 1260
1 1261
3 1262
4 1263
3 1264
3 1265
7 1266
3 1267
3 1268
4 1269
1 1270
3 1271
7 1272
3 1273
3 1274
5 1275
1 1276
6 1277
5 1278
4 1279
5 1280
2 1281
3 1282
4 1283
4 1284
5 1285
5 1286
6 1287
7 1288
6 1289
2 1290
6 1291
4 1292
2 1293
6 1294
3 1295
1 1296
3 1297
3 1298
1 1299
5 1300
1 1301
5 1302
5 1303
3 1304
4 1305
1 1306
2 1307
3 1308
2 1309
1 1311
2 1312
1 1313
5 1314
2 1315
2 1316
3 1317
2 1318
3 1319
3 1320
1 1321
2 1322
1 1323
3 1325
3 1326
3 1327
1 1328
3 1329
1 1330
3 1331
2 1332
2 1333
4 1334
1 1335
4 1336
4 1338
1 1339
2 1340
5 1341
1 1342
2 1343
4 1344
3 1345
2 1346
1 1347
3 1349
2 1350
1 1351
1 1352
1 1354
1 1356
2 1357
2 1358
5 1359
3 1360
2 1362
1 1363
1 1364
1 1365
2 1366
1 1367
2 1368
1 1369
2 1371
2 1372
1 1373
2 1374
1 1375
2 1376
1 1377
1 1378
1 1380
4 1381
1 1382
4 1383
2 1384
6 1385
2 1386
3 1389
2 1390
4 1391
2 1392
8 1393
2 1394
2 1395
4 1396
4 1397
4 1398
5 1399
1 1400
4 1402
1 1404
4 1405
4 1406
4 1407
7 1408
6 1409
3 1410
2 1411
2 1412
5 1413
5 1414
1 1417
3 1419
3 1420
3 1421
3 1423
4 1424
4 1425
3 1426
7 1427
4 1428
2 1429
4 1430
3 1431
4 1432
5 1433
1 1434
6 1435
4 1436
3 1437
8 1438
3 1439
5 1440
3 1441
8 1442
7 1443
6 1444
9 1445
5 1446
6 1447
9 1448
6 1449
7 1450
1 1451
6 1452
5 1453
4 1454
4 1455
4 1456
4 1457
5 1458
5 1459
3 1460
7 1461
2 1462
3 1463
1 1464
1 1465
6 1466
3 1468
4 1469
4 1470
4 1471
5 1472
6 1473
3 1474
4 1475
4 1476
2 1477
3 1478
5 1479
2 1480
5 1481
4 1482
3 1483
3 1484
2 1485
2 1486
3 1487
4 1488
5 1489
2 1490
3 1491
5 1492
2 1493
4 1494
4 1495
5 1496
2 1497
4 1498
4 1499
4 1500
4 1501
5 1502
6 1503
6 1504
3 1505
6 1506
5 1507
10 1508
7 1509
10 1510
9 1511
5 1512
8 1513
5 1514
8 1515
9 1516
10 1517
5 1518
10 1519
8 1520
11 1521
8 1522
8 1523
8 1524
13 1525
9 1526
4 1527
13 1528
9 1529
3 1530
7 1531
5 1532
8 1533
9 1534
9 1535
10 1536
9 1537
11 1538
6 1539
9 1540
9 1541
9 1542
14 1543
8 1544
6 1545
8 1546
3 1547
5 1548
15 1549
9 1550
18 1551
9 1552
16 1553
5 1554
14 1555
5 1556
14 1557
18 1558
15 1559
14 1560
13 1561
13 1562
16 1563
24 1564
14 1565
21 1566
10 1567
13 1568
18 1569
21 1570
22 1571
15 1572
15 1573
15 1574
13 1575
21 1576
18 1577
22 1578
23 1579
22 1580
21 1581
13 1582
13 1583
20 1584
28 1585
12 1586
20 1587
22 1588
20 1589
24 1590
26 1591
26 1592
22 1593
29 1594
32 1595
30 1596
19 1597
29 1598
29 1599
32 1600
35 1601
26 1602
40 1603
34 1604
51 1605
58 1606
63 1607
43 1608
58 1609
47 1610
60 1611
58 1612
61 1613
54 1614
53 1615
47 1616
53 1617
64 1618
44 1619
56 1620
45 1621
53 1622
56 1623
47 1624
38 1625
44 1626
48 1627
47 1628
41 1629
33 1630
35 1631
36 1632
28 1633
34 1634
31 1635
27 1636
28 1637
33 1638
18 1639
23 1640
26 1641
19 1642
18 1643
15 1644
20 1645
15 1646
18 1647
9 1648
4 1649
12 1650
11 1651
7 1652
7 1653
7 1654
4 1656
4 1657
3 1658
2 1659
5 1660
2 1661
5 1662
1 1663
6 1664
3 1665
3 1666
3 1667
3 1668
2 1669
3 1670
2 1672
1 1674
1 1676
1 1677
1 1678
2 1679
4 1680
2 1681
2 1682
1 1683
3 1684
1 1688
1 1692
2 1693
2 1695
1 1697
1 1699
1 1701
2 1702
2 1705
1 1707
2 1712
1 1713
1 1715
1 1716
1 1717
3 1718
2 1720
1 1723
2 1724
2 1725
2 1727
1 1729
1 1731
1 1732
1 1736
1 1737
1 1743
1 1746
3 1758
2 1759
2 1761
1 1764
2 1769
1 1770
1 1773
1 1775
2 1780
1 1788
3 1790
1 1792
1 1793
2 1797
4 1799
2 1800
2 1802
1 1803
1 1805
4 1807
2 1811
1 1812
1 1814
1 1815
1 1817
1 1819
1 1822
2 1824
2 1826
1 1828
2 1831
2 1833
2 1834
1 1835
3 1838
2 1839
2 1841
2 1843
3 1844
3 1845
2 1846
1 1848
2 1850
1 1851
3 1852
1 1853
2 1854
3 1855
1 1856
2 1857
1 1858
3 1859
2 1860
2 1861
2 1863
3 1864
1 1865
3 1866
3 1867
2 1868
4 1869
6 1870
2 1871
5 1872
4 1873
1 1874
1 1876
6 1877
2 1878
6 1879
1 1880
3 1881
2 1882
1 1883
2 1884
4 1885
5 1886
1 1887
1 1888
1 1889
2 1890
5 1891
1 1893
4 1894
2 1895
2 1896
2 1897
2 1898
1 1899
2 1901
3 1902
3 1903
3 1905
1 1906
2 1909
2 1910
1 1912
1 1914
1 1919
3 1921
1 1922
1 1923
2 1924
3 1925
1 1926
3 1927
1 1929
5 1932
3 1934
3 1935
2 1937
2 1939
3 1940
2 1942
1 1944
1 1945
2 1946
1 1947
2 1948
1 1949
2 1950
1 1952
4 1953
1 1954
2 1955
5 1956
1 1957
3 1958
1 1959
3 1960
1 1961
5 1962
3 1963
2 1964
4 1965
1 1966
1 1967
4 1968
2 1969
3 1970
2 1971
3 1972
7 1973
3 1974
3 1975
6 1976
3 1977
2 1978
4 1979
8 1980
3 1981
2 1982
8 1983
7 1984
8 1985
3 1986
6 1987
3 1988
7 1989
2 1990
11 1991
7 1992
7 1993
4 1994
16 1995
8 1996
15 1997
8 1998
9 1999
12 2000
9 2001
8 2002
10 2003
9 2004
13 2005
6 2006
13 2007
8 2008
11 2009
12 2010
14 2011
21 2012
10 2013
7 2014
13 2015
5 2016
11 2017
9 2018
16 2019
10 2020
10 2021
21 2022
10 2023
14 2024
8 2025
8 2026
7 2027
4 2028
10 2029
3 2030
8 2031
8 2032
8 2033
13 2034
6 2035
4 2036
5 2037
7 2038
5 2039
4 2040
4 2041
8 2042
2 2043
6 2044
4 2045
3 2046
1 2047
1 2048
1 2049
3 2050
3 2053
2 2054
3 2055
2 2056
1 2057
3 2058
3 2059
1 2060
5 2062
2 2063
2 2064
2 2065
2 2066
2 2067
3 2068
3 2070
1 2071
2 2073
3 2074
2 2075
3 2076
1 2077
2 2078
4 2079
3 2080
3 2081
3 2082
2 2084
1 2085
3 2086
5 2087
3 2088
2 2089
1 2090
1 2091
2 2092
5 2093
4 2095
1 2096
1 2097
4 2098
4 2100
2 2101
1 2102
1 2105
1 2106
3 2107
2 2109
3 2110
5 2111
2 2112
1 2113
5 2114
2 2115
2 2116
4 2117
3 2118
3 2119
2 2120
3 2121
2 2122
4 2123
4 2124
3 2126
4 2128
1 2130
1 2131
1 2135
1 2136
1 2139
2 2140
2 2141
1 2142
1 2143
2 2145
1 2149
2 2152
1 2153
2 2154
3 2156
1 2157
2 2158
1 2159
1 2160
1 2162
2 2163
1 2165
2 2166
1 2167
2 2168
1 2171
1 2173
1 2176
2 2178
1 2180
1 2183
1 2185
1 2188
1 2189
1 2190
2 2191
1 2192
1 2193
1 2200
1 2210
1 2217
1 2221
2 2222
1 2224
1 2227
1 2230
1 2242
2 2247
1 2253
1 2256
1 2283
3 2285
1 2287
2 2289
3 2293
3 2294
1 2295
1 2296
1 2301
3 2306
1 2307
1 2309
1 2310
1 2315
1 2318
1 2323
1 2325
1 2326
1 2328
1 2331
1 2335
1 2336
1 2338
1 2344
1 2350
2 2352
1 2358
1 2361
1 2364
1 2365
1 2366
2 2369
1 2388
2 2396
1 2399
1 2405
1 2409
1 2421
2 2422
1 2424
1 2426
1 2428
2 2431
1 2432
1 2434
3 2438
1 2439
2 2444
2 2446
1 2448
1 2450
2 2452
1 2453
2 2454
1 2455
3 2457
1 2459
1 2460
1 2461
1 2462
1 2463
1 2465
1 2467
1 2470
1 2471
1 2472
3 2473
1 2474
1 2475
2 2479
2 2481
2 2482
2 2483
1 2484
1 2485
3 2486
2 2487
3 2488
2 2489
3 2490
1 2491
1 2492
5 2494
1 2495
2 2496
1 2497
1 2499
1 2500
1 2501
1 2502
1 2503
2 2506
1 2507
1 2509
2 2511
1 2512
1 2513
1 2518
1 2519
1 2520
1 2522
1 2523
1 2524
2 2525
1 2528
2 2531
1 2542
1 2545
2 2549
2 2552
1 2557
3 2563
1 2566
1 2570
1 2572
1 2574
1 2577
1 2584
1 2585
2 2587
1 2595
1 2597
1 2606
1 2609
1 2616
1 2623
1 2626
1 2629
1 2633
1 2637
1 2643
1 2657
1 2668
1 2676
1 2681
1 2685
1 2688
1 2704
1 2709
1 2725
1 2746
1 2759
1 2761
1 2783
1 2784
1 2789
1 2790
1 2805
1 2807
1 2808
1 2816
1 2825
1 2826
1 2830
1 2835
1 2838
1 2846
1 2847
1 2853
1 2859
1 2864
1 2868
1 2873
1 2886
1 2887
1 2889
1 2890
1 2894
1 2896
1 2910
1 2916
2 2924
1 2938
1 2953
1 2954
2 2958
1 2962
1 2967
1 2977
1 2991
1 2995
1 2997
1 3005
1 3006
1 3013
1 3014
2 3015
1 3017
1 3021
1 3023
1 3028
1 3029
1 3034
1 3035
1 3047
1 3049
1 3050
1 3052
1 3055
2 3056
2 3057
1 3058
2 3059
2 3060
1 3062
3 3063
1 3064
2 3065
2 3066
1 3067
3 3068
3 3069
1 3070
1 3071
1 3072
2 3073
2 3075
2 3076
1 3077
3 3078
3 3079
3 3081
2 3082
3 3083
4 3084
2 3085
1 3086
5 3087
1 3089
4 3090
3 3091
1 3092
3 3093
2 3094
3 3095
2 3096
2 3097
2 3098
2 3099
1 3100
6 3101
2 3103
2 3104
2 3105
3 3106
4 3107
2 3108
3 3109
3 3110
2 3111
3 3113
1 3114
1 3117
3 3118
2 3119
3 3120
2 3121
2 3122
1 3123
1 3125
2 3128
1 3129
1 3130
1 3131
1 3133
2 3135
1 3139
1 3143
2 3149
1 3158
1 3163
1 3165
2 3166
1 3181
1 3182
1 3194
1 3215
1 3216
1 3218
1 3222
1 3223
1 3224
1 3225
1 3233
1 3234
2 3235
1 3246
1 3249
2 3250
1 3253
1 3259
1 3260
1 3269
1 3273
1 3311
1 3341
1 3365
1 3401
1 3426
1 3452
1 3514
1 3545
1 3572
1 3592
1 3833
1 3959
1 3968
1 4015
1 4108
1 4382
1 5160
1 5513
