1 1
2 2
1 3
1 4
2 5
3 6
1 7
1 8
2 10
1 12
1 13
2 14
3 15
3 16
1 18
2 19
3 20
1 21
3 22
1 24
3 25
2 26
2 27
3 28
5 29
2 30
1 31
1 32
3 33
3 34
1 35
2 36
1 37
2 38
1 39
5 40
2 41
2 42
1 43
3 44
5 45
2 46
1 47
3 48
4 49
1 50
1 51
5 52
1 53
2 54
1 55
3 57
2 58
3 59
4 60
3 61
2 62
5 63
2 64
1 65
2 66
3 68
1 69
3 70
3 71
3 72
2 73
2 74
4 75
5 76
1 77
5 78
1 79
1 80
5 82
1 83
5 84
9 85
6 86
3 87
6 88
4 89
6 90
11 91
22 92
17 93
20 94
21 95
11 96
19 97
15 98
13 99
14 100
11 101
10 102
3 103
6 104
5 105
7 106
6 107
2 108
3 109
6 110
2 111
3 112
6 113
4 114
5 115
7 116
3 117
6 118
5 119
3 120
8 121
8 122
4 123
4 124
5 125
7 126
7 127
5 128
1 129
3 130
4 131
9 132
6 133
8 134
8 135
7 136
3 137
5 138
9 139
5 140
7 141
10 142
8 143
7 144
4 145
8 146
7 147
12 148
7 149
4 150
7 151
5 152
7 153
2 154
7 155
4 156
9 157
6 158
4 159
5 160
7 161
4 162
5 163
4 164
9 165
8 166
5 167
8 168
8 169
8 170
8 171
9 172
8 173
8 174
9 175
10 176
10 177
17 178
12 179
9 180
10 181
9 182
16 183
16 184
21 185
12 186
15 187
19 188
18 189
20 190
20 191
19 192
24 193
22 194
24 195
21 196
13 197
13 198
17 199
16 200
14 201
15 202
18 203
5 204
17 205
6 206
5 207
6 208
12 209
8 210
8 211
21 212
13 213
18 214
18 215
12 216
25 217
26 218
29 219
22 220
26 221
28 222
42 223
43 224
47 225
64 226
75 227
98 228
126 229
163 230
166 231
215 232
258 233
317 234
356 235
409 236
429 237
452 238
419 239
388 240
363 241
291 242
236 243
172 244
152 245
103 246
84 247
81 248
64 249
47 250
36 251
29 252
29 253
22 254
21 255
23 256
21 257
18 258
25 259
19 260
12 261
16 262
18 263
13 264
12 265
6 266
8 267
10 268
9 269
7 270
11 271
10 272
5 273
9 274
12 275
5 276
10 277
7 278
13 279
10 280
3 281
4 282
11 283
6 284
5 285
10 286
15 287
7 288
8 289
7 290
15 291
4 292
11 293
10 294
8 295
10 296
10 297
11 298
10 299
13 300
6 301
11 302
10 303
6 304
12 305
16 306
12 307
16 308
12 309
16 310
12 311
4 312
10 313
11 314
4 315
16 316
13 317
20 318
14 319
21 320
31 321
15 322
23 323
24 324
21 325
25 326
26 327
34 328
28 329
25 330
36 331
42 332
30 333
39 334
30 335
63 336
52 337
52 338
62 339
75 340
60 341
61 342
65 343
72 344
68 345
51 346
46 347
61 348
47 349
52 350
41 351
46 352
23 353
32 354
29 355
47 356
32 357
35 358
43 359
36 360
37 361
33 362
33 363
32 364
26 365
33 366
33 367
36 368
35 369
29 370
34 371
37 372
31 373
31 374
41 375
45 376
40 377
33 378
33 379
39 380
44 381
36 382
24 383
26 384
19 385
17 386
16 387
25 388
20 389
9 390
12 391
15 392
9 393
10 394
10 395
6 396
12 397
15 398
6 399
10 400
7 401
18 402
13 403
8 404
14 405
13 406
8 407
7 408
8 409
15 410
12 411
15 412
9 413
12 414
8 415
10 416
15 417
9 418
11 419
9 420
17 421
10 422
9 423
16 424
14 425
5 426
18 427
10 428
15 429
13 430
13 431
17 432
13 433
15 434
11 435
19 436
15 437
8 438
19 439
15 440
18 441
18 442
12 443
17 444
10 445
13 446
15 447
14 448
19 449
14 450
19 451
14 452
19 453
18 454
14 455
15 456
23 457
17 458
22 459
27 460
14 461
23 462
28 463
29 464
32 465
39 466
27 467
18 468
29 469
39 470
22 471
31 472
42 473
36 474
32 475
38 476
49 477
40 478
35 479
46 480
36 481
37 482
34 483
28 484
20 485
33 486
29 487
25 488
30 489
30 490
23 491
22 492
35 493
29 494
27 495
27 496
24 497
23 498
28 499
15 500
40 501
27 502
40 503
26 504
34 505
31 506
38 507
31 508
46 509
33 510
53 511
51 512
55 513
50 514
52 515
78 516
76 517
75 518
99 519
83 520
113 521
111 522
135 523
150 524
143 525
162 526
172 527
179 528
181 529
184 530
223 531
217 532
204 533
232 534
235 535
209 536
221 537
175 538
194 539
184 540
191 541
161 542
135 543
131 544
109 545
113 546
101 547
87 548
69 549
61 550
57 551
50 552
47 553
37 554
37 555
23 556
40 557
19 558
20 559
24 560
26 561
20 562
22 563
21 564
29 565
21 566
21 567
23 568
28 569
23 570
12 571
28 572
33 573
29 574
39 575
30 576
35 577
44 578
42 579
44 580
46 581
38 582
44 583
54 584
53 585
41 586
39 587
50 588
44 589
31 590
47 591
40 592
46 593
33 594
30 595
34 596
33 597
30 598
43 599
27 600
24 601
42 602
31 603
36 604
29 605
25 606
37 607
39 608
37 609
38 610
45 611
46 612
34 613
60 614
37 615
61 616
53 617
49 618
52 619
63 620
51 621
50 622
53 623
60 624
59 625
46 626
46 627
42 628
50 629
37 630
44 631
40 632
29 633
29 634
41 635
28 636
31 637
24 638
24 639
24 640
27 641
21 642
18 643
20 644
19 645
26 646
22 647
21 648
21 649
14 650
30 651
20 652
15 653
28 654
22 655
36 656
22 657
28 658
26 659
46 660
38 661
39 662
51 663
40 664
53 665
69 666
37 667
56 668
69 669
53 670
59 671
70 672
54 673
60 674
71 675
74 676
73 677
82 678
68 679
56 680
55 681
72 682
66 683
58 684
61 685
65 686
56 687
42 688
53 689
62 690
68 691
66 692
46 693
43 694
33 695
56 696
41 697
45 698
39 699
49 700
36 701
39 702
33 703
41 704
24 705
29 706
38 707
18 708
37 709
24 710
24 711
23 712
15 713
20 714
23 715
18 716
16 717
24 718
16 719
14 720
15 721
15 722
12 723
22 724
19 725
12 726
10 727
13 728
8 729
6 730
17 731
9 732
5 733
12 734
8 735
10 736
10 737
4 738
8 739
6 740
7 741
11 742
14 743
7 744
10 745
12 746
9 747
8 748
15 749
11 750
11 751
10 752
11 753
12 754
17 755
11 756
21 757
17 758
15 759
16 760
22 761
17 762
17 763
19 764
24 765
27 766
29 767
32 768
29 769
27 770
34 771
33 772
34 773
33 774
39 775
41 776
51 777
40 778
49 779
49 780
57 781
63 782
70 783
73 784
54 785
70 786
95 787
96 788
87 789
101 790
125 791
142 792
137 793
148 794
155 795
172 796
179 797
215 798
206 799
219 800
217 801
249 802
264 803
266 804
276 805
231 806
244 807
250 808
215 809
211 810
230 811
203 812
167 813
170 814
170 815
130 816
113 817
90 818
98 819
77 820
61 821
75 822
70 823
39 824
41 825
35 826
29 827
29 828
28 829
19 830
29 831
18 832
15 833
19 834
14 835
26 836
14 837
11 838
10 839
23 840
11 841
15 842
17 843
9 844
16 845
10 846
7 847
7 848
9 849
16 850
8 851
9 852
15 853
13 854
9 855
11 856
19 857
16 858
22 859
7 860
11 861
18 862
18 863
19 864
21 865
17 866
13 867
15 868
20 869
20 870
15 871
22 872
21 873
24 874
32 875
19 876
34 877
30 878
27 879
31 880
24 881
36 882
38 883
36 884
27 885
31 886
45 887
37 888
42 889
40 890
35 891
42 892
44 893
51 894
42 895
37 896
59 897
50 898
48 899
51 900
45 901
43 902
41 903
35 904
36 905
29 906
25 907
27 908
17 909
21 910
28 911
18 912
21 913
22 914
9 915
19 916
11 917
13 918
11 919
13 920
13 921
10 922
10 923
4 924
4 925
10 926
15 927
9 928
10 929
15 930
11 931
15 932
14 933
14 934
20 935
15 936
18 937
17 938
21 939
23 940
23 941
25 942
29 943
22 944
21 945
26 946
25 947
37 948
21 949
25 950
21 951
31 952
21 953
19 954
26 955
22 956
19 957
24 958
30 959
22 960
17 961
16 962
9 963
14 964
12 965
12 966
10 967
16 968
15 969
11 970
12 971
11 972
23 973
12 974
14 975
11 976
17 977
11 978
13 979
12 980
12 981
12 982
8 983
11 984
7 985
10 986
16 987
12 988
14 989
10 990
9 991
6 992
11 993
6 994
15 995
18 996
10 997
11 998
12 999
12 1000
5 1001
8 1002
10 1003
7 1004
6 1005
6 1006
5 1007
4 1008
12 1009
5 1010
13 1011
5 1012
4 1013
9 1014
8 1015
13 1016
5 1017
5 1018
8 1019
7 1020
11 1021
10 1022
10 1023
11 1024
16 1025
9 1026
11 1027
9 1028
17 1029
9 1030
11 1031
11 1032
12 1033
12 1034
6 1035
7 1036
12 1037
8 1038
11 1039
10 1040
9 1041
9 1042
9 1043
16 1044
8 1045
11 1046
7 1047
8 1048
9 1049
9 1050
2 1051
9 1052
9 1053
6 1054
4 1055
3 1056
10 1057
10 1058
8 1059
5 1060
10 1061
9 1062
16 1063
8 1064
8 1065
4 1066
8 1067
9 1068
13 1069
3 1070
17 1071
11 1072
10 1073
14 1074
12 1075
11 1076
10 1077
5 1078
10 1079
15 1080
9 1081
11 1082
10 1083
12 1084
14 1085
11 1086
15 1087
17 1088
15 1089
10 1090
24 1091
12 1092
18 1093
11 1094
21 1095
17 1096
17 1097
12 1098
19 1099
13 1100
16 1101
16 1102
27 1103
18 1104
17 1105
25 1106
25 1107
16 1108
10 1109
23 1110
18 1111
23 1112
24 1113
27 1114
25 1115
22 1116
24 1117
32 1118
27 1119
36 1120
31 1121
37 1122
34 1123
46 1124
42 1125
49 1126
47 1127
44 1128
54 1129
66 1130
59 1131
71 1132
67 1133
79 1134
69 1135
100 1136
90 1137
80 1138
106 1139
93 1140
124 1141
109 1142
100 1143
132 1144
123 1145
125 1146
134 1147
127 1148
122 1149
111 1150
99 1151
110 1152
115 1153
118 1154
93 1155
117 1156
95 1157
82 1158
83 1159
77 1160
78 1161
60 1162
66 1163
61 1164
58 1165
52 1166
41 1167
42 1168
34 1169
27 1170
25 1171
24 1172
27 1173
23 1174
24 1175
17 1176
18 1177
21 1178
23 1179
23 1180
24 1181
21 1182
23 1183
15 1184
24 1185
30 1186
18 1187
27 1188
30 1189
30 1190
26 1191
31 1192
29 1193
20 1194
26 1195
19 1196
30 1197
31 1198
29 1199
26 1200
37 1201
32 1202
38 1203
45 1204
37 1205
42 1206
55 1207
50 1208
45 1209
36 1210
35 1211
51 1212
47 1213
37 1214
39 1215
43 1216
41 1217
44 1218
36 1219
35 1220
31 1221
29 1222
27 1223
32 1224
36 1225
36 1226
13 1227
26 1228
14 1229
16 1230
15 1231
19 1232
14 1233
17 1234
15 1235
4 1236
14 1237
7 1238
9 1239
6 1240
12 1241
10 1242
11 1243
9 1244
5 1245
9 1246
9 1247
6 1248
9 1249
6 1250
12 1251
13 1252
11 1253
5 1254
6 1255
10 1256
11 1257
9 1258
2 1259
6 1260
6 1261
6 1262
7 1263
3 1264
7 1265
9 1266
10 1267
12 1268
6 1269
10 1270
6 1271
12 1272
9 1273
8 1274
15 1275
12 1276
13 1277
11 1278
8 1279
14 1280
13 1281
10 1282
16 1283
16 1284
17 1285
16 1286
16 1287
13 1288
17 1289
19 1290
22 1291
16 1292
25 1293
20 1294
26 1295
22 1296
23 1297
21 1298
28 1299
20 1300
33 1301
26 1302
24 1303
24 1304
31 1305
36 1306
25 1307
21 1308
29 1309
22 1310
24 1311
24 1312
30 1313
25 1314
22 1315
27 1316
24 1317
29 1318
21 1319
15 1320
22 1321
18 1322
20 1323
18 1324
11 1325
25 1326
16 1327
19 1328
9 1329
13 1330
8 1331
7 1332
15 1333
11 1334
8 1335
9 1336
12 1337
14 1338
10 1339
14 1340
8 1341
6 1342
17 1343
6 1344
8 1345
13 1346
9 1347
9 1348
10 1349
9 1350
10 1351
9 1352
14 1353
10 1354
8 1355
9 1356
13 1357
9 1358
8 1359
8 1360
8 1361
13 1362
9 1363
11 1364
6 1365
9 1366
8 1367
10 1368
6 1369
12 1370
8 1371
12 1372
12 1373
12 1374
5 1375
8 1376
9 1377
13 1378
11 1379
17 1380
17 1381
17 1382
9 1383
12 1384
16 1385
12 1386
14 1387
18 1388
11 1389
16 1390
9 1391
15 1392
21 1393
9 1394
21 1395
15 1396
19 1397
19 1398
23 1399
20 1400
28 1401
19 1402
20 1403
27 1404
23 1405
20 1406
32 1407
32 1408
15 1409
31 1410
27 1411
39 1412
45 1413
47 1414
25 1415
40 1416
43 1417
35 1418
38 1419
42 1420
39 1421
42 1422
45 1423
40 1424
48 1425
33 1426
39 1427
54 1428
52 1429
57 1430
50 1431
58 1432
42 1433
58 1434
39 1435
59 1436
62 1437
53 1438
43 1439
55 1440
36 1441
49 1442
41 1443
40 1444
38 1445
52 1446
34 1447
37 1448
35 1449
33 1450
27 1451
21 1452
21 1453
19 1454
19 1455
24 1456
20 1457
17 1458
12 1459
17 1460
13 1461
7 1462
9 1463
12 1464
9 1465
13 1466
3 1467
4 1468
4 1469
2 1470
4 1471
3 1472
6 1473
4 1474
1 1475
5 1476
5 1477
4 1478
2 1479
1 1480
3 1481
1 1482
3 1483
1 1484
2 1485
1 1486
1 1487
1 1488
2 1489
2 1490
2 1491
2 1492
1 1493
1 1494
4 1495
2 1496
3 1497
1 1498
2 1499
3 1500
1 1501
2 1502
1 1503
2 1504
1 1505
2 1506
1 1507
2 1508
2 1510
4 1511
2 1512
2 1513
2 1515
1 1516
1 1517
1 1518
2 1519
1 1521
2 1522
1 1523
1 1524
1 1525
1 1526
1 1527
1 1528
2 1529
1 1530
1 1531
1 1532
3 1533
2 1537
4 1538
1 1540
1 1542
1 1545
3 1547
3 1548
1 1550
2 1551
4 1552
1 1553
1 1555
2 1556
3 1557
2 1558
1 1559
3 1560
3 1561
2 1562
3 1563
2 1564
1 1565
1 1567
2 1569
2 1570
1 1571
5 1572
4 1573
3 1574
2 1576
2 1577
4 1579
2 1582
2 1583
4 1586
1 1587
5 1588
2 1589
1 1590
4 1591
2 1592
2 1593
3 1594
4 1595
1 1596
2 1597
1 1599
2 1600
1 1601
2 1603
5 1604
3 1605
2 1606
5 1607
4 1608
2 1611
4 1612
6 1613
3 1614
2 1615
2 1616
4 1617
2 1618
1 1619
3 1620
2 1621
3 1622
6 1623
1 1624
2 1625
4 1626
6 1627
5 1628
2 1630
2 1631
2 1632
2 1633
3 1634
5 1635
1 1636
1 1637
4 1638
3 1639
1 1640
1 1641
2 1642
3 1645
2 1646
6 1647
5 1648
3 1649
2 1650
3 1651
6 1652
2 1653
2 1654
3 1656
1 1657
5 1658
2 1659
3 1660
3 1661
5 1662
3 1663
4 1664
2 1665
6 1667
4 1668
4 1669
2 1670
3 1671
4 1672
8 1673
4 1674
4 1675
3 1676
6 1677
9 1678
8 1679
4 1680
6 1681
2 1682
9 1683
6 1684
4 1685
5 1686
4 1687
10 1688
5 1689
8 1690
8 1691
12 1692
5 1693
5 1694
12 1695
7 1696
5 1697
8 1698
10 1699
6 1700
15 1701
10 1702
8 1703
6 1704
10 1705
6 1706
8 1707
9 1708
11 1709
8 1710
10 1711
5 1712
7 1713
8 1714
12 1715
6 1716
7 1717
6 1718
10 1719
6 1720
10 1721
8 1722
12 1723
6 1724
16 1725
8 1726
11 1727
11 1728
5 1729
7 1730
7 1731
13 1732
8 1733
5 1734
10 1735
6 1736
11 1737
7 1738
6 1739
8 1740
6 1741
4 1742
8 1743
2 1744
8 1745
2 1746
5 1747
3 1748
3 1749
7 1750
4 1751
6 1752
1 1753
3 1754
7 1755
6 1756
6 1757
2 1758
8 1759
5 1760
1 1761
7 1763
2 1764
1 1765
4 1766
2 1767
3 1769
5 1770
1 1771
3 1772
2 1773
1 1774
1 1776
5 1777
4 1778
6 1781
3 1782
4 1783
2 1784
3 1785
5 1786
1 1787
3 1788
2 1789
3 1790
3 1791
3 1792
5 1793
2 1794
1 1795
4 1796
3 1797
2 1798
4 1799
1 1800
5 1801
2 1802
11 1803
4 1804
6 1805
5 1806
1 1807
4 1808
3 1809
8 1810
2 1811
3 1812
2 1813
2 1814
4 1815
2 1816
4 1817
5 1818
4 1819
4 1820
7 1821
3 1822
5 1823
7 1824
4 1825
4 1826
5 1827
6 1828
2 1829
7 1830
7 1831
6 1832
7 1833
8 1834
2 1835
11 1836
4 1837
5 1838
8 1839
10 1840
10 1841
6 1842
3 1843
4 1844
3 1845
6 1846
1 1847
3 1848
8 1849
5 1850
5 1851
7 1852
6 1853
6 1854
6 1855
3 1856
4 1857
9 1858
2 1859
6 1860
6 1861
3 1862
5 1863
2 1864
3 1865
5 1866
5 1867
5 1868
4 1869
3 1870
8 1871
7 1872
12 1873
3 1874
4 1875
1 1876
8 1877
1 1878
9 1879
5 1880
5 1881
3 1882
8 1883
6 1884
5 1885
4 1886
9 1887
11 1888
7 1889
8 1890
3 1891
4 1892
8 1893
5 1894
6 1895
8 1896
12 1897
12 1898
8 1899
9 1900
14 1901
13 1902
11 1903
10 1904
15 1905
11 1906
14 1907
11 1908
12 1909
8 1910
13 1911
11 1912
12 1913
15 1914
21 1915
14 1916
16 1917
20 1918
9 1919
17 1920
13 1921
18 1922
15 1923
23 1924
15 1925
30 1926
24 1927
11 1928
24 1929
22 1930
23 1931
14 1932
21 1933
24 1934
24 1935
18 1936
25 1937
40 1938
19 1939
29 1940
26 1941
24 1942
25 1943
33 1944
23 1945
39 1946
41 1947
39 1948
35 1949
43 1950
45 1951
49 1952
36 1953
40 1954
50 1955
49 1956
51 1957
48 1958
55 1959
62 1960
55 1961
56 1962
69 1963
57 1964
51 1965
66 1966
59 1967
66 1968
58 1969
68 1970
74 1971
75 1972
60 1973
78 1974
61 1975
52 1976
69 1977
80 1978
53 1979
67 1980
60 1981
59 1982
62 1983
64 1984
78 1985
58 1986
49 1987
46 1988
61 1989
52 1990
42 1991
38 1992
44 1993
32 1994
35 1995
38 1996
36 1997
26 1998
38 1999
26 2000
25 2001
25 2002
19 2003
23 2004
18 2005
15 2006
11 2007
10 2008
10 2009
9 2010
10 2011
8 2012
8 2013
9 2014
8 2015
5 2016
9 2017
8 2018
4 2019
2 2020
2 2021
5 2022
1 2023
6 2024
5 2025
1 2026
3 2027
2 2028
2 2029
5 2030
3 2031
1 2032
3 2033
4 2034
1 2035
2 2037
1 2038
2 2039
1 2040
6 2041
4 2042
2 2043
2 2044
2 2045
4 2047
3 2048
3 2049
1 2050
5 2051
7 2052
1 2053
4 2054
2 2055
6 2056
3 2057
2 2059
3 2060
6 2061
3 2062
4 2063
6 2065
6 2066
3 2067
2 2068
8 2069
11 2070
7 2071
6 2072
1 2073
5 2074
8 2075
7 2076
4 2077
8 2078
5 2079
7 2080
6 2081
6 2082
5 2083
6 2084
10 2085
6 2086
11 2087
10 2088
10 2089
4 2090
7 2091
4 2092
1 2093
2 2094
3 2095
11 2096
7 2097
4 2098
8 2099
4 2100
4 2101
6 2102
2 2103
6 2104
3 2105
3 2106
5 2107
3 2108
3 2109
4 2110
4 2111
3 2112
3 2113
2 2114
3 2115
3 2117
3 2118
1 2119
2 2120
2 2121
1 2122
1 2123
1 2124
3 2125
1 2127
1 2128
2 2133
1 2134
2 2135
2 2136
2 2137
1 2140
1 2141
2 2144
2 2147
1 2151
2 2152
1 2160
1 2161
2 2164
1 2168
1 2173
1 2174
1 2177
1 2183
1 2185
1 2187
1 2189
2 2193
1 2194
1 2196
3 2197
1 2198
1 2201
3 2202
1 2203
2 2206
1 2207
1 2209
1 2212
1 2214
1 2215
2 2216
1 2217
1 2220
1 2222
2 2223
3 2224
2 2225
3 2226
1 2227
2 2229
1 2230
1 2231
1 2233
1 2234
2 2235
1 2236
1 2237
1 2238
1 2239
1 2240
1 2242
1 2244
1 2245
1 2246
1 2247
1 2248
2 2249
1 2252
2 2253
2 2254
1 2259
1 2260
1 2262
1 2266
1 2267
1 2271
1 2273
1 2274
2 2275
2 2277
1 2284
1 2289
1 2297
1 2307
1 2313
1 2316
3 2317
1 2320
1 2324
1 2332
1 2336
1 2338
1 2341
1 2345
1 2346
1 2347
1 2348
1 2350
1 2351
1 2352
1 2353
2 2354
1 2356
1 2360
1 2363
1 2364
1 2365
2 2368
2 2370
1 2374
2 2377
1 2382
3 2383
1 2384
1 2385
1 2387
1 2388
2 2389
2 2391
1 2392
1 2393
1 2394
1 2399
2 2403
1 2405
1 2406
1 2407
1 2409
1 2413
1 2419
1 2425
2 2427
1 2431
1 2434
1 2435
1 2440
1 2441
1 2442
3 2443
1 2445
1 2446
1 2447
1 2448
2 2451
1 2452
1 2453
1 2454
1 2455
2 2458
1 2460
1 2461
1 2464
1 2472
1 2474
1 2480
2 2481
1 2482
1 2485
1 2486
1 2487
2 2488
2 2491
2 2493
1 2496
1 2497
3 2498
2 2499
1 2500
2 2501
2 2502
1 2503
4 2504
3 2505
1 2506
1 2507
4 2508
2 2509
2 2510
1 2512
2 2513
1 2514
2 2516
2 2518
1 2519
1 2520
3 2521
1 2522
1 2524
1 2525
1 2526
2 2527
1 2528
1 2529
1 2530
1 2531
2 2532
2 2533
1 2534
1 2536
3 2537
1 2539
3 2540
5 2541
1 2543
1 2544
2 2545
1 2546
3 2547
2 2548
1 2549
2 2550
5 2552
2 2555
3 2556
1 2559
2 2560
2 2561
2 2562
1 2563
1 2565
1 2571
1 2574
2 2575
1 2579
1 2592
1 2593
1 2594
1 2598
1 2605
1 2607
2 2609
1 2611
1 2613
1 2622
2 2626
1 2629
1 2630
1 2633
2 2635
1 2636
1 2641
1 2643
1 2644
2 2651
1 2654
1 2658
1 2662
1 2663
1 2665
1 2667
1 2671
2 2683
1 2686
2 2688
1 2690
1 2691
1 2693
1 2695
2 2700
2 2701
1 2702
1 2706
1 2707
1 2710
1 2712
1 2713
1 2716
1 2718
1 2720
1 2722
1 2723
1 2724
2 2725
2 2727
2 2730
1 2731
1 2732
1 2733
2 2734
1 2735
1 2736
1 2737
3 2738
3 2741
1 2742
1 2743
1 2745
1 2746
2 2747
2 2748
1 2750
1 2751
1 2755
1 2757
1 2758
1 2759
1 2761
2 2762
1 2763
1 2765
1 2766
1 2767
1 2769
1 2770
1 2771
1 2777
1 2779
1 2780
2 2782
1 2783
1 2784
2 2785
1 2788
1 2789
1 2793
2 2795
1 2799
2 2800
1 2801
1 2803
1 2805
1 2806
2 2807
1 2811
1 2812
1 2813
2 2815
1 2816
2 2817
3 2819
3 2821
1 2822
1 2823
1 2826
1 2827
1 2829
1 2831
3 2832
1 2833
4 2834
2 2835
5 2836
3 2839
3 2840
1 2842
1 2843
2 2844
3 2846
2 2847
1 2848
3 2849
1 2850
4 2851
1 2853
2 2854
2 2856
1 2857
2 2858
3 2859
6 2860
1 2861
3 2862
4 2863
1 2864
2 2865
2 2866
4 2867
2 2868
3 2869
2 2870
2 2871
3 2872
3 2873
7 2874
4 2875
1 2876
3 2877
7 2878
4 2879
4 2880
1 2881
1 2882
1 2883
4 2884
2 2885
2 2886
4 2887
2 2889
1 2890
1 2892
2 2893
1 2894
2 2895
1 2896
2 2897
1 2899
2 2903
2 2905
1 2907
1 2908
1 2909
2 2910
1 2912
1 2950
1 2959
1 3009
1 3026
1 3105
1 3167
1 3175
1 3179
1 3244
1 3247
1 3250
1 3255
1 3260
1 3336
1 3353
1 3398
1 3422
1 3429
1 3437
1 3447
1 3448
1 3453
2 3464
1 3471
1 3479
1 3552
1 3638
1 3682
1 3703
1 3708
1 3717
1 3764
1 3807
1 3916
1 4164
1 4168
1 4330
1 4744
