2 5
1 11
1 13
1 16
1 19
1 20
1 26
1 48
1 52
1 54
1 59
1 63
3 64
2 65
1 68
1 69
1 72
1 73
2 75
1 76
1 77
2 79
1 81
1 82
3 83
1 84
1 86
1 90
1 91
1 92
1 95
1 96
1 97
1 99
1 102
1 104
1 105
1 108
1 109
2 110
1 111
1 112
1 113
1 115
1 117
1 118
1 119
1 120
1 121
2 122
2 123
1 124
1 127
1 129
1 130
1 131
3 133
1 135
2 138
1 139
3 140
1 142
1 143
1 144
1 145
1 147
1 148
2 149
1 150
2 155
1 156
4 158
1 159
1 161
1 164
2 165
1 167
3 168
2 169
1 171
1 173
1 176
1 178
1 179
1 180
1 182
1 184
4 186
1 187
5 188
3 189
1 190
3 192
4 193
5 194
4 195
7 196
7 197
5 198
5 199
8 200
5 201
7 202
2 203
3 204
3 205
2 206
4 207
2 208
2 209
2 210
2 212
4 215
1 216
1 217
1 218
1 219
3 220
2 221
1 222
1 224
1 226
1 228
1 229
1 230
2 232
1 233
2 234
1 237
1 238
1 243
1 244
2 245
3 246
3 248
3 249
2 250
2 251
2 252
1 253
2 255
1 256
3 257
2 258
1 259
3 260
3 261
2 262
2 263
1 264
2 265
2 266
1 267
3 268
1 270
4 271
2 272
3 274
3 275
5 276
2 277
1 279
2 280
2 283
2 284
2 285
4 286
2 287
4 288
5 289
5 290
2 291
1 292
4 293
7 294
6 295
5 296
8 297
7 298
10 299
10 300
7 301
8 302
9 303
10 304
12 305
13 306
9 307
9 308
10 309
9 310
5 311
4 312
5 313
1 314
2 315
5 316
10 317
2 318
2 319
2 320
4 321
4 322
7 323
4 324
7 325
3 326
4 327
9 328
6 329
7 330
9 331
6 332
5 333
3 334
6 335
2 336
5 337
3 338
4 339
5 340
5 341
2 342
4 343
3 344
3 345
2 346
10 347
1 348
3 349
3 350
4 351
6 352
1 353
8 354
6 355
5 356
6 357
2 358
6 359
2 360
14 361
2 362
1 363
7 364
3 365
4 366
3 367
5 368
5 369
3 370
7 371
1 372
8 373
5 374
10 375
3 376
4 377
5 378
10 379
5 380
3 381
5 382
9 383
5 384
7 385
6 386
5 387
4 388
7 389
1 390
6 391
2 392
2 393
3 394
1 395
6 396
3 397
6 398
4 399
3 400
8 401
5 402
3 403
3 404
6 405
5 406
1 407
5 408
5 409
8 410
5 411
5 412
8 413
11 414
7 415
7 416
11 417
19 418
20 419
13 420
10 421
30 422
17 423
24 424
27 425
24 426
39 427
33 428
36 429
50 430
37 431
46 432
45 433
49 434
57 435
55 436
59 437
67 438
44 439
42 440
47 441
39 442
31 443
28 444
33 445
21 446
22 447
22 448
26 449
15 450
10 451
5 452
11 453
9 454
7 455
11 456
7 457
11 458
8 459
8 460
7 461
12 462
11 463
8 464
5 465
12 466
7 467
16 468
7 469
8 470
5 471
3 472
5 473
8 474
8 475
3 476
3 477
7 478
6 479
4 480
6 481
5 482
3 483
1 484
10 485
4 486
3 487
3 488
3 489
7 490
4 491
4 492
2 493
5 494
3 495
7 496
5 497
4 498
5 499
12 500
6 501
5 502
7 503
7 504
15 505
8 506
15 507
13 508
8 509
12 510
15 511
9 512
13 513
15 514
12 515
11 516
12 517
11 518
18 519
7 520
10 521
8 522
14 523
14 524
7 525
10 526
8 527
8 528
7 529
8 530
8 531
6 532
2 533
6 534
3 535
2 536
4 537
2 538
1 539
3 540
1 541
4 542
3 543
1 544
2 545
1 547
1 548
1 550
1 551
3 553
2 555
1 556
1 557
1 558
2 559
1 560
1 561
1 566
1 570
1 571
2 573
1 574
1 575
3 576
3 577
1 578
1 580
2 581
2 582
4 583
3 584
2 585
3 586
1 587
2 588
5 589
2 590
4 591
2 592
4 593
5 594
3 595
3 596
4 597
4 598
1 599
2 600
2 601
1 602
2 603
3 604
2 605
3 606
2 608
5 609
2 611
1 612
3 615
3 616
1 617
1 618
2 619
5 621
3 622
1 623
3 624
2 625
1 626
3 627
3 628
4 629
3 631
7 632
4 633
3 634
5 635
2 636
3 637
4 638
6 639
7 640
5 641
6 642
7 643
4 644
6 645
6 646
9 647
3 648
12 649
9 650
12 651
8 652
9 653
14 654
20 655
26 656
19 657
17 658
23 659
32 660
36 661
28 662
31 663
27 664
28 665
31 666
40 667
30 668
41 669
33 670
28 671
28 672
25 673
24 674
24 675
14 676
15 677
13 678
12 679
10 680
4 681
8 682
6 683
9 684
7 685
6 686
5 687
1 688
4 689
1 690
1 692
2 693
1 695
1 697
2 699
1 708
1 711
1 715
1 716
3 717
1 718
2 721
1 729
1 730
1 733
1 735
2 736
1 738
1 739
3 740
1 741
3 748
1 750
3 751
1 753
1 760
1 761
1 762
1 763
1 766
1 772
1 773
1 781
1 782
3 783
2 784
2 785
1 787
1 789
1 792
1 798
1 799
1 806
1 807
1 808
1 813
1 814
1 815
2 816
1 820
1 821
1 823
1 824
3 825
1 827
1 831
3 833
1 834
1 835
1 837
1 838
1 839
2 840
2 841
2 842
2 843
3 844
3 845
5 846
4 847
4 848
2 849
5 850
5 851
4 852
5 853
4 854
3 855
6 856
3 857
6 858
3 859
6 860
4 862
2 863
10 864
3 865
4 866
4 867
7 868
4 869
4 870
1 871
5 872
3 873
4 874
3 875
5 876
5 877
4 879
4 880
1 881
1 882
1 884
2 887
2 889
2 890
1 891
1 892
1 893
2 894
1 895
6 896
3 897
1 898
3 899
2 900
4 901
2 902
5 903
3 904
3 905
8 906
5 908
3 909
1 910
2 911
4 912
1 913
2 914
5 915
3 916
2 917
2 918
1 920
3 922
2 924
1 925
1 926
3 927
2 928
2 930
1 931
1 932
1 938
1 940
1 946
2 949
1 951
1 956
1 958
2 961
2 971
1 973
1 982
1 983
1 985
1 989
1 999
1 1004
1 1010
1 1029
1 1035
1 1036
1 1039
1 1040
1 1042
2 1051
1 1053
2 1058
1 1063
1 1065
1 1071
1 1074
1 1077
1 1078
1 1080
1 1084
1 1087
1 1091
1 1104
1 1106
1 1107
1 1108
1 1115
1 1121
1 1124
1 1126
1 1128
2 1134
1 1136
1 1143
1 1146
2 1148
1 1149
1 1151
1 1152
1 1154
1 1156
1 1159
1 1160
1 1163
4 1164
2 1165
1 1167
1 1169
1 1170
1 1171
2 1172
1 1173
1 1179
2 1180
2 1182
2 1183
2 1184
1 1186
1 1189
5 1190
5 1192
1 1193
4 1194
1 1197
3 1198
2 1199
1 1200
1 1201
1 1202
3 1203
1 1204
2 1205
1 1207
2 1208
1 1209
2 1212
2 1213
2 1220
1 1224
1 1226
2 1231
1 1233
1 1235
2 1236
1 1241
1 1248
1 1253
1 1254
2 1257
2 1259
1 1261
1 1262
1 1263
3 1266
1 1268
1 1269
2 1270
4 1271
3 1272
2 1273
1 1274
2 1275
3 1276
3 1277
2 1278
1 1279
2 1281
2 1282
2 1283
4 1284
3 1285
3 1286
4 1287
3 1288
2 1290
1 1292
2 1293
5 1295
3 1296
2 1297
2 1298
4 1299
4 1301
1 1302
4 1303
3 1304
2 1305
1 1306
3 1307
2 1308
3 1309
1 1310
2 1311
3 1312
3 1313
1 1314
2 1316
3 1317
2 1319
1 1320
3 1322
4 1323
3 1324
3 1326
2 1327
2 1328
1 1329
2 1331
2 1332
3 1333
2 1334
1 1335
2 1336
2 1338
2 1339
1 1340
3 1342
2 1343
1 1345
1 1346
3 1348
3 1350
1 1352
1 1353
3 1354
2 1356
1 1359
2 1360
1 1362
1 1363
1 1364
1 1371
2 1373
3 1374
1 1375
2 1378
1 1380
2 1381
1 1382
3 1383
2 1384
1 1387
1 1389
2 1391
1 1392
1 1393
2 1394
1 1395
3 1396
1 1397
2 1398
1 1399
2 1400
2 1401
2 1403
1 1404
3 1405
5 1406
2 1407
2 1408
2 1410
2 1412
1 1414
5 1415
1 1416
4 1417
3 1418
2 1419
4 1420
3 1423
4 1424
2 1425
2 1426
3 1427
3 1428
3 1429
1 1431
5 1432
1 1433
6 1435
2 1436
1 1437
4 1438
2 1439
4 1440
1 1441
4 1442
1 1443
4 1444
3 1445
1 1446
2 1447
3 1448
4 1449
4 1450
2 1451
2 1452
3 1454
2 1455
5 1456
4 1457
1 1459
2 1461
3 1462
1 1463
2 1464
2 1465
4 1468
2 1471
2 1472
1 1473
1 1474
4 1475
2 1476
2 1477
3 1478
4 1479
1 1480
3 1481
3 1482
1 1484
2 1485
3 1486
4 1487
5 1488
2 1489
2 1490
4 1491
3 1492
4 1493
8 1494
9 1495
1 1496
8 1497
8 1498
5 1499
9 1500
4 1501
4 1502
4 1503
8 1504
6 1505
7 1506
4 1507
8 1508
7 1509
11 1510
8 1511
9 1512
7 1513
7 1514
12 1515
11 1516
18 1517
10 1518
23 1519
16 1520
5 1521
14 1522
10 1523
9 1524
16 1525
13 1526
16 1527
13 1528
4 1529
11 1530
8 1531
7 1532
20 1533
14 1534
9 1535
9 1536
14 1537
19 1538
9 1539
14 1540
8 1541
14 1542
11 1543
9 1544
11 1545
7 1546
4 1547
9 1548
3 1549
8 1550
6 1551
6 1552
6 1553
8 1554
7 1555
4 1556
4 1557
1 1558
2 1559
2 1561
1 1562
4 1563
3 1564
4 1565
1 1566
3 1567
1 1569
3 1570
1 1571
1 1574
1 1575
3 1581
2 1582
1 1586
1 1588
2 1591
1 1601
1 1605
1 1617
1 1622
3 1623
1 1624
1 1625
1 1627
1 1632
1 1634
1 1635
1 1638
2 1639
1 1642
1 1645
1 1646
1 1647
1 1648
1 1650
1 1651
2 1654
1 1656
1 1658
1 1659
1 1660
2 1661
2 1662
1 1666
1 1671
1 1674
1 1678
1 1682
1 1687
1 1698
1 1700
1 1716
1 1727
1 1739
1 1740
1 1758
1 1761
1 1783
1 1784
2 1789
1 1793
1 1795
2 1807
1 1810
1 1819
1 1822
1 1830
1 1831
2 1844
1 1845
2 1846
1 1849
1 1851
1 1860
1 1862
1 1863
1 1865
1 1868
1 1871
2 1874
3 1875
1 1877
2 1878
1 1880
1 1881
1 1882
2 1883
1 1884
4 1885
1 1887
1 1888
1 1889
1 1890
1 1892
3 1896
1 1897
1 1898
1 1901
2 1907
1 1909
2 1910
2 1911
1 1916
1 1918
1 1920
1 1921
1 1922
1 1924
1 1925
1 1926
1 1928
1 1931
1 1932
1 1933
1 1934
1 1935
2 1936
1 1940
1 1942
1 1944
1 1945
1 1948
1 1949
2 1951
1 1954
1 1955
1 1957
1 1958
2 1959
1 1961
1 1966
2 1970
1 1974
1 1978
1 1981
1 1983
1 1994
3 2003
1 2018
1 2022
1 2026
2 2034
1 2036
1 2041
2 2055
1 2060
1 2061
2 2063
1 2098
1 2115
1 2120
2 2124
1 2125
1 2142
1 2147
1 2153
1 2177
1 2183
1 2185
1 2186
1 2201
1 2203
1 2205
1 2207
1 2213
1 2214
2 2223
1 2224
1 2226
1 2232
1 2235
1 2238
1 2241
1 2242
1 2249
1 2252
2 2253
1 2255
1 2256
1 2257
1 2260
1 2262
2 2263
1 2264
2 2266
2 2267
1 2270
1 2274
1 2275
1 2276
3 2278
1 2279
1 2280
1 2284
1 2285
2 2288
3 2289
2 2290
1 2293
2 2294
2 2296
1 2297
2 2299
2 2301
1 2302
2 2305
2 2306
1 2308
1 2310
2 2311
1 2312
1 2314
2 2315
2 2316
1 2319
1 2320
1 2321
1 2322
1 2324
1 2328
1 2330
1 2331
2 2335
2 2336
1 2337
1 2338
1 2341
1 2345
1 2348
1 2349
1 2350
2 2351
2 2352
1 2354
2 2355
2 2358
2 2359
1 2360
2 2361
2 2364
1 2366
2 2368
2 2369
2 2371
3 2372
2 2374
1 2375
3 2376
1 2377
4 2378
5 2379
3 2380
2 2382
1 2384
5 2385
4 2386
5 2387
8 2388
2 2389
2 2390
5 2392
1 2393
2 2394
4 2395
4 2396
2 2397
3 2398
7 2399
1 2400
2 2401
4 2402
2 2403
3 2404
8 2405
5 2406
3 2407
3 2408
3 2409
2 2410
4 2412
4 2413
3 2414
3 2415
2 2416
3 2417
3 2418
4 2419
1 2420
2 2422
2 2423
2 2425
1 2426
2 2429
1 2430
1 2431
1 2433
1 2434
3 2435
1 2436
1 2440
1 2457
1 2466
1 2472
1 2493
1 2496
1 2505
1 2511
1 2517
1 2519
1 2520
1 2536
1 2538
1 2540
1 2543
1 2552
1 2573
1 2576
1 2577
1 2585
1 2588
1 2590
1 2591
2 2601
1 2605
1 2608
1 2615
3 2622
1 2624
1 2626
1 2628
2 2629
1 2630
1 2631
1 2632
1 2633
1 2635
1 2637
1 2639
1 2640
2 2641
1 2642
1 2645
1 2646
1 2647
2 2648
1 2650
1 2653
2 2656
1 2657
1 2658
2 2660
2 2667
1 2669
2 2670
2 2671
1 2672
1 2673
1 2674
1 2678
1 2680
1 2681
1 2686
1 2687
1 2689
2 2690
1 2692
1 2699
1 2701
1 2702
1 2706
1 2707
1 2708
2 2709
1 2710
1 2712
2 2714
1 2718
1 2720
1 2721
1 2727
1 2730
1 2743
1 2745
1 2749
2 2753
1 2754
2 2759
1 2761
1 2762
1 2766
1 2774
1 2779
1 2781
1 2782
1 2783
2 2787
1 2788
1 2790
2 2792
1 2795
2 2796
1 2799
1 2801
2 2805
1 2807
1 2808
1 2818
1 2822
1 2823
1 2824
2 2826
1 2827
1 2828
2 2829
2 2831
2 2833
2 2834
2 2835
1 2840
2 2841
2 2842
1 2845
1 2846
1 2847
1 2848
4 2851
1 2852
2 2853
1 2855
2 2858
2 2862
2 2863
4 2865
1 2867
1 2868
1 2869
1 2873
2 2875
2 2876
1 2877
2 2879
2 2880
4 2881
1 2882
3 2883
2 2884
2 2885
1 2886
2 2888
4 2891
3 2892
1 2893
2 2895
6 2896
2 2897
2 2898
3 2899
3 2900
2 2901
4 2902
1 2903
3 2904
1 2907
2 2908
4 2909
2 2910
2 2911
8 2912
3 2913
3 2914
5 2915
3 2916
9 2917
3 2918
4 2919
2 2920
4 2921
3 2922
4 2923
5 2924
2 2925
5 2926
2 2927
5 2928
6 2929
2 2930
10 2931
5 2932
7 2933
3 2934
8 2935
3 2936
5 2937
5 2938
3 2939
11 2940
4 2941
4 2942
6 2943
10 2944
2 2945
4 2946
6 2947
3 2948
2 2949
2 2950
8 2951
9 2952
7 2953
3 2954
6 2955
7 2956
2 2957
5 2958
3 2959
2 2960
4 2961
5 2962
2 2963
4 2964
1 2965
3 2966
2 2967
2 2968
7 2969
5 2970
2 2971
5 2972
3 2973
3 2974
1 2975
1 2976
2 2977
2 2978
1 2979
2 2980
1 2981
2 2982
1 2983
2 2984
2 2985
1 2989
1 2991
2 2997
2 2999
2 3003
1 3008
1 3009
1 3010
1 3013
1 3022
1 3025
1 3026
1 3110
1 3144
1 3179
1 3191
1 3196
1 3198
1 3214
1 3226
1 3231
1 3238
2 3241
1 3249
1 3251
1 3265
1 3276
1 3277
1 3281
1 3291
1 3309
1 3310
2 3319
1 3322
1 3335
1 3344
1 3345
1 3374
1 3383
1 3394
1 3396
1 3398
1 3400
1 3413
1 3415
1 3430
1 3436
1 3437
1 3439
1 3445
1 3446
1 3450
1 3464
1 3468
1 3469
2 3477
1 3483
1 3485
1 3489
1 3490
1 3495
2 3496
1 3497
2 3498
1 3499
1 3501
1 3502
1 3504
1 3506
2 3507
2 3508
2 3510
2 3512
1 3513
2 3514
2 3516
2 3517
3 3519
1 3521
1 3522
2 3523
1 3524
2 3526
3 3527
1 3528
2 3530
2 3531
1 3532
1 3533
4 3534
2 3535
1 3536
1 3537
2 3540
3 3542
2 3543
1 3544
3 3545
2 3546
1 3547
3 3548
2 3549
2 3550
4 3551
3 3552
3 3553
1 3555
2 3556
1 3557
1 3558
1 3561
1 3563
1 3566
1 3568
1 3572
1 3574
2 3575
1 3585
2 3588
1 3589
1 3611
1 3627
1 3713
1 3729
1 3747
1 3773
1 3778
1 3783
1 3898
1 3903
1 3973
1 3982
1 4021
1 4025
1 4040
1 4051
1 4059
1 4068
1 4088
1 4110
1 4112
1 4125
1 4129
1 4131
1 4140
1 4143
1 4145
2 4147
1 4151
1 4155
1 4156
2 4162
2 4164
2 4165
1 4167
1 4168
1 4175
3 4187
1 4198
1 4201
1 4206
1 4213
1 4225
1 4247
2 4253
1 4263
1 4272
1 4277
1 4300
1 4304
2 4306
1 4308
1 4309
1 4313
1 4317
4 4321
1 4322
1 4323
2 4329
1 4331
1 4334
1 4335
1 4337
1 4340
1 4462
1 4588
1 4607
1 4654
1 4657
1 4661
1 4672
1 4698
1 4737
1 5002
1 5045
1 5049
1 5064
1 5066
1 5091
1 5093
1 5096
1 5100
1 5106
1 5111
1 5133
1 5146
1 5149
1 5175
1 5180
1 5188
1 5337
1 5354
1 5447
2 5451
1 5485
1 5489
1 5503
1 5516
1 5517
1 5519
3 5536
1 5539
1 5549
1 5560
1 5562
1 5567
1 5579
1 5621
1 5643
1 7222
