3 2
2 3
3 6
2 7
2 8
1 9
3 10
3 11
1 12
11 13
2 14
3 15
3 16
2 17
1 18
1 19
5 20
1 21
1 22
1 23
2 25
1 26
1 27
3 28
1 29
1 30
2 32
1 33
2 34
1 35
1 40
3 42
1 43
2 44
1 45
1 46
2 47
5 48
2 49
1 51
3 52
2 53
1 55
2 56
2 57
1 58
4 59
2 60
1 61
3 62
3 63
3 64
2 65
1 66
1 67
1 68
3 69
2 70
1 71
2 72
3 73
3 74
2 75
3 76
2 77
1 78
1 79
2 80
1 81
5 82
2 84
3 85
3 86
3 87
3 89
4 90
2 91
2 92
2 93
6 94
1 96
1 97
2 98
4 100
1 101
2 102
1 103
5 104
3 105
1 106
2 107
4 108
5 110
4 111
5 112
1 113
4 114
3 115
3 116
4 117
2 118
7 119
4 120
4 121
2 122
1 123
3 125
4 126
3 127
4 128
4 129
2 130
5 131
3 132
3 133
5 134
5 135
2 136
8 137
3 138
1 139
2 140
3 141
3 142
3 143
2 144
3 145
1 146
5 147
1 148
5 149
1 150
1 151
3 152
4 153
5 154
1 155
5 156
2 157
5 158
3 159
4 160
4 161
3 162
8 163
3 164
7 165
6 166
6 167
16 168
10 169
7 170
10 171
11 172
8 173
14 174
15 175
18 176
19 177
18 178
11 179
13 180
3 181
18 182
10 183
11 184
11 185
8 186
11 187
7 188
3 189
6 190
5 191
12 192
3 193
4 194
3 195
8 196
3 197
7 198
2 199
5 200
5 201
4 202
4 203
1 204
7 205
4 206
6 207
5 208
7 209
8 210
5 211
4 212
7 213
11 214
11 215
14 216
4 217
13 218
8 219
9 220
16 221
6 222
14 223
17 224
27 225
29 226
26 227
25 228
36 229
18 230
22 231
21 232
17 233
16 234
10 235
14 236
11 237
7 238
15 239
10 240
10 241
14 242
13 243
16 244
6 245
13 246
10 247
15 248
17 249
16 250
7 251
27 252
17 253
16 254
14 255
17 256
21 257
16 258
12 259
10 260
16 261
17 262
17 263
18 264
14 265
21 266
17 267
20 268
12 269
25 270
22 271
32 272
41 273
35 274
38 275
42 276
55 277
62 278
59 279
77 280
69 281
62 282
69 283
83 284
77 285
90 286
83 287
80 288
82 289
85 290
74 291
54 292
60 293
57 294
64 295
51 296
39 297
41 298
35 299
23 300
26 301
24 302
21 303
21 304
22 305
33 306
33 307
28 308
28 309
22 310
30 311
39 312
36 313
44 314
41 315
61 316
53 317
53 318
67 319
57 320
63 321
59 322
62 323
48 324
50 325
49 326
62 327
48 328
32 329
38 330
41 331
43 332
48 333
32 334
53 335
55 336
61 337
78 338
98 339
79 340
87 341
81 342
103 343
102 344
101 345
111 346
125 347
115 348
122 349
105 350
94 351
98 352
83 353
80 354
65 355
78 356
76 357
69 358
59 359
40 360
65 361
55 362
51 363
44 364
41 365
39 366
50 367
35 368
45 369
36 370
34 371
29 372
31 373
35 374
36 375
29 376
35 377
37 378
39 379
45 380
39 381
41 382
42 383
50 384
41 385
49 386
42 387
49 388
62 389
34 390
48 391
47 392
27 393
32 394
21 395
29 396
24 397
26 398
21 399
10 400
18 401
24 402
17 403
10 404
15 405
9 406
18 407
18 408
12 409
17 410
17 411
23 412
28 413
31 414
28 415
28 416
43 417
40 418
51 419
42 420
55 421
60 422
62 423
53 424
61 425
59 426
58 427
52 428
70 429
67 430
48 431
46 432
41 433
24 434
36 435
29 436
28 437
24 438
30 439
32 440
26 441
18 442
25 443
30 444
17 445
16 446
9 447
14 448
18 449
14 450
17 451
12 452
15 453
9 454
11 455
8 456
8 457
14 458
16 459
7 460
11 461
11 462
13 463
11 464
9 465
11 466
9 467
12 468
11 469
15 470
14 471
21 472
22 473
20 474
25 475
18 476
18 477
26 478
16 479
24 480
22 481
26 482
24 483
16 484
22 485
17 486
6 487
18 488
13 489
9 490
13 491
9 492
11 493
11 494
17 495
12 496
9 497
11 498
15 499
12 500
13 501
19 502
13 503
27 504
19 505
19 506
21 507
22 508
21 509
18 510
26 511
19 512
21 513
26 514
23 515
23 516
24 517
20 518
21 519
27 520
23 521
24 522
23 523
28 524
15 525
15 526
18 527
19 528
21 529
16 530
12 531
14 532
17 533
7 534
11 535
18 536
12 537
14 538
10 539
13 540
10 541
11 542
18 543
17 544
7 545
12 546
4 547
5 548
3 549
4 550
7 551
3 552
5 553
5 554
5 555
5 556
6 557
9 558
9 559
6 560
9 561
11 562
8 563
5 564
6 565
7 566
2 567
6 568
6 569
6 570
6 571
4 572
5 573
3 574
4 575
4 576
10 577
8 578
3 579
6 580
8 581
4 582
9 583
7 584
7 585
5 586
7 587
9 588
1 589
16 590
1 591
5 592
10 593
4 594
9 595
5 596
4 597
7 598
7 599
5 600
7 601
6 602
2 603
4 604
6 605
2 606
5 607
9 608
8 609
11 610
10 611
12 612
11 613
9 614
16 615
10 616
11 617
12 618
14 619
16 620
14 621
16 622
10 623
16 624
15 625
24 626
8 627
13 628
16 629
9 630
15 631
11 632
7 633
5 634
10 635
9 636
3 637
4 638
6 639
5 640
3 641
3 642
5 643
5 644
4 645
3 646
4 647
3 648
2 649
3 650
3 651
1 652
9 653
5 654
5 655
2 656
6 657
7 658
3 659
5 660
5 662
3 663
5 664
5 665
6 666
4 667
2 668
1 669
8 670
8 671
1 672
3 673
4 675
4 676
5 677
3 678
5 679
5 680
9 681
4 682
5 683
4 685
1 686
6 687
3 688
7 689
3 690
2 691
5 693
3 694
5 695
5 696
6 697
6 698
1 699
6 700
3 701
3 702
6 704
4 705
2 706
4 707
3 708
5 709
2 710
7 711
3 712
3 713
5 714
5 715
10 716
4 717
8 718
9 719
2 720
6 721
6 722
4 723
6 724
3 725
8 726
7 727
6 728
11 729
9 730
8 731
8 732
7 733
7 734
2 735
5 736
7 737
2 738
11 739
8 740
10 741
10 742
10 743
5 744
10 745
4 746
9 747
5 748
3 749
9 750
7 751
7 752
5 753
5 754
6 755
5 756
4 757
6 758
7 759
7 760
7 761
8 762
7 763
9 764
9 765
8 766
7 767
9 768
5 769
4 770
7 771
5 772
8 773
6 774
7 775
8 776
4 777
14 778
7 779
8 780
16 781
15 782
12 783
9 784
9 785
15 786
12 787
12 788
21 789
13 790
16 791
23 792
17 793
20 794
17 795
23 796
17 797
19 798
17 799
15 800
17 801
18 802
16 803
12 804
10 805
6 806
8 807
10 808
10 809
8 810
7 811
13 812
5 813
9 814
2 815
9 816
8 817
3 818
4 819
6 820
10 821
7 822
5 823
7 824
1 825
3 826
8 827
3 828
5 829
3 830
5 831
6 832
3 833
9 834
6 835
4 836
4 837
3 838
2 839
4 840
3 841
4 842
3 843
3 844
2 845
4 847
3 848
3 849
4 850
3 851
5 852
4 853
4 854
4 855
4 856
2 857
2 858
3 859
6 860
1 861
5 862
2 863
8 864
3 865
4 866
5 867
5 868
6 869
16 870
5 871
8 872
10 873
13 874
8 875
13 876
7 877
10 878
7 879
8 880
7 881
11 882
10 883
7 884
8 885
8 886
7 887
15 888
7 889
7 890
7 891
11 892
8 893
14 894
11 895
11 896
14 897
6 898
7 899
4 900
7 901
12 902
6 903
11 904
7 905
9 906
12 907
11 908
8 909
10 910
9 911
7 912
3 913
12 914
10 915
9 916
11 917
6 918
11 919
13 920
15 921
13 922
14 923
13 924
12 925
10 926
15 927
9 928
13 929
9 930
14 931
13 932
19 933
11 934
15 935
14 936
16 937
12 938
22 939
20 940
18 941
35 942
22 943
22 944
17 945
16 946
30 947
21 948
26 949
26 950
25 951
25 952
20 953
23 954
17 955
19 956
20 957
22 958
14 959
20 960
11 961
9 962
6 963
10 964
11 965
9 966
7 967
9 968
2 969
13 970
7 971
7 972
3 973
9 974
6 975
4 976
3 977
7 978
8 979
6 980
6 981
4 982
6 983
4 984
9 985
4 986
4 987
3 988
8 989
7 990
6 991
1 992
5 993
4 994
8 995
5 996
9 997
4 998
7 999
4 1000
8 1001
9 1002
11 1003
6 1004
3 1005
9 1006
14 1007
5 1008
11 1009
13 1010
10 1011
8 1012
8 1013
8 1014
7 1015
10 1016
6 1017
12 1018
13 1019
10 1020
5 1021
6 1022
11 1023
9 1024
7 1025
6 1026
9 1027
10 1028
9 1029
10 1030
8 1031
10 1032
14 1033
12 1034
9 1035
9 1036
13 1037
10 1038
11 1039
10 1040
17 1041
9 1042
14 1043
15 1044
9 1045
15 1046
11 1047
11 1048
14 1049
11 1050
13 1051
13 1052
13 1053
15 1054
10 1055
17 1056
18 1057
20 1058
15 1059
15 1060
19 1061
17 1062
21 1063
20 1064
13 1065
18 1066
21 1067
16 1068
15 1069
17 1070
25 1071
21 1072
30 1073
28 1074
29 1075
29 1076
17 1077
19 1078
21 1079
18 1080
27 1081
20 1082
26 1083
16 1084
23 1085
24 1086
17 1087
19 1088
17 1089
9 1090
14 1091
23 1092
19 1093
17 1094
9 1095
11 1096
13 1097
15 1098
16 1099
15 1100
11 1101
21 1102
11 1103
17 1104
13 1105
14 1106
24 1107
16 1108
17 1109
16 1110
19 1111
18 1112
22 1113
17 1114
19 1115
19 1116
16 1117
20 1118
25 1119
20 1120
17 1121
20 1122
18 1123
25 1124
23 1125
27 1126
20 1127
19 1128
24 1129
19 1130
25 1131
16 1132
26 1133
35 1134
24 1135
24 1136
17 1137
29 1138
28 1139
29 1140
30 1141
28 1142
27 1143
32 1144
28 1145
37 1146
30 1147
37 1148
32 1149
31 1150
29 1151
31 1152
32 1153
32 1154
39 1155
39 1156
38 1157
50 1158
38 1159
41 1160
41 1161
47 1162
35 1163
52 1164
42 1165
42 1166
60 1167
44 1168
39 1169
45 1170
42 1171
42 1172
47 1173
57 1174
63 1175
72 1176
47 1177
83 1178
66 1179
81 1180
72 1181
84 1182
87 1183
102 1184
94 1185
95 1186
122 1187
104 1188
112 1189
116 1190
128 1191
127 1192
150 1193
137 1194
153 1195
172 1196
142 1197
203 1198
167 1199
143 1200
163 1201
141 1202
164 1203
157 1204
177 1205
156 1206
142 1207
142 1208
129 1209
129 1210
103 1211
110 1212
112 1213
92 1214
74 1215
77 1216
70 1217
55 1218
67 1219
43 1220
47 1221
37 1222
47 1223
38 1224
39 1225
27 1226
26 1227
35 1228
30 1229
16 1230
16 1231
22 1232
16 1233
25 1234
13 1235
19 1236
19 1237
19 1238
16 1239
14 1240
23 1241
22 1242
17 1243
19 1244
22 1245
21 1246
20 1247
9 1248
19 1249
15 1250
22 1251
29 1252
25 1253
30 1254
28 1255
18 1256
33 1257
28 1258
31 1259
24 1260
27 1261
25 1262
40 1263
30 1264
26 1265
31 1266
33 1267
23 1268
27 1269
26 1270
27 1271
26 1272
23 1273
31 1274
27 1275
25 1276
38 1277
42 1278
43 1279
33 1280
26 1281
31 1282
23 1283
44 1284
34 1285
29 1286
32 1287
36 1288
29 1289
38 1290
41 1291
33 1292
35 1293
22 1294
32 1295
26 1296
32 1297
22 1298
20 1299
23 1300
20 1301
22 1302
19 1303
16 1304
7 1305
13 1306
13 1307
15 1308
8 1309
5 1310
7 1311
9 1312
9 1313
9 1314
3 1315
13 1316
6 1317
3 1318
7 1319
5 1320
4 1321
5 1322
6 1323
5 1324
3 1326
2 1327
2 1328
2 1329
9 1330
2 1331
5 1332
1 1333
6 1334
2 1335
1 1336
1 1337
2 1338
4 1339
2 1341
2 1342
6 1343
3 1344
2 1346
2 1347
5 1349
3 1350
1 1351
3 1352
3 1353
1 1354
4 1355
3 1357
2 1360
1 1361
1 1363
3 1364
4 1366
3 1367
6 1368
3 1369
3 1370
2 1371
3 1372
2 1373
4 1374
3 1375
2 1376
2 1377
3 1378
4 1379
3 1380
4 1381
2 1382
1 1384
3 1385
3 1386
1 1387
2 1388
2 1389
3 1390
6 1391
6 1392
2 1393
5 1394
2 1395
4 1396
4 1397
3 1398
4 1399
6 1400
5 1401
2 1402
3 1404
6 1405
1 1406
4 1407
1 1408
2 1409
4 1410
2 1411
2 1412
4 1413
6 1414
4 1415
2 1416
4 1417
4 1418
6 1419
6 1420
1 1421
6 1422
3 1423
7 1424
4 1425
10 1426
4 1427
1 1428
5 1429
5 1430
5 1431
11 1432
3 1433
8 1434
9 1435
4 1436
6 1437
6 1438
3 1439
6 1440
6 1441
7 1442
8 1443
13 1444
6 1445
9 1446
6 1447
5 1448
8 1449
6 1450
8 1451
8 1452
10 1453
13 1454
8 1455
12 1456
11 1457
7 1458
11 1459
9 1460
11 1461
11 1462
9 1463
12 1464
16 1465
11 1466
15 1467
17 1468
16 1469
17 1470
17 1471
21 1472
19 1473
22 1474
17 1475
18 1476
19 1477
19 1478
17 1479
15 1480
9 1481
11 1482
13 1483
11 1484
12 1485
15 1486
6 1487
8 1488
11 1489
10 1490
9 1491
8 1492
9 1493
4 1494
13 1495
7 1496
6 1497
9 1498
5 1499
7 1500
6 1501
9 1502
6 1503
2 1504
2 1505
4 1506
6 1507
3 1508
4 1509
4 1510
4 1511
2 1512
3 1513
4 1514
7 1515
1 1517
4 1518
2 1519
5 1520
3 1521
5 1522
3 1523
2 1524
8 1525
6 1526
6 1527
4 1528
2 1529
5 1530
3 1531
2 1532
6 1533
3 1534
4 1535
2 1536
2 1537
3 1538
3 1539
2 1540
7 1541
5 1542
5 1543
4 1544
3 1545
4 1546
3 1547
4 1548
6 1549
5 1551
1 1552
5 1553
9 1554
6 1555
3 1556
2 1557
4 1558
6 1559
4 1560
3 1561
3 1562
4 1563
7 1564
8 1565
4 1566
10 1567
6 1568
8 1569
7 1570
5 1571
6 1572
8 1573
9 1574
6 1575
6 1576
5 1577
7 1578
6 1579
6 1580
5 1581
10 1582
10 1583
5 1584
8 1585
13 1586
6 1587
16 1588
12 1589
10 1590
10 1591
10 1592
11 1593
7 1594
5 1595
7 1596
5 1597
10 1598
7 1599
6 1600
5 1601
8 1602
5 1603
12 1604
5 1605
5 1606
5 1607
9 1608
5 1609
6 1610
7 1611
2 1612
4 1613
2 1614
6 1615
10 1616
4 1617
7 1618
9 1619
8 1620
4 1621
7 1622
3 1623
7 1624
1 1625
8 1626
5 1627
9 1628
6 1629
6 1630
6 1631
6 1632
10 1633
10 1634
4 1635
9 1636
10 1637
7 1638
4 1639
9 1640
2 1641
9 1642
8 1643
8 1644
13 1645
6 1646
14 1647
13 1648
10 1649
9 1650
12 1651
15 1652
16 1653
12 1654
18 1655
13 1656
14 1657
11 1658
16 1659
17 1660
21 1661
12 1662
13 1663
22 1664
28 1665
30 1666
22 1667
30 1668
25 1669
25 1670
19 1671
23 1672
28 1673
22 1674
22 1675
22 1676
24 1677
30 1678
37 1679
29 1680
46 1681
36 1682
36 1683
35 1684
27 1685
33 1686
33 1687
39 1688
32 1689
48 1690
40 1691
40 1692
32 1693
43 1694
39 1695
50 1696
45 1697
47 1698
40 1699
35 1700
35 1701
44 1702
43 1703
32 1704
56 1705
51 1706
48 1707
51 1708
39 1709
50 1710
42 1711
41 1712
47 1713
48 1714
33 1715
48 1716
37 1717
41 1718
57 1719
35 1720
42 1721
39 1722
53 1723
41 1724
31 1725
31 1726
37 1727
40 1728
46 1729
39 1730
30 1731
36 1732
43 1733
32 1734
30 1735
30 1736
29 1737
23 1738
26 1739
25 1740
28 1741
24 1742
21 1743
23 1744
21 1745
20 1746
18 1747
12 1748
17 1749
28 1750
6 1751
9 1752
21 1753
12 1754
18 1755
12 1756
11 1757
12 1758
7 1759
11 1760
13 1761
5 1762
11 1763
14 1764
6 1765
14 1766
8 1767
4 1768
7 1769
8 1770
3 1771
5 1772
7 1773
9 1774
10 1775
5 1776
9 1777
6 1778
13 1779
11 1780
8 1781
13 1782
8 1783
9 1784
17 1785
7 1786
4 1787
13 1788
10 1789
9 1790
5 1791
11 1792
13 1793
11 1794
11 1795
7 1796
9 1797
8 1798
5 1799
5 1800
12 1801
8 1802
13 1803
11 1804
7 1805
8 1806
12 1807
5 1808
3 1809
9 1810
9 1811
10 1812
8 1813
7 1814
8 1815
8 1816
7 1817
9 1818
5 1819
13 1820
4 1821
4 1822
6 1823
12 1824
9 1825
6 1826
5 1827
5 1828
5 1829
1 1830
4 1831
5 1832
2 1833
6 1834
5 1835
3 1836
6 1837
3 1838
6 1839
4 1840
4 1841
2 1842
1 1843
3 1844
2 1845
2 1846
4 1847
5 1848
2 1849
7 1850
5 1851
2 1852
4 1853
1 1854
2 1855
3 1856
6 1857
5 1858
3 1859
1 1860
5 1861
1 1862
1 1863
2 1864
2 1865
2 1866
3 1867
1 1868
2 1869
4 1870
2 1871
2 1872
3 1873
1 1874
2 1875
1 1876
2 1877
1 1878
3 1879
3 1880
3 1881
4 1882
4 1883
2 1884
3 1885
4 1886
2 1887
2 1888
4 1889
1 1890
3 1892
6 1893
6 1894
4 1895
6 1896
3 1897
8 1898
8 1899
4 1900
1 1901
8 1902
3 1903
4 1904
5 1905
2 1906
2 1907
2 1908
3 1909
4 1910
4 1911
1 1912
4 1913
2 1914
5 1915
3 1916
4 1918
3 1919
3 1920
4 1921
3 1922
4 1923
3 1924
2 1925
2 1926
2 1927
4 1928
4 1929
3 1930
2 1933
3 1934
1 1935
2 1936
2 1937
1 1938
1 1939
3 1940
1 1941
1 1942
2 1943
1 1944
1 1946
1 1947
1 1948
1 1950
1 1954
1 1955
1 1956
1 1957
1 1958
2 1959
1 1960
1 1961
1 1963
2 1964
1 1965
1 1966
1 1969
1 1971
2 1972
1 1973
1 1974
1 1975
1 1979
1 1981
1 1985
1 1987
2 1988
1 1989
1 1990
1 1992
2 1995
1 1998
2 2000
1 2006
1 2012
1 2013
1 2014
1 2017
1 2022
2 2025
1 2028
2 2031
2 2035
2 2036
1 2039
3 2040
1 2041
1 2042
2 2044
2 2048
1 2053
1 2054
1 2055
1 2056
2 2057
1 2058
1 2059
1 2060
1 2061
2 2062
2 2066
5 2067
2 2068
2 2069
2 2070
1 2071
1 2072
2 2074
1 2075
2 2076
1 2077
1 2078
3 2079
3 2086
1 2088
1 2089
2 2090
1 2093
3 2094
1 2097
2 2098
2 2100
1 2104
5 2105
1 2107
2 2110
1 2113
1 2116
1 2117
2 2118
1 2119
3 2120
1 2122
1 2126
1 2130
2 2132
1 2133
2 2137
2 2138
1 2139
1 2142
2 2144
1 2146
1 2148
1 2149
2 2150
1 2151
1 2153
2 2154
1 2159
2 2162
3 2165
1 2166
1 2168
1 2170
1 2171
1 2172
1 2176
1 2177
1 2182
1 2184
1 2186
1 2188
1 2189
2 2192
1 2196
1 2197
2 2199
1 2203
1 2204
2 2206
2 2208
1 2210
1 2211
1 2213
2 2219
1 2221
1 2222
1 2223
1 2224
1 2225
2 2226
3 2227
1 2228
2 2230
1 2231
1 2234
1 2238
2 2240
1 2241
2 2243
1 2246
2 2253
2 2254
1 2256
1 2257
3 2258
1 2260
3 2261
2 2263
2 2266
1 2268
2 2269
1 2272
1 2276
1 2278
1 2280
3 2281
1 2283
1 2286
1 2299
2 2300
1 2302
1 2304
1 2310
2 2315
1 2325
1 2326
1 2350
1 2357
1 2359
1 2364
1 2368
1 2374
1 2377
1 2379
2 2382
1 2383
1 2395
2 2398
2 2403
1 2405
1 2408
1 2410
1 2417
1 2428
1 2436
1 2439
1 2440
1 2458
1 2460
1 2463
1 2471
1 2480
1 2487
1 2492
1 2495
2 2498
1 2500
1 2503
1 2512
1 2515
1 2526
1 2549
2 2553
1 2557
1 2563
1 2574
1 2576
1 2581
1 2588
1 2591
1 2601
1 2602
1 2604
1 2609
1 2610
1 2650
1 2666
1 2673
1 2680
1 2693
1 2711
1 2714
1 2724
1 2727
1 2732
1 2748
2 2756
1 2781
1 2786
1 2788
1 2793
1 2795
1 2799
2 2815
1 2816
1 2817
1 2825
2 2835
1 2841
1 2842
1 2856
1 2858
1 2866
1 2869
1 2877
1 2881
1 2882
1 2887
1 2892
1 2899
1 2912
1 2926
1 2929
1 2935
1 2939
1 2940
1 2951
1 2956
1 2957
1 2959
1 2963
1 2980
1 2981
1 2982
1 2987
1 2988
1 2990
2 2991
1 2996
1 2998
2 3000
1 3002
1 3005
3 3007
1 3009
1 3010
1 3011
1 3012
1 3015
1 3016
1 3018
1 3019
1 3020
1 3021
1 3023
2 3024
1 3025
1 3028
1 3029
2 3031
1 3032
1 3033
2 3035
1 3036
1 3037
2 3038
1 3039
1 3045
1 3047
2 3050
1 3052
1 3054
1 3055
2 3057
1 3058
2 3061
2 3066
1 3068
2 3078
3 3082
1 3092
1 3095
1 3097
1 3107
1 3194
1 3203
1 3243
1 3257
2 3259
1 3277
1 3294
1 3307
1 3319
1 3351
1 3357
1 3371
1 3390
1 3458
1 3492
1 3510
1 3514
1 3517
1 3564
2 3582
1 3641
1 3704
1 3707
1 3719
1 3741
1 3752
1 3754
1 3758
1 3789
1 3811
1 3817
1 3866
1 3971
1 4069
1 4464
1 5266
