1 1
2 2
1 3
2 4
2 5
2 6
3 7
1 11
1 13
1 14
1 15
1 16
1 17
2 18
1 21
3 22
3 23
2 24
1 25
1 27
2 28
2 30
1 31
2 32
3 33
1 35
1 36
3 37
1 38
4 39
8 40
9 41
4 42
2 43
1 46
1 47
2 49
2 50
1 51
2 52
2 55
2 56
1 57
1 59
2 60
3 61
6 62
3 63
4 64
2 65
2 66
1 67
1 68
6 69
2 70
3 71
2 72
4 73
4 74
2 75
3 76
1 77
3 78
1 79
1 81
1 82
1 83
1 84
2 85
2 86
2 88
2 89
2 90
1 91
4 92
2 93
1 94
2 95
2 97
4 98
1 101
3 102
1 103
2 104
4 105
1 106
1 107
3 108
3 109
3 110
5 111
1 112
1 113
3 115
2 116
4 117
6 118
1 119
2 120
1 121
5 122
4 124
9 125
8 126
5 127
8 128
4 129
11 130
7 131
13 132
13 133
22 134
30 135
31 136
47 137
38 138
57 139
57 140
62 141
52 142
47 143
29 144
26 145
29 146
8 147
13 148
13 149
9 150
3 151
6 152
5 153
5 154
8 155
8 156
5 157
5 158
3 159
8 160
4 161
6 162
1 163
6 164
2 165
5 166
2 167
2 168
3 169
4 170
5 171
3 172
8 173
15 174
4 175
6 176
10 177
8 178
4 179
3 180
6 181
7 182
4 183
5 184
5 185
7 186
5 187
5 188
6 189
8 190
4 191
6 192
12 193
11 194
6 195
7 196
7 197
8 198
8 199
5 200
8 201
10 202
5 203
7 204
1 205
7 206
4 207
3 208
3 209
4 210
8 211
6 212
13 213
6 214
8 215
13 216
9 217
7 218
9 219
7 220
6 221
7 222
4 223
7 224
9 225
9 226
5 227
5 228
7 229
6 230
4 231
4 232
10 233
8 234
5 235
4 236
5 237
7 238
9 239
5 240
1 241
5 242
4 243
6 244
4 245
5 246
9 247
9 248
7 249
6 250
10 251
7 252
12 253
8 254
19 255
9 256
13 257
13 258
20 259
21 260
27 261
42 262
37 263
31 264
33 265
41 266
56 267
49 268
66 269
75 270
73 271
91 272
87 273
76 274
65 275
77 276
60 277
33 278
54 279
44 280
28 281
23 282
22 283
22 284
13 285
14 286
15 287
10 288
7 289
3 290
8 291
11 292
6 293
9 294
4 295
8 296
7 297
9 298
5 299
7 300
6 301
6 302
10 303
6 304
6 305
12 306
11 307
3 308
11 309
6 310
8 311
8 312
11 313
4 314
10 315
12 316
11 317
9 318
10 319
8 320
8 321
8 322
17 323
15 324
11 325
18 326
16 327
13 328
11 329
20 330
15 331
16 332
19 333
22 334
17 335
19 336
27 337
22 338
34 339
26 340
31 341
33 342
29 343
42 344
39 345
31 346
30 347
35 348
32 349
29 350
35 351
30 352
33 353
37 354
51 355
47 356
61 357
72 358
76 359
79 360
96 361
130 362
126 363
142 364
136 365
160 366
144 367
169 368
151 369
154 370
140 371
114 372
115 373
96 374
86 375
61 376
47 377
51 378
27 379
27 380
15 381
12 382
19 383
8 384
5 385
6 386
5 387
6 388
8 389
3 390
8 391
2 392
5 393
5 394
7 395
9 396
8 397
4 398
3 399
9 400
4 401
3 402
7 403
5 404
4 405
4 406
3 407
6 408
2 409
3 410
7 411
5 412
2 413
3 414
2 415
5 416
13 417
7 418
5 419
6 420
4 421
3 422
2 423
4 424
2 425
2 426
8 427
4 428
5 429
5 430
11 431
4 432
9 433
7 434
5 435
5 436
13 437
14 438
4 439
12 440
6 441
6 442
3 443
5 444
7 445
4 446
5 447
7 448
5 449
7 450
9 451
5 452
9 453
6 454
11 455
9 456
9 457
7 458
6 459
6 460
8 461
6 462
10 463
14 464
7 465
15 466
10 467
13 468
9 469
9 470
9 471
14 472
8 473
14 474
11 475
8 476
7 477
7 478
2 479
7 480
8 481
10 482
12 483
13 484
9 485
14 486
11 487
16 488
6 489
10 490
8 491
12 492
9 493
13 494
13 495
15 496
7 497
19 498
9 499
17 500
17 501
14 502
14 503
22 504
15 505
22 506
20 507
20 508
23 509
26 510
31 511
37 512
29 513
35 514
28 515
31 516
42 517
36 518
43 519
38 520
61 521
56 522
48 523
65 524
54 525
54 526
59 527
64 528
69 529
69 530
67 531
77 532
70 533
77 534
90 535
76 536
106 537
97 538
116 539
139 540
118 541
140 542
171 543
185 544
216 545
242 546
240 547
315 548
315 549
371 550
350 551
398 552
441 553
449 554
458 555
467 556
428 557
423 558
372 559
404 560
383 561
320 562
264 563
253 564
203 565
172 566
145 567
122 568
100 569
69 570
64 571
61 572
42 573
50 574
29 575
26 576
21 577
19 578
18 579
14 580
16 581
10 582
9 583
14 584
9 585
5 586
4 587
11 588
7 589
7 590
10 591
10 592
9 593
11 594
7 595
6 596
5 597
7 598
7 599
10 600
11 601
4 602
8 603
8 604
5 605
5 606
9 607
3 608
3 609
6 610
6 611
8 612
6 613
5 614
8 615
12 616
5 617
10 618
5 619
7 620
5 621
6 622
9 623
17 624
11 625
13 626
9 627
11 628
4 629
10 630
6 631
10 632
13 633
8 634
9 635
9 636
14 637
11 638
12 639
12 640
14 641
22 642
11 643
19 644
15 645
11 646
11 647
18 648
14 649
12 650
16 651
22 652
19 653
17 654
12 655
22 656
18 657
20 658
23 659
21 660
20 661
19 662
25 663
29 664
27 665
28 666
27 667
28 668
31 669
32 670
40 671
35 672
35 673
51 674
29 675
45 676
50 677
49 678
67 679
58 680
65 681
83 682
73 683
84 684
86 685
89 686
94 687
105 688
112 689
129 690
144 691
143 692
159 693
142 694
164 695
150 696
131 697
177 698
148 699
166 700
158 701
177 702
166 703
145 704
172 705
128 706
146 707
122 708
116 709
123 710
113 711
97 712
80 713
80 714
72 715
55 716
67 717
42 718
51 719
51 720
34 721
35 722
29 723
18 724
25 725
18 726
19 727
15 728
16 729
9 730
12 731
13 732
6 733
9 734
5 735
7 736
6 737
6 738
10 739
7 740
12 741
5 742
4 743
5 744
8 745
9 746
12 747
4 748
12 749
11 750
6 751
11 752
11 753
9 754
9 755
4 756
8 757
4 758
8 759
16 760
12 761
11 762
6 763
8 764
6 765
5 766
3 767
12 768
4 769
4 770
5 771
9 772
5 773
8 774
5 775
4 776
6 777
6 778
3 779
9 780
11 781
4 782
4 783
5 784
4 785
4 786
7 787
7 788
6 789
8 790
11 791
7 792
3 793
7 794
6 795
12 796
9 797
12 798
12 799
7 800
8 801
18 802
14 803
10 804
12 805
12 806
16 807
17 808
13 809
23 810
13 811
11 812
18 813
13 814
23 815
17 816
17 817
19 818
14 819
17 820
17 821
11 822
18 823
16 824
18 825
19 826
10 827
25 828
24 829
12 830
23 831
14 832
18 833
19 834
24 835
27 836
24 837
28 838
33 839
30 840
31 841
41 842
40 843
38 844
53 845
48 846
52 847
64 848
63 849
65 850
87 851
65 852
96 853
96 854
91 855
125 856
111 857
103 858
98 859
86 860
93 861
102 862
93 863
96 864
120 865
104 866
90 867
91 868
118 869
96 870
81 871
111 872
88 873
119 874
97 875
82 876
92 877
107 878
101 879
99 880
113 881
122 882
125 883
130 884
103 885
114 886
112 887
109 888
93 889
79 890
86 891
84 892
82 893
79 894
54 895
57 896
51 897
47 898
43 899
40 900
41 901
31 902
28 903
22 904
19 905
24 906
21 907
8 908
20 909
14 910
13 911
6 912
19 913
10 914
17 915
6 916
11 917
7 918
9 919
8 920
10 921
10 922
7 923
6 924
6 925
8 926
7 927
7 928
11 929
5 930
10 931
7 932
5 933
7 934
14 935
7 936
9 937
5 938
6 939
9 940
7 941
7 942
3 943
8 944
6 945
5 946
10 947
6 948
7 949
6 950
14 951
11 952
9 953
10 954
9 955
19 956
11 957
13 958
11 959
12 960
9 961
17 962
16 963
13 964
7 965
24 966
22 967
23 968
22 969
22 970
26 971
32 972
31 973
32 974
40 975
38 976
44 977
44 978
36 979
50 980
75 981
73 982
63 983
61 984
69 985
67 986
58 987
70 988
81 989
69 990
77 991
82 992
75 993
89 994
88 995
80 996
69 997
66 998
74 999
58 1000
57 1001
58 1002
78 1003
51 1004
54 1005
56 1006
49 1007
37 1008
46 1009
27 1010
29 1011
23 1012
40 1013
39 1014
36 1015
28 1016
33 1017
29 1018
27 1019
28 1020
18 1021
21 1022
22 1023
28 1024
24 1025
19 1026
31 1027
18 1028
22 1029
16 1030
17 1031
18 1032
11 1033
12 1034
18 1035
13 1036
8 1037
14 1038
17 1039
12 1040
13 1041
11 1042
7 1043
5 1044
8 1045
8 1046
9 1047
8 1048
3 1049
5 1050
5 1051
3 1052
5 1053
7 1054
6 1055
2 1056
5 1057
6 1058
6 1059
1 1060
6 1061
2 1062
8 1063
2 1064
4 1065
3 1066
2 1067
4 1068
2 1069
3 1070
6 1071
8 1072
3 1073
1 1074
2 1075
3 1076
2 1077
1 1078
4 1079
4 1080
2 1081
4 1082
4 1083
3 1084
2 1085
3 1086
3 1087
3 1088
3 1089
2 1090
2 1091
1 1092
4 1093
4 1094
1 1095
2 1096
4 1097
3 1098
1 1099
4 1100
3 1101
5 1102
3 1104
3 1105
3 1106
6 1107
7 1108
2 1109
3 1110
7 1111
9 1112
4 1113
5 1114
8 1115
7 1116
5 1117
7 1118
7 1119
5 1120
5 1121
9 1122
5 1123
10 1124
5 1125
5 1126
8 1127
5 1128
9 1129
15 1130
13 1131
6 1132
8 1133
16 1134
16 1135
14 1136
9 1137
11 1138
10 1139
7 1140
6 1141
9 1142
7 1143
2 1144
8 1145
7 1146
7 1147
5 1148
6 1149
7 1150
5 1151
5 1152
5 1153
4 1155
4 1156
4 1157
6 1158
5 1159
1 1160
6 1161
1 1162
4 1163
1 1164
4 1165
2 1167
1 1169
2 1172
2 1173
1 1174
1 1180
1 1196
1 1202
1 1203
1 1205
1 1224
1 1235
1 1239
1 1242
1 1243
1 1245
1 1246
1 1249
1 1251
1 1253
1 1255
1 1268
1 1271
1 1281
1 1285
1 1288
1 1289
1 1291
1 1295
1 1299
1 1300
2 1301
1 1302
3 1303
1 1307
1 1313
3 1314
2 1317
1 1320
1 1321
1 1322
2 1323
1 1326
1 1327
1 1329
1 1331
1 1333
2 1334
2 1335
1 1338
2 1353
1 1366
1 1368
1 1369
1 1379
2 1389
1 1399
1 1401
1 1413
1 1427
1 1428
1 1435
1 1436
1 1438
1 1451
1 1467
1 1473
1 1482
1 1484
1 1487
1 1496
1 1497
1 1507
1 1511
1 1513
1 1514
1 1519
1 1521
1 1525
1 1537
1 1541
1 1544
1 1547
1 1553
1 1561
1 1567
1 1569
1 1574
1 1577
2 1582
1 1592
1 1593
1 1598
1 1606
1 1624
1 1638
1 1643
2 1645
1 1651
1 1665
1 1675
1 1677
1 1688
1 1714
2 1726
1 1750
1 1755
1 1759
1 1768
1 1770
1 1771
1 1773
1 1781
1 1784
1 1786
1 1792
1 1796
1 1804
1 1810
1 1817
1 1831
1 1832
1 1833
1 1838
1 1839
1 1845
1 1860
1 1873
1 1877
1 1894
1 1901
1 1902
1 1925
1 1935
1 1943
1 1955
1 1966
1 1989
1 2039
1 2062
1 2078
1 2096
1 2105
1 2145
1 2203
1 2304
1 2505
1 2547
1 2605
1 2638
1 2645
1 2791
1 2831
1 2841
1 2868
1 2995
1 3017
1 3610
1 3747
1 3778
1 3781
1 3782
1 3802
1 3823
1 3840
1 4599
