1 2
1 3
2 6
3 9
1 10
2 13
1 15
1 16
1 17
1 20
1 23
1 24
1 25
3 27
2 30
1 35
1 36
3 37
7 38
4 39
4 40
5 41
2 42
2 43
1 48
1 50
1 51
1 53
2 56
1 57
1 60
2 61
1 63
1 64
1 65
1 70
1 71
1 74
1 78
1 80
2 81
2 82
1 84
1 85
1 87
1 88
1 89
1 91
1 92
2 94
1 97
1 99
3 101
1 102
1 103
1 104
1 105
2 106
1 107
2 109
5 111
1 113
1 114
3 115
5 116
5 117
1 118
1 119
1 120
2 121
1 122
2 123
1 124
1 125
1 126
3 128
1 129
1 130
5 131
3 132
1 133
3 134
2 135
2 136
3 137
2 138
2 139
3 140
5 141
5 142
4 143
3 144
4 145
5 146
2 147
2 148
2 149
1 153
1 154
1 155
1 157
2 158
2 159
2 160
2 161
1 162
2 165
1 167
1 168
1 169
2 172
2 173
2 174
2 175
2 176
3 177
1 178
1 179
1 180
3 181
3 182
4 183
3 185
3 186
1 187
6 188
3 190
5 191
6 192
4 193
4 194
3 195
5 196
5 197
6 198
3 199
1 200
2 201
2 202
2 203
1 204
3 205
1 206
1 207
1 209
1 210
2 211
2 212
1 214
2 215
4 216
1 217
5 218
1 219
4 220
2 221
2 222
2 223
2 224
1 225
1 226
4 227
2 228
4 229
4 230
2 231
6 232
1 233
3 234
5 235
1 236
3 237
3 239
5 240
2 241
6 242
1 243
3 244
3 245
2 246
4 248
3 249
5 250
2 251
6 252
5 253
4 254
3 255
5 256
2 257
7 258
1 259
4 260
4 261
3 262
4 263
3 264
1 265
3 266
7 267
1 268
6 269
5 270
3 271
5 272
4 273
5 274
4 275
2 276
1 277
6 278
2 279
5 280
6 281
4 282
3 283
11 284
4 285
6 286
8 287
3 288
3 289
2 290
6 291
4 292
4 293
2 294
4 295
5 296
2 297
3 298
1 299
6 300
5 301
8 302
9 303
4 304
4 305
4 306
1 307
7 308
2 309
4 310
3 311
4 312
5 313
4 314
5 315
5 316
2 317
8 318
9 319
5 320
5 321
7 322
8 323
11 324
6 325
7 326
15 327
9 328
7 329
7 330
9 331
9 332
4 333
2 334
5 335
4 336
4 337
6 338
5 339
4 340
7 341
6 342
5 343
5 344
14 345
6 346
9 347
6 348
12 349
2 350
8 351
5 352
2 353
2 354
5 355
6 356
5 357
8 358
5 359
2 360
8 361
5 362
8 363
6 364
7 365
7 366
11 367
15 368
4 369
10 370
12 371
8 372
4 373
8 374
10 375
8 376
11 377
11 378
8 379
13 380
14 381
11 382
13 383
7 384
11 385
18 386
8 387
13 388
12 389
19 390
13 391
9 392
15 393
22 394
16 395
18 396
14 397
15 398
14 399
17 400
29 401
27 402
23 403
24 404
30 405
26 406
34 407
25 408
37 409
27 410
23 411
42 412
26 413
21 414
19 415
27 416
26 417
22 418
14 419
19 420
30 421
22 422
29 423
25 424
25 425
26 426
25 427
24 428
35 429
34 430
41 431
33 432
38 433
53 434
43 435
60 436
51 437
52 438
70 439
62 440
50 441
55 442
53 443
51 444
41 445
49 446
44 447
26 448
34 449
33 450
26 451
26 452
21 453
22 454
14 455
17 456
22 457
19 458
29 459
23 460
24 461
36 462
25 463
22 464
29 465
41 466
35 467
47 468
43 469
58 470
53 471
55 472
58 473
60 474
65 475
66 476
60 477
71 478
64 479
69 480
74 481
89 482
91 483
101 484
113 485
125 486
125 487
158 488
186 489
193 490
238 491
261 492
309 493
332 494
370 495
428 496
431 497
473 498
579 499
571 500
562 501
623 502
627 503
631 504
628 505
609 506
529 507
490 508
429 509
398 510
330 511
278 512
240 513
196 514
162 515
147 516
108 517
90 518
81 519
50 520
46 521
41 522
35 523
34 524
18 525
24 526
10 527
10 528
19 529
15 530
3 531
2 532
10 533
6 534
3 535
2 536
9 537
2 538
6 539
2 540
5 541
12 542
1 543
4 544
1 545
4 546
3 547
3 548
3 549
1 550
4 551
1 552
6 553
2 555
5 556
3 557
3 558
4 559
1 560
2 561
3 562
2 563
3 564
2 565
2 566
2 567
1 568
1 569
2 570
2 572
2 573
1 574
2 575
2 576
3 577
1 578
1 579
1 582
5 583
3 584
2 585
2 586
1 587
2 588
4 589
1 590
1 592
3 593
2 594
3 595
3 596
2 599
1 600
1 602
2 603
1 604
2 605
2 606
2 607
3 608
4 609
4 610
1 611
5 612
3 613
3 614
1 615
2 616
5 617
1 618
3 619
1 620
1 622
4 623
1 624
5 625
2 626
1 627
2 628
3 629
4 630
1 631
2 632
1 633
5 634
2 635
4 636
2 637
4 638
4 639
1 640
4 642
1 643
5 644
2 645
2 646
3 647
1 648
5 649
4 650
1 651
2 652
3 653
5 654
1 655
1 656
3 657
3 658
2 660
5 661
2 662
1 663
3 664
5 665
1 666
2 668
3 669
4 670
3 671
3 672
2 673
3 674
4 675
4 676
1 677
2 678
3 679
7 680
8 681
3 682
9 683
2 684
7 685
3 686
5 687
6 688
6 689
5 690
1 691
7 692
5 693
7 694
4 695
5 696
4 697
6 698
1 699
6 700
5 701
1 702
6 703
3 704
2 705
4 706
7 707
6 708
3 709
4 710
5 711
8 712
7 713
7 714
2 715
6 716
3 717
2 718
10 719
6 720
9 721
8 722
6 723
7 724
4 725
4 726
4 727
9 728
7 729
6 730
7 731
7 732
10 733
4 734
8 735
5 736
6 737
12 738
7 739
7 740
7 741
8 742
10 743
7 744
17 745
10 746
15 747
15 748
18 749
12 750
25 751
19 752
11 753
13 754
16 755
17 756
25 757
18 758
25 759
10 760
14 761
19 762
14 763
23 764
26 765
18 766
21 767
23 768
23 769
26 770
17 771
11 772
14 773
15 774
19 775
16 776
11 777
13 778
13 779
12 780
14 781
23 782
12 783
12 784
15 785
22 786
19 787
15 788
13 789
11 790
10 791
15 792
18 793
15 794
14 795
19 796
18 797
13 798
14 799
20 800
20 801
16 802
19 803
26 804
23 805
25 806
24 807
27 808
35 809
24 810
40 811
39 812
43 813
44 814
47 815
37 816
40 817
57 818
54 819
42 820
48 821
63 822
60 823
63 824
67 825
76 826
76 827
95 828
94 829
73 830
82 831
81 832
71 833
82 834
91 835
89 836
70 837
110 838
56 839
64 840
75 841
63 842
53 843
45 844
52 845
49 846
47 847
35 848
30 849
28 850
27 851
27 852
18 853
13 854
12 855
18 856
22 857
15 858
12 859
18 860
21 861
9 862
11 863
11 864
8 865
13 866
10 867
11 868
13 869
14 870
10 871
15 872
4 873
10 874
11 875
10 876
15 877
12 878
18 879
13 880
16 881
15 882
18 883
26 884
22 885
24 886
18 887
23 888
21 889
31 890
27 891
28 892
25 893
27 894
31 895
35 896
31 897
39 898
38 899
44 900
35 901
35 902
36 903
34 904
37 905
56 906
36 907
36 908
31 909
35 910
26 911
34 912
40 913
37 914
21 915
20 916
21 917
27 918
16 919
16 920
22 921
11 922
10 923
18 924
9 925
8 926
13 927
7 928
3 929
7 930
4 931
2 932
5 933
4 934
3 935
5 936
3 937
5 938
1 939
2 940
2 942
4 944
1 945
2 946
2 947
3 948
2 949
4 951
1 953
1 954
5 955
1 956
1 957
2 958
1 959
2 960
1 961
3 962
2 963
5 964
2 965
6 966
6 967
3 968
3 969
4 970
4 971
1 972
8 973
4 974
2 975
6 976
4 977
5 978
2 979
10 980
6 981
2 982
8 983
5 984
12 985
12 986
3 987
6 988
6 989
12 990
7 991
11 992
10 993
5 994
9 995
13 996
5 997
11 998
4 999
6 1000
6 1001
8 1002
7 1003
5 1004
6 1005
5 1006
3 1007
2 1008
3 1010
1 1011
6 1012
4 1013
1 1015
2 1016
2 1017
1 1018
2 1019
4 1020
1 1021
1 1022
1 1023
1 1024
1 1025
2 1026
1 1027
4 1028
1 1029
1 1030
1 1031
2 1033
1 1036
2 1037
2 1038
2 1041
2 1042
1 1045
1 1047
2 1048
2 1049
1 1050
4 1051
1 1053
2 1054
2 1055
1 1057
1 1059
1 1060
1 1061
3 1062
1 1064
3 1065
4 1066
1 1067
1 1068
2 1069
1 1070
4 1071
3 1072
3 1073
1 1074
1 1075
1 1076
1 1077
4 1078
3 1079
3 1080
1 1081
1 1082
5 1083
1 1084
1 1085
1 1087
1 1088
1 1089
1 1091
4 1092
3 1093
4 1094
5 1095
3 1096
3 1097
6 1098
2 1099
5 1100
1 1101
1 1102
4 1103
2 1105
6 1106
2 1107
1 1108
4 1109
2 1110
3 1111
2 1112
1 1113
2 1114
5 1115
3 1116
2 1117
4 1118
6 1119
5 1120
5 1121
5 1122
3 1123
4 1124
6 1125
5 1126
6 1127
4 1128
3 1129
1 1130
2 1131
5 1132
10 1133
2 1134
2 1135
6 1136
1 1137
3 1138
4 1139
3 1140
2 1142
2 1143
4 1144
2 1145
1 1146
3 1147
1 1148
3 1149
2 1150
1 1151
3 1152
4 1153
1 1154
2 1155
1 1156
4 1157
2 1159
1 1160
2 1161
1 1163
2 1164
3 1165
1 1166
2 1167
2 1168
3 1169
4 1170
3 1171
1 1172
2 1173
1 1175
1 1176
2 1177
3 1178
4 1179
1 1180
3 1181
1 1182
1 1183
1 1184
5 1185
3 1187
3 1189
1 1190
1 1192
1 1195
2 1196
2 1197
2 1199
2 1200
2 1201
1 1203
1 1204
1 1205
2 1206
1 1208
1 1211
1 1213
1 1216
1 1225
1 1226
1 1230
1 1232
1 1234
2 1235
1 1236
1 1238
1 1239
1 1243
1 1247
2 1249
1 1252
1 1255
1 1256
1 1260
1 1261
1 1262
1 1263
1 1268
1 1269
1 1272
2 1276
1 1277
1 1281
1 1289
1 1293
1 1297
2 1298
1 1299
1 1300
1 1305
2 1306
1 1309
1 1313
1 1314
1 1318
1 1319
1 1320
1 1321
2 1323
1 1325
1 1331
2 1333
2 1334
1 1338
1 1341
1 1342
1 1343
2 1345
1 1346
2 1349
2 1352
2 1357
2 1360
1 1361
1 1362
1 1363
1 1364
2 1366
1 1367
1 1368
1 1370
1 1372
3 1373
1 1374
2 1375
2 1377
1 1379
1 1382
2 1384
1 1385
1 1386
1 1389
1 1392
1 1393
1 1395
1 1396
2 1398
2 1405
1 1410
1 1411
1 1417
1 1418
1 1419
1 1421
2 1423
1 1425
1 1427
1 1429
1 1432
1 1433
1 1434
3 1436
3 1437
1 1438
1 1440
1 1442
1 1445
3 1446
1 1449
2 1452
1 1455
4 1458
3 1461
1 1462
2 1464
1 1466
1 1470
2 1471
1 1473
1 1475
3 1476
1 1477
2 1478
3 1479
2 1480
1 1481
4 1483
3 1485
1 1486
2 1487
4 1488
3 1489
3 1490
1 1491
1 1493
1 1494
2 1495
1 1496
1 1497
2 1498
1 1499
3 1500
3 1501
2 1503
3 1505
3 1506
3 1507
2 1509
1 1510
2 1511
2 1512
1 1514
2 1515
1 1517
1 1518
1 1519
1 1521
2 1522
1 1526
1 1527
1 1528
3 1529
1 1530
1 1532
1 1533
1 1534
1 1535
2 1536
2 1538
3 1539
1 1540
3 1542
1 1544
1 1545
3 1546
1 1547
1 1548
1 1549
1 1550
1 1551
1 1553
1 1556
1 1557
4 1558
1 1559
3 1560
2 1562
3 1564
3 1565
2 1567
1 1568
5 1569
2 1570
3 1571
2 1572
1 1573
1 1574
1 1575
4 1576
3 1577
4 1578
1 1579
3 1580
3 1581
1 1582
6 1583
1 1584
3 1585
1 1586
1 1588
1 1589
1 1590
2 1591
5 1592
2 1593
1 1597
2 1598
1 1599
1 1600
4 1601
2 1603
2 1604
1 1605
1 1606
2 1607
2 1608
1 1610
2 1617
2 1619
1 1621
1 1622
2 1624
4 1625
2 1626
1 1627
2 1628
1 1629
1 1630
3 1631
1 1635
3 1637
3 1638
2 1639
2 1640
1 1641
1 1646
1 1647
2 1649
4 1651
1 1652
2 1654
1 1655
2 1656
1 1657
2 1659
1 1660
1 1662
2 1663
2 1665
1 1666
2 1667
1 1668
1 1672
1 1675
3 1676
4 1678
1 1679
3 1680
2 1681
1 1682
1 1684
2 1686
1 1687
2 1688
3 1689
3 1690
2 1691
3 1692
1 1693
2 1694
3 1695
1 1696
2 1697
2 1699
1 1702
2 1703
1 1704
1 1705
1 1706
1 1709
3 1711
3 1713
1 1714
3 1715
2 1716
1 1717
2 1718
1 1719
2 1720
2 1721
2 1722
3 1724
1 1725
3 1726
2 1727
1 1728
5 1729
3 1730
1 1731
1 1732
1 1733
1 1734
2 1735
1 1736
1 1737
4 1738
3 1739
3 1741
1 1742
2 1743
2 1744
3 1745
2 1746
3 1747
3 1748
1 1749
3 1750
3 1751
2 1752
7 1753
2 1754
4 1755
3 1756
2 1758
1 1759
1 1761
5 1763
1 1764
2 1765
3 1766
5 1767
6 1768
4 1769
1 1770
4 1771
3 1772
4 1773
6 1774
4 1775
3 1776
5 1777
7 1778
3 1779
3 1780
6 1781
6 1782
9 1783
2 1784
1 1785
13 1786
4 1787
3 1788
7 1789
6 1790
7 1791
7 1792
5 1793
10 1794
11 1795
4 1796
6 1797
7 1798
3 1799
13 1800
9 1801
7 1802
5 1803
8 1804
6 1805
10 1806
9 1807
10 1808
6 1809
4 1810
7 1811
9 1812
5 1813
7 1814
3 1815
7 1816
12 1817
9 1818
6 1819
8 1820
8 1821
5 1822
4 1823
8 1824
5 1825
9 1826
6 1827
4 1828
3 1829
9 1830
4 1831
7 1832
2 1833
3 1834
6 1835
5 1836
5 1837
2 1838
6 1839
5 1840
5 1841
5 1842
8 1843
3 1844
5 1845
5 1846
1 1848
5 1849
2 1850
3 1851
8 1852
3 1853
5 1854
5 1855
4 1856
5 1857
2 1858
6 1859
4 1860
5 1861
4 1862
6 1864
10 1865
12 1866
5 1867
2 1868
7 1869
4 1870
6 1871
7 1872
6 1873
7 1874
3 1875
7 1876
4 1877
10 1878
6 1879
14 1880
5 1881
4 1882
4 1883
6 1884
8 1885
4 1886
7 1887
5 1888
7 1889
9 1890
2 1891
5 1892
3 1893
9 1894
4 1895
11 1896
13 1897
6 1898
10 1899
7 1900
7 1901
8 1902
8 1903
10 1904
7 1905
8 1906
10 1907
7 1908
13 1909
8 1910
6 1911
9 1912
5 1913
8 1914
11 1915
7 1916
12 1917
9 1918
13 1919
12 1920
24 1921
10 1922
20 1923
13 1924
15 1925
13 1926
25 1927
11 1928
28 1929
21 1930
31 1931
28 1932
25 1933
35 1934
22 1935
31 1936
43 1937
29 1938
46 1939
31 1940
28 1941
33 1942
43 1943
30 1944
40 1945
42 1946
51 1947
53 1948
33 1949
45 1950
62 1951
52 1952
48 1953
78 1954
59 1955
64 1956
64 1957
58 1958
49 1959
64 1960
50 1961
63 1962
48 1963
40 1964
54 1965
52 1966
56 1967
55 1968
35 1969
47 1970
37 1971
32 1972
43 1973
33 1974
32 1975
22 1976
27 1977
31 1978
19 1979
25 1980
27 1981
15 1982
22 1983
18 1984
12 1985
11 1986
13 1987
15 1988
3 1989
8 1990
9 1991
6 1992
7 1993
7 1994
5 1995
4 1996
10 1997
2 1998
3 1999
1 2000
4 2001
2 2002
4 2003
1 2005
4 2006
3 2007
3 2008
1 2009
1 2011
2 2012
3 2014
1 2015
1 2019
3 2020
2 2023
1 2030
1 2032
1 2034
1 2036
2 2042
2 2043
1 2047
1 2050
1 2052
1 2057
1 2058
1 2059
2 2061
1 2068
2 2069
1 2070
3 2071
1 2072
1 2073
1 2074
1 2075
1 2078
1 2081
2 2082
1 2085
2 2087
1 2088
1 2089
1 2092
1 2093
1 2094
3 2097
2 2105
1 2107
2 2108
2 2109
1 2111
1 2113
1 2114
2 2115
1 2117
1 2120
1 2121
1 2127
1 2131
1 2132
3 2134
1 2135
1 2138
1 2140
1 2141
1 2144
1 2145
1 2153
1 2159
3 2161
2 2164
1 2167
1 2168
1 2170
1 2171
1 2178
1 2179
2 2180
1 2181
1 2183
1 2186
1 2187
1 2188
1 2189
2 2190
1 2192
1 2195
1 2198
2 2199
2 2200
1 2206
1 2208
4 2209
1 2210
1 2211
2 2212
3 2213
1 2214
1 2217
3 2218
1 2220
2 2221
2 2222
3 2223
1 2225
1 2226
2 2227
1 2229
1 2230
1 2231
1 2234
2 2235
1 2236
1 2237
1 2238
1 2239
2 2240
2 2242
1 2244
2 2245
4 2246
1 2247
3 2248
3 2249
3 2250
4 2251
1 2252
2 2253
2 2254
2 2255
5 2256
3 2258
1 2260
1 2261
3 2262
3 2263
2 2264
2 2265
3 2266
1 2267
2 2268
1 2269
1 2270
3 2271
3 2272
1 2273
4 2274
2 2276
1 2277
1 2279
2 2281
4 2282
1 2283
2 2284
1 2285
1 2287
2 2288
2 2289
1 2290
3 2291
2 2292
1 2293
2 2295
1 2296
1 2298
1 2299
1 2303
3 2304
1 2305
2 2306
2 2307
3 2308
1 2310
1 2311
1 2312
2 2313
1 2314
1 2315
2 2316
1 2318
1 2319
3 2321
3 2322
1 2324
2 2325
1 2328
1 2329
2 2330
2 2331
2 2334
3 2335
1 2336
1 2337
2 2338
1 2339
2 2340
2 2342
2 2343
4 2344
1 2345
4 2346
1 2347
2 2348
4 2349
3 2350
3 2351
2 2352
1 2353
2 2354
1 2355
2 2357
1 2358
3 2359
2 2360
5 2361
1 2362
1 2363
8 2364
2 2366
3 2368
2 2370
3 2371
9 2372
1 2373
5 2374
2 2375
2 2377
6 2378
3 2379
3 2380
6 2381
7 2382
7 2383
8 2384
4 2385
6 2386
6 2387
6 2388
7 2389
6 2390
9 2391
11 2392
6 2393
10 2394
7 2395
8 2396
9 2397
11 2398
5 2399
7 2400
19 2401
7 2402
11 2403
11 2404
12 2405
15 2406
10 2407
12 2408
15 2409
16 2410
11 2411
21 2412
17 2413
9 2414
17 2415
23 2416
15 2417
11 2418
14 2419
17 2420
20 2421
20 2422
18 2423
18 2424
26 2425
21 2426
15 2427
24 2428
17 2429
17 2430
20 2431
16 2432
15 2433
27 2434
9 2435
21 2436
11 2437
16 2438
10 2439
13 2440
14 2441
12 2442
8 2443
14 2444
13 2445
7 2446
13 2447
6 2448
4 2449
12 2450
8 2451
2 2452
5 2453
8 2454
6 2455
5 2456
5 2457
7 2458
4 2459
6 2460
1 2461
4 2462
3 2463
3 2464
2 2465
3 2466
1 2467
1 2468
2 2470
1 2472
1 2474
3 2475
1 2476
1 2477
2 2478
2 2479
1 2480
2 2481
1 2482
1 2483
1 2485
1 2486
3 2487
1 2488
1 2489
2 2491
1 2493
1 2495
1 2496
1 2499
1 2500
1 2503
1 2504
1 2506
1 2507
1 2508
4 2511
1 2513
1 2514
1 2515
1 2517
2 2518
2 2520
1 2522
1 2524
1 2525
3 2526
2 2528
2 2529
2 2533
3 2534
3 2535
2 2536
2 2537
1 2538
2 2539
2 2541
1 2542
1 2544
1 2547
2 2548
2 2549
2 2550
5 2553
7 2554
1 2555
2 2557
2 2558
5 2561
3 2562
7 2563
2 2564
2 2565
3 2566
4 2567
5 2568
3 2569
3 2570
4 2571
2 2572
5 2573
4 2574
2 2575
3 2576
4 2577
4 2578
11 2579
6 2580
5 2581
2 2582
6 2583
10 2584
5 2585
6 2586
12 2587
3 2588
9 2589
5 2590
1 2591
8 2592
2 2593
6 2594
3 2595
5 2596
4 2597
7 2598
5 2599
3 2600
4 2601
3 2602
4 2603
4 2604
2 2605
6 2606
2 2607
2 2608
3 2609
3 2610
4 2611
1 2612
2 2613
2 2614
1 2615
3 2616
1 2617
2 2618
2 2619
1 2620
1 2621
3 2622
2 2623
2 2624
1 2626
2 2628
1 2629
1 2630
1 2631
1 2632
1 2635
1 2637
1 2638
1 2641
1 2642
2 2643
2 2644
1 2650
1 2653
2 2656
1 2659
1 2660
1 2671
1 2677
1 2685
1 2691
1 2705
1 2711
1 2718
1 2719
2 2725
2 2726
1 2728
1 2730
1 2733
2 2735
2 2738
1 2739
2 2744
1 2745
1 2748
1 2751
2 2752
2 2753
1 2754
1 2755
1 2756
1 2757
1 2758
1 2759
1 2760
1 2761
1 2763
1 2764
1 2765
1 2766
1 2768
1 2772
1 2774
1 2776
2 2778
3 2783
1 2784
1 2786
1 2795
1 2803
1 2809
1 2831
1 2833
1 2840
1 2842
1 2850
1 2852
1 2876
1 2877
1 2881
1 2889
1 2898
1 2902
1 2908
3 2913
1 2914
1 2917
2 2935
1 2956
1 2971
1 3022
1 3036
1 3046
1 3047
1 3049
1 3055
1 3056
1 3081
1 3099
1 3135
1 3169
1 3250
1 3313
1 3315
1 3319
1 3323
1 3329
1 3462
1 3487
1 3560
1 3584
1 3597
1 3628
1 3641
2 3644
1 3645
1 3701
1 3722
1 3744
1 3800
1 3805
1 3810
1 3879
1 3886
1 3887
1 3896
1 3919
1 3935
1 3949
1 3953
1 3954
1 3959
1 3969
1 3973
1 3977
1 3987
1 3992
1 3996
1 3998
1 3999
1 4011
1 4022
2 4024
2 4025
1 4027
1 4029
1 4031
1 4033
1 4036
1 4039
1 4042
1 4044
1 4046
1 4049
1 4050
1 4062
1 4066
1 4068
1 4069
2 4070
1 4071
1 4072
2 4073
1 4074
2 4075
3 4079
1 4082
1 4085
1 4087
2 4089
1 4093
1 4094
1 4098
2 4100
1 4101
1 4106
2 4107
1 4109
1 4111
1 4112
1 4113
2 4114
2 4115
1 4116
1 4119
1 4120
2 4123
1 4124
2 4132
1 4137
1 4139
1 4145
1 4151
1 4156
1 4160
1 4163
1 4166
1 4191
1 4288
1 4461
1 4529
1 4711
1 4876
1 4929
1 4996
