2 1
1 2
1 11
3 12
1 13
1 15
1 17
1 20
1 21
1 25
3 26
2 27
1 28
1 33
1 35
1 37
1 38
1 39
1 40
1 41
1 43
1 45
1 46
2 49
2 51
1 52
1 54
3 55
4 57
3 60
1 61
1 62
2 63
1 65
5 66
1 67
3 68
6 69
2 70
2 71
4 72
2 73
3 75
1 76
8 77
8 78
4 79
8 80
10 81
5 82
7 83
2 84
2 87
2 88
2 91
3 92
1 93
3 94
3 96
1 98
1 99
1 100
2 101
2 102
2 103
3 104
3 105
3 106
2 107
3 108
2 109
2 110
5 111
3 112
2 113
2 114
2 116
2 117
3 118
4 119
1 120
7 121
3 123
4 124
2 125
1 126
1 127
2 128
1 129
6 130
3 131
2 132
1 133
2 134
3 135
1 136
2 137
2 138
4 139
2 140
2 141
3 142
3 143
1 144
5 145
3 146
2 147
7 148
2 149
4 150
2 151
2 152
3 153
5 154
5 155
4 156
5 157
3 158
3 159
3 160
3 161
6 162
3 163
6 164
2 165
1 166
2 167
5 168
1 169
3 170
1 171
1 172
2 173
3 174
2 175
1 176
3 177
7 178
7 179
6 180
4 181
3 182
4 183
2 184
4 185
5 186
10 187
8 188
12 189
12 190
19 191
13 192
24 193
21 194
28 195
29 196
31 197
27 198
29 199
29 200
25 201
22 202
19 203
10 204
12 205
12 206
11 207
4 208
8 209
10 210
4 211
8 212
7 213
2 214
2 215
6 216
6 217
3 218
3 219
6 220
6 221
4 222
4 223
9 224
9 225
5 226
5 227
6 228
4 229
3 230
4 231
5 232
5 233
4 234
8 235
4 236
7 237
4 238
3 239
7 240
7 241
5 242
4 243
7 244
5 245
5 246
7 247
5 248
3 249
6 250
3 251
9 252
8 253
4 254
7 255
7 256
4 257
6 258
8 259
10 260
11 261
3 262
7 263
15 264
3 265
10 266
8 267
1 268
6 269
9 270
11 271
6 272
6 273
9 274
8 275
9 276
5 277
12 278
4 279
11 280
4 281
8 282
10 283
14 284
9 285
9 286
10 287
8 288
14 289
18 290
19 291
14 292
19 293
17 294
33 295
26 296
38 297
37 298
38 299
41 300
41 301
36 302
44 303
41 304
55 305
50 306
39 307
38 308
48 309
35 310
28 311
38 312
26 313
16 314
18 315
25 316
14 317
29 318
24 319
26 320
29 321
16 322
27 323
26 324
21 325
40 326
34 327
35 328
42 329
36 330
32 331
26 332
33 333
26 334
29 335
23 336
17 337
21 338
20 339
17 340
16 341
17 342
21 343
16 344
17 345
16 346
18 347
17 348
23 349
17 350
21 351
14 352
16 353
17 354
21 355
10 356
15 357
20 358
10 359
23 360
10 361
23 362
20 363
21 364
24 365
24 366
26 367
35 368
16 369
23 370
24 371
38 372
25 373
17 374
25 375
31 376
27 377
21 378
24 379
28 380
20 381
27 382
20 383
23 384
24 385
20 386
19 387
17 388
13 389
17 390
27 391
20 392
18 393
14 394
19 395
24 396
18 397
29 398
25 399
23 400
23 401
29 402
22 403
27 404
31 405
27 406
27 407
32 408
40 409
32 410
43 411
33 412
39 413
37 414
46 415
48 416
45 417
54 418
56 419
71 420
61 421
74 422
91 423
112 424
115 425
108 426
147 427
160 428
185 429
194 430
204 431
238 432
234 433
278 434
289 435
294 436
272 437
280 438
286 439
228 440
251 441
190 442
214 443
197 444
155 445
156 446
124 447
117 448
101 449
65 450
66 451
61 452
51 453
52 454
56 455
49 456
47 457
57 458
62 459
52 460
61 461
63 462
51 463
48 464
51 465
43 466
39 467
50 468
42 469
40 470
30 471
29 472
31 473
23 474
28 475
19 476
20 477
20 478
17 479
20 480
16 481
16 482
19 483
20 484
24 485
22 486
18 487
19 488
13 489
22 490
27 491
20 492
22 493
17 494
26 495
23 496
26 497
25 498
34 499
29 500
22 501
32 502
33 503
42 504
42 505
44 506
63 507
47 508
46 509
54 510
57 511
55 512
70 513
60 514
62 515
85 516
65 517
73 518
69 519
54 520
55 521
67 522
52 523
56 524
43 525
52 526
57 527
43 528
39 529
30 530
41 531
25 532
30 533
25 534
26 535
18 536
21 537
21 538
19 539
11 540
14 541
6 542
9 543
9 544
11 545
4 546
4 547
10 548
8 549
5 550
4 551
6 552
6 553
4 554
8 555
4 556
4 557
5 558
8 559
5 560
7 561
8 562
3 563
2 564
11 565
9 566
6 567
8 568
2 569
10 570
5 571
6 572
6 573
9 574
15 575
8 576
7 577
10 578
7 579
14 580
9 581
10 582
13 583
14 584
17 585
19 586
14 587
21 588
14 589
19 590
21 591
11 592
16 593
17 594
21 595
19 596
14 597
15 598
8 599
13 600
16 601
10 602
13 603
14 604
17 605
21 606
13 607
11 608
14 609
17 610
10 611
10 612
14 613
11 614
8 615
13 616
7 617
10 618
18 619
9 620
10 621
12 622
13 623
10 624
13 625
11 626
11 627
16 628
14 629
19 630
17 631
14 632
10 633
21 634
18 635
17 636
21 637
23 638
30 639
38 640
31 641
34 642
32 643
44 644
34 645
46 646
45 647
48 648
53 649
69 650
64 651
73 652
73 653
78 654
86 655
120 656
134 657
116 658
140 659
157 660
182 661
191 662
203 663
204 664
203 665
195 666
210 667
201 668
175 669
185 670
184 671
172 672
168 673
130 674
131 675
103 676
92 677
90 678
71 679
69 680
56 681
52 682
43 683
23 684
22 685
27 686
22 687
19 688
16 689
13 690
10 691
6 692
10 693
5 694
6 695
9 696
6 697
4 698
9 699
3 700
3 701
3 702
1 703
4 704
2 705
2 706
3 707
1 708
4 709
3 710
2 711
2 712
2 713
3 714
2 715
8 716
1 717
3 718
1 719
3 720
2 721
2 722
2 724
2 725
2 726
1 727
3 728
2 729
3 730
5 731
3 732
2 733
6 734
8 735
4 736
3 737
4 738
4 739
4 740
2 741
2 742
4 743
5 744
6 745
6 746
3 747
2 748
2 749
4 750
1 751
3 752
2 753
7 754
5 755
8 756
5 757
5 758
1 759
2 760
3 761
1 762
4 763
1 764
4 765
3 766
3 767
6 768
4 769
1 770
4 771
4 772
2 773
4 774
3 775
2 776
1 777
1 778
2 780
3 781
6 783
2 785
4 786
1 787
3 788
1 789
1 790
4 791
7 792
1 793
3 795
1 796
3 797
5 798
1 799
1 801
1 802
5 803
3 804
5 805
3 806
7 807
1 808
3 809
3 810
1 811
6 812
5 813
4 814
1 815
4 817
4 818
4 819
3 821
2 822
4 823
5 824
4 825
6 826
6 827
1 828
5 829
6 830
4 831
4 832
10 833
8 834
9 835
11 836
4 837
9 838
2 839
10 840
12 841
9 842
6 843
12 844
11 845
16 846
18 847
18 848
18 849
27 850
20 851
16 852
15 853
16 854
38 855
21 856
22 857
31 858
25 859
25 860
27 861
29 862
19 863
29 864
22 865
24 866
25 867
17 868
18 869
22 870
16 871
16 872
13 873
18 874
12 875
9 876
10 877
14 878
10 879
9 880
10 881
8 882
9 883
8 884
1 885
6 886
4 887
3 888
7 889
8 890
10 891
4 892
7 893
8 894
8 895
8 896
6 897
7 898
16 899
8 900
5 901
13 902
7 903
10 904
11 905
7 906
9 907
14 908
14 909
16 910
9 911
9 912
10 913
13 914
13 915
10 916
15 917
11 918
9 919
6 920
7 921
9 922
3 923
9 924
4 925
2 926
3 927
5 928
4 929
4 930
1 931
2 932
5 933
4 934
1 936
4 937
3 938
2 939
1 940
2 941
1 943
2 945
2 946
2 948
1 949
2 950
2 951
2 952
1 953
1 955
1 958
2 959
2 960
1 961
1 963
1 964
1 966
1 967
2 968
1 969
1 973
1 974
1 976
2 979
5 980
1 982
1 984
1 986
1 987
1 988
1 989
1 991
1 992
1 993
1 994
1 996
2 997
1 998
4 999
1 1001
1 1002
1 1003
1 1005
1 1009
1 1010
1 1016
1 1017
2 1018
3 1021
2 1022
1 1023
1 1025
2 1027
1 1028
1 1031
1 1032
1 1035
1 1036
1 1037
1 1038
3 1039
1 1040
2 1041
1 1042
1 1044
1 1045
2 1046
2 1047
1 1049
1 1050
1 1053
1 1056
1 1057
2 1058
3 1059
2 1060
1 1061
1 1062
1 1064
3 1065
1 1066
3 1067
2 1068
5 1072
1 1073
1 1074
1 1075
1 1077
2 1078
5 1080
3 1081
2 1082
2 1083
1 1084
2 1085
4 1091
2 1092
1 1094
1 1096
1 1097
3 1101
2 1102
1 1103
2 1104
4 1106
1 1107
2 1108
1 1110
1 1111
1 1113
1 1114
1 1117
2 1120
2 1121
1 1122
1 1124
1 1126
1 1127
2 1128
1 1129
1 1132
1 1133
2 1134
1 1135
1 1137
2 1138
1 1140
1 1141
1 1142
1 1143
1 1144
1 1145
3 1146
2 1148
1 1149
2 1150
1 1152
1 1153
1 1154
1 1155
2 1156
1 1157
2 1158
1 1160
2 1161
1 1163
4 1164
3 1165
2 1166
1 1167
4 1168
1 1169
2 1170
3 1171
4 1172
2 1174
4 1175
5 1176
7 1177
6 1178
4 1179
1 1180
1 1181
7 1182
4 1183
3 1184
4 1185
5 1186
4 1187
3 1188
2 1189
9 1190
3 1191
6 1192
7 1193
4 1194
6 1195
7 1196
8 1197
5 1198
2 1199
6 1200
1 1201
3 1202
7 1203
2 1204
4 1205
1 1206
2 1207
3 1208
3 1209
1 1210
5 1211
3 1212
3 1213
3 1214
4 1216
1 1217
1 1218
1 1219
2 1220
2 1221
3 1222
3 1225
2 1227
2 1228
4 1229
4 1231
3 1233
1 1234
1 1235
2 1236
3 1238
2 1240
1 1241
1 1243
2 1244
1 1245
1 1246
2 1247
2 1248
1 1249
1 1250
5 1251
3 1252
2 1254
4 1255
1 1256
1 1257
2 1258
1 1260
4 1261
1 1262
3 1263
1 1264
1 1265
6 1267
2 1268
7 1270
2 1271
4 1272
4 1273
4 1274
3 1275
6 1276
4 1277
2 1278
8 1279
5 1280
8 1281
4 1282
7 1283
4 1284
6 1285
8 1286
4 1287
9 1288
5 1289
6 1290
4 1291
1 1292
9 1293
9 1294
10 1295
10 1296
7 1297
6 1298
14 1299
5 1300
7 1301
9 1302
8 1303
14 1304
8 1305
7 1306
3 1307
6 1308
3 1309
10 1310
8 1312
5 1313
5 1314
7 1315
2 1316
6 1317
4 1318
7 1319
6 1320
8 1321
1 1322
4 1323
9 1324
1 1325
5 1326
3 1327
5 1328
8 1329
4 1330
2 1331
1 1332
2 1333
4 1334
6 1335
4 1336
3 1337
1 1338
6 1339
1 1340
3 1341
3 1342
1 1343
2 1344
4 1345
2 1346
3 1347
3 1348
2 1349
2 1350
2 1351
1 1352
1 1355
1 1356
2 1357
4 1359
1 1360
1 1361
3 1362
4 1363
2 1366
5 1367
1 1368
1 1369
3 1370
3 1371
2 1372
5 1373
3 1374
4 1375
3 1376
2 1377
2 1378
1 1379
4 1380
1 1381
2 1382
2 1384
4 1385
4 1386
4 1387
4 1388
4 1389
3 1390
2 1391
4 1392
3 1393
5 1394
8 1395
1 1396
9 1397
3 1398
4 1399
5 1400
4 1401
8 1402
4 1403
4 1404
6 1405
4 1406
7 1407
5 1408
2 1409
4 1410
3 1411
5 1412
6 1413
8 1414
8 1415
10 1416
5 1417
8 1418
8 1419
8 1420
4 1421
3 1422
6 1423
9 1424
6 1425
9 1426
7 1427
4 1428
7 1429
8 1430
6 1431
7 1432
10 1433
5 1434
3 1435
4 1436
5 1437
8 1438
6 1439
3 1440
9 1441
5 1442
13 1443
8 1444
9 1445
3 1446
3 1447
4 1448
8 1449
10 1450
3 1451
5 1452
4 1453
3 1454
7 1455
2 1456
4 1457
4 1458
5 1459
3 1460
3 1461
3 1462
4 1463
6 1464
6 1465
5 1466
4 1467
5 1468
4 1469
7 1470
7 1471
4 1472
3 1473
6 1474
7 1475
6 1476
3 1477
10 1478
4 1479
6 1480
9 1481
5 1482
9 1483
4 1484
5 1485
9 1486
13 1487
6 1488
11 1489
14 1490
8 1491
14 1492
9 1493
8 1494
11 1495
12 1496
8 1497
9 1498
14 1499
13 1500
10 1501
11 1502
18 1503
13 1504
19 1505
17 1506
19 1507
25 1508
17 1509
18 1510
27 1511
13 1512
27 1513
24 1514
25 1515
26 1516
26 1517
33 1518
36 1519
26 1520
26 1521
30 1522
25 1523
33 1524
36 1525
30 1526
49 1527
35 1528
33 1529
42 1530
35 1531
49 1532
29 1533
34 1534
28 1535
33 1536
30 1537
33 1538
30 1539
23 1540
33 1541
26 1542
20 1543
23 1544
19 1545
19 1546
22 1547
11 1548
21 1549
20 1550
9 1551
13 1552
12 1553
14 1554
9 1555
12 1556
8 1557
12 1558
10 1559
5 1560
4 1561
5 1562
2 1563
6 1564
2 1565
3 1566
3 1568
3 1569
6 1571
2 1572
2 1573
4 1574
2 1578
4 1581
1 1582
4 1585
1 1590
1 1594
4 1595
3 1596
1 1597
2 1598
2 1599
2 1600
1 1601
2 1603
2 1604
2 1605
1 1606
3 1607
2 1608
1 1609
1 1610
2 1611
3 1612
1 1613
1 1614
2 1616
4 1617
1 1618
1 1619
1 1620
2 1621
1 1622
5 1623
2 1624
5 1625
2 1626
2 1627
1 1628
1 1629
3 1630
4 1631
1 1632
4 1633
1 1634
1 1635
2 1636
3 1637
2 1638
4 1639
3 1640
3 1642
4 1643
4 1644
2 1645
4 1647
1 1648
2 1649
2 1651
2 1652
1 1653
1 1656
2 1658
1 1659
1 1660
1 1661
5 1662
1 1663
1 1665
1 1666
2 1673
1 1684
1 1686
2 1692
1 1701
1 1703
1 1707
2 1708
1 1710
1 1715
1 1717
1 1719
1 1720
2 1722
1 1724
1 1725
1 1727
1 1736
1 1738
1 1739
1 1740
2 1741
2 1742
2 1744
1 1746
2 1750
1 1753
1 1759
2 1765
1 1766
3 1768
2 1769
1 1770
1 1771
1 1772
1 1775
2 1779
2 1780
1 1784
1 1786
2 1788
1 1789
2 1790
1 1793
3 1795
2 1796
1 1799
1 1803
1 1804
3 1807
1 1808
2 1810
1 1815
1 1817
1 1818
2 1824
1 1825
1 1827
1 1828
1 1831
1 1834
3 1836
1 1840
3 1844
2 1845
1 1846
1 1847
1 1848
2 1850
2 1852
1 1855
3 1856
2 1857
2 1859
2 1861
5 1862
3 1863
3 1865
1 1866
1 1867
2 1868
2 1870
2 1871
5 1872
3 1873
1 1874
2 1875
3 1876
2 1877
3 1878
1 1879
1 1880
3 1881
4 1883
3 1884
4 1885
2 1886
2 1887
1 1888
1 1889
5 1890
2 1891
4 1892
2 1893
3 1894
4 1895
1 1896
1 1897
3 1898
1 1900
2 1901
2 1902
2 1903
2 1905
2 1906
2 1907
2 1908
1 1909
3 1910
1 1912
1 1913
1 1914
2 1917
1 1918
1 1919
1 1920
1 1921
1 1922
2 1923
1 1924
1 1926
1 1927
1 1928
1 1930
1 1931
1 1932
1 1933
1 1934
1 1937
1 1938
2 1939
2 1940
2 1942
1 1944
2 1945
1 1946
1 1948
1 1949
3 1954
2 1956
1 1957
2 1961
2 1962
2 1967
2 1970
2 1972
1 1975
1 1976
1 1977
1 1978
1 1979
1 1981
1 1983
1 1985
1 1987
2 1988
2 1989
1 1990
1 1993
1 1994
2 1995
1 2001
2 2002
1 2020
1 2028
1 2039
1 2040
1 2045
2 2046
1 2048
1 2049
1 2070
1 2071
1 2076
1 2083
1 2084
1 2085
1 2088
1 2089
1 2091
1 2092
1 2098
1 2108
1 2110
1 2129
1 2150
1 2153
1 2160
1 2163
2 2165
1 2168
1 2169
1 2178
1 2182
1 2186
1 2194
1 2197
1 2203
2 2206
1 2220
1 2221
1 2223
1 2224
1 2228
3 2229
1 2236
2 2237
3 2239
1 2240
2 2247
2 2248
1 2250
1 2251
1 2256
1 2258
1 2260
1 2261
1 2262
1 2265
1 2266
2 2268
1 2270
1 2271
1 2273
1 2274
1 2275
1 2277
3 2278
2 2280
1 2281
2 2282
4 2283
2 2284
1 2285
5 2286
2 2287
1 2289
2 2290
3 2291
3 2292
1 2293
1 2294
1 2296
1 2297
1 2298
1 2299
4 2301
1 2302
4 2303
1 2304
1 2305
1 2306
1 2307
1 2308
2 2310
1 2311
2 2312
2 2313
1 2314
2 2316
2 2317
2 2318
2 2320
2 2322
1 2323
2 2324
2 2325
3 2326
3 2328
1 2330
1 2331
2 2332
1 2334
2 2335
1 2336
4 2337
3 2340
1 2341
1 2342
2 2343
1 2344
1 2345
1 2346
2 2347
1 2348
1 2349
1 2350
1 2351
1 2352
2 2353
2 2354
2 2355
1 2356
2 2357
3 2358
1 2360
1 2361
3 2362
2 2363
4 2364
2 2365
1 2366
3 2367
1 2368
3 2369
2 2370
3 2371
3 2373
2 2375
4 2376
4 2377
4 2378
1 2379
5 2380
3 2381
4 2382
5 2383
9 2384
5 2385
2 2386
4 2387
6 2388
2 2389
4 2390
3 2391
4 2392
3 2393
2 2394
4 2395
5 2396
7 2397
4 2398
5 2399
10 2400
5 2401
2 2402
8 2403
6 2404
7 2405
5 2406
5 2407
4 2408
3 2409
2 2410
4 2411
5 2412
3 2413
3 2414
1 2415
3 2416
9 2417
5 2418
4 2419
3 2420
3 2421
1 2422
2 2423
4 2424
4 2425
2 2426
3 2427
2 2428
1 2429
3 2430
2 2431
2 2433
1 2434
1 2436
2 2437
1 2438
3 2444
1 2448
1 2452
1 2456
1 2461
1 2464
3 2475
1 2479
1 2481
1 2488
1 2495
1 2505
1 2519
1 2525
1 2557
1 2559
1 2560
1 2562
1 2567
3 2574
1 2576
1 2579
1 2580
1 2585
1 2587
1 2588
1 2589
1 2590
1 2591
1 2593
1 2594
1 2595
1 2599
1 2600
1 2601
1 2602
1 2603
1 2606
2 2607
1 2610
1 2614
1 2618
2 2621
1 2623
2 2624
1 2625
2 2626
2 2629
1 2631
3 2632
1 2633
1 2639
1 2641
2 2642
1 2650
1 2652
1 2654
1 2655
2 2657
1 2658
1 2659
3 2664
1 2665
1 2666
1 2667
1 2672
1 2673
1 2675
1 2676
1 2679
2 2681
1 2686
1 2687
2 2689
1 2690
2 2692
1 2693
2 2699
1 2700
1 2702
1 2703
1 2705
1 2708
1 2712
1 2713
1 2714
1 2716
1 2717
1 2718
1 2722
1 2731
1 2732
1 2733
1 2735
2 2736
1 2738
1 2739
1 2744
1 2749
1 2756
1 2758
1 2760
1 2761
1 2762
1 2764
1 2765
1 2767
1 2777
1 2778
1 2782
3 2785
1 2790
1 2792
1 2794
1 2796
1 2801
1 2805
1 2808
1 2809
1 2813
2 2814
1 2815
1 2821
1 2823
1 2824
1 2825
1 2826
1 2827
1 2828
1 2830
1 2831
1 2832
1 2834
1 2835
1 2837
1 2840
3 2841
1 2842
1 2843
1 2844
2 2846
1 2848
1 2849
1 2850
2 2851
1 2853
1 2854
3 2855
1 2857
2 2859
1 2860
1 2862
1 2863
2 2865
1 2867
1 2868
3 2869
1 2870
3 2872
2 2874
1 2877
1 2878
1 2879
1 2882
4 2883
1 2884
2 2885
3 2886
2 2889
1 2890
3 2891
1 2892
2 2893
4 2894
2 2895
2 2896
1 2897
3 2899
1 2900
1 2901
1 2902
1 2903
2 2904
3 2905
2 2907
4 2908
1 2909
3 2910
1 2912
3 2913
3 2914
4 2915
6 2916
7 2917
3 2918
2 2919
6 2920
3 2921
7 2922
8 2923
2 2924
4 2925
8 2926
1 2927
1 2928
2 2929
2 2930
4 2931
5 2932
3 2933
4 2934
11 2935
2 2936
5 2937
3 2938
8 2939
7 2940
4 2941
4 2942
4 2943
6 2944
5 2945
8 2946
3 2947
3 2948
7 2949
6 2950
3 2951
3 2952
5 2953
2 2954
3 2955
4 2956
8 2957
4 2958
5 2959
5 2960
8 2961
4 2962
5 2963
4 2964
3 2965
6 2966
5 2967
6 2968
1 2969
3 2970
2 2971
1 2972
1 2973
3 2974
3 2975
4 2976
2 2977
3 2979
1 2980
3 2981
1 2982
1 2984
1 2987
1 2989
2 2990
1 2991
1 2994
1 2995
1 2997
1 2999
1 3002
1 3003
1 3010
1 3015
1 3020
1 3024
1 3026
1 3102
1 3106
1 3137
1 3141
1 3146
1 3168
1 3188
1 3194
1 3230
1 3245
1 3269
1 3281
1 3284
1 3295
1 3296
1 3305
2 3307
1 3313
1 3314
1 3320
1 3328
1 3331
1 3341
1 3360
1 3369
1 3382
1 3383
1 3400
1 3401
1 3415
1 3417
1 3419
1 3432
1 3445
1 3446
2 3449
1 3450
1 3452
1 3461
1 3463
1 3465
1 3471
2 3474
1 3478
1 3479
1 3483
1 3485
1 3487
1 3489
1 3492
1 3493
2 3497
1 3500
1 3501
1 3507
1 3509
2 3512
1 3514
1 3517
1 3518
1 3519
1 3520
1 3521
1 3522
1 3523
1 3524
1 3525
1 3527
1 3528
2 3529
1 3530
2 3532
2 3533
1 3534
2 3535
2 3536
2 3537
3 3538
4 3539
2 3541
2 3543
1 3544
1 3545
2 3546
2 3547
1 3548
2 3549
1 3550
3 3551
3 3555
2 3556
2 3558
1 3559
1 3560
2 3562
2 3564
1 3566
1 3568
2 3570
2 3571
1 3572
1 3573
1 3574
1 3575
1 3578
1 3582
1 3584
1 3590
1 3612
1 3637
1 3685
1 3692
1 3735
1 3741
1 3749
1 3754
1 3761
1 3768
1 3827
1 3833
1 3905
1 3909
1 3925
1 3993
1 4013
1 4062
1 4068
1 4097
1 4098
1 4118
1 4128
1 4133
2 4136
1 4142
1 4149
2 4155
1 4172
1 4178
1 4196
1 4203
1 4205
1 4243
1 4287
1 4292
1 4325
1 4334
1 4341
1 4348
1 4361
1 4375
1 4575
1 4582
1 4607
1 4638
1 4666
2 4667
1 4672
1 4714
1 4824
1 4926
1 5005
1 5017
1 5022
1 5048
1 5092
1 5109
1 5147
1 5339
1 5495
1 5527
1 5532
1 5554
1 5561
1 5565
1 5586
1 5589
1 5591
1 5683
1 5921
