3 3
2 4
3 5
1 6
3 8
1 10
1 11
1 12
2 13
1 14
1 16
1 17
2 21
2 22
3 23
1 25
2 26
1 27
2 28
2 29
3 30
3 32
2 33
4 34
4 35
4 36
1 37
5 38
19 39
12 40
14 41
14 42
4 43
1 44
1 45
1 47
2 48
2 49
3 51
1 52
4 53
2 54
1 55
1 56
3 57
2 59
1 60
1 61
1 63
1 64
1 65
1 66
1 68
2 69
1 72
2 74
3 75
1 76
2 78
3 79
1 80
2 81
2 82
1 87
1 89
1 90
1 91
1 92
2 94
4 96
2 97
2 98
5 99
2 100
3 102
2 103
1 104
6 105
5 106
3 107
1 109
2 110
3 111
2 112
2 113
1 114
4 115
2 116
2 117
5 118
5 119
4 120
2 121
2 122
5 123
4 124
3 125
2 126
1 128
6 129
2 130
7 131
8 132
6 133
7 134
7 135
5 136
13 137
10 138
15 139
14 140
14 141
23 142
19 143
11 144
13 145
6 146
7 147
3 148
3 149
5 150
6 151
7 152
6 153
4 154
1 155
11 156
2 157
3 158
3 159
2 160
3 161
3 162
3 163
7 164
5 165
4 166
2 167
4 168
6 169
2 170
4 171
3 172
3 173
3 174
3 175
5 176
2 177
4 178
3 179
6 180
7 181
6 182
1 183
3 184
10 185
8 186
5 187
4 188
5 189
12 190
13 191
17 192
14 193
14 194
12 195
27 196
21 197
20 198
21 199
13 200
12 201
12 202
12 203
18 204
9 205
7 206
12 207
4 208
9 209
4 210
13 211
8 212
6 213
9 214
5 215
9 216
4 217
8 218
8 219
13 220
7 221
4 222
4 223
5 224
4 225
4 226
6 227
8 228
3 229
7 230
5 231
4 232
10 233
9 234
5 235
6 236
5 237
8 238
4 239
3 240
5 241
7 242
8 243
3 244
4 245
9 246
6 247
16 248
7 249
13 250
14 251
11 252
7 253
11 254
11 255
7 256
13 257
12 258
7 259
9 260
13 261
8 262
10 263
11 264
10 265
13 266
13 267
11 268
12 269
4 270
8 271
8 272
6 273
10 274
8 275
11 276
13 277
13 278
9 279
9 280
6 281
7 282
6 283
16 284
13 285
13 286
9 287
8 288
8 289
13 290
10 291
7 292
11 293
15 294
11 295
10 296
12 297
14 298
12 299
11 300
14 301
8 302
19 303
13 304
13 305
12 306
12 307
16 308
12 309
19 310
17 311
20 312
14 313
17 314
26 315
24 316
14 317
17 318
19 319
26 320
25 321
20 322
30 323
28 324
25 325
30 326
33 327
32 328
25 329
34 330
21 331
28 332
19 333
19 334
16 335
16 336
18 337
18 338
11 339
14 340
12 341
10 342
10 343
12 344
22 345
15 346
14 347
16 348
14 349
13 350
12 351
16 352
15 353
13 354
11 355
16 356
10 357
18 358
17 359
25 360
17 361
20 362
28 363
22 364
23 365
23 366
32 367
23 368
20 369
18 370
24 371
19 372
22 373
18 374
24 375
19 376
24 377
23 378
21 379
24 380
22 381
30 382
24 383
22 384
20 385
34 386
33 387
31 388
27 389
23 390
28 391
33 392
43 393
38 394
42 395
39 396
48 397
44 398
58 399
49 400
42 401
57 402
62 403
67 404
58 405
60 406
65 407
70 408
72 409
80 410
78 411
73 412
75 413
60 414
60 415
73 416
52 417
57 418
59 419
43 420
68 421
59 422
70 423
57 424
48 425
66 426
64 427
69 428
70 429
68 430
68 431
102 432
94 433
110 434
105 435
93 436
136 437
130 438
121 439
122 440
123 441
144 442
124 443
123 444
116 445
89 446
82 447
95 448
83 449
64 450
83 451
54 452
60 453
58 454
51 455
51 456
53 457
60 458
52 459
54 460
69 461
84 462
68 463
82 464
90 465
104 466
77 467
107 468
124 469
123 470
134 471
134 472
115 473
134 474
154 475
147 476
140 477
162 478
186 479
176 480
190 481
215 482
209 483
202 484
228 485
266 486
320 487
378 488
354 489
451 490
479 491
569 492
657 493
763 494
835 495
924 496
1008 497
1243 498
1315 499
1325 500
1452 501
1483 502
1448 503
1480 504
1389 505
1329 506
1267 507
1105 508
1045 509
897 510
790 511
653 512
538 513
483 514
389 515
311 516
245 517
213 518
153 519
128 520
90 521
73 522
85 523
50 524
57 525
32 526
33 527
30 528
24 529
27 530
17 531
11 532
12 533
4 534
12 535
13 536
12 537
11 538
7 539
6 540
8 541
12 542
6 543
9 544
9 545
10 546
5 547
6 548
13 549
7 550
7 551
6 552
12 553
10 554
8 555
11 556
5 557
7 558
8 559
7 560
5 561
6 562
5 563
5 564
5 565
6 566
3 567
9 568
7 569
4 570
7 571
6 572
6 573
5 574
3 575
8 576
8 577
10 578
4 579
4 580
6 581
6 582
9 583
12 584
10 585
4 586
7 587
1 588
2 589
14 590
4 591
3 592
4 593
7 594
6 595
7 596
5 597
2 598
4 599
5 600
5 601
7 602
5 603
4 604
3 605
2 606
5 607
6 608
3 609
2 610
8 611
2 612
4 613
2 614
4 615
5 616
2 617
2 618
2 619
7 620
5 621
3 622
4 623
2 624
4 625
7 626
6 627
7 628
2 629
3 630
2 631
2 632
3 633
6 634
8 635
2 636
5 637
3 638
4 639
3 640
8 641
3 642
7 643
2 644
7 645
4 646
3 647
4 648
5 649
5 650
4 651
4 652
4 653
7 654
4 655
3 656
1 657
5 658
4 659
6 660
4 661
3 662
3 663
4 664
4 665
8 666
5 667
3 668
9 669
4 670
6 671
5 672
3 673
8 674
9 675
5 676
8 677
9 678
6 679
6 680
12 681
11 682
1 683
7 684
12 685
6 686
5 687
5 688
5 689
11 690
6 691
9 692
7 693
5 694
9 695
6 696
8 697
6 698
8 699
7 700
5 701
1 702
10 703
5 704
8 705
8 706
12 707
7 708
7 709
7 710
9 711
8 712
2 713
8 714
8 715
8 716
10 717
5 718
14 719
19 720
12 721
8 722
9 723
6 724
6 725
11 726
12 727
11 728
7 729
8 730
7 731
15 732
10 733
10 734
13 735
16 736
10 737
15 738
12 739
14 740
18 741
22 742
21 743
16 744
21 745
11 746
22 747
22 748
23 749
21 750
26 751
27 752
37 753
31 754
34 755
34 756
31 757
35 758
30 759
33 760
35 761
31 762
27 763
34 764
38 765
29 766
27 767
23 768
30 769
22 770
27 771
34 772
24 773
23 774
25 775
23 776
34 777
22 778
23 779
23 780
27 781
27 782
23 783
21 784
17 785
24 786
23 787
26 788
19 789
12 790
19 791
20 792
15 793
16 794
16 795
17 796
32 797
23 798
25 799
21 800
29 801
22 802
35 803
35 804
30 805
33 806
32 807
24 808
48 809
36 810
51 811
43 812
49 813
55 814
59 815
54 816
45 817
58 818
74 819
64 820
74 821
58 822
84 823
84 824
78 825
92 826
105 827
105 828
115 829
92 830
105 831
115 832
98 833
116 834
96 835
90 836
121 837
112 838
111 839
96 840
94 841
83 842
76 843
79 844
68 845
61 846
43 847
36 848
45 849
43 850
33 851
28 852
29 853
15 854
26 855
30 856
22 857
22 858
22 859
19 860
22 861
25 862
20 863
22 864
26 865
20 866
23 867
20 868
19 869
18 870
25 871
24 872
22 873
25 874
21 875
26 876
28 877
41 878
40 879
38 880
31 881
42 882
35 883
42 884
38 885
44 886
49 887
47 888
72 889
55 890
66 891
57 892
57 893
80 894
61 895
74 896
66 897
86 898
68 899
72 900
91 901
72 902
85 903
75 904
72 905
94 906
68 907
88 908
70 909
87 910
62 911
71 912
80 913
73 914
64 915
53 916
43 917
45 918
41 919
28 920
56 921
26 922
26 923
18 924
28 925
17 926
15 927
22 928
12 929
13 930
13 931
9 932
4 933
9 934
6 935
4 936
5 937
5 938
6 939
8 940
7 941
5 942
5 943
3 944
5 945
4 946
1 947
2 948
2 949
5 950
7 951
2 952
3 953
1 954
5 955
6 956
3 957
5 958
1 959
5 960
7 961
3 962
3 963
3 964
4 965
5 966
4 967
7 968
5 969
4 970
7 971
11 972
5 973
10 974
10 975
9 976
6 977
9 978
13 979
7 980
8 981
11 982
9 983
10 984
15 985
13 986
14 987
14 988
15 989
13 990
19 991
14 992
22 993
14 994
15 995
20 996
20 997
9 998
21 999
14 1000
7 1001
9 1002
15 1003
8 1004
8 1005
9 1006
10 1007
7 1008
11 1009
5 1010
3 1011
7 1012
3 1013
2 1014
2 1015
5 1016
2 1017
9 1018
2 1019
1 1020
4 1021
4 1022
2 1024
3 1025
1 1026
3 1027
2 1028
1 1029
2 1030
1 1031
2 1032
1 1034
2 1035
1 1036
1 1037
1 1038
2 1039
1 1040
2 1042
3 1043
1 1044
2 1045
2 1046
7 1047
1 1049
1 1050
2 1051
3 1052
1 1054
3 1055
1 1056
1 1057
2 1058
4 1059
1 1060
1 1061
3 1062
4 1063
2 1064
2 1066
1 1067
3 1068
2 1069
2 1070
1 1071
4 1072
3 1073
3 1074
3 1075
3 1076
4 1077
6 1078
2 1079
2 1081
5 1082
2 1083
4 1084
1 1085
2 1086
1 1087
1 1088
7 1089
2 1090
1 1091
1 1092
1 1094
1 1095
3 1096
1 1097
2 1098
4 1099
5 1100
3 1101
5 1102
7 1103
7 1104
6 1105
3 1106
9 1107
2 1108
4 1109
5 1110
4 1111
3 1112
3 1113
8 1114
11 1115
5 1116
8 1117
9 1118
7 1119
2 1120
9 1121
3 1122
10 1123
3 1124
11 1125
12 1126
12 1127
8 1128
9 1129
9 1130
14 1131
10 1132
10 1133
7 1134
10 1135
6 1136
4 1137
8 1138
13 1139
8 1140
8 1141
2 1142
5 1143
2 1144
5 1145
7 1146
6 1147
4 1148
9 1149
6 1150
2 1151
3 1152
4 1153
4 1154
6 1156
3 1157
2 1158
1 1159
2 1160
1 1161
1 1162
4 1163
2 1164
7 1165
2 1166
3 1167
5 1168
6 1169
2 1170
6 1171
5 1172
5 1173
2 1174
4 1175
2 1176
4 1177
2 1178
3 1179
3 1180
2 1181
2 1182
6 1184
2 1185
1 1186
5 1187
1 1188
1 1189
1 1190
4 1192
1 1193
3 1194
2 1195
2 1196
2 1197
1 1198
1 1201
4 1202
1 1203
3 1204
1 1205
1 1206
2 1207
1 1208
1 1209
1 1211
1 1213
1 1214
2 1215
1 1216
1 1218
1 1219
1 1220
1 1222
1 1224
2 1225
1 1229
1 1231
1 1232
2 1233
2 1234
1 1242
1 1243
1 1244
3 1245
1 1246
1 1249
1 1250
1 1253
1 1257
2 1260
1 1264
1 1265
1 1266
1 1267
1 1268
1 1271
1 1273
1 1275
1 1276
1 1279
1 1281
1 1286
2 1288
2 1292
1 1295
2 1298
2 1302
1 1303
1 1305
1 1306
1 1307
2 1308
1 1310
1 1311
3 1314
1 1318
1 1320
2 1322
1 1323
1 1325
1 1332
1 1333
1 1334
1 1335
1 1336
1 1337
2 1338
1 1340
1 1348
3 1349
1 1350
2 1353
2 1355
2 1360
1 1361
2 1362
1 1367
1 1375
2 1376
1 1380
2 1381
2 1384
3 1387
2 1392
3 1393
1 1394
1 1395
1 1396
2 1398
1 1402
2 1403
1 1406
1 1409
2 1412
1 1413
2 1418
1 1419
1 1421
1 1422
1 1424
1 1425
1 1426
2 1427
1 1428
2 1430
1 1431
3 1432
1 1433
2 1434
2 1435
1 1436
1 1439
1 1440
1 1441
1 1443
1 1444
1 1448
1 1449
1 1450
1 1451
2 1452
1 1453
1 1454
1 1456
3 1457
3 1458
1 1460
1 1462
2 1466
1 1468
1 1471
1 1472
1 1474
1 1475
1 1478
1 1479
2 1480
1 1482
3 1483
2 1485
1 1487
2 1488
1 1489
2 1492
1 1493
2 1494
2 1498
1 1499
1 1500
4 1502
3 1503
2 1505
1 1506
2 1508
1 1509
3 1510
1 1511
1 1512
1 1515
2 1516
1 1517
3 1518
1 1519
2 1521
1 1522
1 1525
1 1526
1 1529
1 1531
1 1532
1 1534
1 1538
1 1539
1 1540
1 1541
1 1542
2 1546
1 1548
1 1549
2 1550
2 1551
2 1552
5 1553
1 1554
2 1556
1 1557
3 1558
3 1559
1 1560
3 1561
2 1562
3 1563
1 1564
2 1565
2 1566
5 1567
2 1568
2 1570
4 1571
2 1572
7 1573
2 1574
1 1575
2 1576
2 1578
6 1579
1 1580
3 1581
1 1582
3 1583
2 1584
2 1585
2 1586
1 1588
1 1589
3 1590
1 1591
3 1592
1 1595
1 1596
2 1598
1 1599
3 1601
2 1604
1 1605
1 1606
1 1607
2 1608
1 1609
1 1610
1 1611
1 1612
3 1613
1 1614
1 1615
1 1618
1 1620
3 1622
1 1623
1 1627
1 1628
1 1629
1 1631
1 1632
1 1634
1 1643
1 1647
1 1650
1 1654
2 1657
1 1658
2 1659
1 1661
1 1662
1 1665
1 1666
2 1668
1 1671
2 1672
1 1673
1 1675
2 1677
2 1678
1 1679
1 1682
2 1683
1 1686
2 1691
3 1692
1 1694
2 1696
1 1698
1 1700
1 1706
1 1709
1 1710
1 1711
1 1712
1 1713
5 1714
1 1716
3 1719
1 1722
3 1724
3 1725
1 1726
2 1728
1 1729
1 1730
1 1731
2 1732
2 1733
2 1734
3 1736
1 1737
2 1738
1 1740
3 1741
1 1742
2 1743
1 1745
2 1747
2 1748
1 1749
3 1750
2 1751
3 1752
3 1753
1 1754
4 1755
4 1757
4 1759
1 1760
3 1762
1 1763
1 1764
2 1765
3 1766
3 1767
5 1768
4 1770
2 1771
1 1772
1 1773
4 1774
2 1775
2 1776
1 1777
3 1778
1 1779
4 1780
2 1781
2 1782
4 1783
4 1784
2 1785
5 1786
2 1787
4 1788
4 1789
6 1790
8 1791
1 1792
4 1793
3 1794
3 1796
2 1797
4 1798
3 1799
7 1800
4 1801
2 1802
5 1803
1 1804
3 1805
4 1806
2 1807
7 1808
3 1809
4 1810
1 1811
3 1812
1 1813
5 1814
3 1815
5 1816
2 1818
8 1819
5 1820
11 1821
8 1822
2 1823
4 1824
2 1825
2 1826
4 1827
3 1828
3 1829
5 1830
4 1831
7 1832
3 1833
4 1834
3 1835
5 1836
3 1837
2 1840
2 1841
2 1842
5 1843
1 1844
3 1845
6 1847
1 1849
3 1850
2 1851
1 1852
5 1853
2 1855
4 1856
3 1857
5 1858
6 1859
1 1860
4 1861
6 1862
5 1863
3 1864
3 1865
2 1867
2 1868
3 1869
8 1870
4 1871
1 1872
5 1873
1 1874
3 1875
5 1876
2 1877
5 1878
2 1879
5 1880
1 1881
3 1882
9 1883
5 1884
1 1885
3 1886
2 1887
2 1888
6 1889
2 1890
3 1891
5 1892
3 1893
1 1894
2 1895
4 1896
2 1897
5 1898
2 1899
6 1900
4 1901
3 1902
4 1903
4 1904
1 1905
7 1906
5 1907
6 1908
7 1909
5 1910
9 1911
7 1912
3 1913
9 1914
11 1915
5 1916
3 1917
5 1918
7 1919
5 1920
7 1921
14 1922
10 1923
12 1924
11 1925
11 1926
11 1927
14 1928
19 1929
14 1930
13 1931
11 1932
15 1933
14 1934
13 1935
17 1936
12 1937
17 1938
16 1939
21 1940
20 1941
23 1942
31 1943
39 1944
23 1945
32 1946
37 1947
21 1948
20 1949
35 1950
29 1951
29 1952
33 1953
38 1954
31 1955
43 1956
37 1957
46 1958
35 1959
33 1960
32 1961
43 1962
25 1963
32 1964
36 1965
25 1966
37 1967
25 1968
32 1969
33 1970
27 1971
27 1972
21 1973
31 1974
22 1975
18 1976
9 1977
21 1978
18 1979
15 1980
12 1981
7 1982
14 1983
7 1984
12 1985
8 1986
5 1987
7 1988
8 1989
7 1990
7 1991
4 1992
4 1993
4 1994
3 1995
3 1996
2 1997
1 1998
3 2000
2 2003
3 2004
1 2006
1 2008
2 2009
1 2010
1 2011
2 2012
1 2016
2 2017
1 2022
1 2028
1 2031
2 2032
1 2035
1 2036
1 2038
1 2040
1 2041
1 2042
1 2046
1 2047
2 2051
1 2052
1 2053
1 2060
1 2064
1 2065
2 2066
1 2073
2 2082
1 2083
2 2085
1 2096
4 2099
1 2105
1 2106
1 2107
2 2108
2 2109
1 2110
1 2112
1 2114
1 2118
3 2119
2 2120
1 2123
1 2124
1 2125
1 2128
1 2129
2 2130
2 2134
1 2140
1 2141
1 2144
1 2145
1 2147
1 2148
1 2150
1 2154
1 2159
1 2160
1 2163
1 2165
1 2168
1 2170
1 2171
1 2173
1 2175
1 2177
1 2179
1 2181
1 2184
1 2187
1 2189
1 2190
1 2191
1 2192
1 2200
1 2201
1 2202
1 2206
1 2207
1 2209
2 2210
1 2211
1 2213
2 2215
1 2222
1 2223
1 2224
2 2227
1 2229
1 2230
1 2232
1 2233
2 2234
2 2238
1 2239
1 2240
1 2243
2 2245
1 2247
2 2252
1 2253
3 2255
2 2256
1 2259
1 2261
1 2262
3 2264
1 2265
1 2267
3 2270
2 2271
4 2273
1 2274
2 2275
1 2276
2 2278
1 2280
2 2281
2 2282
3 2284
1 2285
2 2287
3 2289
1 2290
4 2291
1 2292
1 2294
1 2295
3 2296
1 2297
1 2298
2 2303
2 2304
1 2307
1 2312
1 2313
2 2314
2 2318
1 2319
2 2320
2 2321
2 2322
1 2323
1 2324
1 2325
3 2326
2 2327
1 2329
1 2330
1 2331
1 2332
2 2334
2 2337
2 2338
2 2339
1 2340
1 2341
1 2342
1 2343
2 2344
3 2345
1 2346
1 2347
2 2349
2 2350
1 2354
2 2355
4 2356
2 2357
2 2358
1 2360
3 2361
3 2362
1 2365
1 2366
1 2368
3 2370
2 2371
1 2372
2 2373
2 2374
2 2375
2 2376
2 2377
6 2379
4 2380
4 2381
1 2382
5 2383
3 2384
4 2385
2 2386
7 2387
3 2388
3 2389
4 2390
2 2391
4 2392
8 2393
5 2394
10 2395
3 2396
4 2397
3 2398
7 2399
2 2400
9 2401
4 2402
6 2403
10 2404
3 2405
6 2406
4 2407
5 2408
4 2409
13 2410
6 2411
5 2412
8 2413
9 2414
11 2415
7 2416
6 2417
11 2418
11 2419
13 2420
10 2421
14 2422
13 2423
8 2424
13 2425
12 2426
10 2427
8 2428
14 2429
7 2430
8 2431
9 2432
8 2433
14 2434
10 2435
5 2436
4 2437
5 2438
6 2439
10 2440
6 2441
11 2442
5 2443
5 2444
5 2445
6 2446
5 2447
5 2448
3 2449
5 2450
6 2451
3 2452
3 2453
3 2454
2 2455
2 2456
4 2457
3 2459
2 2460
1 2462
3 2463
2 2464
2 2466
2 2467
3 2469
2 2470
1 2471
2 2472
2 2473
1 2474
1 2475
1 2479
1 2483
1 2484
1 2485
1 2487
3 2488
1 2489
1 2494
1 2496
1 2500
1 2501
1 2506
1 2508
1 2510
1 2513
1 2518
1 2519
2 2521
1 2523
1 2526
1 2527
1 2529
1 2534
1 2535
3 2537
1 2539
1 2541
1 2542
1 2545
2 2546
3 2548
2 2551
1 2552
2 2553
1 2554
1 2555
1 2556
2 2557
1 2559
3 2560
1 2561
1 2562
2 2564
1 2565
3 2566
2 2567
2 2569
2 2571
1 2572
3 2573
4 2574
2 2575
2 2576
3 2577
3 2578
2 2580
1 2581
1 2583
3 2584
1 2585
2 2586
3 2587
4 2588
1 2589
3 2590
1 2591
3 2592
7 2593
4 2595
3 2596
1 2597
4 2598
4 2599
4 2600
2 2601
4 2602
2 2603
3 2604
2 2605
1 2608
1 2609
1 2610
3 2612
1 2613
1 2614
4 2615
1 2617
1 2618
1 2619
1 2620
2 2621
2 2623
1 2627
1 2630
1 2631
1 2634
1 2635
1 2638
1 2640
1 2641
1 2642
1 2643
1 2645
1 2663
2 2682
1 2696
1 2714
1 2726
1 2728
1 2732
1 2738
1 2743
1 2745
1 2747
1 2749
2 2750
1 2751
1 2758
1 2766
1 2768
1 2775
1 2777
1 2779
1 2782
1 2805
1 2809
1 2847
1 2860
1 2862
1 2863
1 2876
1 2886
1 2890
1 2896
1 2924
1 2931
1 2944
1 2955
1 2971
1 2977
1 2989
1 2991
1 3021
1 3050
1 3069
1 3091
1 3111
1 3119
1 3153
1 3164
1 3409
1 3455
1 3516
1 3551
1 3804
1 3872
1 3933
1 3985
1 3989
1 3993
1 4001
1 4008
1 4015
1 4017
1 4022
1 4025
1 4035
1 4042
1 4056
1 4057
1 4061
1 4064
1 4065
1 4080
1 4083
1 4087
1 4088
1 4095
2 4105
1 4109
1 4113
1 4119
1 4122
1 4123
1 4127
1 4133
1 4134
1 4136
1 4137
1 4138
1 4145
1 4214
1 4223
1 4270
1 4309
1 4332
1 4410
1 4422
