1 1
1 3
1 4
1 9
1 12
1 21
1 22
1 29
1 33
1 40
1 41
3 42
1 43
2 44
2 52
1 53
1 56
1 57
1 58
1 59
1 62
1 63
2 64
1 67
2 69
1 71
1 72
1 74
1 75
1 77
2 79
1 81
1 82
2 83
1 84
1 86
1 87
4 89
1 90
2 92
5 93
1 94
4 95
1 97
1 98
1 99
3 100
3 101
1 104
1 105
5 106
1 107
6 108
8 109
1 110
3 111
5 112
3 113
2 114
4 115
3 116
5 117
2 118
7 119
2 120
2 121
2 123
2 124
5 126
2 127
1 128
2 130
3 131
6 132
4 133
3 134
3 135
4 136
4 137
1 139
3 140
2 141
2 142
4 143
2 144
1 145
7 146
3 148
1 149
1 150
2 151
3 152
2 153
2 155
1 156
2 157
2 159
3 160
1 161
2 162
1 163
2 164
1 165
2 166
2 167
1 168
2 169
2 171
1 172
3 173
2 175
2 176
5 177
4 178
3 179
1 180
1 181
2 182
3 183
2 184
6 186
4 187
1 188
2 190
1 192
3 193
1 194
3 195
1 196
3 197
4 198
6 199
4 200
2 201
4 202
2 203
4 204
2 206
4 207
3 208
1 209
1 211
2 212
3 213
4 214
4 215
5 216
1 217
1 218
2 219
3 220
1 222
2 223
2 224
4 225
1 226
5 227
3 228
1 229
2 230
1 232
3 235
3 236
2 237
1 238
2 239
4 240
3 241
1 242
5 243
3 244
2 246
2 247
3 248
2 249
2 250
2 251
2 252
2 253
2 254
5 255
3 256
3 257
4 258
1 259
2 260
1 261
3 262
3 263
4 264
5 265
4 267
8 268
8 269
2 270
5 271
4 272
3 273
4 274
4 276
4 277
5 278
4 279
6 280
3 281
3 282
6 283
4 284
5 285
9 286
4 287
7 288
6 289
2 290
3 291
4 292
3 293
4 294
6 295
4 296
8 297
4 298
3 299
7 300
8 301
6 302
7 303
7 304
6 305
4 306
4 307
11 308
6 309
15 310
4 311
6 312
8 313
13 314
6 315
5 316
7 317
9 318
5 319
3 320
3 321
9 322
4 323
6 324
5 325
3 326
3 327
3 328
2 329
2 330
7 331
3 332
3 334
10 335
5 336
2 337
5 338
3 339
6 340
7 342
1 343
3 344
4 345
5 346
3 347
3 348
4 349
7 350
3 351
9 352
2 353
4 354
8 355
9 356
8 357
8 358
8 359
7 360
8 361
18 362
6 363
8 364
10 365
11 366
14 367
10 368
11 369
11 370
15 371
10 372
12 373
10 374
9 375
6 376
7 377
10 378
9 379
9 380
9 381
9 382
9 383
8 384
8 385
11 386
5 387
12 388
10 389
12 390
9 391
17 392
13 393
18 394
15 395
18 396
10 397
9 398
16 399
17 400
8 401
17 402
14 403
12 404
10 405
11 406
6 407
6 408
7 409
9 410
3 411
8 412
5 413
6 414
5 415
5 416
4 417
1 418
4 419
3 420
4 421
6 422
3 423
4 424
4 425
4 426
1 427
1 428
4 429
3 430
3 431
4 432
5 434
1 435
4 436
4 437
6 438
5 439
7 440
4 441
5 442
2 443
5 444
2 445
1 446
6 447
3 448
4 449
3 450
5 451
2 452
2 453
1 454
7 455
4 456
7 457
3 458
5 459
3 460
7 461
6 462
2 463
4 464
3 465
3 466
5 467
8 468
3 469
3 470
3 471
5 472
5 473
3 474
6 475
6 476
4 477
6 478
4 479
6 480
10 481
6 482
2 483
7 484
3 485
4 486
6 487
7 488
6 489
5 490
5 491
7 492
6 493
5 494
10 495
8 496
3 497
10 498
8 499
7 500
11 501
12 502
9 503
8 504
5 505
10 506
5 507
11 508
12 509
4 510
8 511
7 512
8 513
4 514
7 515
6 516
8 517
7 518
8 519
14 520
6 521
8 522
9 523
7 524
5 525
11 526
11 527
13 528
10 529
19 530
18 531
9 532
14 533
18 534
25 535
25 536
23 537
21 538
25 539
24 540
29 541
29 542
32 543
30 544
30 545
39 546
34 547
31 548
40 549
30 550
33 551
27 552
31 553
32 554
20 555
27 556
25 557
14 558
25 559
20 560
20 561
11 562
16 563
11 564
22 565
9 566
13 567
18 568
14 569
15 570
8 571
16 572
13 573
7 574
10 575
11 576
6 577
14 578
9 579
14 580
14 581
11 582
13 583
7 584
12 585
16 586
9 587
15 588
19 589
17 590
17 591
13 592
11 593
11 594
11 595
9 596
18 597
10 598
14 599
14 600
17 601
6 602
14 603
12 604
7 605
16 606
15 607
17 608
24 609
26 610
15 611
16 612
19 613
22 614
31 615
16 616
20 617
29 618
40 619
41 620
35 621
43 622
44 623
42 624
44 625
37 626
47 627
44 628
38 629
46 630
53 631
40 632
44 633
49 634
51 635
56 636
35 637
44 638
34 639
31 640
41 641
36 642
29 643
24 644
22 645
27 646
29 647
24 648
26 649
39 650
16 651
24 652
21 653
20 654
29 655
23 656
23 657
28 658
20 659
18 660
17 661
36 662
25 663
31 664
35 665
31 666
32 667
36 668
46 669
40 670
42 671
48 672
53 673
34 674
49 675
58 676
65 677
80 678
69 679
77 680
89 681
75 682
116 683
120 684
127 685
125 686
145 687
151 688
131 689
164 690
203 691
181 692
182 693
197 694
177 695
201 696
182 697
173 698
179 699
154 700
119 701
142 702
124 703
99 704
96 705
101 706
94 707
62 708
60 709
49 710
65 711
34 712
38 713
24 714
21 715
15 716
22 717
14 718
21 719
14 720
14 721
19 722
23 723
15 724
21 725
11 726
22 727
15 728
23 729
23 730
16 731
21 732
27 733
30 734
26 735
33 736
27 737
25 738
33 739
34 740
50 741
41 742
50 743
50 744
61 745
43 746
57 747
74 748
65 749
64 750
62 751
86 752
99 753
97 754
105 755
119 756
131 757
132 758
120 759
129 760
136 761
149 762
137 763
145 764
115 765
133 766
119 767
120 768
111 769
91 770
113 771
80 772
98 773
71 774
62 775
61 776
72 777
62 778
47 779
29 780
35 781
25 782
19 783
22 784
20 785
23 786
20 787
18 788
8 789
8 790
9 791
10 792
9 793
8 794
9 795
13 796
9 797
6 798
13 799
5 800
4 801
4 802
5 803
6 804
12 805
8 806
14 807
7 808
6 809
6 810
10 811
6 812
6 813
7 814
10 815
7 816
10 817
7 818
5 819
9 820
7 821
9 822
14 823
7 824
12 825
11 826
8 827
6 828
7 829
10 830
14 831
13 832
7 833
10 834
8 835
9 836
9 837
9 838
11 839
13 840
10 841
9 842
9 843
8 844
9 845
13 846
9 847
12 848
11 849
10 850
13 851
11 852
8 853
10 854
6 855
12 856
7 857
8 858
8 859
12 860
8 861
9 862
10 863
8 864
14 865
17 866
11 867
15 868
15 869
16 870
17 871
15 872
14 873
12 874
20 875
20 876
11 877
11 878
14 879
14 880
10 881
20 882
15 883
17 884
10 885
17 886
20 887
14 888
18 889
15 890
16 891
19 892
19 893
12 894
28 895
33 896
20 897
24 898
25 899
20 900
21 901
23 902
25 903
26 904
35 905
29 906
26 907
36 908
44 909
32 910
45 911
38 912
31 913
50 914
46 915
41 916
42 917
43 918
51 919
61 920
52 921
51 922
68 923
55 924
70 925
69 926
73 927
80 928
97 929
85 930
94 931
90 932
112 933
98 934
98 935
112 936
118 937
121 938
116 939
110 940
117 941
146 942
148 943
155 944
139 945
125 946
128 947
166 948
166 949
164 950
201 951
211 952
203 953
215 954
244 955
231 956
230 957
275 958
279 959
298 960
256 961
319 962
294 963
324 964
292 965
324 966
298 967
326 968
338 969
309 970
269 971
257 972
239 973
238 974
211 975
208 976
196 977
173 978
149 979
126 980
117 981
104 982
99 983
74 984
84 985
68 986
68 987
59 988
34 989
31 990
18 991
27 992
22 993
19 994
17 995
13 996
9 997
9 998
9 999
4 1000
7 1001
3 1002
7 1003
1 1004
4 1005
6 1006
5 1007
4 1008
2 1009
3 1011
2 1012
1 1013
3 1014
1 1015
1 1016
2 1017
2 1019
1 1020
4 1021
2 1022
1 1023
2 1024
2 1025
1 1026
3 1029
1 1030
1 1031
1 1032
2 1033
4 1036
1 1037
2 1039
1 1041
1 1043
1 1044
1 1048
1 1049
3 1050
1 1051
1 1052
3 1053
1 1054
1 1055
1 1056
3 1058
1 1060
2 1061
1 1063
2 1064
2 1065
5 1067
3 1068
2 1069
3 1070
1 1072
2 1073
2 1074
2 1075
1 1079
1 1081
1 1082
1 1085
1 1086
1 1088
4 1089
3 1090
1 1092
3 1093
3 1094
3 1095
4 1096
2 1098
1 1099
1 1100
1 1101
1 1102
1 1103
1 1104
2 1105
3 1106
1 1107
2 1108
3 1109
2 1110
3 1111
1 1112
2 1113
5 1114
4 1115
6 1116
6 1117
2 1118
4 1119
2 1120
5 1121
5 1122
5 1123
3 1124
2 1125
5 1126
6 1127
7 1128
3 1129
6 1130
11 1131
8 1132
6 1133
5 1134
6 1135
8 1136
8 1137
8 1138
7 1139
5 1140
6 1141
8 1142
8 1143
14 1144
10 1145
10 1146
17 1147
7 1148
11 1149
12 1150
9 1151
15 1152
8 1153
7 1154
15 1155
12 1156
9 1157
10 1158
18 1159
11 1160
10 1161
7 1162
8 1163
10 1164
9 1165
12 1166
7 1167
9 1168
4 1169
2 1170
7 1171
6 1172
3 1173
8 1174
3 1175
3 1176
4 1177
2 1178
5 1179
4 1180
1 1181
3 1182
3 1183
1 1185
1 1186
3 1188
1 1189
1 1190
1 1191
2 1192
3 1194
2 1195
1 1196
2 1198
1 1199
2 1201
3 1202
1 1203
3 1204
4 1205
2 1208
1 1210
1 1212
3 1213
1 1214
2 1215
1 1217
1 1218
4 1219
2 1220
3 1221
1 1222
2 1223
2 1224
1 1225
1 1226
3 1227
4 1228
4 1229
4 1230
4 1231
4 1232
3 1233
1 1234
2 1235
2 1236
2 1237
5 1239
5 1240
5 1241
1 1242
5 1244
2 1245
4 1246
4 1247
2 1248
6 1249
2 1250
5 1251
3 1252
1 1253
3 1254
4 1255
4 1256
5 1257
6 1258
5 1259
1 1260
4 1261
7 1262
2 1263
3 1264
7 1265
3 1266
2 1267
2 1268
7 1269
4 1270
1 1271
2 1272
5 1273
4 1274
1 1275
2 1276
3 1277
4 1278
4 1279
3 1280
3 1281
4 1282
3 1283
3 1284
1 1285
5 1286
3 1287
3 1288
4 1289
8 1290
2 1291
4 1292
2 1293
1 1294
4 1295
5 1296
4 1297
2 1298
4 1299
3 1300
3 1301
2 1302
3 1303
5 1304
5 1305
5 1306
7 1307
4 1308
5 1309
4 1310
2 1311
3 1312
1 1313
3 1314
3 1315
3 1316
6 1317
1 1318
2 1319
6 1320
6 1322
4 1323
6 1324
7 1325
3 1326
5 1327
6 1328
3 1329
6 1330
2 1331
3 1332
7 1333
5 1334
4 1335
9 1336
7 1337
2 1338
4 1339
5 1340
6 1341
5 1342
8 1343
4 1344
3 1345
6 1346
6 1347
3 1348
4 1349
4 1350
7 1351
9 1352
4 1353
3 1354
9 1355
8 1356
1 1357
2 1358
7 1359
7 1360
4 1361
6 1362
8 1363
9 1364
4 1365
13 1366
10 1367
6 1368
9 1369
7 1370
6 1371
5 1372
5 1373
2 1374
7 1375
7 1376
6 1377
7 1378
13 1379
6 1380
11 1381
8 1382
7 1383
8 1384
8 1385
12 1386
8 1387
6 1388
10 1389
12 1390
10 1391
10 1392
10 1393
13 1394
9 1395
12 1396
11 1397
13 1398
23 1399
18 1400
14 1401
14 1402
19 1403
16 1404
20 1405
24 1406
15 1407
34 1408
44 1409
30 1410
25 1411
37 1412
38 1413
53 1414
34 1415
52 1416
41 1417
41 1418
45 1419
39 1420
58 1421
60 1422
64 1423
57 1424
77 1425
56 1426
56 1427
75 1428
59 1429
65 1430
57 1431
65 1432
69 1433
65 1434
54 1435
54 1436
47 1437
51 1438
55 1439
58 1440
39 1441
37 1442
44 1443
41 1444
32 1445
46 1446
28 1447
31 1448
20 1449
27 1450
24 1451
28 1452
25 1453
16 1454
25 1455
16 1456
16 1457
11 1458
10 1459
12 1460
18 1461
10 1462
11 1463
20 1464
16 1465
15 1466
8 1467
17 1468
12 1469
17 1470
9 1471
9 1472
22 1473
12 1474
11 1475
13 1476
15 1477
16 1478
15 1479
17 1480
19 1481
15 1482
18 1483
22 1484
23 1485
24 1486
16 1487
22 1488
14 1489
21 1490
27 1491
24 1492
24 1493
30 1494
35 1495
20 1496
36 1497
32 1498
28 1499
27 1500
33 1501
28 1502
30 1503
16 1504
24 1505
19 1506
30 1507
35 1508
21 1509
30 1510
9 1511
35 1512
14 1513
25 1514
14 1515
14 1516
14 1517
15 1518
4 1519
13 1520
15 1521
12 1522
13 1523
8 1524
10 1525
4 1526
10 1527
4 1528
11 1529
5 1530
6 1531
3 1532
4 1533
5 1534
1 1535
3 1536
2 1537
6 1538
4 1539
4 1540
2 1541
2 1542
1 1546
2 1547
1 1548
2 1551
2 1552
2 1553
1 1555
1 1557
3 1559
1 1560
2 1562
1 1563
1 1564
1 1565
2 1566
1 1567
1 1569
3 1570
1 1571
3 1573
2 1574
1 1575
1 1576
1 1577
1 1579
1 1580
1 1581
1 1582
1 1584
1 1585
2 1586
1 1587
1 1588
3 1589
3 1590
1 1591
1 1592
3 1593
1 1594
1 1595
5 1596
2 1598
1 1599
4 1600
1 1601
1 1602
2 1603
2 1605
5 1606
2 1607
3 1608
1 1609
3 1610
2 1611
2 1612
1 1616
1 1618
1 1620
2 1622
1 1624
1 1625
1 1628
2 1629
3 1631
1 1632
2 1633
2 1634
1 1638
2 1639
1 1645
1 1646
1 1649
1 1650
1 1652
1 1653
1 1655
1 1656
2 1669
1 1675
2 1677
3 1678
2 1679
1 1680
1 1682
2 1683
1 1687
1 1691
1 1692
2 1697
2 1700
1 1701
1 1703
2 1704
1 1705
1 1707
1 1709
1 1710
1 1712
1 1714
1 1715
2 1716
1 1717
1 1718
1 1719
1 1720
1 1722
1 1723
1 1727
2 1728
3 1733
1 1734
1 1735
1 1736
1 1737
1 1739
2 1744
1 1750
1 1755
1 1757
1 1758
1 1765
1 1766
2 1771
1 1777
2 1778
2 1783
2 1785
1 1789
1 1793
1 1795
1 1796
1 1797
1 1802
1 1803
2 1811
1 1812
1 1815
1 1818
1 1823
2 1825
1 1826
1 1829
1 1831
2 1832
1 1833
1 1835
1 1836
1 1837
2 1838
1 1842
1 1846
1 1849
1 1850
1 1851
2 1857
1 1859
2 1861
1 1863
1 1865
1 1870
1 1872
1 1873
1 1874
2 1880
3 1881
1 1883
1 1887
1 1888
1 1890
2 1894
1 1895
1 1896
1 1899
1 1902
1 1903
1 1904
2 1905
2 1907
3 1910
1 1913
1 1916
1 1917
2 1921
2 1923
1 1927
1 1929
2 1933
2 1937
1 1939
1 1940
1 1945
2 1946
1 1952
1 1958
2 1959
2 1960
1 1962
2 1963
1 1969
2 1972
4 1974
2 1976
1 1978
2 1979
2 1982
1 1984
1 1985
2 1986
1 1989
1 1990
1 1992
1 1993
2 1994
1 1996
1 1997
1 1998
1 1999
1 2001
1 2003
1 2005
2 2006
1 2008
4 2011
1 2012
1 2013
1 2014
1 2015
1 2016
1 2019
1 2022
1 2023
1 2024
1 2025
1 2028
1 2030
2 2031
1 2034
2 2036
2 2037
2 2038
2 2040
1 2041
2 2042
1 2043
2 2046
2 2047
2 2052
1 2053
2 2055
1 2056
1 2057
2 2059
1 2060
1 2062
1 2063
2 2065
4 2066
2 2067
1 2068
2 2070
3 2071
2 2072
3 2078
2 2079
2 2080
5 2081
2 2082
1 2084
1 2086
2 2087
1 2088
1 2090
2 2091
5 2092
2 2094
1 2096
3 2097
2 2098
1 2099
3 2102
2 2103
3 2105
1 2106
1 2108
1 2109
2 2112
3 2114
1 2115
1 2116
2 2117
1 2118
4 2120
1 2121
5 2122
3 2124
3 2125
2 2126
2 2128
2 2129
3 2130
3 2131
2 2132
1 2133
1 2134
2 2136
4 2137
5 2138
4 2139
1 2140
1 2141
3 2143
4 2144
2 2145
3 2146
1 2147
2 2148
3 2149
5 2150
1 2151
3 2153
1 2154
1 2155
2 2156
3 2157
5 2158
5 2159
3 2160
2 2161
1 2162
3 2163
7 2164
2 2165
3 2166
6 2167
1 2168
7 2169
4 2170
2 2172
5 2173
3 2174
8 2175
4 2176
5 2177
3 2178
2 2179
2 2180
6 2181
3 2182
2 2183
2 2184
3 2185
7 2186
5 2187
7 2188
4 2189
6 2190
4 2191
7 2192
7 2193
6 2194
6 2195
10 2196
6 2197
7 2198
7 2199
10 2200
8 2201
4 2202
12 2203
9 2204
10 2205
8 2206
10 2207
13 2208
8 2209
8 2210
10 2211
14 2212
9 2213
9 2214
12 2215
13 2216
14 2217
10 2218
13 2219
16 2220
15 2221
17 2222
12 2223
11 2224
9 2225
16 2226
12 2227
22 2228
23 2229
24 2230
15 2231
14 2232
11 2233
17 2234
18 2235
16 2236
24 2237
22 2238
17 2239
21 2240
13 2241
20 2242
24 2243
16 2244
18 2245
20 2246
22 2247
22 2248
21 2249
23 2250
27 2251
19 2252
34 2253
27 2254
24 2255
33 2256
28 2257
21 2258
18 2259
29 2260
27 2261
26 2262
25 2263
29 2264
30 2265
30 2266
45 2267
31 2268
25 2269
25 2270
31 2271
27 2272
35 2273
26 2274
25 2275
22 2276
26 2277
30 2278
29 2279
20 2280
30 2281
20 2282
24 2283
20 2284
16 2285
19 2286
8 2287
19 2288
17 2289
14 2290
6 2291
16 2292
10 2293
14 2294
17 2295
11 2296
13 2297
13 2298
6 2299
4 2300
8 2301
7 2302
5 2303
5 2304
4 2305
3 2306
3 2307
2 2308
4 2309
3 2310
5 2311
3 2312
3 2313
6 2314
1 2315
2 2316
4 2317
2 2318
4 2319
2 2321
3 2322
2 2323
2 2324
2 2326
2 2329
2 2330
2 2331
1 2332
2 2333
1 2334
1 2335
1 2337
1 2338
1 2339
4 2340
1 2341
3 2343
2 2344
2 2347
2 2348
1 2349
1 2350
3 2351
1 2352
5 2353
2 2354
2 2355
5 2357
3 2358
5 2359
1 2360
3 2361
2 2362
2 2363
3 2364
3 2365
3 2367
3 2368
1 2369
3 2370
3 2371
4 2372
3 2373
2 2375
3 2376
1 2377
1 2378
4 2379
4 2380
1 2381
2 2382
1 2383
1 2384
2 2385
1 2387
2 2388
1 2389
1 2390
1 2391
2 2392
1 2393
3 2396
1 2399
1 2401
1 2402
1 2404
3 2405
2 2406
1 2407
1 2409
1 2410
1 2412
2 2419
1 2420
1 2427
1 2458
1 2463
1 2465
1 2475
1 2485
1 2493
1 2512
1 2525
1 2528
2 2534
1 2550
1 2571
1 2575
1 2580
1 2587
1 2597
1 2608
1 2620
1 2623
1 2631
1 2644
1 2645
2 2663
1 2665
1 2666
1 2672
1 2673
1 2676
1 2678
1 2684
1 2693
1 2716
1 2722
1 2727
1 2732
1 2757
1 2761
1 2802
1 2819
1 2841
1 2843
1 2896
1 2932
1 2937
1 2982
1 2983
1 2992
1 3000
1 3023
1 3123
1 3129
1 3158
1 3239
1 3277
1 3285
1 3327
1 3337
1 3374
1 3559
1 3591
1 3748
1 3754
1 4399
