2 3
1 32
2 34
2 36
2 37
1 38
1 39
1 40
2 43
1 46
1 48
1 49
4 50
1 52
1 53
2 54
1 56
2 58
1 62
1 63
2 64
1 66
1 68
1 71
1 72
3 73
2 75
1 76
3 81
1 82
2 83
2 84
4 85
4 86
2 87
2 88
3 89
1 90
1 92
1 94
1 95
1 96
1 97
1 98
2 99
1 100
1 101
2 102
3 103
2 104
1 105
2 106
5 107
2 108
6 109
6 110
6 111
7 112
13 113
7 114
7 115
10 116
6 117
1 118
5 119
2 120
1 121
2 122
3 123
5 124
4 125
3 127
4 128
2 129
2 130
2 131
4 132
1 133
2 134
2 135
4 136
2 137
1 138
1 139
5 140
2 141
2 144
2 148
1 151
2 152
4 153
1 154
2 155
1 156
3 157
4 158
3 159
1 160
1 161
2 162
3 164
1 165
1 166
2 167
2 168
5 169
1 171
2 172
1 173
1 174
3 175
6 176
2 177
6 178
3 179
1 180
2 181
3 182
3 183
5 184
2 185
4 186
3 187
3 188
2 189
4 190
9 191
3 192
6 193
7 194
5 195
5 196
5 197
5 198
3 199
4 200
2 201
6 202
5 203
4 204
1 205
7 206
1 208
4 209
5 210
2 211
2 212
4 213
4 214
3 215
2 216
3 217
7 219
2 220
4 221
4 222
2 223
4 224
5 225
1 226
6 227
7 228
5 229
3 230
4 231
6 232
5 233
8 234
7 235
2 236
3 237
3 238
6 239
5 240
6 241
6 243
11 244
5 245
2 246
11 247
17 248
16 249
18 250
14 251
12 252
15 253
31 254
17 255
19 256
26 257
29 258
19 259
18 260
18 261
13 262
10 263
14 264
6 265
10 266
9 267
7 268
4 269
5 270
2 271
5 272
5 273
5 274
2 275
5 276
2 277
5 278
2 279
4 280
3 281
10 282
2 283
7 284
4 285
5 286
4 287
6 288
2 289
12 290
5 291
6 292
3 293
8 294
4 295
2 296
4 297
8 298
3 299
7 300
4 301
7 302
6 303
11 304
8 305
4 306
8 307
11 308
5 309
5 310
3 311
10 312
5 313
4 314
5 315
7 316
7 317
3 318
2 319
2 320
5 321
6 322
2 323
4 324
10 325
6 326
14 327
7 328
5 329
6 330
7 331
10 332
7 333
3 334
4 335
8 336
8 337
8 338
7 339
9 340
8 341
7 342
7 343
9 344
4 345
7 346
8 347
7 348
8 349
5 350
5 351
3 352
4 353
5 354
3 355
8 356
3 357
5 358
3 359
6 360
7 361
3 362
7 363
4 364
3 365
2 366
4 367
2 368
4 369
3 370
4 371
4 372
6 373
5 374
3 375
5 376
9 377
9 378
2 379
5 380
6 381
7 382
5 383
5 384
5 385
4 386
8 387
3 388
8 389
3 390
9 391
4 392
4 393
9 394
9 395
8 396
11 397
13 398
11 399
9 400
15 401
12 402
10 403
15 404
22 405
15 406
24 407
15 408
18 409
26 410
18 411
15 412
26 413
24 414
34 415
18 416
33 417
30 418
25 419
20 420
30 421
26 422
26 423
18 424
24 425
21 426
23 427
26 428
25 429
15 430
24 431
24 432
28 433
30 434
26 435
27 436
34 437
28 438
38 439
37 440
34 441
40 442
33 443
53 444
50 445
53 446
68 447
55 448
68 449
78 450
72 451
75 452
82 453
99 454
88 455
93 456
83 457
57 458
74 459
61 460
65 461
41 462
39 463
44 464
37 465
32 466
27 467
16 468
18 469
19 470
10 471
11 472
7 473
9 474
8 475
9 476
10 477
8 478
4 479
4 480
2 481
3 482
4 483
3 484
5 485
2 486
4 487
1 488
7 489
4 490
6 491
7 492
6 493
3 494
8 495
3 496
4 497
14 498
6 499
8 500
4 501
2 502
8 503
8 504
5 505
7 506
8 507
10 508
2 509
6 510
6 511
7 512
4 513
12 514
8 515
8 516
6 517
2 518
6 519
6 520
6 521
4 522
9 523
8 524
8 525
5 526
9 527
6 528
8 529
10 530
10 531
14 532
7 533
12 534
19 535
12 536
16 537
22 538
11 539
13 540
12 541
21 542
15 543
16 544
14 545
21 546
17 547
19 548
23 549
20 550
17 551
10 552
17 553
15 554
11 555
7 556
11 557
11 558
15 559
13 560
9 561
11 562
15 563
12 564
12 565
14 566
13 567
12 568
14 569
9 570
16 571
13 572
8 573
13 574
8 575
10 576
9 577
5 578
5 579
12 580
9 581
11 582
16 583
9 584
4 585
4 586
4 587
4 588
8 589
5 590
5 591
6 592
6 593
8 594
6 595
3 596
9 597
3 598
2 599
5 600
8 601
9 602
6 603
4 604
9 605
8 606
7 607
6 608
4 609
7 610
12 611
8 612
10 613
12 614
8 615
11 616
12 617
20 618
6 619
9 620
8 621
17 622
18 623
16 624
9 625
10 626
15 627
13 628
18 629
16 630
9 631
10 632
11 633
11 634
13 635
7 636
7 637
9 638
5 639
5 640
8 641
9 642
6 643
7 644
6 645
6 646
6 647
4 648
6 649
4 650
3 651
5 652
6 653
6 654
3 655
6 656
5 657
3 658
10 659
5 660
6 661
4 662
9 663
6 664
6 665
10 666
7 667
3 668
7 669
8 670
12 671
6 672
4 673
6 674
17 675
18 676
10 677
6 678
12 679
12 680
11 681
12 682
13 683
15 684
18 685
15 686
13 687
12 688
10 689
18 690
15 691
12 692
7 693
8 694
10 695
12 696
8 697
13 698
10 699
14 700
12 701
8 702
16 703
13 704
5 705
11 706
12 707
5 708
13 709
9 710
14 711
16 712
9 713
7 714
16 715
15 716
12 717
15 718
11 719
18 720
17 721
18 722
20 723
20 724
24 725
28 726
30 727
27 728
25 729
18 730
22 731
22 732
30 733
21 734
26 735
33 736
27 737
36 738
23 739
37 740
38 741
44 742
52 743
40 744
53 745
61 746
59 747
58 748
61 749
66 750
66 751
79 752
64 753
90 754
103 755
108 756
98 757
119 758
132 759
120 760
123 761
146 762
117 763
141 764
138 765
112 766
122 767
125 768
124 769
101 770
90 771
97 772
85 773
90 774
70 775
69 776
57 777
58 778
57 779
42 780
40 781
22 782
29 783
25 784
24 785
13 786
17 787
14 788
12 789
8 790
13 791
5 792
9 793
11 794
9 795
9 796
8 797
9 798
12 799
14 800
6 801
8 802
14 803
13 804
13 805
7 806
9 807
13 808
8 809
6 810
13 811
7 812
8 813
6 814
21 815
16 816
17 817
13 818
10 819
11 820
18 821
9 822
4 823
13 824
17 825
16 826
17 827
15 828
12 829
21 830
24 831
11 832
21 833
20 834
20 835
18 836
22 837
20 838
21 839
18 840
20 841
28 842
18 843
25 844
19 845
22 846
30 847
18 848
22 849
21 850
30 851
33 852
22 853
30 854
28 855
31 856
31 857
37 858
30 859
27 860
32 861
26 862
43 863
39 864
27 865
37 866
36 867
27 868
29 869
47 870
40 871
35 872
35 873
38 874
31 875
29 876
26 877
27 878
29 879
36 880
31 881
34 882
21 883
30 884
31 885
28 886
30 887
17 888
29 889
28 890
22 891
19 892
20 893
34 894
32 895
27 896
22 897
27 898
29 899
27 900
43 901
31 902
31 903
42 904
39 905
35 906
40 907
41 908
36 909
36 910
42 911
38 912
44 913
38 914
45 915
41 916
48 917
56 918
64 919
55 920
65 921
75 922
70 923
73 924
89 925
74 926
85 927
79 928
90 929
95 930
95 931
105 932
113 933
117 934
127 935
99 936
140 937
141 938
136 939
147 940
167 941
176 942
173 943
180 944
207 945
203 946
227 947
209 948
253 949
258 950
267 951
300 952
319 953
366 954
362 955
380 956
394 957
401 958
440 959
483 960
497 961
493 962
503 963
496 964
477 965
478 966
521 967
472 968
501 969
487 970
473 971
439 972
373 973
373 974
362 975
314 976
282 977
260 978
223 979
206 980
211 981
152 982
149 983
133 984
107 985
88 986
94 987
76 988
51 989
45 990
40 991
34 992
30 993
21 994
19 995
16 996
15 997
17 998
16 999
13 1000
10 1001
6 1002
7 1003
8 1004
6 1005
3 1006
2 1007
1 1008
7 1009
1 1010
3 1011
2 1012
5 1013
2 1014
3 1015
1 1016
2 1017
4 1018
1 1019
4 1020
1 1022
2 1024
3 1025
1 1026
1 1029
1 1032
2 1033
3 1036
1 1037
1 1038
1 1045
3 1048
2 1049
1 1052
1 1053
3 1054
1 1058
1 1061
1 1063
1 1065
1 1066
1 1067
1 1070
2 1071
1 1072
1 1077
2 1080
1 1081
1 1083
1 1085
2 1091
2 1092
1 1093
1 1094
1 1098
1 1103
1 1107
1 1108
1 1110
2 1111
1 1112
1 1115
2 1117
1 1118
1 1120
1 1123
2 1125
1 1126
3 1127
3 1129
1 1130
3 1131
1 1132
1 1133
1 1134
1 1135
2 1136
2 1137
2 1138
4 1140
2 1141
2 1142
2 1144
1 1145
2 1146
2 1147
3 1148
6 1149
3 1150
1 1151
5 1152
2 1153
2 1154
1 1155
3 1156
2 1157
5 1158
3 1159
3 1161
3 1162
3 1163
4 1165
4 1166
3 1167
2 1168
1 1169
3 1170
1 1171
4 1173
2 1174
1 1175
2 1177
3 1181
3 1182
1 1183
3 1185
1 1186
3 1188
5 1190
3 1191
2 1194
1 1195
1 1197
1 1198
3 1200
3 1201
2 1202
1 1203
2 1204
1 1205
1 1207
2 1208
1 1209
1 1210
2 1211
2 1212
1 1213
1 1214
1 1215
2 1216
1 1218
4 1221
3 1222
2 1223
3 1224
1 1225
4 1226
1 1227
2 1228
3 1229
1 1230
3 1231
1 1233
2 1234
1 1235
1 1236
4 1237
2 1238
3 1239
4 1240
4 1241
5 1242
3 1243
4 1244
2 1245
4 1246
2 1247
3 1248
2 1249
6 1250
2 1251
4 1252
3 1253
5 1254
5 1255
1 1256
1 1257
2 1258
4 1259
7 1260
3 1261
4 1262
4 1263
2 1265
4 1266
2 1267
2 1268
2 1269
1 1270
4 1272
5 1273
3 1274
4 1275
1 1276
1 1277
2 1278
3 1279
3 1280
4 1281
4 1282
3 1283
2 1284
3 1285
4 1286
3 1287
4 1288
5 1289
2 1290
4 1291
3 1292
2 1293
1 1294
3 1295
2 1296
7 1297
2 1298
6 1299
1 1300
1 1301
1 1302
5 1303
3 1304
1 1305
4 1306
3 1307
5 1308
4 1309
3 1310
1 1311
4 1312
5 1313
4 1315
3 1316
5 1317
2 1318
4 1319
2 1320
5 1321
2 1322
5 1323
3 1324
5 1325
1 1326
1 1327
3 1328
3 1329
1 1331
2 1332
2 1333
3 1334
1 1336
1 1340
3 1341
1 1342
2 1343
1 1344
1 1345
2 1349
1 1350
1 1351
2 1353
1 1355
1 1357
1 1364
1 1365
1 1366
2 1368
1 1369
1 1370
2 1375
1 1376
1 1377
1 1378
1 1380
1 1384
1 1386
2 1387
1 1388
1 1389
1 1393
1 1396
1 1397
1 1398
2 1400
1 1402
3 1403
1 1404
2 1406
1 1407
2 1410
2 1413
1 1414
3 1421
2 1423
1 1424
1 1426
1 1427
2 1428
1 1431
1 1433
1 1435
1 1438
2 1440
1 1441
2 1443
1 1446
1 1447
2 1451
1 1453
1 1458
1 1460
1 1461
1 1464
1 1465
1 1466
3 1469
1 1470
1 1471
1 1474
1 1475
1 1476
1 1477
2 1481
1 1482
1 1483
2 1484
1 1485
2 1487
1 1491
1 1493
1 1497
1 1499
1 1502
1 1503
1 1505
1 1506
1 1511
1 1512
1 1514
1 1518
1 1519
1 1521
1 1522
1 1525
1 1526
1 1532
1 1533
2 1534
1 1535
1 1537
1 1540
1 1543
1 1550
3 1554
1 1556
1 1559
1 1563
2 1564
1 1565
1 1566
1 1567
1 1568
2 1569
2 1570
1 1572
1 1574
1 1578
1 1582
1 1587
1 1589
2 1594
1 1595
1 1596
2 1597
1 1599
1 1602
1 1603
1 1604
1 1606
1 1608
1 1616
1 1617
1 1621
1 1623
4 1624
1 1626
2 1631
1 1632
1 1635
1 1637
4 1638
2 1639
1 1641
1 1644
1 1646
2 1649
1 1651
1 1655
1 1660
1 1661
1 1663
2 1665
1 1667
1 1670
1 1672
2 1673
3 1674
1 1675
2 1677
1 1682
2 1683
1 1684
1 1686
2 1687
1 1688
1 1689
3 1690
1 1691
1 1693
1 1694
3 1696
3 1697
1 1698
1 1700
2 1707
1 1710
3 1711
2 1713
3 1714
2 1715
1 1716
1 1719
1 1720
2 1721
1 1723
2 1724
1 1725
1 1726
1 1727
2 1728
1 1729
1 1731
2 1737
1 1738
1 1739
1 1743
1 1745
1 1746
1 1748
1 1751
1 1754
1 1755
1 1756
1 1759
2 1760
1 1761
1 1762
1 1763
1 1764
2 1770
1 1775
1 1776
2 1778
1 1781
1 1784
2 1785
1 1789
2 1790
2 1791
2 1795
1 1796
1 1799
1 1801
1 1803
1 1806
1 1808
3 1810
3 1816
1 1818
1 1819
1 1820
1 1822
1 1823
1 1824
2 1827
1 1828
1 1829
2 1830
1 1831
2 1832
3 1835
1 1837
1 1838
2 1839
1 1840
2 1842
1 1843
1 1844
2 1845
1 1847
2 1848
2 1851
1 1852
4 1854
2 1856
1 1858
1 1859
3 1861
1 1862
2 1863
1 1865
1 1869
2 1870
2 1871
1 1872
1 1873
1 1874
1 1875
1 1876
2 1877
1 1878
1 1880
1 1881
1 1882
1 1884
1 1885
1 1886
1 1887
1 1888
1 1890
1 1892
1 1893
1 1894
2 1895
1 1897
1 1900
1 1901
1 1902
1 1904
2 1905
1 1906
3 1909
1 1910
2 1911
2 1912
1 1913
1 1917
1 1919
1 1921
1 1922
1 1925
2 1926
2 1931
1 1932
2 1934
1 1936
2 1938
1 1939
1 1941
1 1943
2 1949
2 1950
1 1951
1 1952
2 1954
1 1957
1 1958
1 1959
1 1960
1 1961
1 1962
1 1969
1 1972
1 1975
1 1976
1 1977
1 1978
1 1980
1 1981
1 1982
3 1986
1 1987
1 1988
1 1989
1 1990
1 1994
1 1995
1 1996
2 1999
1 2000
1 2001
2 2002
1 2003
1 2004
1 2005
1 2007
1 2010
1 2011
1 2012
1 2014
2 2015
1 2016
2 2017
1 2018
2 2019
1 2020
1 2021
1 2023
1 2024
1 2030
1 2031
2 2037
2 2039
1 2041
2 2044
1 2047
1 2050
1 2051
3 2054
1 2057
1 2059
1 2061
2 2062
1 2064
1 2066
2 2067
4 2068
1 2069
1 2070
2 2071
2 2072
1 2073
1 2074
2 2075
2 2077
4 2078
3 2080
2 2081
1 2082
2 2083
1 2084
2 2085
2 2087
1 2088
1 2090
2 2091
2 2093
4 2094
2 2095
2 2096
1 2098
2 2099
2 2100
1 2101
1 2105
3 2106
2 2107
2 2108
2 2109
3 2110
1 2111
2 2112
1 2114
1 2115
3 2116
3 2117
2 2120
5 2121
1 2123
3 2125
2 2127
2 2128
2 2129
4 2131
1 2132
1 2136
3 2137
2 2138
2 2140
2 2141
1 2142
2 2143
2 2144
4 2145
1 2146
1 2147
1 2148
6 2149
1 2150
1 2151
1 2152
3 2153
3 2155
1 2156
4 2157
5 2158
3 2159
3 2162
3 2164
2 2165
3 2166
6 2167
2 2168
1 2169
3 2170
3 2172
2 2173
3 2174
4 2176
4 2177
6 2178
6 2179
2 2180
7 2181
4 2182
3 2183
3 2184
3 2185
4 2186
5 2187
2 2188
1 2189
7 2190
4 2191
4 2192
2 2193
3 2194
3 2195
5 2196
2 2197
5 2198
10 2199
1 2200
3 2201
4 2202
4 2203
2 2204
7 2205
2 2206
5 2207
6 2208
3 2209
5 2210
2 2211
4 2212
3 2213
2 2214
5 2215
9 2216
8 2217
5 2218
7 2219
4 2220
3 2221
4 2222
5 2223
11 2224
9 2225
12 2226
6 2227
7 2228
9 2229
7 2230
9 2231
4 2232
4 2233
7 2234
9 2235
4 2236
7 2237
6 2238
10 2239
9 2240
10 2241
9 2242
4 2243
8 2244
12 2245
10 2246
12 2247
8 2248
10 2249
9 2250
14 2251
5 2252
7 2253
6 2254
12 2255
4 2256
13 2257
12 2258
7 2259
11 2260
10 2261
19 2262
6 2263
12 2264
14 2265
9 2266
8 2267
14 2268
10 2269
10 2270
6 2271
8 2272
12 2273
11 2274
5 2275
13 2276
13 2277
11 2278
13 2279
11 2280
13 2281
17 2282
9 2283
12 2284
5 2285
7 2286
5 2287
5 2288
15 2289
16 2290
14 2291
11 2292
9 2293
8 2294
5 2295
6 2296
13 2297
10 2298
7 2299
10 2300
11 2301
10 2302
9 2303
10 2304
9 2305
10 2306
8 2307
9 2308
10 2309
14 2310
12 2311
9 2312
9 2313
12 2314
5 2315
14 2316
15 2317
9 2318
15 2319
12 2320
13 2321
18 2322
15 2323
10 2324
17 2325
14 2326
17 2327
13 2328
15 2329
18 2330
11 2331
19 2332
16 2333
21 2334
23 2335
19 2336
22 2337
21 2338
24 2339
13 2340
22 2341
26 2342
14 2343
24 2344
33 2345
30 2346
28 2347
23 2348
35 2349
23 2350
28 2351
32 2352
31 2353
35 2354
47 2355
34 2356
36 2357
41 2358
30 2359
42 2360
41 2361
37 2362
45 2363
44 2364
33 2365
37 2366
41 2367
37 2368
40 2369
37 2370
35 2371
37 2372
28 2373
29 2374
38 2375
40 2376
35 2377
38 2378
36 2379
38 2380
32 2381
39 2382
27 2383
32 2384
39 2385
21 2386
28 2387
29 2388
22 2389
19 2390
24 2391
22 2392
18 2393
23 2394
18 2395
18 2396
18 2397
20 2398
16 2399
18 2400
17 2401
7 2402
15 2403
13 2404
13 2405
11 2406
13 2407
7 2408
7 2409
13 2410
10 2411
6 2412
7 2413
9 2414
6 2415
7 2416
6 2417
11 2418
5 2419
7 2420
9 2421
4 2422
4 2423
10 2424
8 2425
6 2426
6 2427
5 2428
5 2429
5 2430
6 2431
2 2432
5 2433
4 2434
10 2435
9 2436
7 2437
5 2438
5 2439
5 2440
5 2441
7 2442
9 2443
12 2444
8 2445
7 2446
11 2447
10 2448
10 2449
7 2450
7 2451
9 2452
9 2453
16 2454
15 2455
16 2456
15 2457
18 2458
7 2459
14 2460
14 2461
15 2462
10 2463
12 2464
9 2465
12 2466
9 2467
11 2468
23 2469
18 2470
17 2471
13 2472
21 2473
13 2474
21 2475
10 2476
18 2477
19 2478
9 2479
10 2480
15 2481
12 2482
13 2483
12 2484
8 2485
8 2486
11 2487
7 2488
6 2489
4 2490
6 2491
7 2492
5 2493
11 2494
12 2495
4 2496
7 2497
4 2498
8 2499
7 2500
6 2501
4 2502
3 2503
5 2504
1 2505
5 2506
2 2507
2 2508
2 2509
6 2510
3 2511
1 2512
2 2513
2 2515
1 2516
4 2517
3 2518
4 2519
2 2520
1 2521
5 2522
1 2523
2 2524
2 2525
2 2526
2 2527
2 2528
6 2530
3 2531
1 2532
2 2533
2 2534
2 2535
3 2536
1 2538
1 2539
1 2541
1 2543
3 2544
1 2545
5 2546
4 2548
3 2549
3 2550
4 2551
2 2552
5 2553
1 2554
4 2555
2 2556
4 2557
5 2558
6 2559
3 2560
1 2561
4 2562
4 2563
3 2564
2 2565
4 2567
1 2568
6 2569
1 2570
2 2571
4 2572
3 2573
4 2574
4 2575
3 2576
2 2577
3 2578
1 2579
4 2581
4 2582
1 2583
8 2584
5 2585
5 2586
6 2587
4 2588
5 2589
8 2590
4 2591
8 2592
5 2593
4 2594
8 2595
5 2596
5 2597
5 2598
5 2599
4 2600
5 2601
14 2602
12 2603
4 2604
4 2605
9 2606
4 2607
10 2608
3 2609
10 2610
12 2611
6 2612
8 2613
5 2614
6 2615
14 2616
13 2617
8 2618
6 2619
11 2620
12 2621
4 2622
5 2623
8 2624
9 2625
12 2626
6 2627
5 2628
7 2629
4 2630
5 2631
3 2632
8 2633
3 2634
7 2635
7 2636
2 2637
5 2638
4 2639
4 2640
4 2641
6 2642
2 2643
5 2644
3 2645
4 2646
3 2647
1 2648
4 2649
5 2650
4 2651
2 2652
3 2653
1 2654
2 2655
1 2656
2 2657
1 2658
1 2659
2 2660
1 2661
1 2662
1 2664
1 2665
2 2666
1 2668
2 2671
2 2672
2 2673
2 2674
3 2676
1 2677
1 2680
1 2681
1 2682
2 2686
1 2688
2 2689
1 2690
1 2691
1 2695
2 2696
1 2697
1 2699
1 2709
2 2712
2 2715
1 2716
1 2720
1 2721
1 2722
1 2729
1 2730
1 2734
1 2735
1 2736
1 2746
1 2750
1 2763
1 2764
1 2768
1 2817
1 2834
1 2839
1 2843
1 2873
1 2912
1 2913
1 2935
1 2939
1 2950
1 2984
1 3000
1 3013
1 3014
1 3036
1 3086
1 3155
1 3158
1 3231
1 3261
1 3265
1 3318
1 3360
1 3390
1 3444
1 3554
1 3574
1 3619
1 3620
1 3643
1 3739
1 3893
1 3905
1 4161
1 4489
