1 1
2 2
1 3
2 4
3 7
5 10
4 12
3 13
2 14
3 16
3 18
1 19
3 20
2 21
2 22
2 23
5 24
2 25
4 26
1 27
6 28
1 29
5 30
3 31
1 32
2 33
3 34
3 35
11 36
4 37
2 38
3 39
3 40
2 41
4 42
1 43
2 44
2 45
5 46
6 47
6 48
4 49
5 50
2 51
1 52
1 53
5 54
4 55
8 56
8 57
5 58
7 59
5 60
10 61
2 62
8 63
3 64
7 65
1 66
1 67
6 68
4 69
6 70
3 71
4 72
2 73
6 74
4 75
6 76
4 77
3 78
6 79
3 80
5 81
1 82
4 83
3 84
4 85
1 86
7 87
2 88
9 89
2 90
6 91
7 92
3 93
8 94
5 95
7 96
4 97
6 98
10 99
1 100
6 101
5 102
5 103
6 104
5 105
3 106
5 107
7 108
8 109
4 110
7 111
9 112
6 113
8 114
13 115
7 116
7 117
9 118
6 119
9 120
3 121
8 122
12 123
7 124
6 125
11 126
3 127
5 128
3 129
10 130
5 131
2 132
9 133
5 134
3 135
3 136
6 137
5 138
9 139
7 140
9 141
4 142
3 143
3 144
7 145
5 146
10 147
6 148
7 149
6 150
6 151
10 152
10 153
5 154
9 155
8 156
7 157
6 158
3 159
6 160
5 161
4 162
6 163
2 164
9 165
4 166
5 167
3 168
10 169
10 170
8 171
9 172
7 173
9 174
15 175
6 176
11 177
12 178
6 179
14 180
9 181
5 182
6 183
10 184
5 185
9 186
11 187
14 188
18 189
19 190
12 191
11 192
12 193
12 194
5 195
10 196
8 197
13 198
9 199
14 200
17 201
12 202
15 203
12 204
24 205
30 206
19 207
20 208
27 209
28 210
28 211
34 212
33 213
25 214
29 215
38 216
30 217
26 218
38 219
45 220
33 221
41 222
48 223
60 224
47 225
73 226
78 227
81 228
100 229
108 230
105 231
114 232
153 233
118 234
116 235
109 236
100 237
80 238
73 239
69 240
51 241
44 242
35 243
34 244
38 245
34 246
38 247
38 248
41 249
45 250
52 251
71 252
64 253
67 254
61 255
68 256
58 257
56 258
63 259
49 260
41 261
25 262
34 263
22 264
13 265
11 266
20 267
15 268
12 269
7 270
12 271
16 272
11 273
16 274
17 275
14 276
17 277
13 278
5 279
9 280
15 281
9 282
18 283
10 284
6 285
7 286
8 287
10 288
10 289
9 290
7 291
7 292
8 293
10 294
14 295
9 296
13 297
17 298
9 299
8 300
13 301
17 302
14 303
11 304
16 305
16 306
9 307
22 308
25 309
31 310
17 311
20 312
23 313
21 314
25 315
18 316
37 317
33 318
28 319
32 320
24 321
32 322
29 323
36 324
25 325
38 326
26 327
30 328
36 329
26 330
26 331
39 332
34 333
31 334
28 335
29 336
32 337
31 338
27 339
28 340
28 341
30 342
29 343
22 344
23 345
23 346
24 347
29 348
26 349
29 350
30 351
29 352
39 353
41 354
37 355
44 356
42 357
57 358
78 359
83 360
87 361
85 362
117 363
128 364
151 365
163 366
150 367
161 368
170 369
154 370
154 371
127 372
123 373
106 374
89 375
84 376
72 377
66 378
53 379
48 380
52 381
46 382
46 383
39 384
23 385
23 386
26 387
22 388
21 389
28 390
16 391
19 392
23 393
16 394
13 395
13 396
9 397
16 398
15 399
11 400
9 401
12 402
21 403
17 404
21 405
18 406
22 407
21 408
18 409
17 410
19 411
15 412
25 413
27 414
19 415
31 416
34 417
20 418
27 419
29 420
33 421
34 422
40 423
48 424
38 425
47 426
45 427
53 428
66 429
44 430
54 431
57 432
43 433
49 434
43 435
41 436
40 437
41 438
34 439
42 440
32 441
28 442
27 443
30 444
21 445
26 446
23 447
21 448
16 449
19 450
18 451
15 452
16 453
13 454
13 455
11 456
15 457
13 458
9 459
9 460
12 461
15 462
9 463
8 464
11 465
11 466
6 467
9 468
12 469
6 470
15 471
8 472
8 473
13 474
9 475
12 476
11 477
14 478
9 479
15 480
12 481
11 482
8 483
20 484
19 485
15 486
11 487
10 488
11 489
11 490
9 491
12 492
10 493
10 494
12 495
11 496
11 497
15 498
15 499
7 500
7 501
11 502
14 503
17 504
11 505
9 506
12 507
10 508
12 509
20 510
16 511
21 512
19 513
27 514
21 515
31 516
25 517
24 518
29 519
36 520
38 521
37 522
33 523
46 524
47 525
45 526
69 527
50 528
55 529
69 530
66 531
72 532
89 533
84 534
67 535
83 536
92 537
74 538
112 539
87 540
89 541
65 542
67 543
52 544
49 545
58 546
38 547
48 548
34 549
30 550
25 551
23 552
32 553
23 554
16 555
11 556
11 557
11 558
11 559
15 560
10 561
16 562
7 563
9 564
7 565
12 566
11 567
8 568
14 569
8 570
5 571
7 572
10 573
9 574
9 575
11 576
8 577
10 578
9 579
6 580
12 581
4 582
12 583
11 584
15 585
6 586
11 587
14 588
11 589
7 590
9 591
6 592
11 593
10 594
16 595
8 596
8 597
7 598
10 599
10 600
12 601
9 602
7 603
3 604
7 605
6 606
7 607
9 608
8 609
6 610
10 611
7 612
8 613
5 614
3 615
5 616
7 617
5 618
6 619
8 620
4 621
8 622
7 623
3 624
5 625
4 626
11 627
6 628
1 629
6 630
6 631
4 632
7 633
8 634
9 635
9 636
8 637
10 638
5 639
2 640
7 641
8 642
6 643
13 644
8 645
10 646
10 647
10 648
8 649
9 650
16 651
8 652
9 653
12 654
13 655
19 656
16 657
20 658
11 659
10 660
11 661
10 662
9 663
18 664
20 665
13 666
16 667
17 668
18 669
20 670
17 671
12 672
7 673
11 674
19 675
8 676
11 677
13 678
8 679
11 680
13 681
9 682
15 683
17 684
12 685
6 686
18 687
14 688
10 689
11 690
14 691
13 692
11 693
17 694
7 695
7 696
9 697
7 698
15 699
6 700
10 701
11 702
12 703
5 704
7 705
4 706
5 707
9 708
10 709
12 710
14 711
7 712
10 713
5 714
4 715
8 716
3 717
8 718
7 719
11 720
7 721
9 722
4 723
10 724
6 725
10 726
8 727
7 728
10 729
6 730
6 731
9 732
7 733
4 734
7 735
10 736
7 737
10 738
7 739
14 740
13 741
15 742
13 743
13 744
17 745
15 746
11 747
14 748
17 749
15 750
20 751
13 752
21 753
14 754
16 755
17 756
13 757
21 758
12 759
15 760
14 761
24 762
12 763
14 764
6 765
6 766
13 767
10 768
14 769
13 770
8 771
8 772
8 773
8 774
6 775
7 776
9 777
9 778
6 779
6 780
9 781
5 782
5 783
11 784
8 785
3 786
4 787
5 788
4 789
7 790
5 791
5 792
6 793
4 794
12 795
3 796
8 797
10 798
7 799
4 800
3 801
5 802
5 803
10 804
4 805
11 806
8 807
15 808
9 809
11 810
7 811
5 812
7 813
7 814
9 815
9 816
11 817
3 818
8 819
13 820
6 821
5 822
11 823
8 824
12 825
6 826
9 827
17 828
9 829
16 830
17 831
9 832
20 833
14 834
15 835
16 836
17 837
17 838
19 839
19 840
15 841
14 842
11 843
16 844
8 845
17 846
20 847
9 848
8 849
6 850
19 851
12 852
14 853
12 854
13 855
8 856
15 857
6 858
10 859
10 860
8 861
4 862
11 863
9 864
9 865
8 866
8 867
18 868
6 869
8 870
10 871
8 872
9 873
6 874
6 875
11 876
8 877
4 878
3 879
9 880
8 881
9 882
9 883
7 884
8 885
3 886
5 887
4 888
5 889
6 890
7 891
7 892
7 893
5 894
7 895
7 896
4 897
9 898
6 899
8 900
7 901
11 902
9 903
9 904
8 905
6 906
11 907
6 908
8 909
6 910
7 911
9 912
6 913
9 914
9 915
6 916
12 917
6 918
14 919
14 920
9 921
8 922
7 923
10 924
8 925
4 926
4 927
13 928
9 929
4 930
12 931
2 932
14 933
6 934
12 935
12 936
8 937
13 938
11 939
10 940
10 941
7 942
13 943
7 944
17 945
15 946
11 947
9 948
15 949
18 950
16 951
17 952
22 953
14 954
17 955
15 956
12 957
21 958
23 959
14 960
13 961
14 962
18 963
13 964
17 965
15 966
14 967
12 968
9 969
7 970
9 971
12 972
12 973
16 974
9 975
14 976
14 977
10 978
14 979
15 980
11 981
16 982
11 983
6 984
9 985
8 986
11 987
20 988
10 989
8 990
9 991
9 992
16 993
16 994
15 995
15 996
8 997
16 998
12 999
14 1000
17 1001
16 1002
10 1003
9 1004
10 1005
14 1006
18 1007
16 1008
14 1009
14 1010
19 1011
15 1012
20 1013
21 1014
26 1015
23 1016
30 1017
22 1018
23 1019
26 1020
27 1021
28 1022
28 1023
19 1024
32 1025
29 1026
30 1027
45 1028
25 1029
35 1030
42 1031
43 1032
35 1033
37 1034
43 1035
40 1036
47 1037
42 1038
49 1039
62 1040
41 1041
48 1042
63 1043
63 1044
74 1045
70 1046
60 1047
83 1048
66 1049
73 1050
85 1051
98 1052
87 1053
92 1054
86 1055
103 1056
104 1057
97 1058
96 1059
98 1060
84 1061
92 1062
113 1063
100 1064
88 1065
92 1066
87 1067
96 1068
79 1069
95 1070
76 1071
93 1072
77 1073
94 1074
83 1075
84 1076
99 1077
93 1078
95 1079
129 1080
138 1081
141 1082
151 1083
148 1084
153 1085
180 1086
189 1087
165 1088
230 1089
190 1090
220 1091
242 1092
224 1093
260 1094
257 1095
254 1096
300 1097
272 1098
248 1099
319 1100
278 1101
293 1102
228 1103
254 1104
241 1105
222 1106
233 1107
197 1108
186 1109
195 1110
172 1111
157 1112
122 1113
136 1114
96 1115
91 1116
94 1117
82 1118
66 1119
55 1120
44 1121
40 1122
36 1123
31 1124
32 1125
33 1126
27 1127
22 1128
14 1129
18 1130
14 1131
25 1132
16 1133
6 1134
13 1135
13 1136
8 1137
20 1138
14 1139
11 1140
12 1141
13 1142
12 1143
16 1144
12 1145
14 1146
8 1147
13 1148
13 1149
21 1150
11 1151
8 1152
11 1153
9 1154
11 1155
10 1156
9 1157
10 1158
15 1159
11 1160
18 1161
18 1162
6 1163
15 1164
11 1165
12 1166
17 1167
23 1168
27 1169
23 1170
27 1171
31 1172
26 1173
28 1174
19 1175
21 1176
32 1177
30 1178
32 1179
33 1180
31 1181
24 1182
32 1183
32 1184
30 1185
50 1186
36 1187
36 1188
36 1189
45 1190
32 1191
28 1192
29 1193
25 1194
21 1195
21 1196
16 1197
21 1198
23 1199
12 1200
22 1201
12 1202
17 1203
20 1204
17 1205
16 1206
13 1207
11 1208
13 1209
12 1210
14 1211
11 1212
14 1213
11 1214
6 1215
11 1216
9 1217
9 1218
11 1219
4 1220
5 1221
3 1222
4 1223
2 1224
10 1225
6 1226
7 1227
8 1228
3 1229
5 1230
4 1231
2 1232
4 1233
4 1234
9 1235
8 1236
2 1237
5 1238
5 1239
5 1240
5 1241
5 1242
5 1243
2 1244
2 1245
9 1246
2 1247
3 1248
8 1249
7 1250
3 1251
6 1252
7 1253
10 1254
9 1255
8 1256
7 1257
4 1258
3 1259
6 1260
2 1261
4 1262
11 1263
4 1264
7 1265
5 1266
5 1267
11 1268
9 1269
1 1270
11 1271
7 1272
12 1273
8 1274
6 1275
3 1276
12 1277
3 1278
12 1279
6 1280
9 1281
6 1282
11 1283
10 1284
10 1285
13 1286
6 1287
4 1288
10 1289
5 1290
8 1291
6 1292
7 1293
17 1294
5 1295
6 1296
6 1297
8 1298
3 1299
11 1300
2 1301
4 1302
1 1303
1 1304
2 1305
3 1306
3 1307
3 1308
2 1309
6 1310
5 1311
4 1313
7 1314
2 1315
3 1316
1 1317
3 1318
2 1319
2 1320
1 1321
4 1322
2 1324
3 1325
3 1326
3 1327
3 1328
1 1329
2 1330
3 1331
2 1332
4 1334
3 1336
4 1337
2 1338
1 1339
1 1340
1 1341
6 1342
2 1343
2 1344
3 1345
7 1346
3 1347
2 1348
1 1350
6 1352
1 1353
1 1354
3 1356
2 1357
5 1358
10 1359
4 1360
3 1363
4 1364
1 1365
4 1366
4 1367
2 1368
6 1369
1 1370
4 1371
3 1372
3 1373
7 1374
2 1375
6 1376
2 1377
6 1378
3 1379
8 1380
6 1381
3 1382
5 1383
4 1384
7 1385
5 1386
5 1387
4 1388
8 1389
6 1390
9 1391
5 1392
10 1393
9 1394
16 1395
14 1396
9 1397
8 1398
4 1399
4 1400
13 1401
5 1402
13 1403
6 1404
5 1405
12 1406
12 1407
6 1408
7 1409
6 1410
10 1411
4 1412
6 1413
6 1414
5 1415
4 1416
7 1417
2 1418
5 1419
5 1420
12 1421
7 1422
3 1423
7 1424
5 1425
6 1427
6 1428
4 1429
4 1430
3 1431
4 1432
5 1433
4 1434
5 1435
2 1436
7 1437
4 1438
8 1439
9 1441
5 1442
8 1443
4 1444
7 1445
3 1446
4 1447
5 1448
4 1449
4 1450
5 1451
6 1452
3 1453
3 1454
6 1455
7 1456
6 1457
2 1458
5 1459
8 1460
4 1461
3 1462
4 1463
4 1464
2 1465
4 1466
1 1467
4 1468
3 1469
1 1470
6 1471
4 1472
6 1473
4 1474
4 1475
4 1476
3 1477
5 1478
7 1479
2 1480
1 1481
5 1482
4 1483
2 1484
4 1485
4 1486
2 1487
5 1488
5 1489
3 1490
3 1491
3 1492
1 1493
2 1494
3 1495
2 1496
3 1497
3 1498
4 1499
1 1500
2 1501
3 1503
1 1504
1 1505
1 1506
3 1507
1 1508
4 1509
4 1510
3 1511
5 1512
2 1513
2 1514
2 1516
1 1517
3 1518
2 1519
6 1520
4 1522
1 1523
4 1524
2 1525
1 1526
5 1527
1 1528
1 1529
2 1530
1 1531
4 1532
2 1533
5 1534
2 1535
2 1536
4 1538
4 1539
2 1540
6 1541
2 1542
6 1543
3 1544
2 1545
1 1546
5 1547
4 1548
4 1549
3 1550
5 1551
6 1552
4 1553
5 1554
1 1555
7 1556
2 1557
3 1558
1 1559
3 1560
4 1561
3 1562
2 1563
3 1564
3 1565
3 1566
5 1567
2 1568
3 1569
1 1570
3 1571
3 1572
6 1573
3 1574
10 1575
11 1576
4 1577
6 1578
4 1579
8 1580
7 1581
2 1582
8 1583
6 1584
5 1585
7 1586
4 1587
11 1588
6 1589
6 1590
11 1591
6 1592
10 1593
7 1594
11 1595
7 1596
9 1597
7 1598
9 1599
7 1600
6 1601
11 1602
8 1603
8 1604
6 1605
15 1606
13 1607
9 1608
7 1609
12 1610
9 1611
10 1612
10 1613
10 1614
9 1615
11 1616
14 1617
11 1618
12 1619
18 1620
11 1621
9 1622
17 1623
7 1624
9 1625
17 1626
13 1627
10 1628
14 1629
17 1630
10 1631
13 1632
18 1633
10 1634
4 1635
17 1636
14 1637
18 1638
22 1639
15 1640
17 1641
20 1642
21 1643
18 1644
10 1645
20 1646
15 1647
19 1648
24 1649
20 1650
14 1651
19 1652
15 1653
15 1654
16 1655
19 1656
11 1657
11 1658
22 1659
14 1660
20 1661
14 1662
11 1663
9 1664
15 1665
14 1666
20 1667
22 1668
13 1669
24 1670
5 1671
12 1672
18 1673
14 1674
20 1675
15 1676
14 1677
15 1678
16 1679
16 1680
9 1681
20 1682
23 1683
17 1684
17 1685
19 1686
17 1687
27 1688
23 1689
21 1690
15 1691
18 1692
29 1693
25 1694
27 1695
39 1696
37 1697
40 1698
36 1699
38 1700
43 1701
54 1702
37 1703
52 1704
51 1705
50 1706
51 1707
70 1708
74 1709
68 1710
71 1711
65 1712
71 1713
79 1714
81 1715
76 1716
71 1717
93 1718
102 1719
100 1720
83 1721
94 1722
101 1723
102 1724
111 1725
107 1726
89 1727
102 1728
92 1729
100 1730
112 1731
116 1732
91 1733
122 1734
116 1735
88 1736
106 1737
91 1738
98 1739
109 1740
90 1741
103 1742
71 1743
81 1744
75 1745
86 1746
69 1747
59 1748
69 1749
61 1750
48 1751
47 1752
45 1753
61 1754
58 1755
44 1756
44 1757
46 1758
40 1759
34 1760
40 1761
42 1762
36 1763
45 1764
33 1765
32 1766
28 1767
34 1768
23 1769
27 1770
35 1771
29 1772
18 1773
23 1774
30 1775
19 1776
21 1777
14 1778
23 1779
20 1780
15 1781
14 1782
20 1783
10 1784
10 1785
10 1786
10 1787
16 1788
12 1789
7 1790
14 1791
10 1792
5 1793
9 1794
11 1795
19 1796
8 1797
10 1798
4 1799
8 1800
5 1801
2 1802
5 1803
4 1804
5 1805
10 1806
8 1807
3 1808
5 1809
10 1810
5 1811
8 1812
10 1813
7 1814
2 1815
2 1816
5 1817
5 1818
3 1819
8 1820
8 1821
5 1822
6 1823
4 1824
3 1825
4 1826
4 1827
4 1828
5 1829
9 1830
7 1831
2 1833
4 1834
6 1835
4 1836
5 1837
3 1838
4 1839
4 1840
3 1841
6 1842
9 1843
3 1844
4 1845
9 1846
6 1847
5 1848
7 1849
3 1850
5 1851
6 1852
3 1853
3 1854
6 1855
7 1856
5 1857
3 1858
7 1859
4 1860
8 1861
6 1862
6 1863
1 1864
6 1865
4 1866
4 1867
6 1868
5 1869
7 1870
3 1871
7 1872
8 1873
9 1874
10 1875
2 1876
4 1877
7 1878
13 1879
5 1880
11 1881
7 1882
11 1883
10 1884
7 1885
11 1886
7 1887
7 1888
12 1889
17 1890
11 1891
12 1892
16 1893
15 1894
16 1895
13 1896
15 1897
21 1898
16 1899
22 1900
21 1901
21 1902
30 1903
26 1904
24 1905
29 1906
34 1907
36 1908
29 1909
31 1910
44 1911
47 1912
47 1913
43 1914
40 1915
38 1916
57 1917
50 1918
40 1919
44 1920
42 1921
50 1922
63 1923
61 1924
46 1925
61 1926
50 1927
42 1928
49 1929
40 1930
35 1931
46 1932
36 1933
47 1934
33 1935
36 1936
41 1937
24 1938
35 1939
26 1940
18 1941
16 1942
14 1943
26 1944
17 1945
12 1946
17 1947
17 1948
13 1949
21 1950
13 1951
11 1952
5 1953
8 1954
7 1955
10 1956
7 1957
8 1958
8 1959
7 1960
4 1961
4 1962
11 1963
4 1964
1 1965
5 1966
2 1967
3 1968
1 1970
1 1971
1 1972
3 1973
1 1974
2 1976
2 1977
2 1978
2 1980
1 1981
1 1982
1 1984
3 1987
1 1988
1 1992
2 1993
2 2000
1 2012
1 2016
1 2018
1 2020
1 2025
1 2028
1 2034
1 2073
1 2074
1 2086
2 2093
1 2099
1 2106
1 2108
1 2118
1 2122
1 2123
2 2129
1 2130
1 2138
1 2141
1 2143
1 2145
1 2159
1 2162
1 2166
1 2172
1 2186
1 2187
1 2194
1 2199
1 2200
1 2210
2 2211
1 2213
1 2216
1 2219
1 2221
1 2223
1 2227
1 2229
1 2231
1 2234
1 2236
1 2237
1 2242
1 2244
1 2253
1 2255
1 2263
1 2267
1 2278
1 2279
1 2283
1 2284
1 2287
1 2288
1 2297
1 2302
1 2304
1 2305
1 2309
1 2319
1 2320
1 2328
1 2342
1 2349
1 2358
1 2376
2 2379
1 2381
1 2388
1 2396
2 2398
1 2403
1 2434
2 2444
1 2451
1 2466
1 2495
1 2497
1 2506
1 2507
1 2514
1 2519
1 2526
1 2529
1 2536
1 2545
1 2549
1 2554
1 2556
2 2558
1 2560
1 2567
1 2584
1 2589
1 2590
1 2595
1 2596
2 2598
1 2602
2 2603
1 2604
2 2606
2 2610
1 2612
1 2614
1 2616
2 2618
1 2620
1 2621
1 2624
1 2628
2 2632
1 2635
1 2636
1 2637
1 2638
1 2642
1 2645
2 2646
1 2648
1 2649
1 2650
2 2652
1 2654
1 2655
2 2656
1 2659
1 2661
2 2662
1 2666
1 2677
1 2684
1 2693
1 2698
1 2701
1 2702
1 2715
1 2734
1 2739
1 2746
1 2757
1 2759
1 2776
1 2787
1 2808
1 2810
1 2838
1 2842
1 2865
1 2866
1 2874
1 2907
1 2913
1 2928
1 2929
1 2938
1 2939
1 2943
1 2950
1 2976
1 2984
1 2996
2 2999
1 3006
1 3010
1 3037
1 3083
1 3105
1 3122
1 3232
1 3248
1 3318
1 3347
1 3416
1 3463
1 3480
1 3502
1 3543
1 3551
1 3598
1 3690
1 3751
1 3818
1 3862
1 4094
1 4095
1 4161
1 4591
