1 4
1 6
1 8
1 11
1 13
1 15
1 19
1 22
2 24
1 25
2 26
1 28
2 29
1 30
2 31
1 33
2 35
1 36
4 38
3 41
1 42
3 43
1 44
3 45
2 46
3 47
1 48
2 49
3 50
2 51
1 52
1 53
1 54
4 55
4 56
1 57
1 58
1 60
1 61
1 62
1 63
4 64
2 65
2 67
1 68
5 69
2 70
3 72
2 73
3 74
2 75
2 76
3 77
3 78
6 79
2 80
2 81
5 82
6 83
5 84
1 86
3 87
5 88
2 89
3 90
5 91
2 92
2 93
1 94
1 95
4 96
2 97
2 98
2 99
1 100
1 101
2 102
3 103
3 104
5 105
2 106
3 107
1 108
2 109
4 110
2 111
3 112
4 113
3 115
2 116
5 118
3 119
6 120
1 121
3 122
5 123
4 124
7 125
2 126
4 127
7 128
3 129
3 130
8 131
7 132
5 133
8 134
1 135
6 136
6 137
7 138
1 139
4 140
2 141
1 142
4 143
3 144
4 145
3 146
5 147
4 148
5 149
4 150
5 151
2 152
3 153
4 154
2 155
3 156
1 157
4 158
2 159
6 160
2 161
4 162
1 163
2 164
5 165
5 166
2 167
2 168
3 169
1 170
5 171
4 172
2 173
5 174
4 175
5 176
3 177
2 178
4 179
5 180
2 181
2 182
3 183
2 184
6 185
1 186
3 187
6 188
5 189
4 190
3 191
4 192
4 193
2 194
2 195
3 196
4 197
2 198
3 199
9 200
5 201
3 202
4 203
2 204
1 205
5 206
5 207
8 208
5 209
3 210
2 211
1 212
4 213
4 214
1 215
6 216
5 218
5 219
3 220
1 221
3 222
5 223
2 224
6 225
2 226
3 227
3 228
2 229
3 230
5 231
4 232
4 233
7 234
5 235
11 236
4 237
7 238
5 239
5 240
7 241
4 242
5 243
8 244
4 245
10 246
3 247
8 248
9 249
10 250
8 251
10 252
15 253
13 254
7 255
9 256
11 257
11 258
7 259
5 260
5 261
3 262
3 263
4 264
3 265
11 266
3 267
6 268
4 269
11 270
5 271
4 272
6 273
3 274
5 275
4 276
5 277
11 278
4 280
6 281
4 282
7 283
6 284
8 285
5 286
5 287
2 288
6 289
2 290
5 291
3 292
5 293
3 294
2 295
9 296
6 297
3 298
7 299
8 300
4 301
6 302
4 303
4 304
3 305
2 306
5 307
5 308
3 309
4 310
4 311
2 312
2 313
2 314
8 315
2 316
3 317
6 318
7 319
7 320
1 321
2 322
5 323
7 324
7 325
7 326
5 327
7 328
4 329
7 330
5 331
7 332
6 333
10 334
7 335
5 336
3 337
4 338
5 339
7 340
5 341
3 342
8 343
5 344
3 345
10 346
8 347
5 348
5 349
9 350
10 351
6 352
7 353
10 354
8 355
14 356
6 357
12 358
7 359
15 360
6 361
6 362
8 363
7 364
8 365
9 366
4 367
6 368
7 369
7 370
8 371
3 372
6 373
6 374
3 375
4 376
3 377
3 378
5 379
3 380
8 381
2 382
5 383
4 384
7 385
7 386
5 387
7 388
3 389
5 390
3 391
1 392
6 393
5 394
8 395
6 396
9 397
4 398
5 399
4 400
7 401
5 402
8 403
3 404
4 405
4 406
4 407
12 408
6 409
3 410
4 411
1 412
7 413
4 414
6 415
5 416
3 417
3 418
3 419
3 420
4 421
8 422
5 423
3 424
5 426
3 427
5 429
3 430
2 431
13 432
6 433
6 434
7 435
6 436
4 437
2 438
6 439
6 440
5 441
13 442
9 443
10 444
10 445
3 446
9 447
12 448
12 449
7 450
11 451
10 452
10 453
7 454
5 455
10 456
16 457
8 458
16 459
21 460
24 461
26 462
35 463
33 464
36 465
33 466
44 467
35 468
47 469
44 470
49 471
52 472
37 473
35 474
39 475
40 476
46 477
25 478
30 479
20 480
26 481
8 482
15 483
21 484
12 485
10 486
6 487
6 488
7 489
9 490
5 491
9 492
8 493
2 494
2 495
8 496
6 497
4 498
3 499
11 500
9 501
5 502
8 503
4 504
5 505
11 506
3 507
4 508
9 509
7 510
10 511
6 512
4 513
9 514
13 515
8 516
5 517
6 518
7 519
5 520
5 521
7 522
2 523
6 524
5 525
4 526
6 527
9 528
3 529
3 530
7 531
7 532
5 533
7 534
9 535
5 536
3 537
2 538
3 539
2 540
5 541
4 542
11 543
10 544
5 545
8 546
7 547
7 548
5 549
4 550
2 551
4 552
3 553
6 554
8 555
8 556
3 557
2 558
6 559
7 560
4 561
5 562
4 563
4 564
6 565
3 566
4 567
7 568
2 569
3 570
8 571
5 572
1 573
5 574
5 575
2 576
5 577
1 578
6 579
4 580
4 581
5 582
4 583
4 584
4 585
7 586
5 587
3 588
5 589
6 590
1 591
4 592
4 593
2 594
6 595
5 596
5 597
1 598
5 599
3 600
9 601
2 602
4 603
2 604
4 605
3 606
2 607
8 608
5 609
7 610
3 611
5 612
5 613
4 614
3 615
10 616
4 617
6 618
8 619
4 620
3 621
4 622
6 623
2 624
4 625
3 626
10 627
5 628
5 629
8 630
9 631
1 632
6 633
13 634
7 635
6 636
4 637
5 638
4 639
4 640
7 641
2 642
5 643
4 644
4 645
8 646
5 647
11 648
6 649
11 650
9 651
10 652
13 653
8 654
4 655
12 656
6 657
8 658
10 659
9 660
13 661
14 662
6 663
10 664
16 665
9 666
9 667
8 668
9 669
10 670
11 671
23 672
17 673
15 674
16 675
17 676
12 677
13 678
18 679
11 680
18 681
24 682
18 683
19 684
20 685
26 686
11 687
21 688
8 689
12 690
16 691
27 692
20 693
11 694
11 695
12 696
20 697
13 698
18 699
14 700
20 701
15 702
18 703
21 704
18 705
29 706
30 707
29 708
27 709
32 710
39 711
37 712
35 713
32 714
29 715
35 716
41 717
37 718
37 719
32 720
29 721
38 722
31 723
35 724
34 725
30 726
36 727
37 728
45 729
42 730
38 731
39 732
40 733
32 734
36 735
40 736
38 737
33 738
47 739
37 740
35 741
43 742
37 743
35 744
51 745
46 746
46 747
42 748
35 749
48 750
48 751
58 752
35 753
45 754
42 755
40 756
39 757
37 758
44 759
49 760
36 761
45 762
36 763
35 764
42 765
40 766
40 767
34 768
24 769
31 770
40 771
32 772
24 773
31 774
36 775
47 776
35 777
36 778
38 779
47 780
50 781
52 782
50 783
50 784
77 785
63 786
68 787
80 788
91 789
94 790
82 791
89 792
96 793
96 794
113 795
121 796
116 797
107 798
135 799
141 800
129 801
141 802
151 803
146 804
147 805
170 806
161 807
151 808
172 809
181 810
145 811
158 812
162 813
143 814
166 815
157 816
183 817
153 818
187 819
188 820
204 821
209 822
225 823
221 824
215 825
237 826
229 827
208 828
216 829
228 830
243 831
222 832
207 833
211 834
186 835
196 836
158 837
170 838
163 839
130 840
145 841
130 842
101 843
113 844
97 845
89 846
67 847
69 848
85 849
65 850
66 851
67 852
71 853
63 854
68 855
58 856
65 857
68 858
67 859
73 860
52 861
70 862
62 863
54 864
54 865
46 866
39 867
35 868
38 869
29 870
28 871
28 872
26 873
22 874
24 875
20 876
16 877
27 878
18 879
10 880
19 881
19 882
16 883
11 884
13 885
11 886
9 887
16 888
11 889
9 890
11 891
14 892
10 893
9 894
8 895
11 896
12 897
6 898
7 899
11 900
10 901
11 902
14 903
6 904
8 905
12 906
17 907
8 908
12 909
6 910
16 911
9 912
11 913
12 914
9 915
13 916
9 917
19 918
16 919
18 920
19 921
15 922
17 923
16 924
20 925
9 926
12 927
16 928
14 929
18 930
23 931
12 932
13 933
16 934
18 935
17 936
14 937
15 938
17 939
17 940
18 941
20 942
21 943
27 944
25 945
27 946
31 947
19 948
20 949
23 950
25 951
18 952
20 953
28 954
17 955
18 956
12 957
30 958
34 959
24 960
24 961
19 962
20 963
24 964
16 965
23 966
26 967
29 968
37 969
25 970
20 971
19 972
30 973
20 974
23 975
26 976
30 977
38 978
29 979
35 980
31 981
34 982
33 983
53 984
39 985
39 986
38 987
52 988
52 989
58 990
50 991
61 992
60 993
52 994
50 995
50 996
63 997
47 998
52 999
33 1000
37 1001
41 1002
39 1003
37 1004
38 1005
33 1006
34 1007
28 1008
32 1009
27 1010
39 1011
41 1012
41 1013
34 1014
33 1015
36 1016
46 1017
43 1018
39 1019
44 1020
49 1021
57 1022
53 1023
55 1024
61 1025
75 1026
60 1027
77 1028
72 1029
93 1030
95 1031
100 1032
99 1033
94 1034
117 1035
99 1036
109 1037
132 1038
126 1039
142 1040
170 1041
149 1042
136 1043
153 1044
176 1045
178 1046
175 1047
187 1048
196 1049
177 1050
209 1051
170 1052
171 1053
168 1054
168 1055
170 1056
147 1057
161 1058
140 1059
134 1060
123 1061
114 1062
98 1063
101 1064
93 1065
90 1066
82 1067
78 1068
70 1069
82 1070
67 1071
66 1072
84 1073
69 1074
81 1075
90 1076
88 1077
73 1078
68 1079
80 1080
103 1081
82 1082
95 1083
72 1084
85 1085
94 1086
103 1087
96 1088
84 1089
87 1090
93 1091
95 1092
98 1093
73 1094
75 1095
95 1096
77 1097
62 1098
72 1099
60 1100
62 1101
58 1102
55 1103
49 1104
50 1105
54 1106
38 1107
43 1108
37 1109
37 1110
46 1111
44 1112
40 1113
55 1114
44 1115
37 1116
33 1117
37 1118
38 1119
36 1120
40 1121
41 1122
34 1123
26 1124
37 1125
33 1126
40 1127
18 1128
28 1129
30 1130
30 1131
32 1132
24 1133
25 1134
28 1135
27 1136
29 1137
29 1138
28 1139
33 1140
32 1141
27 1142
23 1143
32 1144
24 1145
26 1146
30 1147
32 1148
31 1149
34 1150
39 1151
27 1152
30 1153
38 1154
38 1155
43 1156
32 1157
48 1158
40 1159
52 1160
45 1161
34 1162
52 1163
54 1164
42 1165
46 1166
43 1167
41 1168
55 1169
42 1170
43 1171
47 1172
39 1173
41 1174
40 1175
44 1176
37 1177
48 1178
39 1179
42 1180
39 1181
39 1182
44 1183
35 1184
34 1185
26 1186
35 1187
33 1188
45 1189
26 1190
38 1191
36 1192
33 1193
36 1194
44 1195
40 1196
39 1197
37 1198
51 1199
55 1200
58 1201
43 1202
42 1203
77 1204
59 1205
60 1206
65 1207
74 1208
79 1209
72 1210
82 1211
88 1212
86 1213
95 1214
98 1215
115 1216
81 1217
81 1218
93 1219
94 1220
84 1221
83 1222
89 1223
94 1224
74 1225
71 1226
95 1227
73 1228
46 1229
60 1230
53 1231
35 1232
48 1233
52 1234
43 1235
32 1236
29 1237
26 1238
28 1239
30 1240
27 1241
22 1242
27 1243
22 1244
13 1245
20 1246
16 1247
15 1248
19 1249
11 1250
11 1251
11 1252
19 1253
11 1254
14 1255
11 1256
9 1257
7 1258
5 1259
4 1260
2 1261
3 1262
8 1263
11 1264
3 1265
7 1266
4 1267
5 1268
5 1269
7 1270
3 1271
3 1272
3 1273
2 1274
2 1275
1 1276
2 1278
2 1279
2 1280
6 1281
1 1283
1 1284
4 1285
2 1287
1 1289
3 1292
1 1293
1 1294
1 1295
1 1296
2 1299
2 1300
5 1304
2 1306
1 1307
1 1308
1 1309
1 1310
1 1311
1 1312
2 1313
3 1316
1 1317
4 1318
1 1320
3 1321
1 1322
3 1323
2 1324
1 1326
3 1327
4 1328
1 1330
1 1331
3 1332
3 1333
1 1334
2 1335
5 1336
4 1337
1 1338
5 1339
4 1340
2 1341
1 1342
3 1343
4 1344
2 1345
1 1346
6 1347
3 1348
1 1349
4 1350
2 1351
3 1352
2 1353
3 1354
1 1355
4 1356
4 1357
6 1358
6 1359
6 1360
8 1361
3 1362
6 1363
9 1364
10 1365
6 1366
6 1367
10 1368
10 1369
10 1370
8 1371
14 1372
14 1373
14 1374
12 1375
18 1376
16 1377
10 1378
15 1379
16 1380
15 1381
13 1382
16 1383
23 1384
13 1385
11 1386
9 1387
15 1388
11 1389
18 1390
12 1391
17 1392
17 1393
11 1394
8 1395
13 1396
2 1397
9 1398
9 1399
5 1400
7 1401
9 1402
4 1403
2 1404
2 1405
3 1406
6 1407
3 1408
3 1409
3 1411
1 1412
2 1413
2 1416
1 1418
2 1420
1 1421
1 1422
1 1424
1 1426
2 1427
1 1429
1 1430
2 1431
1 1433
2 1435
1 1437
3 1440
2 1441
1 1442
2 1443
1 1444
2 1445
1 1446
2 1449
1 1450
1 1452
1 1456
2 1458
1 1462
1 1463
1 1464
1 1465
1 1472
1 1473
1 1474
1 1478
1 1479
1 1480
1 1481
1 1482
1 1484
1 1485
1 1486
1 1487
1 1489
1 1492
1 1495
1 1498
1 1504
1 1505
1 1509
1 1510
2 1511
1 1513
1 1514
1 1519
2 1526
1 1528
1 1529
1 1532
1 1533
1 1537
1 1538
1 1541
1 1542
2 1543
1 1545
4 1546
1 1548
1 1549
2 1550
1 1557
1 1559
1 1560
1 1561
2 1564
2 1567
1 1568
2 1569
1 1574
3 1576
1 1577
2 1579
1 1581
2 1585
2 1586
1 1590
1 1592
1 1593
1 1595
2 1598
1 1600
2 1606
3 1607
1 1608
1 1610
1 1612
2 1613
1 1614
2 1616
1 1619
1 1622
1 1623
1 1624
2 1625
1 1627
3 1628
2 1629
1 1631
1 1633
2 1638
4 1639
3 1644
1 1645
1 1646
2 1648
1 1650
2 1654
1 1659
2 1661
1 1662
1 1663
1 1664
1 1667
1 1673
1 1677
1 1680
1 1683
1 1684
1 1685
2 1686
1 1688
1 1689
1 1693
1 1694
3 1695
2 1696
1 1697
3 1698
1 1699
2 1703
1 1704
1 1706
1 1707
1 1712
1 1717
1 1718
1 1723
1 1724
2 1726
1 1727
1 1728
1 1730
1 1731
2 1735
1 1737
2 1738
1 1740
1 1749
1 1755
2 1757
1 1760
1 1762
1 1763
1 1764
1 1767
1 1772
2 1774
2 1777
2 1780
1 1781
1 1786
1 1787
1 1788
1 1789
1 1790
1 1796
1 1798
1 1800
1 1805
1 1806
1 1807
3 1808
1 1809
1 1810
1 1811
1 1813
1 1816
1 1818
3 1819
1 1820
1 1824
1 1825
1 1828
1 1829
2 1833
1 1838
1 1853
1 1855
1 1856
2 1859
1 1860
2 1862
1 1864
1 1866
2 1867
1 1872
1 1875
2 1877
1 1884
1 1885
1 1886
2 1888
1 1890
1 1892
1 1894
1 1896
1 1898
1 1900
2 1902
1 1903
1 1906
2 1908
1 1910
2 1911
1 1914
1 1915
1 1917
2 1918
1 1919
1 1920
3 1925
1 1927
1 1928
1 1931
1 1932
1 1933
1 1936
3 1938
1 1942
1 1943
2 1946
2 1948
1 1949
1 1950
1 1951
1 1952
1 1953
1 1954
2 1955
1 1956
2 1958
3 1960
1 1962
1 1964
2 1968
1 1969
2 1970
1 1971
1 1972
1 1973
1 1974
1 1976
2 1977
1 1978
1 1979
4 1980
1 1981
1 1982
1 1984
4 1985
3 1986
1 1987
1 1990
2 1991
3 1993
4 1994
1 1996
1 1997
1 1999
2 2003
1 2004
1 2005
2 2006
2 2007
2 2008
1 2009
1 2010
1 2019
1 2020
1 2021
3 2024
1 2025
4 2026
1 2027
2 2030
2 2031
3 2033
2 2035
4 2036
2 2037
2 2038
1 2040
1 2041
1 2043
1 2044
3 2045
2 2046
2 2047
3 2048
2 2049
1 2051
1 2054
1 2056
3 2058
1 2059
1 2061
1 2067
3 2070
1 2072
1 2076
2 2077
1 2078
1 2080
2 2081
1 2083
2 2084
1 2085
1 2087
1 2088
1 2092
1 2099
2 2101
1 2102
1 2109
1 2110
1 2111
1 2112
2 2114
1 2116
1 2118
1 2120
1 2121
1 2122
1 2126
3 2127
2 2128
1 2129
3 2130
2 2131
2 2132
1 2133
1 2134
2 2136
1 2137
1 2139
1 2140
2 2141
1 2144
2 2146
1 2147
2 2148
1 2149
2 2150
1 2151
2 2152
1 2153
2 2154
2 2155
4 2156
1 2158
1 2159
1 2160
1 2161
1 2162
1 2164
2 2165
2 2169
1 2170
1 2171
2 2173
1 2175
1 2177
3 2178
1 2179
1 2184
1 2191
3 2193
1 2196
2 2197
1 2198
1 2200
1 2201
1 2203
1 2205
1 2208
2 2209
3 2210
2 2211
2 2212
1 2213
2 2214
1 2216
1 2217
2 2219
1 2221
1 2222
2 2224
2 2226
1 2228
1 2230
2 2231
1 2232
1 2233
1 2235
1 2236
2 2239
3 2243
1 2244
1 2247
1 2249
1 2250
1 2251
2 2253
2 2254
2 2255
2 2257
1 2258
2 2259
1 2261
2 2263
1 2265
3 2267
1 2268
4 2269
3 2270
1 2272
3 2274
2 2277
2 2278
2 2279
2 2280
1 2282
2 2283
1 2285
4 2287
1 2288
1 2289
4 2290
2 2293
2 2294
1 2295
1 2297
3 2298
2 2300
2 2301
1 2302
2 2303
4 2304
1 2305
5 2307
3 2308
1 2310
4 2311
2 2312
2 2313
3 2314
2 2315
1 2316
3 2317
2 2318
1 2319
2 2320
1 2321
2 2323
5 2324
5 2325
1 2327
2 2328
4 2329
3 2331
2 2332
2 2334
4 2335
3 2336
2 2337
1 2338
1 2339
6 2340
3 2341
3 2342
1 2343
2 2344
2 2345
2 2346
3 2347
2 2348
4 2349
4 2350
2 2351
2 2353
5 2354
3 2355
4 2356
2 2358
8 2359
3 2360
4 2361
3 2362
5 2363
5 2364
1 2365
5 2366
4 2367
5 2368
4 2369
4 2370
4 2371
4 2372
2 2373
3 2374
4 2375
4 2376
2 2377
5 2378
3 2379
8 2380
2 2381
6 2382
6 2383
3 2384
5 2385
3 2386
4 2387
6 2388
5 2389
7 2390
4 2391
8 2392
5 2393
2 2394
3 2395
3 2396
11 2397
9 2398
3 2399
6 2400
5 2401
9 2402
6 2403
10 2404
12 2405
9 2406
5 2407
8 2408
7 2409
9 2410
4 2411
10 2412
11 2413
5 2414
10 2415
9 2416
6 2417
6 2418
9 2419
6 2420
6 2421
8 2422
9 2423
11 2424
9 2425
14 2426
8 2427
4 2428
5 2429
10 2430
5 2431
8 2432
11 2433
9 2434
5 2435
3 2436
7 2437
7 2438
4 2439
9 2440
4 2441
10 2442
11 2443
6 2444
7 2445
6 2446
8 2447
10 2448
4 2449
6 2450
8 2451
9 2452
6 2453
8 2454
11 2455
12 2456
7 2457
12 2458
5 2459
9 2460
9 2461
8 2462
7 2463
13 2464
9 2465
5 2466
10 2467
9 2468
9 2469
16 2470
13 2471
13 2472
11 2473
14 2474
12 2475
12 2476
17 2477
10 2478
10 2479
14 2480
8 2481
12 2482
17 2483
12 2484
24 2485
19 2486
17 2487
21 2488
18 2489
14 2490
20 2491
13 2492
18 2493
21 2494
15 2495
20 2496
22 2497
26 2498
15 2499
23 2500
16 2501
16 2502
16 2503
20 2504
15 2505
14 2506
14 2507
19 2508
12 2509
18 2510
17 2511
10 2512
8 2513
9 2514
6 2515
11 2516
15 2517
16 2518
9 2519
10 2520
4 2521
9 2522
14 2523
10 2524
5 2525
3 2526
8 2527
5 2528
6 2529
6 2530
4 2531
3 2532
4 2533
4 2534
8 2535
6 2536
5 2537
3 2538
2 2539
3 2540
2 2541
2 2542
4 2543
6 2544
4 2545
4 2546
6 2547
4 2548
5 2549
3 2550
2 2551
4 2552
7 2553
1 2554
9 2555
6 2556
9 2557
3 2558
5 2559
5 2560
9 2561
4 2562
5 2563
4 2564
6 2565
6 2566
5 2567
5 2568
2 2569
4 2570
7 2571
8 2572
6 2573
6 2574
5 2575
4 2576
4 2577
5 2578
4 2579
9 2580
9 2581
4 2582
6 2583
1 2584
7 2585
7 2586
4 2587
7 2588
6 2589
4 2590
7 2591
6 2592
7 2593
4 2594
5 2595
3 2596
4 2597
7 2598
6 2599
6 2600
6 2601
1 2602
6 2603
6 2604
10 2605
9 2606
5 2607
7 2608
6 2609
5 2610
2 2611
6 2612
4 2613
2 2614
6 2615
6 2616
4 2617
6 2619
2 2620
1 2621
1 2622
4 2623
3 2624
1 2625
1 2626
2 2627
4 2628
3 2629
1 2630
1 2632
2 2633
1 2634
2 2635
2 2636
4 2637
1 2638
1 2639
3 2640
2 2641
3 2642
3 2643
3 2645
2 2646
4 2648
2 2651
1 2652
3 2653
1 2655
2 2656
2 2657
1 2658
2 2659
1 2660
1 2661
1 2662
2 2663
2 2664
2 2666
3 2667
3 2668
3 2670
3 2671
5 2672
1 2673
2 2674
1 2675
3 2677
3 2678
2 2680
2 2681
3 2682
1 2683
6 2684
4 2685
2 2686
2 2687
5 2688
1 2689
5 2690
3 2691
5 2692
5 2693
7 2694
6 2695
9 2696
5 2697
4 2698
3 2699
5 2700
5 2701
3 2702
5 2703
3 2704
4 2705
3 2706
7 2707
11 2708
9 2709
2 2710
4 2711
7 2712
7 2713
5 2714
7 2715
7 2716
7 2717
10 2718
3 2719
8 2720
6 2721
6 2722
6 2723
12 2724
6 2725
7 2726
13 2727
3 2728
3 2729
3 2730
3 2731
5 2732
5 2733
6 2734
7 2735
5 2736
7 2737
7 2738
6 2739
3 2740
2 2741
1 2742
4 2743
1 2744
1 2745
6 2746
2 2747
2 2748
2 2749
1 2750
2 2751
2 2752
1 2753
1 2754
1 2756
4 2757
2 2760
1 2761
1 2763
1 2764
2 2766
4 2767
1 2769
1 2770
1 2771
3 2773
2 2774
1 2775
2 2776
3 2777
2 2779
1 2780
1 2781
1 2782
1 2784
1 2785
5 2787
2 2788
1 2790
2 2791
2 2792
2 2793
2 2794
2 2795
2 2796
2 2797
3 2798
1 2799
1 2800
1 2801
1 2802
3 2803
4 2804
1 2805
2 2806
6 2807
4 2808
3 2809
2 2810
1 2811
1 2813
2 2816
2 2818
2 2819
3 2821
3 2824
1 2825
2 2826
1 2827
1 2829
1 2831
1 2833
4 2834
1 2836
2 2838
5 2841
1 2842
1 2844
1 2845
1 2846
3 2847
1 2850
1 2851
1 2852
4 2853
3 2855
1 2858
1 2861
1 2862
1 2863
1 2866
2 2868
1 2873
1 2876
1 2879
1 2886
1 2887
1 2889
1 2894
1 2898
1 2904
1 2908
1 2910
1 2916
1 2931
1 2936
2 2947
1 2949
1 2959
1 2960
1 2961
1 2965
1 2979
1 2987
1 2995
1 3000
1 3007
1 3010
1 3013
1 3018
1 3019
2 3021
1 3023
1 3026
1 3028
1 3033
1 3034
1 3037
1 3038
1 3039
1 3044
1 3046
3 3047
1 3048
1 3057
2 3058
3 3060
1 3062
1 3063
1 3064
1 3065
1 3068
1 3069
1 3070
1 3072
1 3073
1 3074
1 3075
1 3076
1 3079
1 3080
2 3082
3 3083
2 3087
1 3088
1 3090
3 3095
1 3096
1 3098
1 3100
1 3101
2 3102
1 3104
3 3106
1 3108
1 3111
1 3112
1 3113
2 3116
2 3117
1 3119
3 3122
1 3123
1 3124
1 3126
1 3128
1 3129
1 3131
2 3132
2 3134
1 3135
1 3136
1 3139
2 3140
1 3144
4 3145
1 3146
2 3148
1 3155
1 3156
1 3157
1 3160
3 3162
1 3164
2 3165
1 3166
3 3169
2 3171
1 3173
2 3174
1 3177
1 3181
1 3183
1 3192
1 3195
1 3201
1 3208
1 3227
1 3238
1 3246
1 3248
1 3268
1 3284
1 3337
1 3342
1 3356
1 3369
1 3383
1 3402
1 3414
1 3422
1 3425
1 3434
1 3460
1 3522
1 3549
1 3569
1 3572
1 3573
1 3587
1 3632
1 3663
1 3674
1 3679
1 3711
1 3725
1 3767
1 3803
1 3834
1 3869
1 3991
1 3994
1 4015
1 4051
1 4121
1 4123
1 4163
1 4167
1 4197
2 4223
1 4226
1 4229
1 4269
1 4274
1 4416
1 4461
1 4521
1 4611
1 4614
1 4669
1 4691
1 4803
1 4813
1 4820
1 4827
1 5386
1 5606
1 5780
1 6666
