1 1
2 2
2 3
1 4
1 6
2 9
2 10
1 13
2 16
1 17
2 18
1 20
1 21
2 22
1 24
1 25
1 26
2 28
2 30
1 31
2 32
3 33
1 34
2 35
2 36
1 38
4 40
3 42
1 43
2 44
2 45
3 46
2 47
1 48
1 49
3 50
3 51
1 53
1 54
2 55
2 56
1 59
1 60
1 61
2 62
1 63
1 64
1 65
1 67
4 69
2 70
1 71
2 72
2 73
3 74
1 75
1 76
1 77
4 79
3 80
2 81
4 82
1 84
2 86
5 87
1 88
3 89
3 91
2 92
3 95
1 96
4 98
2 99
3 100
1 102
2 103
1 104
2 105
2 106
2 107
4 108
3 109
2 110
1 112
4 113
1 114
7 115
4 116
2 117
4 118
1 119
1 120
4 121
2 122
2 123
2 124
1 125
3 126
2 127
3 128
8 129
4 130
7 131
8 132
2 133
5 134
5 135
9 136
3 137
4 138
2 139
4 140
3 141
4 142
3 144
1 145
2 146
3 147
7 148
2 149
3 150
4 151
2 152
2 153
2 154
4 155
2 156
2 157
3 158
7 159
6 160
4 161
7 162
4 164
2 165
6 166
4 167
7 168
6 169
6 170
4 171
1 172
4 173
6 174
7 175
1 176
3 177
2 178
3 179
2 180
1 181
3 182
7 183
1 184
1 185
3 186
3 187
2 188
3 189
1 190
5 191
3 192
3 193
4 194
6 195
3 198
8 199
4 200
6 201
8 202
1 203
3 204
5 205
5 206
7 207
5 208
2 209
3 210
4 211
7 212
2 213
5 214
4 215
2 216
3 217
2 218
4 219
4 220
1 221
4 222
4 223
2 225
6 226
5 227
5 228
2 229
4 230
4 231
13 232
3 233
3 234
6 235
6 236
4 237
5 238
6 239
6 240
9 241
4 242
7 243
6 244
9 245
5 246
10 247
4 248
8 249
6 250
14 251
15 252
9 253
9 254
9 255
12 256
10 257
8 258
7 259
7 260
7 261
5 263
2 264
5 265
8 266
6 267
6 268
2 269
3 270
4 271
4 272
5 273
1 274
11 275
4 276
7 277
4 278
6 279
9 280
9 281
6 282
8 283
5 284
13 285
6 286
2 287
5 288
6 289
2 290
8 291
6 292
9 293
8 294
5 295
6 296
5 297
4 298
8 299
7 300
3 301
6 302
6 303
2 304
5 305
3 306
7 307
3 308
6 309
6 310
5 311
5 312
5 313
4 314
7 315
5 316
4 317
7 318
4 320
9 321
3 322
5 323
1 324
10 325
8 326
5 327
6 328
5 329
11 330
3 331
10 332
6 333
2 334
4 335
4 336
7 337
3 338
11 339
11 340
6 341
7 342
6 343
11 344
7 345
6 346
6 347
12 348
12 349
4 350
9 351
8 352
13 353
10 354
8 355
15 356
4 357
11 358
17 359
16 360
8 361
4 362
10 363
11 364
8 365
7 366
8 367
5 368
7 369
6 370
4 371
8 372
12 373
6 374
4 375
7 376
3 377
7 378
11 379
7 380
12 381
7 382
15 383
9 384
8 385
5 386
11 387
12 388
13 389
9 390
13 391
13 392
10 393
9 394
29 395
10 396
14 397
10 398
27 399
24 400
29 401
35 402
33 403
50 404
51 405
63 406
75 407
63 408
75 409
86 410
86 411
83 412
106 413
73 414
90 415
61 416
68 417
58 418
54 419
48 420
31 421
25 422
20 423
23 424
12 425
11 426
13 427
9 428
11 429
6 430
7 431
7 432
7 433
8 434
4 435
1 436
5 437
8 438
10 439
7 440
8 441
5 442
9 443
6 444
13 445
6 446
7 447
5 448
8 449
10 450
14 451
12 452
15 453
8 454
9 455
10 456
15 457
6 458
15 459
15 460
11 461
8 462
9 463
10 464
11 465
4 466
18 467
13 468
11 469
12 470
17 471
18 472
15 473
18 474
10 475
18 476
11 477
11 478
10 479
13 480
6 481
9 482
3 483
6 484
8 485
3 486
5 487
6 488
7 489
6 490
7 491
2 492
5 493
4 494
5 495
8 496
1 497
3 499
3 500
6 501
10 502
9 503
2 504
6 505
4 506
5 507
2 508
8 509
4 510
6 511
4 512
6 513
7 514
8 515
3 516
7 517
6 518
3 519
3 520
6 521
3 522
2 523
4 524
5 525
3 526
3 527
4 528
4 529
1 530
5 531
6 532
6 533
2 534
7 535
6 536
5 537
3 538
6 539
7 540
5 541
7 542
10 543
9 544
5 545
3 546
3 547
5 548
8 549
6 550
11 551
6 552
6 553
9 555
3 556
4 557
11 558
6 559
3 560
9 561
5 562
6 563
9 564
8 565
4 566
4 567
11 568
5 569
3 570
4 571
7 572
8 573
5 574
5 575
6 576
6 577
6 578
7 579
7 580
4 581
8 582
6 583
2 584
8 585
4 586
2 587
5 588
4 589
4 590
4 591
5 592
2 593
4 594
4 595
7 596
2 597
7 598
5 599
3 600
4 601
2 602
7 603
4 604
6 605
5 606
6 607
5 608
4 609
5 610
4 611
7 612
3 613
3 614
4 615
5 616
3 617
6 618
7 619
6 620
4 621
8 622
1 623
2 624
4 625
5 626
6 627
9 628
3 629
5 630
3 631
6 632
7 633
6 634
3 635
7 636
2 637
9 638
1 639
7 640
3 641
7 642
4 643
3 644
7 645
3 646
3 647
9 648
4 649
1 650
4 651
8 652
7 653
14 654
12 655
10 656
6 657
11 658
6 659
3 660
8 661
9 662
6 663
5 664
10 665
12 666
7 667
9 668
4 669
11 670
12 671
5 672
9 673
8 674
10 675
12 676
5 677
12 678
9 679
14 680
16 681
11 682
10 683
11 684
9 685
6 686
12 687
6 688
10 689
8 690
7 691
14 692
11 693
13 694
7 695
20 696
16 697
13 698
15 699
25 700
17 701
16 702
9 703
19 704
19 705
30 706
27 707
24 708
20 709
33 710
35 711
27 712
17 713
34 714
36 715
36 716
30 717
34 718
19 719
37 720
34 721
31 722
35 723
32 724
37 725
38 726
40 727
23 728
33 729
36 730
42 731
29 732
30 733
41 734
33 735
29 736
34 737
28 738
33 739
36 740
33 741
32 742
37 743
34 744
38 745
33 746
37 747
40 748
46 749
43 750
29 751
37 752
36 753
45 754
39 755
41 756
32 757
28 758
44 759
44 760
25 761
39 762
34 763
38 764
33 765
35 766
39 767
34 768
31 769
32 770
29 771
35 772
27 773
21 774
27 775
30 776
29 777
23 778
24 779
28 780
31 781
36 782
27 783
33 784
28 785
33 786
30 787
31 788
35 789
36 790
40 791
45 792
32 793
44 794
37 795
44 796
48 797
57 798
60 799
66 800
56 801
61 802
85 803
93 804
57 805
76 806
92 807
72 808
74 809
116 810
119 811
142 812
161 813
172 814
136 815
169 816
182 817
181 818
204 819
228 820
204 821
220 822
236 823
249 824
283 825
258 826
277 827
244 828
275 829
272 830
254 831
225 832
241 833
224 834
243 835
236 836
210 837
193 838
177 839
186 840
150 841
135 842
136 843
128 844
135 845
117 846
124 847
104 848
117 849
104 850
96 851
100 852
100 853
120 854
103 855
114 856
113 857
147 858
135 859
128 860
124 861
147 862
131 863
150 864
116 865
149 866
144 867
122 868
124 869
108 870
102 871
94 872
85 873
81 874
69 875
65 876
68 877
39 878
39 879
38 880
46 881
39 882
35 883
37 884
24 885
31 886
24 887
10 888
25 889
21 890
16 891
9 892
8 893
9 894
6 895
3 896
11 897
13 898
11 899
7 900
11 901
5 902
8 903
11 904
9 905
5 906
8 907
6 908
9 909
12 910
2 911
10 912
8 913
6 914
13 915
7 916
6 917
9 918
10 919
14 920
8 921
5 922
6 923
10 924
9 925
11 926
14 927
10 928
12 929
6 930
15 931
17 932
14 933
11 934
17 935
21 936
18 937
9 938
12 939
17 940
9 941
16 942
14 943
10 944
13 945
17 946
16 947
11 948
23 949
22 950
23 951
19 952
20 953
22 954
26 955
23 956
24 957
25 958
34 959
19 960
26 961
29 962
19 963
25 964
31 965
34 966
30 967
26 968
18 969
33 970
30 971
27 972
30 973
31 974
25 975
26 976
22 977
20 978
18 979
29 980
19 981
18 982
14 983
16 984
17 985
12 986
11 987
12 988
18 989
11 990
8 991
5 992
15 993
10 994
8 995
8 996
11 997
11 998
16 999
7 1000
12 1001
9 1002
13 1003
6 1004
11 1005
11 1006
16 1007
8 1008
17 1009
24 1010
16 1011
15 1012
15 1013
21 1014
18 1015
14 1016
39 1017
27 1018
30 1019
25 1020
26 1021
36 1022
23 1023
41 1024
33 1025
35 1026
40 1027
19 1028
36 1029
44 1030
28 1031
27 1032
32 1033
30 1034
32 1035
27 1036
26 1037
33 1038
26 1039
23 1040
27 1041
10 1042
26 1043
12 1044
11 1045
21 1046
19 1047
14 1048
14 1049
12 1050
14 1051
22 1052
18 1053
18 1054
26 1055
15 1056
22 1057
17 1058
15 1059
23 1060
17 1061
18 1062
16 1063
15 1064
23 1065
18 1066
23 1067
16 1068
23 1069
19 1070
23 1071
29 1072
26 1073
26 1074
19 1075
26 1076
25 1077
34 1078
22 1079
32 1080
34 1081
32 1082
43 1083
39 1084
36 1085
41 1086
44 1087
32 1088
38 1089
38 1090
33 1091
30 1092
43 1093
34 1094
42 1095
35 1096
35 1097
35 1098
36 1099
42 1100
40 1101
26 1102
33 1103
39 1104
33 1105
32 1106
26 1107
44 1108
24 1109
41 1110
33 1111
25 1112
39 1113
32 1114
29 1115
31 1116
28 1117
39 1118
35 1119
36 1120
40 1121
40 1122
35 1123
28 1124
30 1125
21 1126
29 1127
32 1128
34 1129
32 1130
23 1131
31 1132
22 1133
21 1134
20 1135
22 1136
13 1137
17 1138
9 1139
11 1140
14 1141
6 1142
9 1143
12 1144
8 1145
8 1146
3 1147
3 1148
8 1149
4 1150
3 1151
6 1152
2 1153
2 1154
2 1155
2 1156
1 1157
1 1158
3 1160
4 1161
1 1162
4 1164
1 1165
2 1166
2 1167
3 1168
1 1169
2 1170
1 1171
2 1172
2 1173
1 1176
1 1177
1 1178
1 1179
1 1180
1 1181
2 1182
2 1184
1 1185
2 1186
3 1187
3 1188
3 1189
2 1191
1 1193
3 1194
3 1195
3 1196
1 1197
2 1198
1 1199
2 1200
1 1201
2 1202
2 1203
2 1204
1 1205
2 1207
2 1208
1 1209
1 1210
3 1211
2 1212
3 1213
4 1214
2 1215
1 1216
5 1218
1 1219
1 1221
2 1222
1 1223
5 1224
5 1225
1 1226
2 1228
3 1230
2 1231
1 1232
2 1233
2 1234
3 1235
1 1236
5 1237
1 1238
4 1239
3 1240
7 1241
5 1243
3 1244
5 1245
8 1246
3 1247
3 1248
2 1249
1 1250
7 1251
5 1252
3 1253
4 1254
5 1255
3 1256
1 1257
6 1258
4 1259
4 1260
2 1261
2 1262
3 1263
2 1264
1 1265
2 1266
1 1267
5 1268
7 1269
2 1270
2 1271
3 1272
1 1273
1 1274
2 1275
2 1276
1 1277
3 1278
3 1279
6 1280
2 1281
4 1282
2 1283
1 1284
1 1285
3 1286
1 1287
2 1288
3 1289
3 1290
3 1291
1 1292
2 1293
6 1294
3 1295
3 1296
2 1297
5 1298
4 1300
4 1301
2 1302
5 1303
1 1304
3 1305
6 1306
2 1307
3 1308
1 1309
6 1310
5 1311
2 1312
4 1313
4 1314
1 1315
4 1316
1 1317
2 1318
5 1319
1 1320
2 1322
4 1323
3 1324
4 1325
5 1326
1 1327
2 1328
3 1329
6 1330
6 1331
4 1332
5 1333
4 1334
2 1335
4 1336
3 1337
6 1338
3 1339
7 1340
10 1341
5 1342
5 1343
5 1344
9 1345
11 1346
8 1347
10 1348
4 1349
4 1350
11 1351
4 1352
11 1353
15 1354
8 1355
15 1356
12 1357
10 1358
16 1359
10 1360
10 1361
12 1362
19 1363
21 1364
26 1365
21 1366
29 1367
14 1368
23 1369
31 1370
27 1371
40 1372
34 1373
35 1374
34 1375
28 1376
41 1377
38 1378
38 1379
38 1380
26 1381
41 1382
44 1383
34 1384
31 1385
29 1386
39 1387
30 1388
25 1389
29 1390
28 1391
24 1392
30 1393
22 1394
28 1395
23 1396
22 1397
17 1398
17 1399
9 1400
9 1401
18 1402
10 1403
4 1404
9 1405
4 1406
4 1407
8 1408
8 1409
3 1410
6 1411
3 1412
3 1414
3 1415
2 1416
2 1417
2 1418
1 1419
2 1420
1 1422
2 1424
2 1425
1 1426
1 1427
1 1430
4 1431
1 1432
2 1433
2 1434
1 1436
2 1437
1 1438
1 1440
5 1441
2 1442
1 1443
1 1444
1 1445
2 1446
2 1447
1 1449
2 1450
1 1452
2 1453
1 1454
4 1455
1 1456
1 1457
1 1459
2 1462
2 1463
1 1467
1 1469
1 1470
1 1472
2 1473
1 1476
2 1477
1 1479
2 1480
2 1482
1 1483
2 1484
1 1487
1 1489
1 1490
2 1494
1 1495
2 1496
2 1501
1 1502
2 1503
1 1504
1 1505
1 1506
1 1511
1 1514
2 1515
3 1516
1 1517
4 1520
1 1522
2 1523
1 1528
1 1529
1 1530
2 1531
1 1532
1 1533
2 1534
1 1535
1 1536
1 1539
1 1540
2 1542
1 1544
1 1545
1 1547
1 1548
1 1549
1 1551
1 1552
1 1553
2 1555
1 1556
1 1557
3 1558
3 1559
2 1560
1 1564
1 1565
2 1568
1 1569
1 1570
1 1573
2 1577
1 1579
2 1583
1 1584
1 1588
3 1589
1 1590
1 1592
1 1595
1 1598
2 1599
1 1602
2 1603
1 1605
2 1606
2 1608
2 1609
1 1611
1 1613
1 1614
4 1615
1 1617
2 1618
1 1619
2 1620
2 1621
1 1622
1 1623
1 1624
1 1625
1 1627
4 1629
1 1630
1 1633
3 1634
1 1635
1 1636
1 1637
2 1639
2 1640
1 1641
4 1642
1 1643
1 1644
1 1645
3 1646
1 1647
1 1648
1 1649
3 1650
1 1651
2 1653
2 1654
1 1656
1 1657
1 1659
4 1660
1 1661
1 1663
1 1664
1 1666
1 1667
1 1668
1 1669
3 1670
1 1671
2 1674
2 1677
1 1678
1 1680
1 1682
1 1683
1 1685
2 1686
1 1687
3 1688
4 1691
1 1692
4 1693
2 1694
2 1696
1 1698
2 1699
1 1700
4 1702
2 1703
1 1704
1 1705
1 1706
1 1707
3 1708
1 1709
4 1710
1 1711
2 1712
1 1714
1 1717
2 1718
2 1719
1 1720
1 1722
2 1724
2 1725
1 1726
4 1727
2 1729
2 1730
1 1732
2 1733
2 1734
2 1737
3 1739
2 1741
1 1742
2 1743
1 1746
1 1747
2 1750
2 1751
1 1752
3 1756
1 1758
1 1760
3 1762
4 1763
1 1764
2 1765
2 1766
1 1768
2 1770
2 1771
1 1774
2 1775
2 1776
1 1777
1 1779
4 1780
2 1781
1 1784
2 1785
2 1786
1 1787
2 1788
1 1789
1 1790
1 1791
2 1792
1 1793
1 1795
1 1796
2 1797
1 1798
1 1799
1 1800
1 1801
2 1802
1 1803
3 1804
2 1805
3 1806
2 1808
1 1809
1 1810
2 1811
2 1813
2 1814
2 1815
1 1817
2 1819
1 1821
2 1822
2 1824
2 1825
1 1826
1 1827
1 1828
1 1829
1 1830
1 1831
2 1833
4 1837
1 1840
4 1841
2 1842
2 1843
2 1844
2 1845
1 1846
2 1847
1 1849
1 1850
3 1851
3 1852
2 1854
1 1855
1 1856
1 1857
2 1858
2 1860
2 1862
1 1864
1 1866
1 1867
3 1869
5 1872
2 1873
6 1874
1 1875
1 1876
1 1878
2 1879
1 1880
2 1881
4 1882
2 1884
1 1885
1 1887
2 1888
4 1889
3 1890
2 1891
2 1892
6 1893
1 1894
2 1895
4 1896
2 1897
1 1898
2 1899
4 1901
2 1902
2 1903
3 1904
6 1905
2 1906
1 1907
4 1908
5 1909
1 1910
3 1911
1 1912
1 1913
3 1914
3 1915
3 1916
4 1917
2 1918
4 1919
1 1921
2 1922
4 1923
3 1924
3 1925
6 1926
6 1927
5 1928
3 1929
2 1930
6 1931
1 1932
4 1933
5 1934
1 1935
4 1936
5 1937
1 1938
6 1939
5 1940
5 1941
3 1942
2 1943
4 1944
9 1945
2 1946
3 1947
4 1948
7 1949
3 1950
3 1951
2 1952
4 1953
1 1954
5 1955
5 1956
2 1957
1 1958
1 1959
4 1960
5 1961
3 1962
1 1963
2 1964
3 1965
4 1966
2 1967
1 1968
3 1969
1 1970
2 1971
4 1972
1 1973
4 1974
1 1975
2 1976
2 1978
2 1979
2 1980
5 1981
4 1982
5 1983
5 1984
1 1985
2 1986
2 1987
4 1988
2 1989
1 1990
2 1991
7 1992
3 1993
2 1994
1 1995
2 1996
1 1997
9 1998
6 1999
3 2000
4 2001
2 2002
4 2003
9 2004
4 2005
3 2006
8 2007
5 2008
5 2009
5 2010
8 2011
7 2012
3 2013
10 2014
4 2015
2 2016
4 2017
1 2018
3 2019
11 2020
3 2021
3 2022
4 2023
6 2024
4 2025
6 2026
5 2027
9 2028
9 2029
4 2030
8 2031
5 2032
5 2033
3 2034
4 2035
5 2036
11 2037
4 2038
7 2039
3 2040
5 2041
2 2042
5 2043
3 2044
6 2045
2 2046
2 2047
4 2048
6 2049
3 2050
6 2051
2 2052
2 2053
4 2054
4 2055
2 2056
1 2057
1 2058
6 2059
4 2061
1 2062
4 2063
4 2064
4 2065
3 2067
1 2068
3 2069
5 2070
5 2071
4 2073
4 2074
1 2075
1 2076
5 2077
2 2078
3 2080
1 2081
2 2082
4 2084
1 2085
5 2086
2 2087
1 2088
2 2092
1 2093
1 2094
2 2095
2 2096
4 2097
2 2098
2 2099
1 2100
5 2101
3 2102
2 2103
2 2104
3 2106
1 2107
2 2108
1 2109
5 2111
5 2112
1 2113
1 2114
2 2115
2 2116
2 2117
2 2118
3 2119
4 2120
1 2122
3 2123
4 2124
4 2125
1 2126
5 2127
3 2128
8 2129
3 2130
4 2131
3 2132
1 2133
4 2134
7 2135
3 2136
4 2137
3 2138
5 2139
3 2140
6 2141
4 2142
3 2143
4 2144
6 2145
3 2146
3 2147
6 2148
8 2149
6 2150
6 2151
5 2152
8 2153
5 2154
5 2155
5 2156
3 2157
3 2158
5 2159
6 2160
5 2161
5 2162
10 2163
5 2164
5 2165
4 2166
1 2167
2 2168
7 2169
1 2170
4 2171
2 2172
4 2173
4 2174
4 2175
7 2176
3 2177
1 2178
3 2179
5 2180
4 2181
4 2182
1 2183
2 2184
1 2185
2 2186
4 2187
2 2188
2 2189
2 2190
3 2191
1 2192
2 2193
3 2194
1 2195
2 2196
5 2197
5 2198
7 2199
3 2200
4 2202
1 2203
3 2204
2 2206
4 2207
2 2208
1 2209
3 2210
1 2211
2 2212
1 2213
1 2215
2 2216
1 2217
3 2218
2 2219
1 2221
1 2222
2 2223
3 2224
2 2225
2 2226
3 2227
5 2229
4 2230
2 2231
2 2232
2 2233
4 2234
2 2235
4 2236
2 2237
3 2238
1 2239
3 2240
1 2241
2 2242
4 2243
4 2244
1 2245
4 2246
1 2247
2 2248
3 2250
2 2251
2 2252
2 2253
4 2254
1 2255
1 2256
1 2257
4 2258
7 2259
3 2260
4 2261
1 2262
3 2263
3 2264
3 2265
3 2266
3 2267
1 2268
5 2269
3 2270
3 2271
1 2272
3 2274
3 2275
3 2276
1 2277
6 2279
1 2281
4 2282
3 2283
2 2284
1 2285
2 2286
5 2287
2 2288
4 2289
2 2290
3 2292
4 2293
2 2294
6 2295
4 2296
4 2297
3 2298
2 2299
3 2300
6 2301
3 2302
4 2303
4 2304
2 2305
1 2306
2 2307
1 2308
2 2309
1 2310
4 2311
4 2312
1 2313
5 2314
4 2315
4 2316
7 2317
9 2318
5 2319
3 2320
2 2321
4 2322
4 2323
5 2324
5 2325
4 2326
3 2327
5 2328
3 2329
1 2330
3 2331
3 2332
7 2333
5 2334
6 2335
5 2336
2 2337
8 2339
4 2340
5 2341
6 2342
3 2343
5 2344
5 2345
4 2346
6 2347
6 2348
2 2349
4 2350
5 2351
7 2352
5 2353
5 2354
4 2355
5 2356
6 2357
5 2358
7 2359
4 2360
5 2361
3 2362
3 2363
7 2364
6 2365
4 2366
8 2367
11 2368
12 2369
8 2370
4 2371
9 2372
5 2373
8 2374
10 2375
10 2376
10 2377
15 2378
10 2379
10 2380
8 2381
3 2382
16 2383
12 2384
15 2385
11 2386
10 2387
17 2388
14 2389
12 2390
11 2391
14 2392
18 2393
9 2394
8 2395
15 2396
15 2397
17 2398
16 2399
13 2400
15 2401
14 2402
12 2403
17 2404
21 2405
19 2406
11 2407
15 2408
16 2409
14 2410
16 2411
18 2412
18 2413
16 2414
19 2415
27 2416
13 2417
21 2418
21 2419
21 2420
16 2421
18 2422
17 2423
12 2424
15 2425
23 2426
16 2427
16 2428
16 2429
18 2430
11 2431
11 2432
11 2433
19 2434
7 2435
17 2436
13 2437
12 2438
12 2439
18 2440
6 2441
12 2442
12 2443
12 2444
17 2445
10 2446
12 2447
11 2448
11 2449
15 2450
9 2451
16 2452
14 2453
16 2454
14 2455
19 2456
10 2457
10 2458
12 2459
14 2460
23 2461
18 2462
22 2463
18 2464
16 2465
21 2466
15 2467
15 2468
23 2469
22 2470
21 2471
16 2472
23 2473
26 2474
23 2475
31 2476
31 2477
35 2478
30 2479
30 2480
27 2481
31 2482
25 2483
33 2484
35 2485
27 2486
34 2487
38 2488
34 2489
41 2490
50 2491
41 2492
36 2493
31 2494
38 2495
34 2496
30 2497
37 2498
43 2499
33 2500
44 2501
33 2502
35 2503
37 2504
33 2505
31 2506
33 2507
26 2508
23 2509
27 2510
23 2511
15 2512
23 2513
21 2514
19 2515
19 2516
28 2517
17 2518
21 2519
17 2520
17 2521
14 2522
14 2523
10 2524
14 2525
8 2526
13 2527
12 2528
14 2529
13 2530
10 2531
8 2532
5 2533
12 2534
4 2535
10 2536
7 2537
8 2538
7 2539
11 2540
10 2541
7 2542
9 2543
8 2544
10 2545
5 2546
4 2547
6 2548
7 2549
3 2550
8 2551
9 2552
5 2553
9 2554
8 2555
4 2556
5 2557
2 2558
6 2559
5 2560
3 2561
5 2562
2 2563
4 2564
5 2565
5 2566
5 2567
8 2568
9 2570
5 2571
5 2572
3 2573
4 2574
3 2575
5 2576
5 2577
5 2578
6 2579
4 2581
2 2582
5 2583
1 2584
3 2585
10 2586
3 2587
2 2588
3 2589
4 2590
2 2591
7 2592
5 2593
1 2594
3 2595
1 2596
4 2597
7 2598
2 2599
4 2600
6 2601
3 2602
2 2603
3 2604
3 2605
4 2606
2 2607
2 2608
4 2609
6 2610
1 2611
4 2612
4 2613
5 2614
3 2615
3 2616
5 2617
4 2618
3 2619
3 2620
1 2621
3 2622
1 2623
7 2624
4 2625
1 2626
3 2627
4 2628
2 2629
3 2630
2 2631
5 2632
4 2633
3 2634
3 2635
3 2636
3 2637
2 2638
1 2639
6 2640
3 2641
4 2642
4 2643
5 2644
4 2645
2 2646
3 2647
1 2648
2 2649
3 2650
3 2651
2 2652
3 2653
2 2654
1 2655
3 2656
3 2657
5 2658
4 2659
4 2660
5 2661
1 2662
4 2663
4 2664
1 2665
2 2666
3 2667
2 2668
5 2669
7 2670
1 2671
4 2672
5 2673
4 2674
3 2675
8 2676
8 2677
6 2678
3 2679
3 2680
4 2681
7 2682
10 2683
5 2684
7 2685
9 2686
4 2687
9 2688
8 2689
6 2690
6 2691
8 2692
9 2693
9 2694
10 2695
7 2696
6 2697
7 2698
8 2699
14 2700
11 2701
16 2702
9 2703
9 2704
13 2705
9 2706
12 2707
9 2708
15 2709
8 2710
12 2711
12 2712
7 2713
7 2714
13 2715
11 2716
8 2717
15 2718
15 2719
6 2720
8 2721
15 2722
15 2723
17 2724
13 2725
12 2726
11 2727
14 2728
9 2729
11 2730
10 2731
12 2732
4 2733
4 2734
15 2735
12 2736
8 2737
9 2738
5 2739
8 2740
6 2741
3 2742
8 2743
6 2744
5 2745
7 2746
3 2747
4 2748
5 2749
5 2750
3 2751
2 2752
3 2753
2 2754
3 2755
1 2756
4 2757
6 2758
3 2759
2 2760
1 2761
5 2762
2 2763
4 2764
6 2765
3 2766
1 2768
3 2769
3 2770
2 2771
2 2772
5 2773
2 2774
2 2775
3 2776
1 2777
4 2778
1 2779
2 2780
3 2781
3 2782
3 2784
1 2785
2 2786
2 2787
3 2788
2 2789
4 2790
1 2791
2 2793
5 2794
3 2795
3 2796
2 2797
4 2798
1 2799
1 2800
2 2801
3 2802
2 2803
4 2804
3 2805
5 2807
2 2808
3 2809
3 2810
2 2812
3 2813
5 2814
1 2816
4 2817
4 2818
3 2819
3 2820
6 2821
4 2822
9 2823
1 2824
4 2825
1 2826
3 2828
4 2829
1 2830
1 2831
3 2832
1 2833
2 2835
2 2836
3 2838
1 2839
4 2840
1 2841
2 2842
1 2843
5 2844
2 2845
1 2846
3 2847
1 2848
3 2849
1 2850
1 2851
2 2852
2 2853
1 2854
3 2856
2 2857
2 2859
1 2860
1 2861
1 2863
1 2864
2 2865
1 2867
1 2871
2 2872
2 2873
1 2875
1 2876
1 2881
1 2885
1 2887
1 2888
1 2890
2 2891
1 2893
1 2896
1 2898
1 2901
2 2903
1 2908
1 2910
1 2912
2 2919
2 2920
1 2930
1 2938
1 2943
1 2945
1 2948
2 2949
1 2955
2 2969
1 2975
1 2977
1 2978
1 2979
3 2980
1 2985
2 2989
1 2992
2 2993
1 2994
1 2997
1 2999
1 3004
1 3008
1 3011
1 3013
1 3016
2 3018
1 3019
1 3020
1 3021
2 3022
1 3028
1 3029
1 3030
1 3031
1 3032
1 3033
1 3036
2 3040
1 3042
1 3043
1 3044
2 3045
1 3046
3 3048
2 3049
3 3051
1 3052
1 3054
2 3055
1 3057
2 3058
1 3059
3 3060
1 3062
2 3063
1 3064
2 3065
2 3067
3 3068
1 3071
1 3072
1 3073
2 3074
3 3075
3 3076
1 3077
1 3078
2 3079
1 3080
1 3081
2 3082
4 3083
1 3085
1 3086
4 3087
2 3088
2 3089
1 3090
2 3091
3 3092
1 3093
1 3094
2 3095
1 3096
3 3098
3 3099
3 3100
4 3101
4 3102
5 3103
5 3104
4 3106
2 3107
2 3108
2 3109
3 3110
2 3111
5 3112
5 3113
4 3114
5 3115
2 3116
6 3117
3 3118
4 3119
6 3120
2 3121
4 3122
2 3123
2 3124
3 3125
7 3126
2 3127
4 3128
2 3129
10 3130
3 3131
4 3132
4 3133
7 3134
1 3135
3 3136
6 3137
6 3138
4 3139
8 3140
6 3141
1 3142
3 3143
2 3144
1 3145
4 3146
3 3147
4 3148
3 3150
3 3151
3 3152
2 3153
6 3154
2 3155
4 3156
3 3158
4 3159
5 3160
2 3161
2 3162
4 3163
3 3164
3 3165
1 3166
2 3167
1 3168
3 3169
2 3170
3 3171
2 3172
2 3173
4 3174
1 3175
2 3176
1 3177
4 3178
2 3179
4 3180
1 3181
2 3182
2 3183
2 3184
1 3187
2 3189
1 3191
1 3194
1 3195
2 3204
1 3209
1 3210
1 3220
2 3223
1 3275
2 3312
1 3324
1 3325
1 3342
1 3367
1 3371
1 3380
1 3381
1 3388
1 3389
1 3413
1 3437
1 3447
1 3465
1 3470
1 3474
1 3491
1 3502
1 3518
1 3522
1 3528
1 3532
2 3548
1 3560
1 3573
1 3586
1 3595
1 3664
1 3688
1 3704
1 3708
1 3796
1 3883
1 3895
1 3896
1 4005
1 4022
2 4036
1 4044
1 4087
1 4136
1 4225
1 4235
1 4241
1 4251
1 4304
1 4339
1 4353
1 4354
1 4362
1 4386
1 4387
1 4419
1 4435
1 4451
1 4484
1 4569
1 4571
1 4618
1 4630
1 4635
1 4714
1 4721
1 4729
1 4743
1 4744
1 4745
2 4749
1 4770
1 4776
1 4785
1 4788
1 4790
1 4791
1 4798
1 4799
1 4800
1 4802
1 4809
1 4810
1 4815
1 4816
1 4823
1 4824
1 4826
1 4832
2 4840
1 4841
1 4853
1 4914
1 6183
