1 1
6 2
5 3
3 4
5 5
7 7
2 8
3 9
2 10
5 11
4 12
3 13
1 15
4 16
4 17
4 18
8 19
1 20
4 21
6 22
2 23
2 24
5 25
5 26
6 27
4 28
3 29
1 30
5 31
4 32
3 33
4 34
5 35
3 36
2 38
6 39
5 40
8 41
3 42
9 43
13 44
11 45
4 46
6 47
3 48
4 49
7 50
3 51
7 52
3 53
3 54
1 55
5 56
8 57
2 58
4 59
7 60
2 61
3 62
7 63
6 64
4 65
4 66
9 67
7 68
10 69
9 70
12 71
9 72
7 73
9 74
6 75
3 76
3 77
5 78
5 79
3 80
1 81
3 82
4 83
4 84
10 85
4 86
5 87
6 88
7 89
5 90
5 91
4 92
3 93
5 94
7 95
5 96
5 97
7 98
9 99
7 100
9 101
3 102
9 103
8 104
7 105
7 106
9 107
4 108
10 109
10 110
6 111
5 112
7 113
2 114
6 115
2 116
5 117
8 118
3 119
5 120
6 121
4 122
6 123
8 124
3 125
2 126
8 127
8 128
9 129
9 130
12 131
6 132
6 133
8 134
5 135
5 136
7 137
8 138
8 139
8 140
5 141
8 142
5 143
10 144
4 145
4 146
4 147
8 148
7 149
7 150
6 151
6 152
6 153
7 154
9 155
8 156
7 157
4 158
6 159
7 160
8 161
11 162
7 163
10 164
8 165
8 166
9 167
8 168
6 169
7 170
12 171
12 172
9 173
6 174
9 175
7 176
10 177
14 178
10 179
5 180
12 181
14 182
10 183
9 184
9 185
7 186
5 187
10 188
10 189
7 190
5 191
5 192
9 193
13 194
14 195
16 196
11 197
10 198
15 199
13 200
11 201
9 202
19 203
12 204
9 205
17 206
17 207
22 208
16 209
19 210
19 211
16 212
25 213
13 214
12 215
18 216
10 217
10 218
12 219
10 220
14 221
17 222
16 223
15 224
3 225
9 226
16 227
11 228
16 229
16 230
12 231
14 232
14 233
13 234
13 235
16 236
5 237
23 238
10 239
9 240
8 241
10 242
8 243
10 244
11 245
13 246
8 247
9 248
12 249
11 250
11 251
15 252
12 253
10 254
15 255
8 256
7 257
16 258
18 259
12 260
10 261
15 262
18 263
11 264
18 265
24 266
11 267
19 268
10 269
21 270
18 271
16 272
13 273
16 274
19 275
20 276
22 277
14 278
22 279
29 280
22 281
36 282
36 283
33 284
31 285
36 286
29 287
45 288
42 289
34 290
45 291
39 292
45 293
51 294
40 295
61 296
68 297
68 298
52 299
57 300
68 301
65 302
68 303
65 304
70 305
59 306
61 307
63 308
59 309
57 310
57 311
45 312
43 313
30 314
38 315
36 316
36 317
44 318
39 319
41 320
36 321
38 322
31 323
28 324
33 325
30 326
29 327
31 328
20 329
33 330
36 331
34 332
33 333
50 334
53 335
44 336
64 337
69 338
64 339
67 340
70 341
75 342
107 343
108 344
120 345
157 346
141 347
167 348
181 349
196 350
207 351
244 352
265 353
297 354
289 355
364 356
392 357
375 358
421 359
420 360
435 361
398 362
359 363
311 364
298 365
230 366
205 367
154 368
125 369
122 370
91 371
76 372
64 373
65 374
58 375
51 376
47 377
44 378
42 379
39 380
29 381
36 382
53 383
48 384
49 385
47 386
53 387
59 388
64 389
87 390
72 391
63 392
88 393
76 394
79 395
92 396
82 397
94 398
74 399
67 400
105 401
85 402
77 403
74 404
88 405
76 406
75 407
50 408
69 409
58 410
55 411
53 412
60 413
54 414
47 415
54 416
60 417
63 418
64 419
84 420
80 421
69 422
86 423
105 424
119 425
135 426
162 427
163 428
192 429
162 430
193 431
225 432
225 433
261 434
214 435
235 436
258 437
262 438
229 439
247 440
245 441
216 442
221 443
219 444
196 445
189 446
171 447
163 448
177 449
179 450
163 451
161 452
142 453
149 454
149 455
129 456
111 457
118 458
100 459
91 460
69 461
78 462
72 463
70 464
74 465
73 466
56 467
56 468
62 469
48 470
46 471
52 472
38 473
37 474
61 475
43 476
48 477
39 478
34 479
40 480
26 481
35 482
40 483
24 484
26 485
30 486
20 487
24 488
27 489
33 490
32 491
20 492
36 493
33 494
31 495
40 496
37 497
37 498
47 499
46 500
52 501
69 502
64 503
72 504
67 505
65 506
91 507
78 508
68 509
87 510
88 511
91 512
99 513
110 514
108 515
108 516
120 517
109 518
104 519
108 520
99 521
84 522
107 523
64 524
65 525
64 526
74 527
64 528
49 529
42 530
39 531
37 532
32 533
36 534
38 535
35 536
26 537
26 538
21 539
20 540
19 541
30 542
19 543
25 544
33 545
23 546
34 547
32 548
25 549
26 550
32 551
41 552
41 553
39 554
33 555
43 556
60 557
60 558
46 559
46 560
75 561
59 562
60 563
46 564
72 565
52 566
76 567
87 568
77 569
66 570
82 571
101 572
114 573
101 574
114 575
127 576
125 577
150 578
152 579
203 580
208 581
232 582
248 583
293 584
300 585
321 586
369 587
387 588
406 589
452 590
428 591
435 592
463 593
484 594
440 595
457 596
448 597
412 598
398 599
327 600
331 601
289 602
263 603
231 604
206 605
195 606
174 607
127 608
126 609
112 610
103 611
82 612
71 613
56 614
76 615
51 616
42 617
45 618
26 619
24 620
28 621
23 622
15 623
26 624
15 625
16 626
14 627
16 628
13 629
10 630
7 631
13 632
13 633
11 634
11 635
17 636
12 637
10 638
7 639
10 640
11 641
12 642
8 643
12 644
10 645
18 646
14 647
13 648
13 649
12 650
26 651
16 652
21 653
9 654
15 655
14 656
23 657
23 658
15 659
11 660
20 661
13 662
19 663
19 664
17 665
16 666
19 667
14 668
21 669
21 670
21 671
20 672
22 673
20 674
26 675
25 676
16 677
16 678
15 679
22 680
17 681
14 682
19 683
11 684
17 685
15 686
16 687
12 688
16 689
11 690
18 691
13 692
12 693
11 694
8 695
22 696
15 697
13 698
13 699
17 700
13 701
14 702
18 703
15 704
15 705
16 706
21 707
10 708
16 709
25 710
7 711
25 712
25 713
27 714
26 715
27 716
23 717
35 718
37 719
34 720
33 721
39 722
50 723
49 724
42 725
50 726
65 727
56 728
67 729
82 730
83 731
84 732
94 733
124 734
112 735
135 736
152 737
170 738
192 739
208 740
230 741
232 742
251 743
257 744
310 745
328 746
311 747
354 748
319 749
340 750
309 751
346 752
332 753
344 754
305 755
250 756
238 757
243 758
210 759
186 760
189 761
175 762
161 763
140 764
111 765
111 766
102 767
85 768
84 769
64 770
66 771
60 772
56 773
59 774
45 775
32 776
38 777
37 778
24 779
21 780
21 781
24 782
17 783
21 784
17 785
15 786
17 787
18 788
17 789
7 790
14 791
8 792
11 793
12 794
12 795
13 796
12 797
14 798
15 799
12 800
10 801
12 802
8 803
13 804
8 805
13 806
8 807
16 808
10 809
5 810
9 811
12 812
12 813
9 814
8 815
4 816
13 817
12 818
5 819
12 820
11 821
13 822
6 823
7 824
8 825
8 826
7 827
9 828
3 829
10 830
8 831
8 832
9 833
11 834
9 835
13 836
16 837
10 838
14 839
16 840
12 841
15 842
15 843
15 844
11 845
17 846
11 847
15 848
22 849
12 850
22 851
11 852
22 853
24 854
17 855
13 856
16 857
23 858
28 859
22 860
33 861
27 862
36 863
28 864
27 865
38 866
36 867
40 868
34 869
41 870
45 871
40 872
47 873
58 874
43 875
55 876
49 877
55 878
61 879
73 880
62 881
65 882
73 883
59 884
69 885
66 886
70 887
80 888
84 889
62 890
58 891
66 892
56 893
48 894
57 895
54 896
61 897
58 898
36 899
47 900
55 901
45 902
47 903
40 904
40 905
28 906
45 907
43 908
34 909
31 910
35 911
35 912
21 913
27 914
40 915
37 916
18 917
30 918
22 919
21 920
28 921
22 922
18 923
20 924
20 925
6 926
16 927
10 928
9 929
10 930
7 931
5 932
7 933
12 934
1 935
6 936
6 937
4 938
8 939
5 940
5 941
10 942
8 943
7 944
6 945
13 946
1 947
7 948
4 949
7 950
4 951
8 952
7 953
6 954
9 955
8 956
9 957
3 958
11 959
10 960
13 961
10 962
16 963
16 964
10 965
11 966
13 967
17 968
10 969
16 970
9 971
11 972
11 973
14 974
9 975
6 976
3 977
8 978
7 979
5 980
7 981
3 982
5 983
3 984
7 985
3 986
3 987
6 988
3 989
4 990
4 991
2 992
2 993
2 994
2 995
2 996
1 997
4 998
3 1001
1 1003
1 1005
1 1007
2 1009
1 1010
2 1011
2 1013
2 1015
1 1016
1 1024
3 1025
2 1027
3 1028
1 1029
2 1032
1 1033
1 1034
2 1037
1 1041
1 1043
1 1044
3 1046
1 1047
1 1048
1 1051
1 1052
1 1054
1 1055
2 1056
2 1057
1 1058
1 1059
3 1060
1 1061
2 1062
1 1063
1 1065
1 1066
2 1067
1 1068
2 1069
3 1071
1 1073
3 1075
1 1076
2 1077
2 1079
2 1080
1 1082
3 1084
1 1086
1 1088
5 1089
1 1090
2 1091
1 1092
1 1093
1 1095
1 1096
2 1097
2 1098
2 1099
1 1100
1 1101
2 1102
2 1103
2 1105
1 1107
2 1110
3 1111
2 1114
2 1116
1 1117
1 1118
2 1121
3 1124
2 1125
2 1126
3 1127
1 1130
3 1132
2 1133
1 1134
4 1135
4 1136
2 1137
2 1139
1 1140
1 1141
2 1142
3 1143
1 1144
3 1146
1 1147
5 1149
2 1150
1 1153
1 1154
2 1156
1 1158
4 1160
2 1161
4 1163
2 1164
2 1166
1 1168
2 1171
3 1172
2 1173
1 1174
3 1175
2 1176
1 1177
2 1179
1 1180
2 1184
1 1186
2 1187
1 1191
2 1192
2 1193
2 1194
2 1197
4 1198
1 1199
1 1200
1 1202
1 1207
1 1208
2 1209
1 1210
1 1212
1 1214
3 1215
1 1216
1 1219
1 1221
1 1222
5 1223
1 1224
2 1226
3 1227
3 1228
2 1229
1 1230
1 1231
3 1232
2 1233
1 1235
3 1236
2 1237
2 1238
2 1239
2 1240
1 1241
2 1242
3 1243
2 1244
2 1245
3 1246
2 1247
3 1249
4 1250
6 1251
7 1252
2 1253
3 1254
5 1255
6 1256
1 1257
3 1258
4 1259
7 1260
5 1261
5 1262
2 1263
2 1264
7 1265
4 1266
7 1267
4 1268
4 1269
5 1270
7 1271
3 1272
6 1273
1 1274
4 1275
5 1276
10 1277
4 1278
5 1279
4 1280
2 1281
4 1282
8 1283
4 1284
6 1285
2 1286
5 1287
4 1288
2 1289
4 1290
1 1291
3 1292
4 1293
1 1294
2 1295
3 1296
5 1297
3 1298
11 1299
2 1300
1 1302
2 1303
2 1304
6 1305
2 1306
4 1307
1 1309
1 1310
1 1311
1 1313
2 1314
1 1315
1 1316
2 1317
3 1318
2 1319
2 1320
2 1322
4 1323
1 1325
3 1327
2 1328
1 1329
4 1331
3 1332
4 1334
2 1336
2 1337
1 1338
1 1339
2 1340
2 1342
1 1344
1 1345
1 1346
3 1347
1 1348
3 1349
1 1350
1 1353
2 1354
1 1355
3 1356
3 1357
1 1358
2 1359
2 1360
2 1361
1 1362
1 1363
2 1364
2 1365
2 1366
1 1367
3 1368
1 1369
1 1371
1 1372
4 1373
1 1374
1 1375
2 1376
2 1377
1 1378
2 1379
2 1380
5 1381
2 1382
4 1383
3 1384
3 1385
3 1386
2 1387
2 1388
1 1389
1 1390
3 1391
2 1392
3 1393
2 1394
1 1395
5 1396
1 1397
3 1398
1 1399
3 1400
2 1401
3 1402
3 1404
2 1405
2 1406
3 1407
4 1409
6 1411
1 1412
1 1416
5 1417
6 1418
4 1419
4 1420
2 1421
6 1422
2 1423
2 1424
2 1425
3 1426
4 1427
5 1428
5 1429
3 1431
3 1432
2 1433
2 1434
1 1435
3 1436
1 1437
2 1439
3 1440
3 1441
4 1442
6 1443
4 1444
7 1445
3 1446
4 1448
3 1449
4 1450
2 1451
1 1452
3 1453
3 1454
3 1456
4 1457
2 1459
2 1460
1 1461
4 1462
3 1463
2 1464
5 1465
1 1466
4 1467
1 1468
3 1469
3 1470
3 1471
3 1472
1 1473
5 1474
2 1475
3 1476
3 1477
6 1479
4 1480
7 1481
3 1483
4 1484
5 1485
4 1486
4 1487
6 1488
3 1489
5 1490
8 1491
3 1492
5 1493
4 1494
6 1495
4 1496
10 1497
7 1498
7 1499
11 1500
6 1501
9 1502
7 1503
6 1504
8 1505
9 1506
7 1507
4 1508
8 1509
7 1510
10 1511
11 1512
4 1513
12 1514
9 1515
14 1516
6 1517
8 1518
10 1519
10 1520
12 1521
10 1522
8 1523
6 1524
12 1525
8 1526
10 1527
4 1528
13 1529
14 1530
7 1531
10 1532
13 1533
5 1534
4 1535
7 1536
6 1537
7 1538
10 1539
6 1540
7 1541
10 1542
9 1543
9 1544
9 1545
8 1546
4 1547
11 1548
9 1549
2 1550
7 1551
6 1552
13 1553
2 1554
18 1555
11 1556
10 1557
14 1558
9 1559
9 1560
15 1561
18 1562
11 1563
11 1564
16 1565
17 1566
18 1567
12 1568
13 1569
13 1570
10 1571
23 1572
7 1573
14 1574
11 1575
19 1576
19 1577
12 1578
10 1579
23 1580
19 1581
14 1582
20 1583
20 1584
19 1585
7 1586
14 1587
17 1588
21 1589
17 1590
11 1591
13 1592
15 1593
20 1594
19 1595
19 1596
35 1597
23 1598
33 1599
36 1600
33 1601
32 1602
24 1603
35 1604
37 1605
34 1606
31 1607
43 1608
45 1609
44 1610
52 1611
44 1612
40 1613
48 1614
40 1615
43 1616
42 1617
49 1618
39 1619
47 1620
38 1621
42 1622
35 1623
44 1624
45 1625
40 1626
30 1627
39 1628
50 1629
40 1630
30 1631
28 1632
27 1633
20 1634
19 1635
24 1636
22 1637
20 1638
17 1639
11 1640
17 1641
10 1642
20 1643
21 1644
10 1645
13 1646
16 1647
13 1648
14 1649
6 1650
12 1651
6 1652
4 1653
7 1654
6 1655
11 1656
6 1657
4 1658
3 1659
1 1660
4 1661
4 1662
4 1663
1 1665
1 1667
2 1668
2 1669
1 1670
3 1671
1 1672
2 1673
1 1674
2 1677
2 1678
1 1679
2 1680
1 1681
3 1682
1 1683
1 1684
1 1686
1 1690
1 1694
1 1695
1 1696
2 1700
1 1701
2 1702
1 1705
2 1707
2 1708
1 1711
1 1712
1 1716
1 1717
2 1718
1 1721
2 1723
1 1725
2 1728
2 1729
1 1730
1 1731
3 1732
1 1736
3 1737
2 1739
1 1741
2 1742
2 1745
2 1748
1 1753
2 1758
1 1760
1 1761
1 1762
1 1764
2 1765
1 1767
2 1771
1 1773
1 1774
1 1776
3 1779
1 1781
2 1785
1 1786
1 1788
1 1789
2 1792
1 1793
1 1795
1 1798
1 1799
1 1803
3 1808
3 1809
3 1811
2 1813
1 1816
1 1819
1 1821
1 1823
3 1824
2 1825
1 1826
2 1828
2 1829
1 1830
2 1831
2 1834
2 1836
2 1838
1 1839
1 1840
2 1842
2 1843
3 1844
2 1845
1 1846
1 1847
1 1848
1 1849
1 1851
2 1852
1 1853
1 1854
3 1855
7 1856
4 1857
2 1858
2 1859
2 1861
1 1862
4 1863
1 1864
1 1865
4 1867
2 1868
1 1869
4 1870
5 1871
3 1872
2 1873
1 1874
5 1875
7 1876
2 1877
5 1879
5 1880
1 1881
3 1882
6 1883
4 1884
1 1885
1 1886
4 1887
3 1888
2 1889
5 1890
5 1891
2 1892
3 1893
2 1894
3 1895
1 1896
1 1897
1 1898
5 1899
1 1900
1 1901
1 1902
3 1904
3 1905
3 1906
1 1908
1 1909
1 1911
1 1912
1 1913
1 1915
1 1916
2 1918
1 1919
1 1920
1 1922
2 1924
4 1925
2 1927
1 1928
2 1929
2 1930
1 1931
2 1933
1 1935
1 1936
4 1939
3 1941
1 1942
4 1944
1 1945
3 1946
2 1947
1 1948
2 1949
4 1950
1 1951
1 1952
1 1953
1 1954
1 1955
3 1956
1 1957
4 1958
1 1959
4 1960
5 1961
2 1962
4 1963
6 1964
2 1965
2 1966
3 1967
4 1968
3 1969
3 1970
5 1971
3 1972
8 1973
5 1974
2 1975
3 1976
1 1977
3 1978
2 1979
4 1980
6 1981
5 1982
4 1983
9 1984
9 1985
9 1986
9 1987
4 1988
6 1989
7 1990
4 1991
9 1992
7 1993
10 1994
8 1995
11 1996
7 1997
12 1998
3 1999
15 2000
11 2001
10 2002
15 2003
9 2004
11 2005
6 2006
11 2007
12 2008
8 2009
11 2010
25 2011
13 2012
12 2013
11 2014
17 2015
15 2016
14 2017
10 2018
13 2019
16 2020
13 2021
11 2022
7 2023
14 2024
8 2025
8 2026
7 2027
3 2028
7 2029
7 2030
2 2031
1 2032
8 2033
8 2034
3 2035
7 2036
8 2037
3 2038
5 2039
9 2040
4 2041
5 2042
4 2043
7 2044
4 2046
1 2047
3 2048
3 2049
1 2050
2 2051
1 2052
3 2053
5 2054
4 2055
4 2056
3 2058
3 2059
1 2060
2 2062
2 2064
6 2065
2 2066
2 2067
3 2068
2 2069
2 2071
1 2073
2 2074
2 2075
3 2076
2 2077
5 2079
1 2080
2 2082
1 2083
2 2084
2 2085
4 2086
2 2087
1 2088
2 2089
1 2090
2 2091
4 2092
1 2093
5 2095
2 2096
2 2099
4 2100
5 2101
6 2102
4 2103
2 2104
2 2105
3 2106
2 2107
5 2108
3 2109
1 2110
4 2111
2 2112
2 2113
1 2115
3 2116
4 2118
1 2119
5 2120
1 2121
3 2122
3 2123
2 2124
1 2125
3 2126
2 2127
1 2128
2 2129
1 2132
3 2133
2 2134
1 2136
1 2138
2 2140
3 2141
1 2142
1 2145
2 2146
1 2147
2 2148
4 2149
1 2151
2 2153
2 2154
2 2155
3 2156
1 2157
1 2158
1 2160
2 2161
1 2163
1 2164
1 2167
1 2170
2 2171
1 2174
3 2177
2 2179
1 2180
1 2187
1 2189
2 2190
1 2192
2 2197
2 2199
2 2204
1 2206
1 2208
1 2213
1 2215
1 2226
2 2233
1 2234
2 2237
1 2241
1 2248
1 2251
1 2253
1 2255
1 2257
1 2258
1 2263
1 2264
1 2265
1 2266
1 2271
1 2272
1 2273
1 2284
1 2286
1 2289
1 2292
1 2295
1 2296
1 2297
1 2298
1 2299
1 2300
2 2302
2 2306
1 2313
1 2318
1 2326
1 2329
1 2331
1 2339
1 2341
1 2342
1 2345
1 2352
1 2353
1 2357
1 2374
1 2375
2 2379
1 2383
1 2384
1 2386
1 2387
1 2397
1 2398
2 2401
1 2402
1 2403
1 2404
2 2407
2 2417
1 2421
1 2422
1 2423
1 2425
1 2428
2 2430
1 2433
1 2435
1 2439
2 2441
1 2442
1 2444
1 2445
1 2447
1 2448
1 2449
1 2450
1 2453
1 2456
2 2460
1 2461
1 2464
1 2465
1 2467
1 2469
1 2471
1 2473
2 2475
1 2477
2 2479
1 2481
1 2484
1 2485
2 2487
1 2488
1 2489
2 2492
1 2494
1 2495
1 2497
1 2503
1 2504
2 2505
1 2506
1 2507
1 2509
2 2514
1 2518
1 2519
1 2523
1 2524
2 2526
1 2528
1 2529
1 2531
2 2535
1 2539
1 2544
4 2547
2 2551
1 2555
1 2556
1 2562
1 2571
1 2573
1 2576
1 2577
1 2580
1 2583
1 2588
1 2592
1 2595
1 2596
1 2598
2 2601
1 2602
1 2606
1 2608
1 2610
1 2616
1 2618
1 2619
1 2621
2 2630
1 2634
1 2635
1 2640
1 2642
1 2645
1 2651
1 2652
1 2654
1 2658
1 2659
1 2661
1 2662
1 2666
2 2668
1 2674
1 2676
1 2677
1 2678
1 2679
1 2681
1 2684
3 2687
1 2689
1 2690
1 2693
1 2695
1 2697
1 2699
1 2705
1 2707
1 2714
1 2719
1 2726
1 2728
1 2731
1 2734
2 2735
1 2742
2 2744
1 2745
1 2747
1 2751
2 2752
1 2754
1 2755
1 2758
1 2760
1 2767
1 2768
1 2775
1 2777
1 2784
1 2790
1 2796
1 2797
1 2801
1 2803
1 2806
1 2811
1 2812
1 2822
1 2828
2 2829
1 2831
1 2832
1 2833
1 2837
1 2849
1 2853
1 2854
1 2856
1 2859
2 2860
1 2864
1 2880
1 2882
1 2884
1 2885
2 2900
1 2903
1 2908
1 2909
1 2911
2 2916
1 2918
1 2922
1 2925
1 2926
1 2927
1 2929
1 2930
1 2932
1 2934
1 2936
1 2938
1 2943
1 2945
2 2946
1 2949
1 2951
2 2952
1 2954
1 2957
2 2961
2 2970
1 2971
1 2975
2 2978
1 2980
2 2982
1 2984
1 2985
2 2991
3 2995
1 2996
2 2999
2 3000
1 3002
1 3009
1 3012
1 3013
1 3014
2 3015
2 3016
1 3019
2 3020
1 3022
1 3024
2 3025
1 3027
2 3028
2 3029
1 3032
1 3033
1 3034
1 3037
2 3038
4 3039
3 3040
3 3041
3 3042
1 3043
1 3045
2 3046
2 3047
3 3048
1 3049
1 3050
4 3051
2 3052
6 3053
1 3054
1 3055
1 3056
5 3057
4 3058
2 3059
2 3060
6 3061
3 3062
1 3063
3 3064
2 3065
4 3066
4 3067
3 3068
3 3069
2 3070
6 3071
1 3072
4 3073
4 3074
5 3075
5 3076
3 3077
3 3078
9 3079
6 3080
8 3081
5 3082
5 3083
5 3084
5 3085
7 3086
4 3087
7 3088
4 3089
8 3090
9 3091
6 3092
8 3093
7 3094
6 3095
10 3096
9 3097
6 3098
7 3099
5 3100
6 3101
9 3102
10 3103
4 3104
7 3105
8 3106
6 3107
11 3108
6 3109
3 3110
3 3111
8 3112
8 3113
6 3114
4 3115
7 3116
8 3117
5 3118
8 3119
3 3120
3 3121
1 3122
4 3123
5 3124
3 3125
5 3126
3 3128
5 3129
3 3131
1 3133
3 3134
1 3135
2 3138
3 3139
3 3140
1 3141
2 3142
3 3143
2 3145
1 3146
1 3148
1 3149
2 3150
2 3152
1 3153
1 3154
2 3156
1 3157
1 3161
2 3164
1 3166
1 3168
1 3169
2 3175
1 3177
1 3178
1 3180
2 3181
1 3182
1 3186
2 3187
2 3188
1 3192
1 3193
2 3194
1 3197
3 3198
1 3200
2 3204
2 3206
1 3207
1 3209
1 3210
2 3211
1 3213
2 3214
2 3216
1 3219
1 3220
1 3224
1 3225
2 3226
1 3228
1 3229
2 3230
1 3231
3 3233
1 3234
2 3235
1 3236
1 3237
3 3238
3 3244
2 3246
2 3247
1 3248
3 3251
4 3252
1 3254
1 3255
2 3256
2 3257
1 3260
2 3263
1 3269
1 3277
1 3290
1 3291
1 3298
1 3305
1 3321
1 3330
1 3332
1 3353
1 3363
1 3427
1 3435
1 3436
1 3487
1 3489
1 3500
1 3540
1 3543
1 3587
1 3703
1 3746
2 3790
1 3794
1 3830
1 3870
1 3902
1 3932
1 4008
1 4147
