1 1
4 3
3 4
5 5
5 6
1 7
1 8
2 9
1 10
2 11
1 13
7 14
1 15
1 16
1 19
1 21
2 22
1 23
2 26
2 27
3 29
3 30
3 33
1 34
2 35
1 36
6 37
7 38
17 39
8 40
13 41
6 42
1 43
4 44
2 46
3 47
3 49
1 51
2 53
2 57
2 58
1 59
4 61
3 62
4 64
1 66
3 67
1 68
1 69
2 70
2 71
6 72
2 73
1 74
3 76
1 77
1 79
7 80
1 82
1 83
2 85
2 86
3 87
1 88
5 90
2 91
1 92
2 93
3 94
4 95
2 96
3 98
2 100
1 101
1 102
4 103
3 104
1 105
1 106
2 107
1 108
3 109
3 110
3 111
1 112
2 113
4 114
2 115
2 116
2 117
2 118
1 119
4 120
2 121
5 122
4 124
1 125
2 126
1 127
4 128
2 129
6 130
3 131
1 132
4 133
7 134
7 135
8 136
8 137
17 138
12 139
15 140
13 141
15 142
17 143
11 144
12 145
6 146
4 147
6 148
5 149
3 150
5 151
3 152
2 153
4 154
5 155
3 156
3 157
3 158
5 159
2 160
4 161
4 162
8 163
6 164
3 165
2 166
4 167
5 168
1 169
3 170
6 171
3 172
8 173
7 174
4 175
3 176
3 177
7 178
2 179
8 180
4 181
6 182
8 183
7 184
4 185
10 186
5 187
15 188
11 189
7 190
22 191
21 192
20 193
22 194
24 195
11 196
22 197
10 198
17 199
16 200
13 201
12 202
6 203
13 204
7 205
7 206
5 207
6 208
8 209
4 210
10 211
8 212
9 213
3 214
6 215
5 216
5 217
6 218
6 219
4 220
10 221
5 222
10 223
14 224
8 225
5 226
5 227
10 228
8 229
9 230
2 231
11 232
8 233
6 234
3 235
5 236
8 237
10 238
6 239
2 240
7 241
12 242
6 243
5 244
4 245
13 246
7 247
10 248
12 249
14 250
10 251
9 252
13 253
8 254
16 255
11 256
11 257
10 258
12 259
14 260
13 261
9 262
7 263
13 264
6 265
7 266
7 267
11 268
10 269
7 270
10 271
13 272
11 273
7 274
18 275
13 276
9 277
10 278
11 279
9 280
8 281
6 282
9 283
10 284
14 285
10 286
9 287
11 288
10 289
6 290
13 291
9 292
8 293
11 294
8 295
13 296
9 297
8 298
8 299
10 300
16 301
8 302
17 303
22 304
15 305
18 306
19 307
15 308
19 309
10 310
17 311
10 312
17 313
22 314
16 315
20 316
24 317
21 318
16 319
16 320
31 321
31 322
30 323
33 324
30 325
24 326
27 327
25 328
24 329
30 330
23 331
29 332
19 333
22 334
21 335
16 336
16 337
13 338
21 339
13 340
9 341
15 342
10 343
18 344
11 345
11 346
12 347
9 348
15 349
13 350
15 351
13 352
6 353
20 354
14 355
13 356
17 357
20 358
10 359
12 360
17 361
19 362
24 363
18 364
21 365
22 366
21 367
18 368
23 369
25 370
18 371
20 372
20 373
16 374
17 375
21 376
21 377
31 378
27 379
22 380
19 381
21 382
20 383
22 384
35 385
27 386
26 387
29 388
21 389
29 390
37 391
31 392
35 393
53 394
38 395
40 396
41 397
51 398
54 399
55 400
60 401
58 402
61 403
64 404
75 405
59 406
66 407
83 408
66 409
50 410
51 411
60 412
68 413
60 414
54 415
56 416
48 417
49 418
59 419
58 420
52 421
54 422
49 423
62 424
63 425
65 426
55 427
67 428
67 429
93 430
81 431
97 432
84 433
96 434
105 435
142 436
134 437
136 438
141 439
125 440
133 441
125 442
138 443
89 444
106 445
92 446
77 447
71 448
66 449
61 450
48 451
51 452
61 453
73 454
57 455
50 456
49 457
42 458
64 459
64 460
57 461
61 462
70 463
62 464
80 465
86 466
106 467
91 468
96 469
113 470
138 471
123 472
138 473
124 474
143 475
165 476
161 477
187 478
160 479
176 480
172 481
203 482
212 483
214 484
239 485
297 486
295 487
318 488
455 489
460 490
518 491
628 492
731 493
802 494
847 495
1029 496
1104 497
1149 498
1319 499
1363 500
1374 501
1426 502
1483 503
1399 504
1355 505
1325 506
1192 507
1101 508
959 509
842 510
739 511
611 512
558 513
418 514
348 515
288 516
244 517
201 518
166 519
133 520
127 521
86 522
63 523
67 524
45 525
38 526
45 527
30 528
23 529
21 530
21 531
20 532
10 533
8 534
11 535
8 536
14 537
8 538
8 539
8 540
10 541
11 542
10 543
9 544
11 545
12 546
5 547
15 548
11 549
9 550
8 551
10 552
9 553
10 554
12 555
11 556
8 557
15 558
8 559
10 560
8 561
8 562
10 563
6 564
9 565
5 566
4 567
12 568
5 569
4 570
5 571
5 572
2 573
3 574
6 575
5 576
4 577
9 578
1 579
8 580
6 581
10 582
6 583
4 584
7 585
6 586
2 587
3 588
5 589
8 590
5 591
3 592
3 593
5 594
6 595
5 596
4 597
3 598
6 599
5 600
4 601
3 602
5 603
1 604
7 605
2 606
4 607
1 608
1 609
1 610
1 611
8 612
1 613
6 614
4 615
3 616
6 617
4 618
4 619
5 620
4 621
1 622
4 623
7 624
3 625
3 626
2 627
4 628
6 629
6 630
6 631
6 632
6 633
2 634
4 635
7 636
8 637
4 638
3 639
5 640
3 641
3 642
4 643
4 644
4 645
3 646
5 647
4 648
5 649
3 650
4 651
4 652
6 653
4 654
7 655
4 656
6 657
4 658
4 659
5 660
7 661
5 662
7 663
9 664
5 665
3 666
4 667
8 668
4 669
8 670
11 671
2 672
4 673
7 674
9 675
8 676
6 677
5 678
5 679
5 680
10 681
7 682
6 683
10 684
7 685
10 686
9 687
12 688
5 689
8 690
7 691
7 692
9 693
3 694
5 695
6 696
13 697
11 698
8 699
10 700
6 701
9 702
13 703
7 704
8 705
5 706
8 707
14 708
9 709
3 710
8 711
7 712
7 713
6 714
7 715
9 716
8 717
10 718
5 719
10 720
6 721
12 722
11 723
9 724
9 725
9 726
12 727
5 728
9 729
7 730
9 731
19 732
9 733
14 734
16 735
10 736
11 737
8 738
15 739
17 740
17 741
17 742
21 743
16 744
14 745
18 746
16 747
17 748
28 749
38 750
38 751
22 752
40 753
29 754
34 755
30 756
35 757
31 758
41 759
42 760
36 761
30 762
34 763
25 764
36 765
27 766
31 767
33 768
33 769
21 770
32 771
33 772
26 773
33 774
27 775
34 776
26 777
28 778
23 779
21 780
21 781
26 782
27 783
20 784
23 785
21 786
29 787
27 788
15 789
20 790
37 791
18 792
16 793
30 794
28 795
29 796
32 797
29 798
34 799
30 800
23 801
26 802
30 803
51 804
47 805
43 806
40 807
43 808
43 809
59 810
44 811
52 812
58 813
50 814
68 815
58 816
65 817
61 818
68 819
83 820
79 821
87 822
83 823
94 824
113 825
112 826
108 827
115 828
116 829
99 830
122 831
123 832
131 833
120 834
119 835
135 836
123 837
112 838
99 839
112 840
104 841
75 842
95 843
75 844
79 845
56 846
67 847
57 848
58 849
46 850
36 851
29 852
35 853
27 854
29 855
27 856
15 857
21 858
16 859
29 860
15 861
17 862
19 863
25 864
13 865
21 866
19 867
26 868
21 869
20 870
21 871
19 872
17 873
28 874
23 875
28 876
36 877
37 878
24 879
22 880
25 881
28 882
31 883
28 884
54 885
50 886
44 887
42 888
51 889
51 890
56 891
40 892
51 893
49 894
63 895
54 896
77 897
69 898
82 899
66 900
70 901
62 902
70 903
75 904
57 905
64 906
73 907
65 908
72 909
64 910
53 911
56 912
50 913
45 914
50 915
41 916
36 917
49 918
36 919
32 920
28 921
28 922
20 923
16 924
19 925
18 926
17 927
13 928
10 929
11 930
7 931
8 932
4 933
9 934
2 935
4 936
6 937
6 938
3 939
6 940
10 941
4 942
4 943
1 944
3 945
1 946
2 947
8 948
2 949
4 950
3 951
1 952
3 953
2 954
6 955
4 956
2 957
5 958
2 959
3 960
4 961
6 963
2 964
5 965
1 966
7 967
1 968
4 969
3 970
2 971
3 972
7 973
6 974
1 975
7 976
7 977
4 978
9 979
6 980
5 981
11 982
11 983
7 984
13 985
11 986
7 987
8 988
13 989
5 990
12 991
16 992
15 993
8 994
12 995
14 996
11 997
11 998
10 999
10 1000
14 1001
10 1002
10 1003
12 1004
7 1005
11 1006
8 1007
5 1008
4 1009
5 1010
6 1011
3 1012
4 1013
2 1014
7 1015
2 1016
4 1018
6 1019
3 1022
1 1024
2 1025
2 1026
6 1028
1 1029
2 1030
2 1031
2 1034
1 1035
1 1037
1 1038
2 1039
1 1042
2 1043
3 1044
2 1047
2 1048
2 1049
1 1050
1 1051
3 1053
1 1054
1 1055
3 1056
2 1058
3 1059
4 1061
2 1062
4 1063
2 1064
1 1066
2 1067
4 1068
6 1069
4 1070
3 1071
1 1072
4 1074
3 1075
4 1076
1 1077
3 1078
1 1079
4 1080
1 1081
1 1082
3 1083
1 1084
1 1085
2 1086
5 1087
4 1088
3 1089
1 1090
1 1091
1 1092
3 1093
1 1094
5 1096
2 1097
2 1098
3 1100
1 1101
2 1102
5 1104
5 1106
2 1107
3 1108
5 1109
5 1110
4 1111
3 1112
4 1113
5 1114
2 1115
5 1116
7 1117
5 1118
4 1119
7 1120
4 1121
5 1122
7 1123
3 1124
9 1125
10 1126
5 1127
5 1128
3 1129
6 1130
5 1131
8 1132
5 1133
6 1134
4 1135
7 1136
5 1137
6 1138
5 1139
4 1140
5 1141
5 1142
4 1143
1 1144
2 1145
5 1146
6 1147
3 1148
2 1149
3 1150
1 1151
4 1152
2 1153
4 1154
3 1155
4 1156
1 1157
4 1158
1 1160
1 1161
2 1163
4 1164
3 1165
3 1166
1 1167
1 1168
2 1169
3 1170
5 1171
3 1173
2 1174
2 1175
4 1176
2 1177
5 1178
1 1180
2 1181
2 1182
1 1183
4 1185
2 1186
1 1187
5 1188
2 1189
1 1190
3 1192
1 1193
2 1195
1 1196
3 1197
1 1198
1 1199
1 1200
1 1201
1 1202
1 1206
2 1207
1 1208
1 1210
2 1211
1 1212
1 1213
1 1214
2 1220
1 1221
1 1223
1 1224
2 1225
2 1227
1 1228
1 1231
1 1234
1 1237
3 1245
2 1248
2 1249
1 1250
1 1251
1 1254
1 1257
1 1265
1 1269
1 1270
1 1273
1 1276
1 1278
1 1283
1 1285
1 1286
1 1290
1 1295
2 1296
1 1297
1 1301
2 1303
1 1304
1 1305
1 1309
1 1310
1 1312
1 1315
2 1316
1 1317
1 1322
4 1323
1 1324
1 1325
1 1327
2 1328
2 1329
1 1330
2 1331
1 1332
1 1334
1 1337
1 1338
1 1339
1 1340
2 1341
1 1343
2 1344
1 1345
2 1349
1 1351
1 1354
1 1356
1 1359
3 1365
1 1368
1 1373
1 1375
1 1381
2 1385
1 1386
1 1391
2 1395
1 1397
1 1399
1 1400
2 1402
1 1405
2 1406
1 1407
1 1411
1 1412
1 1413
1 1415
3 1416
1 1422
1 1424
3 1426
1 1427
3 1428
1 1430
1 1431
1 1432
2 1433
2 1435
1 1438
1 1440
1 1442
2 1443
4 1446
1 1447
3 1452
2 1454
1 1455
5 1456
1 1457
2 1461
1 1462
3 1464
1 1465
2 1467
2 1468
1 1470
1 1471
3 1478
1 1479
1 1480
1 1482
1 1483
3 1484
3 1485
2 1486
1 1487
1 1489
3 1490
3 1492
1 1493
3 1495
2 1497
2 1498
1 1499
1 1500
4 1502
1 1504
1 1505
2 1507
5 1508
1 1509
2 1510
1 1511
2 1513
1 1515
2 1516
3 1517
1 1518
1 1519
1 1520
3 1521
2 1525
1 1529
1 1531
4 1532
2 1533
1 1536
2 1537
1 1540
1 1541
1 1542
1 1544
1 1546
1 1547
2 1548
1 1549
1 1550
1 1551
1 1552
1 1554
2 1555
2 1556
1 1557
2 1558
1 1559
3 1560
1 1561
2 1563
1 1564
2 1565
3 1566
1 1567
1 1568
1 1569
1 1570
3 1571
5 1572
1 1575
1 1576
1 1577
3 1578
3 1579
3 1581
1 1582
1 1584
1 1585
1 1586
1 1587
1 1588
2 1590
5 1592
1 1593
1 1594
1 1595
1 1596
2 1598
3 1599
1 1601
2 1604
2 1605
1 1606
2 1607
1 1610
2 1611
1 1612
1 1613
1 1615
1 1618
2 1620
1 1621
1 1622
2 1626
2 1628
2 1633
2 1634
1 1638
1 1643
3 1644
2 1648
1 1654
1 1656
2 1657
2 1661
1 1664
1 1668
3 1669
1 1671
2 1672
2 1676
1 1680
2 1682
1 1683
1 1684
1 1685
1 1687
1 1691
1 1692
1 1697
1 1699
1 1700
1 1702
1 1706
3 1710
1 1711
1 1712
1 1713
5 1714
1 1716
2 1717
1 1720
2 1721
1 1722
1 1724
3 1725
1 1728
2 1729
2 1730
3 1733
1 1734
1 1735
3 1737
1 1740
1 1741
1 1742
2 1745
2 1746
1 1747
3 1748
1 1750
1 1751
2 1752
1 1754
1 1755
2 1756
5 1758
5 1759
1 1761
3 1762
2 1763
3 1764
1 1765
3 1767
1 1768
4 1769
2 1770
1 1771
2 1772
3 1773
1 1774
4 1775
3 1776
1 1777
2 1778
3 1779
1 1780
2 1781
3 1782
2 1784
5 1785
1 1786
1 1787
4 1788
3 1789
2 1790
2 1791
4 1792
4 1793
5 1794
4 1795
9 1796
4 1797
4 1799
4 1800
2 1801
2 1802
5 1803
6 1804
1 1805
3 1806
4 1807
4 1808
3 1809
3 1810
3 1811
6 1812
4 1813
4 1814
3 1815
3 1816
4 1817
6 1818
2 1819
4 1820
6 1821
3 1822
4 1823
7 1824
2 1825
2 1826
2 1827
1 1829
2 1831
5 1832
2 1833
1 1834
2 1835
1 1836
4 1837
5 1838
2 1839
2 1840
5 1841
1 1842
1 1843
2 1844
1 1845
3 1846
3 1847
5 1848
3 1849
10 1850
2 1851
1 1852
3 1853
3 1854
1 1855
4 1856
4 1857
3 1859
1 1860
2 1861
2 1862
3 1863
4 1864
3 1865
2 1866
3 1867
1 1869
3 1870
6 1871
3 1872
4 1873
3 1874
5 1875
2 1876
5 1877
5 1878
1 1879
4 1880
1 1881
5 1882
6 1883
5 1884
5 1885
3 1886
2 1887
3 1888
3 1889
5 1890
1 1891
4 1892
1 1893
6 1896
7 1897
4 1898
5 1899
7 1900
5 1901
2 1902
3 1903
4 1904
6 1905
4 1906
8 1907
6 1908
3 1909
5 1910
3 1911
3 1912
4 1913
9 1914
5 1915
7 1916
2 1917
6 1918
6 1919
7 1920
5 1921
6 1922
8 1923
4 1924
7 1925
6 1926
12 1927
11 1928
6 1929
5 1930
10 1931
8 1932
14 1933
22 1934
16 1935
13 1936
18 1937
19 1938
18 1939
18 1940
24 1941
18 1942
23 1943
17 1944
22 1945
21 1946
18 1947
25 1948
29 1949
28 1950
18 1951
25 1952
26 1953
31 1954
17 1955
28 1956
33 1957
30 1958
28 1959
19 1960
37 1961
30 1962
34 1963
15 1964
24 1965
25 1966
20 1967
30 1968
28 1969
20 1970
17 1971
12 1972
8 1973
21 1974
11 1975
12 1976
12 1977
13 1978
12 1979
10 1980
9 1981
7 1982
6 1983
7 1984
8 1985
5 1986
3 1987
3 1988
1 1989
3 1990
3 1991
5 1992
3 1993
3 1994
2 1995
3 1996
3 1997
5 1999
2 2001
2 2003
1 2005
1 2006
2 2009
1 2010
2 2011
1 2016
1 2018
1 2020
1 2024
1 2025
2 2031
1 2035
1 2041
1 2042
1 2045
1 2046
2 2048
1 2051
1 2053
1 2057
1 2058
1 2059
1 2066
1 2072
1 2079
1 2082
1 2086
1 2089
1 2090
1 2091
1 2101
1 2114
1 2115
1 2121
1 2125
1 2134
1 2140
1 2142
1 2145
1 2146
2 2152
2 2155
1 2163
1 2168
1 2169
2 2171
1 2173
1 2176
1 2177
1 2181
1 2183
1 2185
1 2188
1 2203
1 2205
1 2207
1 2209
1 2211
3 2212
1 2213
1 2217
1 2222
1 2223
1 2224
1 2226
1 2228
1 2229
1 2232
1 2233
1 2234
1 2235
1 2236
1 2238
3 2239
2 2242
1 2243
1 2247
1 2248
1 2249
1 2253
2 2254
1 2258
1 2260
1 2261
1 2262
2 2263
1 2264
1 2265
1 2266
2 2267
1 2268
1 2269
2 2271
2 2272
1 2274
1 2275
1 2278
1 2279
2 2280
2 2281
4 2282
1 2284
1 2288
1 2289
1 2290
1 2299
2 2301
1 2302
1 2305
1 2306
2 2307
3 2308
1 2309
1 2314
1 2317
1 2319
2 2321
1 2323
1 2324
1 2325
2 2327
1 2330
1 2331
1 2332
1 2334
2 2335
1 2336
1 2338
2 2339
2 2340
1 2341
1 2342
2 2343
1 2347
1 2350
1 2351
2 2354
2 2355
1 2357
2 2358
3 2359
1 2360
2 2361
1 2362
1 2363
1 2364
1 2365
4 2366
1 2367
2 2368
1 2369
1 2370
2 2372
3 2373
1 2374
2 2375
5 2377
2 2378
4 2379
3 2380
7 2381
3 2382
3 2383
2 2384
2 2385
1 2386
2 2387
3 2388
3 2389
5 2390
1 2391
6 2392
2 2393
4 2394
5 2395
3 2396
4 2397
7 2398
4 2399
5 2400
4 2401
5 2402
8 2403
5 2404
4 2405
7 2406
6 2407
7 2408
7 2409
3 2410
8 2411
7 2412
6 2413
7 2414
6 2415
6 2416
7 2417
13 2418
5 2419
7 2420
9 2421
5 2422
10 2423
7 2424
11 2425
8 2426
8 2427
9 2428
12 2429
12 2430
6 2431
9 2432
3 2433
8 2434
6 2435
11 2436
4 2437
6 2438
9 2439
3 2440
7 2441
3 2442
5 2443
2 2444
6 2445
4 2446
5 2447
5 2448
4 2449
3 2450
2 2452
3 2454
4 2455
2 2456
1 2457
2 2458
3 2459
4 2461
3 2462
1 2463
3 2464
1 2465
1 2466
2 2467
2 2468
1 2469
1 2470
2 2473
1 2475
1 2476
1 2477
1 2479
1 2481
1 2483
1 2484
1 2485
1 2487
1 2488
1 2491
1 2492
1 2495
1 2498
2 2500
1 2501
1 2502
1 2506
1 2511
1 2514
1 2517
2 2520
1 2521
1 2525
1 2527
1 2529
1 2533
1 2538
2 2539
1 2543
2 2544
1 2546
2 2554
1 2558
2 2559
4 2560
1 2562
4 2563
1 2564
4 2565
1 2566
2 2567
3 2568
1 2569
4 2570
3 2571
1 2572
2 2573
3 2574
2 2576
2 2577
2 2578
1 2579
1 2581
4 2582
3 2583
2 2584
2 2585
2 2586
4 2587
2 2588
4 2589
2 2590
2 2591
3 2592
4 2593
2 2594
3 2595
5 2596
3 2598
2 2599
4 2600
1 2601
1 2602
1 2603
1 2604
2 2605
2 2606
4 2607
2 2610
3 2613
2 2615
1 2616
1 2618
1 2620
1 2621
1 2622
1 2626
3 2633
1 2635
1 2641
1 2649
1 2664
1 2668
1 2679
1 2681
1 2682
1 2685
1 2693
1 2698
1 2700
1 2704
1 2707
1 2713
1 2725
2 2728
1 2731
1 2734
1 2735
1 2738
1 2743
1 2746
1 2748
1 2750
2 2752
2 2760
2 2765
1 2766
1 2768
1 2770
2 2776
1 2780
1 2788
1 2796
1 2807
1 2813
1 2847
1 2856
1 2863
1 2864
1 2866
1 2877
1 2882
1 2902
1 2955
2 3001
1 3025
1 3033
1 3072
1 3118
1 3152
1 3184
1 3233
1 3268
1 3343
1 3571
1 3693
1 3694
1 3817
1 3858
1 3865
1 3893
1 3898
1 3945
1 3952
1 3988
1 4013
2 4021
1 4024
1 4032
1 4038
1 4043
1 4045
1 4046
1 4049
1 4050
1 4065
1 4066
1 4069
1 4071
1 4074
1 4075
1 4083
1 4087
1 4091
1 4104
1 4105
1 4107
2 4108
1 4109
1 4111
1 4118
1 4140
1 4150
1 4151
1 4155
1 4762
