1 1
3 2
2 3
1 4
2 5
2 6
1 7
1 8
3 9
1 10
4 11
3 12
2 13
3 14
1 16
1 17
2 18
2 19
3 21
3 22
3 23
3 24
1 25
5 26
6 27
5 28
4 29
3 30
3 31
6 32
3 33
5 35
2 36
3 37
4 38
2 39
3 40
2 42
3 43
1 44
4 45
3 46
1 47
4 48
3 49
5 50
3 51
4 52
7 53
3 54
3 55
7 56
4 57
4 58
7 59
6 60
7 61
3 62
10 63
6 64
3 65
14 66
6 67
13 68
20 69
8 70
10 71
7 72
10 73
10 74
6 75
7 76
5 77
8 78
4 79
5 80
6 81
5 82
5 83
8 84
7 85
7 86
8 87
5 88
4 89
7 90
9 91
4 92
6 93
7 94
9 95
9 96
10 97
5 98
11 99
11 100
12 101
10 102
8 103
11 104
13 105
8 106
8 107
12 108
8 109
3 110
5 111
10 112
9 113
11 114
10 115
12 116
12 117
17 118
15 119
15 120
14 121
10 122
9 123
13 124
16 125
9 126
9 127
16 128
14 129
6 130
9 131
5 132
9 133
8 134
8 135
9 136
6 137
5 138
5 139
12 140
8 141
10 142
7 143
11 144
7 145
12 146
11 147
12 148
15 149
15 150
18 151
16 152
14 153
23 154
12 155
21 156
29 157
26 158
26 159
27 160
23 161
44 162
30 163
33 164
29 165
23 166
21 167
22 168
19 169
20 170
13 171
12 172
11 173
10 174
22 175
15 176
18 177
15 178
16 179
21 180
21 181
23 182
34 183
33 184
46 185
62 186
60 187
73 188
92 189
92 190
146 191
172 192
204 193
232 194
234 195
271 196
324 197
273 198
255 199
215 200
223 201
163 202
158 203
123 204
75 205
56 206
55 207
32 208
37 209
27 210
25 211
28 212
20 213
30 214
18 215
18 216
16 217
21 218
14 219
13 220
12 221
17 222
15 223
23 224
18 225
15 226
18 227
20 228
18 229
10 230
20 231
23 232
16 233
16 234
19 235
24 236
25 237
22 238
20 239
22 240
20 241
22 242
21 243
18 244
23 245
17 246
36 247
34 248
30 249
32 250
26 251
38 252
44 253
46 254
44 255
59 256
47 257
50 258
45 259
55 260
55 261
54 262
55 263
48 264
53 265
43 266
54 267
68 268
73 269
70 270
82 271
87 272
107 273
108 274
108 275
121 276
119 277
96 278
86 279
99 280
86 281
97 282
83 283
74 284
76 285
78 286
84 287
81 288
86 289
95 290
121 291
118 292
160 293
183 294
238 295
236 296
275 297
324 298
387 299
422 300
464 301
483 302
474 303
468 304
477 305
385 306
385 307
322 308
315 309
255 310
203 311
191 312
193 313
145 314
126 315
155 316
149 317
143 318
159 319
179 320
188 321
208 322
216 323
241 324
270 325
307 326
291 327
298 328
277 329
293 330
249 331
225 332
199 333
200 334
147 335
145 336
156 337
112 338
114 339
113 340
107 341
100 342
91 343
98 344
104 345
102 346
133 347
137 348
161 349
148 350
121 351
141 352
129 353
112 354
103 355
93 356
94 357
106 358
75 359
83 360
98 361
88 362
91 363
88 364
98 365
95 366
98 367
109 368
121 369
119 370
116 371
113 372
116 373
103 374
109 375
101 376
93 377
92 378
100 379
87 380
98 381
89 382
81 383
87 384
80 385
73 386
79 387
68 388
72 389
61 390
39 391
43 392
38 393
54 394
50 395
50 396
41 397
28 398
40 399
46 400
40 401
41 402
35 403
52 404
44 405
50 406
53 407
48 408
47 409
45 410
51 411
36 412
44 413
44 414
42 415
54 416
47 417
50 418
40 419
41 420
60 421
52 422
53 423
49 424
65 425
66 426
67 427
81 428
111 429
98 430
100 431
93 432
105 433
105 434
87 435
101 436
93 437
104 438
111 439
87 440
77 441
90 442
77 443
64 444
68 445
77 446
50 447
75 448
70 449
68 450
64 451
71 452
54 453
69 454
59 455
65 456
57 457
68 458
60 459
63 460
59 461
61 462
72 463
55 464
78 465
72 466
65 467
70 468
48 469
54 470
62 471
72 472
60 473
65 474
46 475
62 476
56 477
51 478
61 479
73 480
45 481
62 482
66 483
65 484
76 485
66 486
52 487
59 488
54 489
61 490
59 491
66 492
60 493
55 494
60 495
87 496
78 497
59 498
77 499
70 500
68 501
77 502
72 503
70 504
64 505
63 506
81 507
84 508
70 509
74 510
78 511
88 512
99 513
114 514
110 515
114 516
112 517
147 518
154 519
168 520
195 521
228 522
191 523
226 524
254 525
231 526
241 527
262 528
234 529
247 530
226 531
231 532
196 533
208 534
173 535
172 536
158 537
143 538
123 539
94 540
109 541
65 542
57 543
65 544
53 545
40 546
33 547
45 548
50 549
43 550
33 551
29 552
42 553
34 554
39 555
35 556
34 557
22 558
40 559
29 560
25 561
27 562
24 563
27 564
27 565
28 566
19 567
29 568
26 569
28 570
26 571
38 572
33 573
37 574
31 575
34 576
41 577
47 578
47 579
40 580
42 581
46 582
44 583
60 584
49 585
44 586
50 587
77 588
53 589
54 590
51 591
50 592
42 593
50 594
69 595
53 596
61 597
66 598
76 599
79 600
79 601
72 602
66 603
74 604
83 605
83 606
79 607
73 608
51 609
58 610
50 611
58 612
50 613
46 614
51 615
55 616
37 617
41 618
33 619
33 620
38 621
31 622
21 623
27 624
20 625
35 626
30 627
26 628
26 629
35 630
23 631
30 632
25 633
26 634
35 635
29 636
44 637
38 638
49 639
33 640
30 641
46 642
32 643
39 644
35 645
32 646
53 647
55 648
55 649
71 650
63 651
62 652
77 653
65 654
69 655
79 656
98 657
90 658
124 659
111 660
121 661
106 662
125 663
99 664
114 665
120 666
101 667
103 668
90 669
96 670
112 671
77 672
89 673
91 674
90 675
93 676
90 677
72 678
68 679
64 680
63 681
64 682
70 683
63 684
69 685
59 686
52 687
64 688
59 689
46 690
47 691
42 692
52 693
32 694
36 695
50 696
38 697
35 698
35 699
28 700
37 701
34 702
41 703
32 704
28 705
36 706
33 707
23 708
22 709
26 710
29 711
25 712
19 713
25 714
19 715
29 716
22 717
24 718
24 719
16 720
30 721
29 722
22 723
25 724
33 725
24 726
30 727
23 728
20 729
18 730
24 731
30 732
24 733
25 734
22 735
34 736
23 737
31 738
36 739
38 740
33 741
29 742
26 743
30 744
38 745
38 746
38 747
27 748
34 749
31 750
35 751
29 752
38 753
36 754
36 755
31 756
25 757
18 758
29 759
27 760
26 761
36 762
25 763
24 764
28 765
21 766
18 767
20 768
22 769
19 770
16 771
15 772
22 773
19 774
17 775
23 776
28 777
27 778
30 779
24 780
29 781
31 782
38 783
34 784
40 785
31 786
29 787
42 788
30 789
51 790
40 791
34 792
36 793
35 794
29 795
38 796
33 797
36 798
30 799
32 800
26 801
17 802
26 803
24 804
27 805
22 806
27 807
17 808
18 809
13 810
22 811
15 812
17 813
13 814
15 815
19 816
18 817
16 818
15 819
20 820
23 821
20 822
25 823
26 824
23 825
19 826
20 827
34 828
22 829
25 830
23 831
26 832
31 833
31 834
26 835
31 836
30 837
35 838
40 839
33 840
41 841
48 842
38 843
42 844
51 845
48 846
48 847
53 848
58 849
61 850
69 851
62 852
62 853
61 854
80 855
75 856
63 857
81 858
92 859
92 860
77 861
87 862
91 863
90 864
83 865
79 866
85 867
93 868
77 869
56 870
69 871
61 872
44 873
63 874
53 875
63 876
45 877
50 878
36 879
37 880
48 881
36 882
36 883
40 884
52 885
39 886
49 887
62 888
40 889
51 890
57 891
52 892
45 893
76 894
70 895
86 896
73 897
86 898
91 899
80 900
97 901
95 902
90 903
91 904
84 905
81 906
62 907
66 908
58 909
52 910
47 911
50 912
49 913
42 914
25 915
28 916
31 917
33 918
27 919
24 920
26 921
15 922
21 923
16 924
14 925
14 926
6 927
11 928
14 929
10 930
9 931
3 932
12 933
11 934
4 935
8 936
7 937
4 938
5 939
9 940
3 941
1 942
9 943
3 944
8 945
6 946
3 947
3 948
3 949
3 950
7 951
4 952
5 953
3 954
5 955
3 956
4 957
4 958
1 959
6 960
1 961
3 962
2 963
5 964
4 965
1 966
2 967
2 968
3 969
1 970
2 971
3 972
1 973
4 974
2 975
8 976
3 977
4 978
2 979
1 980
1 982
1 983
4 984
7 985
1 986
3 987
3 988
3 989
5 990
2 991
2 992
2 993
4 994
2 995
1 996
3 997
4 998
4 999
4 1000
1 1001
2 1002
3 1003
4 1004
3 1005
2 1006
1 1007
1 1008
1 1009
3 1010
1 1011
1 1012
4 1013
4 1014
4 1015
3 1016
1 1017
1 1018
4 1019
2 1020
2 1021
2 1022
5 1023
3 1024
3 1025
5 1026
2 1027
3 1028
3 1029
2 1030
6 1031
3 1032
3 1033
3 1034
1 1035
2 1036
8 1037
4 1038
4 1039
2 1040
3 1041
3 1042
3 1043
3 1044
3 1045
11 1047
2 1048
8 1049
3 1050
3 1051
1 1052
1 1053
9 1054
3 1055
2 1056
6 1057
7 1058
6 1059
9 1060
7 1061
13 1062
6 1063
3 1064
4 1065
6 1066
2 1067
6 1068
3 1069
4 1070
5 1071
6 1072
5 1073
3 1074
1 1075
2 1076
4 1077
4 1078
5 1079
6 1082
3 1083
6 1084
3 1085
5 1087
1 1088
2 1089
2 1090
3 1091
4 1092
1 1093
2 1094
1 1095
5 1096
3 1097
4 1098
2 1099
4 1100
4 1101
4 1102
4 1103
4 1104
3 1105
3 1106
2 1107
3 1108
3 1109
2 1110
1 1111
2 1112
1 1113
2 1114
1 1115
3 1116
3 1117
3 1118
2 1119
2 1120
2 1121
3 1122
2 1123
3 1124
5 1125
2 1126
1 1127
3 1128
4 1129
3 1130
2 1131
3 1132
6 1133
1 1134
1 1135
1 1136
3 1137
7 1138
2 1139
4 1140
3 1141
2 1142
2 1143
2 1144
1 1145
1 1146
3 1147
5 1148
4 1149
4 1150
3 1151
2 1152
5 1153
3 1154
2 1155
4 1156
6 1157
4 1158
1 1159
1 1160
1 1161
9 1162
3 1163
4 1164
3 1165
2 1166
5 1167
7 1168
8 1169
4 1170
11 1171
8 1172
14 1173
8 1174
9 1175
8 1176
6 1177
11 1178
9 1179
13 1180
13 1181
10 1182
19 1183
24 1184
11 1185
13 1186
20 1187
9 1188
19 1189
14 1190
17 1191
12 1192
22 1193
14 1194
14 1195
18 1196
16 1197
17 1198
15 1199
18 1200
15 1201
9 1202
13 1203
9 1204
7 1205
6 1206
5 1207
13 1208
7 1209
11 1210
11 1211
7 1212
10 1213
6 1214
5 1215
5 1216
6 1217
9 1218
6 1219
4 1220
5 1221
5 1222
4 1223
6 1224
5 1225
1 1226
7 1227
6 1228
2 1229
1 1230
1 1231
3 1232
5 1233
1 1234
2 1235
5 1236
3 1237
3 1238
6 1239
1 1240
6 1241
6 1242
3 1243
1 1244
7 1245
3 1246
2 1247
8 1248
8 1249
4 1250
2 1251
5 1252
3 1253
5 1254
5 1255
6 1256
7 1257
7 1258
4 1259
3 1260
8 1261
10 1262
6 1263
10 1264
13 1265
10 1266
8 1267
6 1268
4 1269
8 1270
10 1271
21 1272
16 1273
12 1274
17 1275
8 1276
27 1277
12 1278
21 1279
18 1280
30 1281
26 1282
23 1283
25 1284
21 1285
23 1286
28 1287
26 1288
33 1289
33 1290
30 1291
31 1292
31 1293
37 1294
32 1295
26 1296
27 1297
23 1298
33 1299
38 1300
23 1301
24 1302
29 1303
21 1304
28 1305
27 1306
29 1307
20 1308
19 1309
22 1310
18 1311
19 1312
27 1313
16 1314
16 1315
12 1316
15 1317
15 1318
11 1319
22 1320
13 1321
16 1322
13 1323
16 1324
14 1325
10 1326
13 1327
12 1328
18 1329
8 1330
6 1331
10 1332
10 1333
11 1334
7 1335
11 1336
9 1337
5 1338
8 1339
9 1340
10 1341
4 1342
2 1343
2 1344
6 1345
6 1346
3 1347
6 1348
5 1349
4 1350
1 1351
6 1352
5 1353
3 1354
2 1355
2 1356
3 1358
5 1359
4 1360
2 1361
5 1362
3 1363
2 1364
2 1365
4 1366
2 1367
3 1368
5 1369
5 1370
2 1371
1 1372
5 1373
2 1374
5 1375
4 1376
4 1377
4 1378
2 1379
3 1380
1 1381
4 1382
8 1383
4 1384
4 1385
4 1386
9 1387
1 1388
3 1389
4 1390
4 1391
3 1392
7 1393
2 1394
2 1396
4 1397
10 1398
6 1399
2 1400
6 1401
5 1402
3 1403
4 1404
7 1405
3 1406
3 1407
1 1408
4 1409
2 1410
4 1411
3 1412
1 1413
5 1415
2 1416
4 1417
3 1418
1 1419
6 1420
1 1421
2 1422
3 1424
5 1425
5 1426
1 1427
7 1428
3 1429
5 1430
1 1431
2 1432
6 1433
4 1434
8 1435
5 1436
3 1437
6 1438
6 1439
6 1440
1 1441
4 1442
4 1443
3 1444
4 1445
8 1446
7 1447
7 1448
6 1449
7 1450
4 1451
1 1452
8 1453
4 1454
9 1455
3 1456
3 1457
3 1458
3 1459
7 1460
2 1461
4 1462
2 1463
3 1464
6 1465
6 1466
4 1467
4 1468
7 1469
4 1470
4 1471
4 1472
1 1473
4 1474
3 1475
7 1476
2 1477
5 1478
5 1479
6 1480
4 1481
4 1482
4 1483
7 1484
4 1485
4 1486
6 1487
3 1488
3 1489
3 1490
1 1492
4 1493
1 1494
4 1495
1 1496
2 1497
1 1498
2 1499
3 1500
3 1501
3 1502
1 1503
3 1504
3 1505
1 1506
3 1508
4 1509
1 1510
3 1511
2 1516
3 1517
2 1518
2 1519
1 1520
3 1521
4 1522
2 1523
1 1524
2 1526
3 1527
1 1528
2 1529
2 1530
2 1533
4 1534
4 1535
2 1536
1 1537
1 1538
3 1539
1 1540
3 1541
2 1542
3 1543
1 1544
1 1545
1 1546
2 1547
4 1548
2 1550
1 1551
1 1552
1 1553
1 1555
1 1556
1 1557
2 1559
2 1561
3 1562
1 1563
1 1564
2 1565
2 1566
2 1568
2 1571
2 1572
2 1576
2 1577
1 1578
2 1579
1 1580
1 1581
3 1582
1 1584
1 1585
2 1588
1 1589
1 1590
1 1591
1 1592
1 1593
1 1594
2 1596
2 1599
3 1600
4 1601
1 1602
2 1604
3 1605
2 1606
1 1607
1 1612
3 1613
2 1614
2 1615
1 1616
2 1617
3 1618
3 1620
2 1621
3 1622
2 1623
3 1624
6 1625
4 1626
2 1627
3 1628
4 1629
5 1630
5 1631
3 1632
5 1633
3 1634
4 1635
4 1636
3 1637
6 1638
1 1639
9 1640
5 1641
2 1642
4 1643
6 1644
7 1645
6 1646
7 1647
3 1648
4 1649
6 1650
1 1651
2 1652
6 1653
2 1654
3 1655
9 1656
2 1657
4 1658
3 1659
3 1660
3 1661
1 1662
2 1663
1 1664
2 1665
2 1667
1 1668
2 1669
1 1671
1 1672
1 1674
2 1675
2 1676
1 1679
3 1680
2 1682
2 1683
3 1685
1 1686
3 1687
1 1688
1 1689
1 1692
1 1694
1 1695
1 1696
1 1698
2 1699
1 1700
1 1702
1 1703
3 1704
1 1706
3 1707
1 1708
1 1712
1 1713
1 1714
1 1715
1 1716
1 1718
2 1719
3 1720
2 1721
2 1722
1 1723
1 1724
2 1725
1 1727
1 1728
3 1731
1 1733
1 1734
3 1735
1 1738
1 1740
1 1745
2 1747
1 1748
2 1749
2 1754
1 1755
1 1757
1 1761
4 1763
1 1764
1 1766
1 1767
2 1771
2 1772
1 1773
2 1774
3 1775
2 1776
5 1778
1 1779
2 1780
2 1782
1 1784
2 1786
2 1788
2 1789
1 1790
1 1791
1 1794
3 1795
1 1796
1 1797
2 1798
1 1800
1 1801
1 1802
1 1803
3 1804
2 1805
2 1806
1 1807
1 1808
1 1810
1 1811
1 1812
1 1813
2 1816
1 1817
3 1819
1 1821
1 1823
1 1828
1 1829
2 1830
1 1833
1 1836
2 1837
1 1838
2 1839
1 1840
3 1841
3 1842
2 1843
3 1847
2 1848
2 1849
1 1850
2 1851
1 1852
1 1853
1 1855
3 1856
1 1857
1 1858
1 1860
4 1863
1 1864
3 1865
2 1866
3 1867
2 1869
2 1870
2 1871
1 1874
2 1875
2 1876
4 1877
2 1878
4 1879
4 1880
1 1881
3 1882
1 1883
1 1884
1 1885
3 1886
1 1889
6 1890
3 1891
3 1893
2 1894
3 1897
1 1898
3 1899
1 1900
2 1901
4 1902
1 1903
3 1904
1 1905
4 1906
1 1907
2 1908
1 1909
2 1910
4 1911
3 1912
3 1913
1 1917
1 1918
1 1919
2 1920
1 1921
1 1922
3 1923
3 1924
2 1926
2 1927
2 1928
3 1930
2 1931
3 1934
1 1936
1 1938
1 1939
1 1940
3 1941
1 1943
1 1944
1 1945
2 1949
1 1951
2 1952
4 1953
1 1955
1 1956
1 1957
1 1958
1 1959
3 1960
2 1961
1 1962
1 1966
1 1968
1 1969
1 1970
1 1971
2 1972
2 1973
4 1976
1 1977
2 1979
1 1980
2 1981
1 1984
1 1985
2 1987
1 1988
2 1989
2 1991
2 1994
2 1996
1 2000
1 2002
1 2004
1 2007
1 2010
1 2011
1 2016
1 2020
1 2022
1 2023
1 2028
1 2035
2 2039
1 2041
1 2042
1 2043
1 2049
1 2051
1 2054
1 2055
2 2056
2 2059
1 2060
1 2061
1 2063
1 2064
1 2066
1 2068
2 2069
1 2071
2 2072
2 2073
1 2074
1 2075
1 2077
1 2079
1 2082
1 2087
1 2088
1 2089
1 2094
2 2098
1 2100
2 2101
1 2102
1 2105
2 2106
1 2111
1 2112
1 2119
1 2122
1 2123
1 2126
1 2128
1 2129
1 2130
1 2131
1 2132
1 2134
1 2135
1 2139
1 2140
1 2141
2 2142
2 2148
1 2152
1 2153
1 2159
1 2160
2 2162
1 2163
1 2164
1 2165
1 2166
1 2167
1 2168
4 2169
1 2170
2 2171
1 2172
1 2173
1 2174
2 2175
1 2176
1 2179
1 2181
2 2182
2 2183
1 2184
1 2189
1 2191
2 2193
1 2194
2 2195
1 2197
2 2198
1 2199
2 2200
1 2202
1 2203
1 2204
1 2208
1 2209
1 2210
1 2211
1 2213
4 2214
1 2215
2 2216
1 2219
3 2220
1 2221
3 2222
2 2223
1 2224
1 2225
2 2226
2 2227
3 2229
2 2232
2 2234
1 2239
2 2240
1 2242
2 2244
2 2245
1 2247
2 2250
1 2251
1 2252
1 2255
1 2256
1 2258
1 2259
2 2260
3 2262
2 2263
2 2264
1 2265
2 2266
1 2268
1 2269
1 2270
1 2271
4 2272
1 2273
1 2274
1 2275
1 2276
2 2278
2 2280
2 2283
1 2284
3 2285
1 2286
3 2287
2 2288
1 2290
3 2291
3 2292
2 2293
1 2294
2 2296
1 2297
2 2298
1 2299
2 2300
1 2301
2 2302
1 2303
3 2304
1 2305
2 2306
2 2307
2 2308
3 2309
1 2311
2 2312
3 2313
1 2315
2 2316
3 2317
1 2320
1 2323
1 2324
1 2325
1 2326
1 2327
1 2328
3 2329
2 2332
1 2333
1 2334
3 2335
1 2337
4 2338
3 2339
1 2340
1 2341
1 2342
3 2343
3 2344
2 2345
1 2347
4 2348
1 2349
3 2350
4 2352
1 2353
4 2354
2 2355
2 2356
3 2357
4 2358
5 2359
4 2360
2 2361
4 2362
1 2363
1 2364
3 2365
5 2366
1 2367
1 2368
2 2369
3 2370
3 2371
8 2372
2 2373
2 2374
5 2375
6 2376
3 2377
4 2378
8 2379
6 2380
9 2381
6 2382
11 2383
6 2384
6 2385
12 2386
7 2387
6 2388
4 2389
10 2390
8 2391
8 2392
8 2393
10 2394
7 2395
8 2396
9 2397
8 2398
5 2399
7 2400
14 2401
6 2402
6 2403
12 2404
11 2405
5 2406
9 2407
13 2408
6 2409
13 2410
4 2411
9 2412
3 2413
8 2414
4 2415
5 2416
4 2417
7 2418
10 2419
9 2420
6 2421
8 2422
3 2423
3 2424
2 2425
6 2426
2 2427
4 2428
5 2429
2 2431
2 2432
2 2433
2 2434
2 2437
2 2439
2 2440
1 2441
1 2442
2 2443
2 2444
1 2447
1 2448
1 2452
1 2454
1 2456
1 2469
1 2480
1 2491
1 2494
1 2503
1 2506
2 2519
1 2528
1 2529
1 2533
1 2543
1 2544
1 2554
1 2563
1 2564
1 2571
1 2601
1 2604
1 2605
1 2608
1 2612
2 2614
1 2617
1 2620
1 2626
1 2627
1 2630
2 2631
1 2640
1 2641
1 2642
2 2644
1 2645
1 2646
2 2647
1 2650
2 2652
2 2656
1 2657
2 2658
1 2660
2 2663
1 2664
1 2665
1 2667
1 2668
1 2671
2 2673
1 2674
2 2676
1 2678
1 2679
1 2680
2 2682
2 2683
1 2684
1 2687
1 2689
4 2690
1 2691
1 2695
1 2698
1 2699
1 2702
1 2703
3 2704
3 2707
2 2709
2 2713
1 2717
1 2718
1 2721
1 2725
1 2726
2 2728
1 2731
1 2732
2 2733
1 2736
2 2737
1 2740
1 2741
1 2743
1 2745
1 2747
1 2748
1 2752
1 2756
1 2759
1 2762
1 2763
1 2764
1 2768
1 2769
2 2771
2 2773
2 2775
1 2778
2 2781
1 2783
1 2786
1 2788
1 2790
2 2793
2 2797
1 2798
1 2799
1 2800
1 2801
1 2803
1 2805
1 2806
1 2808
1 2809
2 2812
1 2814
1 2815
1 2817
1 2819
2 2820
2 2826
1 2827
1 2832
2 2833
2 2835
2 2839
1 2841
1 2843
2 2845
1 2846
1 2847
1 2848
1 2853
1 2854
1 2855
1 2857
3 2858
1 2859
2 2860
1 2861
2 2862
1 2864
1 2865
3 2866
2 2867
1 2868
1 2869
3 2871
1 2875
1 2876
2 2877
2 2878
4 2879
1 2880
1 2881
3 2882
5 2883
1 2884
4 2886
5 2887
2 2888
1 2889
4 2890
2 2891
3 2892
2 2893
2 2894
1 2895
2 2897
1 2898
2 2899
3 2900
6 2901
6 2902
3 2903
3 2904
5 2906
4 2907
4 2909
4 2910
2 2911
7 2912
5 2913
1 2914
5 2915
4 2916
2 2917
4 2918
1 2919
10 2920
4 2921
5 2922
3 2923
6 2925
5 2926
3 2927
6 2928
5 2929
4 2930
4 2931
6 2932
2 2933
2 2934
6 2935
4 2936
3 2937
3 2938
4 2939
7 2941
3 2942
6 2943
3 2944
3 2945
3 2946
1 2947
4 2949
2 2950
4 2951
1 2952
6 2953
4 2954
2 2955
4 2956
2 2957
1 2958
3 2959
1 2960
4 2961
5 2962
2 2963
5 2964
1 2965
1 2966
3 2967
4 2968
2 2969
2 2970
1 2971
2 2972
1 2973
4 2974
2 2976
1 2977
1 2978
1 2979
2 2982
1 2986
1 2987
1 2988
1 2989
1 3002
1 3014
1 3037
1 3047
1 3057
1 3066
1 3072
1 3074
1 3076
1 3078
1 3179
1 3184
1 3188
1 3213
2 3217
1 3225
1 3248
1 3269
1 3272
1 3282
1 3283
1 3302
1 3304
1 3313
1 3330
1 3350
1 3351
1 3362
1 3383
1 3389
1 3391
1 3402
1 3407
1 3409
1 3410
1 3429
1 3432
1 3433
1 3434
1 3435
1 3444
1 3446
2 3447
1 3452
1 3453
1 3455
2 3456
1 3457
2 3461
1 3467
1 3468
1 3478
2 3480
1 3481
2 3482
3 3483
1 3484
1 3491
1 3493
1 3496
1 3498
1 3505
1 3506
1 3507
1 3508
1 3509
1 3510
1 3511
3 3512
2 3513
1 3515
2 3516
1 3517
3 3518
1 3519
1 3521
1 3522
1 3523
1 3527
1 3531
1 3533
1 3534
1 3535
1 3540
2 3541
1 3542
1 3544
1 3545
2 3546
3 3548
1 3549
2 3550
2 3551
1 3553
1 3559
3 3560
1 3561
2 3562
2 3566
1 3568
1 3571
1 3575
1 3576
1 3582
2 3584
1 3587
1 3589
1 3591
1 3595
1 3620
1 3635
1 3661
1 3756
1 3761
1 3836
1 3967
1 4111
1 4215
1 4252
1 4256
1 4320
1 4324
1 4331
1 4346
1 4349
1 4369
1 4409
1 4496
1 4552
1 4556
1 4623
1 4624
1 4625
1 4645
1 4680
1 4701
1 5050
1 5165
1 5501
