3 1
1 3
1 6
1 9
2 11
2 13
2 14
1 15
1 16
4 17
1 18
1 19
1 20
2 21
2 22
2 23
1 24
2 26
2 27
3 28
1 29
3 30
3 31
2 32
2 33
1 34
4 35
3 36
3 38
6 39
4 40
7 41
5 42
1 43
2 44
1 45
1 46
1 47
2 48
1 49
1 50
2 51
3 52
2 53
3 54
1 55
1 56
1 57
1 58
2 60
1 65
1 66
4 67
1 68
1 69
1 70
3 71
5 72
2 73
6 75
2 76
2 77
3 78
1 79
1 80
2 81
2 82
1 85
1 86
1 87
1 88
3 89
3 90
1 91
2 92
1 93
3 94
3 95
3 96
1 97
1 98
1 99
1 100
1 101
4 102
2 103
1 104
4 105
2 106
2 107
1 108
4 110
2 112
3 113
1 114
1 116
6 117
3 118
5 119
1 120
1 121
3 122
2 123
2 124
2 125
3 126
6 127
10 128
8 130
3 131
10 132
6 133
13 134
15 135
22 136
22 137
23 138
26 139
33 140
27 141
19 142
26 143
22 144
11 145
12 146
10 147
13 148
5 149
7 150
9 151
5 152
12 153
5 154
7 155
6 156
10 157
7 158
2 159
8 160
5 161
8 162
5 163
2 164
4 165
2 166
1 167
3 168
3 169
4 170
5 171
4 172
6 173
4 174
5 175
5 176
4 177
12 178
5 179
7 180
6 181
2 182
6 183
5 184
4 185
8 186
8 187
4 188
9 189
9 190
4 191
9 192
8 193
11 194
4 195
12 196
2 197
10 198
7 199
4 200
4 201
9 202
7 203
7 204
9 205
6 206
9 207
5 208
6 209
10 210
10 211
8 212
9 213
10 214
4 215
8 216
8 217
4 218
9 219
4 220
9 221
6 222
12 223
5 224
8 225
5 226
6 227
5 228
6 229
3 230
10 231
5 232
5 233
2 234
5 235
4 236
5 237
7 238
7 239
4 240
6 241
3 242
7 243
7 244
5 245
11 246
6 247
6 248
2 249
9 250
8 251
9 252
6 253
11 254
9 255
10 256
19 257
10 258
13 259
11 260
14 261
18 262
8 263
16 264
25 265
28 266
37 267
45 268
37 269
46 270
51 271
41 272
43 273
33 274
48 275
38 276
28 277
18 278
30 279
21 280
13 281
13 282
9 283
7 284
10 285
8 286
8 287
11 288
5 289
11 290
11 291
7 292
6 293
6 294
5 295
12 296
6 297
3 298
4 299
1 300
8 301
8 302
6 303
15 304
9 305
7 306
14 307
15 308
13 309
12 310
13 311
8 312
7 313
15 314
10 315
14 316
15 317
7 318
11 319
12 320
16 321
12 322
13 323
12 324
15 325
12 326
9 327
10 328
15 329
14 330
21 331
13 332
16 333
18 334
16 335
16 336
22 337
26 338
27 339
13 340
18 341
26 342
18 343
28 344
17 345
22 346
24 347
22 348
19 349
29 350
34 351
34 352
34 353
31 354
45 355
50 356
48 357
49 358
69 359
70 360
87 361
88 362
95 363
107 364
128 365
124 366
126 367
138 368
118 369
126 370
102 371
91 372
89 373
77 374
63 375
62 376
33 377
32 378
22 379
19 380
22 381
10 382
16 383
9 384
14 385
11 386
18 387
5 388
8 389
14 390
7 391
9 392
9 393
10 394
5 395
8 396
7 397
2 398
7 399
6 400
9 401
11 402
8 403
8 404
5 405
3 406
5 407
7 408
7 409
8 410
6 411
5 412
4 413
3 414
7 415
5 416
6 417
6 418
7 419
9 420
1 421
3 422
5 423
4 424
6 425
9 426
3 427
3 428
9 429
6 430
3 431
10 432
9 433
8 434
6 436
7 437
7 438
4 439
6 440
7 441
8 442
18 443
11 444
6 445
6 446
9 447
14 448
4 449
10 450
5 451
7 452
3 453
9 454
7 455
7 456
15 457
7 458
6 459
9 460
11 461
8 462
12 463
14 464
6 465
3 466
11 467
7 468
9 469
9 470
8 471
19 472
13 473
15 474
10 475
9 476
11 477
11 478
6 479
15 480
8 481
10 482
11 483
9 484
9 485
14 486
10 487
13 488
11 489
19 490
15 491
18 492
11 493
9 494
18 495
21 496
10 497
13 498
17 499
18 500
12 501
22 502
24 503
28 504
18 505
25 506
26 507
24 508
23 509
27 510
28 511
24 512
28 513
24 514
45 515
45 516
33 517
43 518
40 519
48 520
44 521
43 522
51 523
50 524
55 525
67 526
53 527
69 528
53 529
71 530
73 531
53 532
67 533
72 534
68 535
70 536
113 537
101 538
106 539
119 540
123 541
147 542
181 543
198 544
199 545
219 546
274 547
288 548
335 549
339 550
378 551
425 552
433 553
433 554
447 555
458 556
498 557
431 558
415 559
410 560
299 561
330 562
269 563
229 564
193 565
180 566
142 567
138 568
87 569
91 570
73 571
44 572
48 573
48 574
37 575
29 576
29 577
21 578
26 579
24 580
15 581
8 582
18 583
16 584
13 585
10 586
12 587
11 588
11 589
14 590
11 591
10 592
9 593
4 594
10 595
9 596
4 597
9 598
8 599
8 600
5 601
10 602
11 603
4 604
8 605
11 606
6 607
8 608
9 609
7 610
7 611
11 612
3 613
12 614
9 615
8 616
8 617
8 618
11 619
3 620
10 621
12 622
12 623
12 624
12 625
7 626
16 627
15 628
7 629
6 630
15 631
19 632
9 633
9 634
5 635
15 636
14 637
12 638
13 639
16 640
8 641
21 642
7 643
12 644
16 645
13 646
27 647
24 648
17 649
23 650
25 651
15 652
21 653
18 654
23 655
26 656
22 657
28 658
31 659
30 660
22 661
21 662
20 663
25 664
34 665
38 666
32 667
32 668
40 669
29 670
38 671
46 672
32 673
42 674
49 675
54 676
46 677
47 678
63 679
71 680
75 681
69 682
80 683
90 684
82 685
123 686
118 687
119 688
113 689
131 690
142 691
155 692
139 693
161 694
170 695
157 696
176 697
157 698
162 699
206 700
178 701
177 702
151 703
155 704
134 705
158 706
160 707
112 708
97 709
114 710
97 711
98 712
92 713
91 714
89 715
54 716
51 717
52 718
53 719
40 720
40 721
27 722
28 723
26 724
26 725
24 726
25 727
21 728
19 729
20 730
16 731
9 732
8 733
12 734
5 735
9 736
15 737
11 738
9 739
10 740
17 741
11 742
11 743
10 744
9 745
11 746
8 747
5 748
11 749
9 750
10 751
8 752
8 753
10 754
12 755
13 756
5 757
14 758
8 759
8 760
6 761
10 762
10 763
8 764
5 765
9 766
11 767
5 768
12 769
7 770
3 771
5 772
3 773
6 774
10 775
4 776
6 777
7 778
8 779
10 780
5 781
9 782
3 783
14 784
18 785
10 786
8 787
8 788
9 789
11 790
10 791
9 792
17 793
17 794
10 795
16 796
13 797
17 798
15 799
11 800
26 801
12 802
21 803
21 804
24 805
19 806
28 807
21 808
15 809
24 810
27 811
12 812
16 813
24 814
24 815
9 816
23 817
20 818
18 819
16 820
16 821
19 822
15 823
27 824
21 825
16 826
21 827
16 828
23 829
16 830
15 831
17 832
17 833
20 834
24 835
26 836
19 837
21 838
31 839
34 840
36 841
30 842
49 843
31 844
56 845
55 846
50 847
61 848
64 849
67 850
66 851
77 852
74 853
82 854
99 855
89 856
94 857
83 858
92 859
115 860
91 861
101 862
82 863
84 864
66 865
83 866
89 867
87 868
79 869
82 870
80 871
98 872
89 873
79 874
90 875
107 876
94 877
100 878
95 879
131 880
113 881
92 882
110 883
123 884
105 885
115 886
100 887
96 888
94 889
100 890
91 891
77 892
73 893
72 894
66 895
58 896
54 897
45 898
53 899
45 900
38 901
40 902
31 903
27 904
28 905
31 906
14 907
23 908
22 909
18 910
18 911
14 912
10 913
13 914
21 915
21 916
16 917
15 918
16 919
15 920
19 921
14 922
8 923
20 924
14 925
13 926
10 927
15 928
15 929
13 930
12 931
12 932
12 933
10 934
16 935
13 936
8 937
7 938
8 939
12 940
9 941
12 942
11 943
15 944
6 945
12 946
14 947
4 948
15 949
12 950
6 951
12 952
14 953
13 954
15 955
11 956
18 957
10 958
16 959
17 960
18 961
11 962
25 963
21 964
17 965
19 966
20 967
30 968
27 969
32 970
30 971
36 972
38 973
44 974
36 975
37 976
55 977
37 978
51 979
52 980
54 981
54 982
57 983
74 984
84 985
94 986
82 987
74 988
76 989
80 990
82 991
86 992
115 993
88 994
111 995
79 996
95 997
77 998
78 999
80 1000
59 1001
75 1002
64 1003
58 1004
64 1005
63 1006
71 1007
54 1008
51 1009
69 1010
55 1011
60 1012
51 1013
66 1014
50 1015
52 1016
60 1017
34 1018
38 1019
52 1020
62 1021
44 1022
48 1023
39 1024
39 1025
35 1026
41 1027
40 1028
35 1029
45 1030
30 1031
36 1032
29 1033
23 1034
24 1035
22 1036
25 1037
24 1038
23 1039
23 1040
12 1041
18 1042
20 1043
12 1044
23 1045
21 1046
19 1047
10 1048
21 1049
14 1050
14 1051
9 1052
13 1053
9 1054
12 1055
14 1056
6 1057
12 1058
7 1059
4 1060
8 1061
11 1062
6 1063
5 1064
12 1065
7 1066
6 1067
5 1068
7 1069
4 1070
3 1071
6 1072
6 1073
9 1074
5 1075
2 1076
9 1077
4 1078
2 1079
4 1080
4 1081
4 1082
6 1083
3 1084
3 1085
2 1086
8 1087
2 1088
2 1089
10 1090
4 1091
6 1092
3 1093
4 1094
4 1095
2 1096
3 1097
3 1098
5 1099
4 1100
6 1101
1 1102
4 1103
6 1104
4 1105
6 1106
6 1107
7 1108
2 1109
3 1110
4 1111
3 1112
6 1113
5 1114
6 1115
10 1116
6 1117
12 1118
6 1119
14 1120
10 1121
8 1122
5 1123
11 1124
11 1125
6 1126
9 1127
8 1128
9 1129
11 1130
11 1131
8 1132
8 1133
11 1134
7 1135
18 1136
16 1137
17 1138
10 1139
6 1140
13 1141
13 1142
15 1143
7 1144
7 1145
8 1146
4 1147
3 1148
9 1149
5 1150
10 1151
4 1152
5 1153
4 1154
6 1155
6 1156
3 1157
6 1158
1 1159
5 1160
2 1161
1 1162
3 1163
2 1164
4 1165
4 1166
2 1167
3 1168
4 1169
2 1170
2 1171
2 1172
1 1173
4 1174
3 1175
1 1176
1 1177
1 1180
1 1181
1 1183
1 1191
1 1192
2 1194
1 1195
1 1199
1 1201
1 1203
4 1204
1 1220
1 1222
1 1224
1 1227
1 1229
1 1231
3 1239
1 1240
1 1241
1 1245
1 1246
1 1251
1 1252
2 1254
1 1259
1 1262
1 1263
2 1264
1 1271
1 1272
1 1274
1 1275
1 1276
1 1278
2 1282
1 1286
1 1287
1 1288
2 1290
1 1291
1 1293
2 1297
1 1298
1 1299
2 1300
1 1301
1 1302
3 1306
2 1307
1 1308
3 1309
3 1310
1 1311
2 1312
2 1313
1 1314
2 1315
1 1316
2 1317
1 1318
4 1319
3 1320
1 1321
1 1322
3 1323
2 1326
1 1327
2 1328
4 1329
3 1330
1 1332
1 1334
2 1337
3 1338
1 1340
2 1341
1 1342
1 1343
1 1346
1 1353
1 1356
1 1357
1 1360
1 1368
1 1369
2 1370
1 1372
1 1381
1 1383
2 1388
2 1392
1 1395
1 1396
2 1399
1 1402
1 1403
1 1407
1 1413
1 1415
1 1421
1 1424
1 1429
1 1432
1 1449
1 1452
1 1457
1 1468
1 1469
1 1471
1 1477
1 1482
1 1492
1 1499
1 1503
1 1508
1 1509
1 1511
1 1523
1 1528
1 1536
1 1546
1 1548
1 1554
1 1563
1 1564
2 1571
1 1572
1 1585
1 1587
1 1588
1 1590
1 1598
1 1599
1 1600
1 1601
1 1605
1 1615
1 1620
1 1622
1 1623
1 1628
1 1643
1 1652
1 1655
1 1659
1 1664
2 1665
1 1672
1 1682
1 1689
1 1695
2 1696
2 1700
1 1740
1 1741
1 1751
1 1756
1 1757
1 1759
1 1772
1 1788
1 1814
1 1820
1 1821
1 1822
1 1833
2 1840
1 1841
2 1842
1 1843
2 1847
1 1858
1 1862
1 1865
1 1901
1 1915
1 1926
1 1928
1 1930
1 1935
1 1941
1 1981
1 1994
1 2026
1 2061
1 2078
1 2098
1 2103
1 2125
1 2167
1 2195
1 2218
1 2265
1 2270
1 2329
1 2347
1 2416
1 2449
1 2524
1 2623
1 2652
1 2656
1 2667
1 2690
1 2862
1 2931
2 3026
1 3146
1 3560
1 3781
1 3783
1 3789
1 3794
1 3883
