1 1
1 5
2 6
2 8
1 10
2 11
2 12
6 13
1 14
2 15
2 16
4 17
1 19
2 20
1 21
1 24
1 28
1 29
1 30
1 32
1 33
1 36
1 37
1 41
1 44
3 45
1 46
1 47
2 49
2 51
1 53
1 54
1 55
1 56
1 57
2 58
2 59
1 60
2 61
5 62
1 63
1 64
1 66
2 67
1 68
4 69
1 70
2 72
1 73
1 74
1 75
2 76
1 77
1 79
2 83
1 84
2 86
1 87
2 90
2 91
2 92
1 94
3 95
4 96
3 97
2 98
2 99
4 100
1 102
2 105
2 107
4 108
2 109
3 110
2 111
1 112
4 114
2 116
3 117
4 118
1 119
3 120
2 121
5 122
1 123
3 124
5 125
3 126
2 127
1 128
1 129
3 130
2 131
2 132
1 134
2 135
2 136
2 137
2 138
1 139
3 140
1 141
1 142
2 144
1 145
3 147
2 148
2 149
1 150
2 151
1 152
1 153
3 155
1 156
4 157
2 158
1 159
3 160
3 161
3 162
3 163
3 164
8 166
10 167
2 168
2 169
5 170
10 171
8 172
9 173
4 174
9 175
9 176
12 177
13 178
9 179
8 180
5 181
6 182
3 183
5 184
4 185
3 186
2 187
1 188
4 189
4 190
10 191
2 192
8 193
3 194
5 195
2 196
1 197
2 198
5 199
1 200
6 201
2 202
6 203
1 204
4 205
4 206
1 207
4 208
4 209
2 210
4 211
4 212
3 213
4 214
4 215
6 216
6 217
6 218
6 219
11 220
11 221
8 222
7 223
11 224
7 225
13 226
12 227
16 228
14 229
20 230
10 231
13 232
6 233
9 234
12 235
10 236
4 237
7 238
5 239
4 240
6 241
3 242
11 243
4 244
4 245
7 246
7 247
11 248
9 249
11 250
2 251
15 252
11 253
13 254
4 255
9 256
8 257
7 258
8 259
11 260
11 261
12 262
11 263
6 264
17 265
12 266
9 267
10 268
15 269
16 270
14 271
20 272
19 273
21 274
25 275
20 276
38 277
25 278
38 279
44 280
37 281
47 282
36 283
39 284
42 285
50 286
42 287
65 288
36 289
59 290
51 291
27 292
47 293
40 294
33 295
24 296
23 297
21 298
18 299
21 300
13 301
16 302
15 303
17 304
15 305
11 306
13 307
10 308
27 309
16 310
21 311
17 312
25 313
17 314
16 315
29 316
25 317
37 318
16 319
31 320
27 321
38 322
30 323
32 324
27 325
17 326
31 327
24 328
21 329
15 330
29 331
17 332
30 333
31 334
24 335
32 336
48 337
53 338
35 339
47 340
43 341
54 342
70 343
66 344
58 345
66 346
69 347
62 348
69 349
65 350
56 351
42 352
45 353
46 354
42 355
34 356
41 357
39 358
36 359
41 360
34 361
36 362
26 363
26 364
30 365
25 366
23 367
27 368
19 369
17 370
20 371
10 372
21 373
21 374
14 375
18 376
21 377
21 378
12 379
31 380
28 381
20 382
32 383
26 384
20 385
23 386
30 387
27 388
20 389
23 390
31 391
13 392
15 393
20 394
17 395
16 396
14 397
16 398
14 399
8 400
11 401
12 402
6 403
14 404
18 405
4 406
11 407
12 408
11 409
10 410
9 411
21 412
12 413
12 414
16 415
19 416
19 417
19 418
31 419
33 420
36 421
32 422
48 423
40 424
35 425
28 426
36 427
29 428
40 429
21 430
17 431
25 432
30 433
27 434
17 435
23 436
17 437
19 438
17 439
13 440
17 441
18 442
14 443
12 444
13 445
9 446
10 447
6 448
7 449
15 450
2 451
7 452
5 453
4 454
6 455
5 456
7 457
5 458
4 459
4 460
6 461
5 462
6 463
5 464
8 465
5 466
4 467
12 468
13 469
8 470
6 471
10 472
14 473
11 474
11 475
6 476
18 477
13 478
9 479
10 480
14 481
18 482
11 483
13 484
15 485
11 486
8 487
7 488
3 489
11 490
5 491
6 492
4 493
6 494
9 495
8 496
10 497
7 498
9 499
8 500
10 501
8 502
13 503
7 504
10 505
20 506
11 507
17 508
9 509
16 510
7 511
16 512
12 513
22 514
9 515
11 516
16 517
16 518
10 519
16 520
15 521
27 522
10 523
10 524
9 525
9 526
5 527
16 528
13 529
14 530
9 531
8 532
8 533
9 534
10 535
4 536
4 537
6 538
5 539
8 540
6 541
2 542
8 543
4 544
6 545
4 546
4 547
4 548
9 549
5 551
4 552
3 553
3 554
3 555
2 556
4 557
5 558
3 559
4 560
7 561
2 562
2 563
6 564
7 565
4 566
7 567
3 568
2 569
6 570
1 571
3 572
1 573
4 574
6 575
6 576
3 577
4 578
5 579
6 580
6 581
5 582
6 583
3 584
6 585
5 586
5 587
8 588
5 589
9 590
4 591
5 592
4 593
3 594
4 595
5 596
5 597
5 598
5 599
6 600
1 601
3 602
3 603
2 604
5 605
2 606
1 607
6 608
2 609
4 610
4 611
6 612
5 613
5 614
2 615
9 616
12 617
7 618
2 619
8 620
7 621
7 622
7 623
11 624
5 625
12 626
8 627
2 628
3 629
8 630
7 631
8 632
1 633
9 634
5 635
3 636
4 638
3 639
4 640
2 641
1 642
1 643
4 644
4 645
4 646
3 647
2 648
4 649
2 650
2 651
1 652
5 653
5 654
1 655
1 656
3 657
1 658
2 659
2 660
3 661
1 662
5 663
2 665
2 666
4 667
3 668
2 669
2 670
2 671
1 672
2 673
2 674
1 675
3 676
4 677
1 678
1 679
1 680
3 681
2 682
2 683
2 684
2 685
2 686
3 687
4 688
1 689
3 690
2 691
1 692
1 693
1 694
1 695
1 696
2 697
5 698
4 699
3 701
1 703
1 705
2 706
3 708
3 709
2 710
4 711
2 712
2 714
4 715
2 716
2 717
2 718
4 719
4 720
1 721
4 722
2 723
5 724
3 725
7 726
3 727
2 728
5 729
2 730
3 731
5 732
6 733
7 734
3 735
6 736
6 737
7 738
4 739
2 740
1 741
6 742
7 743
4 744
2 745
4 746
8 747
5 748
1 749
6 750
7 751
3 752
5 753
3 754
5 755
5 756
2 757
4 758
3 759
2 760
3 761
3 762
3 763
3 764
3 765
6 766
5 767
4 768
5 769
3 770
3 771
3 772
6 773
4 774
3 775
13 776
6 777
6 778
2 779
3 780
8 781
7 782
7 783
7 784
8 785
16 786
5 787
6 788
8 789
5 790
8 791
10 792
5 793
10 794
9 795
2 796
8 797
9 798
7 799
5 800
6 801
13 802
7 803
7 804
8 805
4 806
6 807
4 808
8 809
1 810
7 811
6 812
5 813
1 814
3 815
2 816
3 817
5 819
4 820
3 821
4 822
3 823
2 824
3 825
2 826
3 827
1 828
4 830
3 831
2 832
6 833
5 834
4 835
3 836
3 837
3 838
5 839
2 840
7 841
3 842
5 843
4 844
3 845
3 846
2 847
1 848
5 849
6 850
2 851
6 852
2 853
4 854
6 855
3 856
3 857
2 858
4 859
3 860
4 861
4 862
2 864
5 865
5 866
4 867
4 868
7 869
4 870
11 871
9 872
3 873
4 874
7 875
6 876
10 877
3 878
6 879
4 880
8 881
8 882
6 883
9 884
10 885
8 886
6 887
15 888
9 889
7 890
10 891
9 892
11 893
9 894
3 895
7 896
6 897
7 899
7 900
9 901
7 902
9 903
9 904
8 905
4 906
4 907
3 908
2 909
3 910
5 911
9 912
7 913
9 914
4 915
1 916
7 917
9 918
8 919
3 920
3 921
9 922
5 923
4 924
6 925
8 926
12 927
2 928
5 929
9 930
10 931
11 932
9 933
10 934
2 935
7 936
12 937
14 938
17 939
15 940
7 941
5 942
19 943
11 944
15 945
15 946
17 947
12 948
14 949
13 950
12 951
14 952
20 953
7 954
14 955
4 956
12 957
14 958
8 959
8 960
10 961
7 962
5 963
8 964
5 965
2 966
4 967
5 968
2 969
2 970
5 971
4 972
3 973
4 974
4 975
3 976
9 977
5 978
4 979
2 980
3 981
2 982
6 983
6 984
7 985
4 987
3 988
4 989
3 990
2 991
5 992
5 993
5 994
1 995
1 996
4 997
3 998
4 999
4 1000
1 1001
7 1002
3 1003
3 1004
5 1005
6 1006
6 1007
6 1008
1 1009
4 1010
4 1011
7 1012
5 1013
4 1014
7 1015
3 1016
4 1017
4 1018
8 1019
10 1020
7 1021
12 1022
10 1023
13 1024
5 1025
6 1026
5 1027
7 1028
7 1029
3 1030
8 1031
5 1032
7 1033
2 1034
14 1035
15 1036
14 1037
9 1038
6 1039
6 1040
8 1041
14 1042
14 1043
10 1044
11 1045
12 1046
9 1047
8 1048
8 1049
5 1050
8 1051
10 1052
16 1053
8 1054
12 1055
7 1056
11 1057
15 1058
16 1059
12 1060
12 1061
11 1062
11 1063
14 1064
11 1065
16 1066
19 1067
15 1068
16 1069
16 1070
12 1071
20 1072
9 1073
10 1074
14 1075
17 1076
15 1077
18 1078
17 1079
15 1080
18 1081
20 1082
15 1083
16 1084
16 1085
16 1086
16 1087
13 1088
17 1089
9 1090
19 1091
13 1092
13 1093
8 1094
7 1095
14 1096
13 1097
17 1098
9 1099
9 1100
12 1101
8 1102
11 1103
15 1104
14 1105
10 1106
8 1107
15 1108
18 1109
13 1110
12 1111
14 1112
16 1113
6 1114
12 1115
15 1116
7 1117
7 1118
20 1119
18 1120
19 1121
13 1122
13 1123
12 1124
14 1125
9 1126
19 1127
17 1128
14 1129
17 1130
8 1131
25 1132
13 1133
14 1134
21 1135
21 1136
30 1137
23 1138
22 1139
28 1140
19 1141
18 1142
18 1143
24 1144
21 1145
24 1146
22 1147
27 1148
22 1149
34 1150
18 1151
31 1152
23 1153
27 1154
27 1155
26 1156
36 1157
33 1158
33 1159
18 1160
29 1161
34 1162
28 1163
43 1164
38 1165
32 1166
28 1167
36 1168
40 1169
45 1170
42 1171
47 1172
44 1173
49 1174
58 1175
43 1176
52 1177
47 1178
68 1179
66 1180
55 1181
68 1182
68 1183
77 1184
69 1185
93 1186
109 1187
98 1188
109 1189
110 1190
100 1191
115 1192
114 1193
126 1194
139 1195
135 1196
140 1197
142 1198
111 1199
144 1200
142 1201
124 1202
115 1203
116 1204
122 1205
130 1206
102 1207
101 1208
96 1209
96 1210
80 1211
84 1212
80 1213
67 1214
59 1215
59 1216
48 1217
57 1218
36 1219
34 1220
30 1221
38 1222
29 1223
29 1224
17 1225
15 1226
17 1227
22 1228
11 1229
15 1230
22 1231
9 1232
9 1233
9 1234
10 1235
9 1236
14 1237
11 1238
11 1239
8 1240
13 1241
8 1242
9 1243
9 1244
13 1245
10 1246
11 1247
7 1248
11 1249
9 1250
18 1251
11 1252
13 1253
6 1254
12 1255
10 1256
15 1257
11 1258
4 1259
13 1260
17 1261
15 1262
13 1263
15 1264
24 1265
21 1266
13 1267
14 1268
13 1269
18 1270
15 1271
12 1272
20 1273
23 1274
23 1275
12 1276
11 1277
21 1278
12 1279
5 1280
13 1281
19 1282
15 1283
18 1284
14 1285
9 1286
14 1287
21 1288
16 1289
9 1290
17 1291
16 1292
17 1293
21 1294
15 1295
15 1296
19 1297
16 1298
16 1299
9 1300
12 1301
6 1302
9 1303
9 1304
4 1305
6 1306
13 1307
12 1308
9 1309
2 1310
8 1311
4 1312
8 1313
6 1314
6 1315
3 1316
6 1317
3 1318
7 1319
3 1320
3 1321
4 1322
2 1323
1 1324
1 1326
4 1327
3 1328
2 1329
1 1330
1 1331
2 1332
5 1334
2 1335
1 1336
2 1337
1 1338
1 1339
1 1340
4 1341
3 1342
2 1343
2 1344
1 1345
1 1346
8 1347
2 1348
1 1349
1 1350
2 1351
2 1352
1 1353
1 1354
1 1355
1 1356
4 1357
2 1358
1 1360
1 1361
1 1362
1 1365
1 1366
2 1367
4 1368
1 1369
1 1372
3 1373
1 1374
3 1376
2 1377
3 1378
2 1379
2 1381
1 1382
2 1383
2 1384
1 1385
1 1387
1 1388
4 1389
1 1390
2 1391
1 1392
4 1394
1 1395
2 1396
1 1397
7 1398
1 1399
2 1400
1 1401
4 1402
3 1403
2 1404
2 1405
4 1406
2 1407
1 1408
1 1409
4 1410
3 1411
1 1412
1 1413
1 1414
4 1416
2 1417
4 1418
3 1419
2 1420
5 1421
2 1422
3 1423
3 1424
2 1425
6 1426
5 1427
6 1428
4 1429
2 1430
5 1431
2 1432
2 1433
2 1434
2 1435
5 1436
9 1437
7 1438
5 1439
3 1440
2 1441
9 1442
3 1443
8 1444
4 1445
8 1446
11 1447
9 1448
6 1449
5 1450
8 1451
2 1452
15 1453
16 1454
9 1455
10 1456
14 1457
9 1458
7 1459
9 1460
10 1461
10 1462
4 1463
12 1464
11 1465
11 1466
11 1467
5 1468
10 1469
15 1470
15 1471
15 1472
12 1473
11 1474
12 1475
13 1476
17 1477
13 1478
13 1479
10 1480
13 1481
5 1482
11 1483
6 1484
14 1485
10 1486
3 1487
9 1488
10 1489
7 1490
5 1491
5 1492
4 1493
5 1494
5 1495
1 1496
7 1497
5 1498
3 1499
4 1500
6 1503
5 1504
4 1505
5 1506
2 1507
1 1508
4 1509
5 1510
1 1511
1 1512
3 1513
3 1514
1 1515
2 1516
2 1517
2 1518
3 1519
4 1520
2 1521
3 1522
1 1523
2 1524
1 1525
2 1526
1 1527
4 1528
5 1529
1 1530
2 1531
3 1532
1 1533
8 1534
1 1535
2 1537
1 1538
3 1539
4 1541
2 1542
4 1543
5 1544
2 1545
3 1546
5 1547
2 1548
3 1550
2 1551
2 1552
3 1553
4 1554
4 1555
3 1556
8 1557
3 1558
3 1559
3 1560
2 1561
3 1563
4 1564
2 1565
7 1566
5 1567
5 1569
11 1570
2 1571
4 1572
5 1573
3 1574
4 1575
6 1576
2 1577
2 1578
2 1579
8 1580
4 1581
10 1582
5 1583
3 1584
5 1585
3 1586
7 1587
5 1588
4 1589
3 1590
7 1591
5 1592
5 1593
4 1594
8 1595
9 1596
3 1597
7 1598
3 1599
3 1600
5 1601
3 1602
3 1603
9 1604
3 1605
7 1606
5 1607
5 1608
6 1609
6 1610
2 1611
4 1612
3 1613
4 1614
3 1615
2 1616
2 1617
7 1618
4 1619
5 1620
3 1621
5 1622
3 1623
2 1624
6 1625
3 1626
4 1627
4 1628
5 1629
7 1630
5 1631
6 1632
3 1633
5 1634
7 1635
6 1636
1 1637
10 1638
7 1639
5 1640
8 1641
4 1642
7 1643
3 1644
3 1645
9 1646
12 1647
2 1648
9 1649
10 1650
10 1651
10 1652
10 1653
11 1654
4 1655
6 1656
10 1657
14 1658
16 1659
13 1660
5 1661
8 1662
12 1663
8 1664
10 1665
16 1666
14 1667
20 1668
12 1669
19 1670
19 1671
16 1672
22 1673
12 1674
19 1675
29 1676
19 1677
26 1678
21 1679
20 1680
25 1681
22 1682
15 1683
19 1684
17 1685
13 1686
20 1687
34 1688
24 1689
29 1690
26 1691
24 1692
28 1693
30 1694
26 1695
30 1696
30 1697
39 1698
34 1699
30 1700
29 1701
28 1702
22 1703
25 1704
30 1705
28 1706
33 1707
35 1708
26 1709
38 1710
25 1711
34 1712
29 1713
43 1714
38 1715
27 1716
30 1717
27 1718
34 1719
30 1720
13 1721
33 1722
28 1723
20 1724
23 1725
25 1726
22 1727
26 1728
19 1729
31 1730
21 1731
23 1732
28 1733
18 1734
22 1735
20 1736
17 1737
15 1738
17 1739
17 1740
21 1741
13 1742
18 1743
19 1744
17 1745
8 1746
13 1747
15 1748
14 1749
13 1750
8 1751
17 1752
9 1753
11 1754
13 1755
10 1756
9 1757
13 1758
9 1759
10 1760
12 1761
8 1762
13 1763
10 1764
5 1765
9 1766
9 1767
7 1768
7 1769
6 1770
9 1771
6 1772
8 1773
10 1774
13 1775
3 1776
6 1777
8 1778
6 1779
7 1780
12 1781
9 1782
6 1783
6 1784
4 1785
7 1786
11 1787
14 1788
8 1789
8 1790
8 1791
5 1792
6 1793
6 1794
7 1795
11 1796
5 1797
6 1798
9 1799
8 1800
8 1801
9 1802
6 1803
5 1804
8 1805
9 1806
8 1807
5 1808
7 1809
6 1810
5 1811
5 1812
6 1813
5 1814
4 1815
12 1816
5 1817
2 1818
6 1819
4 1820
6 1821
4 1822
4 1823
5 1824
1 1825
7 1826
5 1827
4 1828
4 1829
1 1830
4 1831
5 1832
1 1833
2 1834
4 1835
1 1836
2 1837
4 1838
7 1839
6 1840
2 1841
1 1842
4 1843
2 1844
3 1847
2 1848
3 1850
1 1851
1 1852
4 1853
3 1854
3 1855
1 1856
3 1857
2 1858
4 1859
3 1861
1 1862
4 1863
3 1865
3 1866
1 1867
1 1868
1 1869
2 1870
3 1871
2 1873
5 1874
3 1875
2 1876
3 1877
2 1878
3 1879
4 1880
3 1881
3 1882
2 1883
3 1884
1 1885
7 1886
1 1887
1 1888
2 1889
1 1890
1 1891
2 1892
3 1893
3 1894
1 1895
4 1897
2 1899
5 1900
5 1901
3 1903
4 1904
7 1905
5 1906
1 1907
5 1908
9 1909
5 1910
5 1911
7 1912
6 1913
4 1915
2 1916
4 1917
6 1918
3 1919
5 1920
8 1921
3 1922
4 1923
2 1924
3 1925
9 1926
2 1927
6 1928
3 1929
2 1930
6 1931
3 1932
2 1933
2 1934
4 1935
3 1936
2 1937
4 1939
1 1940
1 1941
2 1942
2 1943
1 1944
1 1946
3 1948
4 1950
1 1951
2 1953
2 1954
2 1956
1 1957
1 1964
1 1968
1 1970
1 1975
2 1984
1 1987
1 1989
1 1991
1 1993
2 2000
1 2001
1 2002
1 2006
2 2014
2 2015
1 2017
1 2018
1 2025
1 2027
1 2031
2 2037
1 2038
2 2039
2 2042
3 2043
2 2044
1 2045
3 2048
1 2052
1 2053
1 2054
2 2059
2 2060
3 2061
1 2064
1 2065
1 2066
2 2067
2 2070
1 2071
1 2072
2 2074
1 2076
2 2077
1 2081
2 2082
1 2083
1 2084
2 2085
4 2086
2 2087
1 2088
2 2089
2 2090
1 2092
1 2093
2 2094
1 2095
2 2097
1 2099
1 2100
1 2103
3 2111
1 2113
1 2116
1 2117
1 2119
1 2120
1 2121
2 2123
2 2126
1 2128
1 2131
1 2132
1 2133
1 2135
2 2137
2 2140
1 2141
1 2142
1 2145
2 2146
2 2150
1 2151
1 2153
1 2154
1 2156
1 2157
2 2158
1 2159
1 2163
2 2170
1 2173
1 2179
2 2181
3 2190
1 2191
1 2192
1 2194
1 2195
2 2200
1 2201
1 2202
1 2203
1 2205
2 2207
1 2208
1 2210
1 2215
1 2216
1 2217
1 2219
1 2222
1 2227
1 2230
1 2231
3 2233
1 2234
2 2236
2 2237
1 2238
3 2239
1 2241
1 2248
1 2251
1 2256
1 2257
1 2270
1 2273
1 2274
2 2276
1 2278
1 2288
1 2291
1 2292
1 2301
1 2306
2 2324
1 2325
1 2328
1 2331
1 2352
1 2355
1 2357
1 2358
1 2359
1 2361
1 2364
1 2369
1 2372
2 2376
1 2378
1 2384
1 2386
1 2390
1 2391
1 2394
1 2396
1 2399
1 2402
2 2403
1 2409
1 2414
1 2415
1 2421
1 2424
2 2426
1 2429
2 2431
1 2435
1 2440
1 2443
2 2446
1 2448
1 2451
2 2453
2 2456
1 2458
1 2460
1 2464
1 2465
2 2468
1 2470
1 2471
1 2474
1 2475
1 2476
1 2479
2 2480
1 2481
1 2483
1 2485
1 2489
2 2491
1 2494
1 2496
1 2502
1 2503
1 2505
1 2507
2 2509
1 2511
1 2512
1 2516
2 2519
1 2520
1 2522
2 2525
1 2528
2 2530
1 2531
2 2532
1 2545
1 2548
1 2549
1 2551
1 2552
1 2553
1 2556
1 2557
1 2564
1 2566
1 2567
1 2570
1 2574
2 2576
1 2580
1 2581
1 2587
1 2596
1 2603
1 2607
1 2614
1 2615
1 2624
1 2626
1 2628
1 2635
1 2641
1 2644
2 2649
1 2654
1 2659
1 2668
1 2677
1 2678
1 2680
1 2695
1 2701
1 2719
1 2726
1 2727
1 2731
1 2740
1 2751
1 2764
1 2774
1 2783
2 2787
1 2788
1 2791
1 2797
1 2807
1 2811
1 2819
1 2820
2 2827
1 2830
1 2834
1 2841
1 2851
1 2865
1 2868
1 2869
1 2870
2 2879
1 2880
1 2886
1 2890
1 2896
1 2897
2 2904
1 2906
1 2913
1 2918
1 2919
1 2932
2 2934
1 2940
1 2942
1 2943
1 2958
1 2962
1 2976
2 2979
1 2980
1 2985
1 2993
1 2997
1 3001
2 3003
1 3006
1 3012
1 3014
1 3015
1 3016
2 3018
2 3019
1 3022
1 3025
1 3027
1 3028
1 3037
1 3040
2 3043
1 3049
1 3051
2 3054
1 3055
1 3058
1 3059
1 3077
1 3079
1 3083
1 3116
1 3145
1 3160
1 3178
1 3213
1 3225
1 3273
1 3277
1 3338
1 3339
1 3362
1 3364
1 3368
1 3531
1 3559
1 3583
1 3588
1 3602
1 3609
1 3612
1 3614
1 3644
1 3657
1 3698
1 3760
1 3869
1 3877
1 4003
1 4008
1 4064
1 4431
1 4820
1 5348
