1 1
1 2
2 4
1 6
1 7
2 8
1 15
1 18
2 21
1 22
1 25
2 27
1 28
1 29
2 34
1 35
2 36
1 37
2 38
4 39
2 40
2 42
1 43
3 44
2 45
2 46
1 47
1 48
1 49
2 50
2 51
1 52
1 53
2 55
1 57
2 58
3 60
1 61
1 62
2 63
2 66
4 70
3 71
1 72
4 75
3 77
2 79
1 80
1 81
2 82
1 84
2 86
1 88
2 90
2 91
1 92
2 93
1 94
1 95
1 96
5 97
1 98
1 100
2 101
1 104
4 106
4 107
2 108
2 109
2 110
2 111
1 112
3 113
2 114
4 115
1 116
1 118
2 119
1 120
2 121
2 122
1 124
3 125
1 127
2 128
1 129
2 130
4 131
3 132
2 133
3 134
1 135
3 137
3 138
2 139
2 140
3 141
1 143
1 144
3 145
1 146
1 147
2 148
1 149
5 151
2 152
2 153
2 154
1 155
2 156
3 157
2 158
4 160
1 161
8 163
5 164
4 165
1 166
5 167
1 168
2 169
2 170
4 171
4 172
5 173
4 174
3 175
3 176
1 177
2 178
2 180
3 181
1 182
2 183
2 184
1 185
1 186
4 187
1 189
1 190
6 191
4 192
1 193
1 194
1 195
3 196
2 197
4 198
4 199
5 200
4 201
3 202
4 203
2 204
4 205
4 206
2 207
7 208
2 209
2 210
1 211
5 212
3 213
2 214
3 215
2 216
2 218
4 220
1 221
3 222
2 223
5 224
5 225
3 226
1 227
6 228
6 229
5 230
4 231
2 232
6 233
7 234
6 235
5 236
1 237
1 238
2 239
1 240
6 241
4 242
3 243
4 244
3 245
7 246
3 247
2 248
3 249
2 250
3 251
1 252
1 253
6 254
4 255
4 256
1 257
4 258
1 259
5 260
1 261
5 262
5 263
5 264
4 265
4 266
3 267
3 268
1 269
5 270
3 271
6 272
3 273
1 274
2 275
3 276
4 277
6 278
4 279
3 280
2 281
7 282
2 283
10 284
14 285
2 286
10 287
7 288
8 289
12 290
8 291
8 292
12 293
11 294
13 295
8 296
11 297
10 298
11 299
13 300
11 301
11 302
18 303
8 304
13 305
20 306
9 307
16 308
7 309
12 310
16 311
11 312
8 313
12 314
8 315
11 316
13 317
10 318
6 319
15 320
7 321
11 322
7 323
3 324
9 325
5 326
7 327
3 328
7 329
7 330
4 331
12 332
4 333
12 334
10 335
10 336
13 337
10 338
9 339
14 340
17 341
9 342
26 343
18 344
22 345
18 346
25 347
32 348
43 349
32 350
39 351
44 352
54 353
51 354
65 355
60 356
73 357
68 358
78 359
83 360
95 361
62 362
65 363
52 364
60 365
44 366
34 367
36 368
24 369
21 370
14 371
13 372
13 373
10 374
11 375
15 376
3 377
7 378
12 379
3 380
6 381
7 382
9 383
6 384
12 385
4 386
11 387
7 388
15 389
14 390
15 391
15 392
13 393
14 394
12 395
14 396
14 397
17 398
20 399
18 400
16 401
19 402
16 403
18 404
13 405
21 406
14 407
15 408
11 409
13 410
8 411
20 412
11 413
11 414
11 415
8 416
10 417
7 418
18 419
15 420
26 421
15 422
21 423
27 424
28 425
37 426
38 427
33 428
40 429
40 430
53 431
52 432
66 433
86 434
81 435
63 436
58 437
91 438
70 439
76 440
65 441
66 442
69 443
55 444
48 445
45 446
45 447
41 448
33 449
43 450
30 451
27 452
31 453
34 454
31 455
22 456
25 457
22 458
20 459
22 460
12 461
22 462
22 463
11 464
20 465
10 466
12 467
15 468
12 469
11 470
12 471
13 472
12 473
21 474
15 475
12 476
9 477
10 478
9 479
15 480
10 481
14 482
6 483
4 484
6 485
5 486
7 487
9 488
11 489
10 490
8 491
6 492
14 493
4 494
11 495
20 496
10 497
9 498
8 499
15 500
12 501
14 502
25 503
13 504
21 505
23 506
19 507
22 508
18 509
26 510
25 511
27 512
40 513
51 514
34 515
35 516
38 517
37 518
31 519
26 520
23 521
33 522
32 523
31 524
20 525
16 526
25 527
24 528
21 529
17 530
16 531
12 532
20 533
12 534
10 535
5 536
13 537
12 538
6 539
3 540
9 541
7 542
8 543
11 544
12 545
12 546
4 547
6 548
11 549
16 550
6 551
15 552
9 553
8 554
14 555
12 556
13 557
26 558
17 559
10 560
15 561
13 562
24 563
12 564
12 565
18 566
21 567
16 568
28 569
22 570
30 571
26 572
33 573
31 574
35 575
34 576
31 577
35 578
55 579
57 580
46 581
83 582
69 583
84 584
86 585
107 586
94 587
121 588
115 589
133 590
136 591
135 592
153 593
139 594
145 595
137 596
128 597
101 598
118 599
133 600
106 601
84 602
75 603
58 604
76 605
58 606
45 607
61 608
45 609
35 610
32 611
33 612
22 613
16 614
23 615
17 616
14 617
14 618
16 619
7 620
10 621
7 622
11 623
3 624
5 625
5 626
9 627
8 628
3 629
3 630
3 631
1 632
4 633
4 634
10 635
5 636
4 637
4 638
7 639
9 640
4 641
3 642
3 643
6 644
8 645
1 646
6 647
2 648
5 649
7 650
6 651
6 652
5 653
2 654
5 655
8 656
12 657
9 658
8 659
5 660
8 661
5 662
10 663
8 664
15 665
7 666
6 667
11 668
11 669
5 670
14 671
10 672
7 673
10 674
6 675
12 676
10 677
8 678
5 679
12 680
5 681
7 682
8 683
3 684
7 685
5 686
3 687
7 688
8 689
5 690
5 691
5 692
6 693
3 694
4 695
7 696
7 697
8 698
6 699
3 700
4 701
7 702
5 703
6 704
8 705
8 706
10 707
12 708
9 709
7 710
8 711
11 712
7 713
11 714
14 715
8 716
14 717
13 718
10 719
19 720
11 721
19 722
19 723
21 724
20 725
26 726
35 727
38 728
28 729
46 730
43 731
39 732
50 733
45 734
51 735
67 736
70 737
74 738
90 739
96 740
120 741
116 742
128 743
121 744
151 745
163 746
169 747
145 748
166 749
177 750
173 751
171 752
170 753
163 754
134 755
126 756
134 757
134 758
92 759
111 760
95 761
83 762
82 763
83 764
67 765
58 766
64 767
39 768
35 769
31 770
25 771
26 772
27 773
18 774
18 775
23 776
16 777
17 778
15 779
9 780
12 781
10 782
15 783
11 784
9 785
5 786
7 787
9 788
7 789
12 790
6 791
5 792
6 793
8 794
8 795
7 796
2 797
11 798
6 799
12 800
8 801
4 802
7 803
7 804
8 805
6 806
6 807
3 808
5 809
7 810
2 811
7 812
1 813
3 814
4 815
6 816
7 817
7 818
5 819
3 820
8 821
2 822
1 823
5 824
2 825
2 826
6 827
5 828
3 829
1 830
6 831
4 832
2 833
3 834
4 835
11 836
5 837
7 838
7 839
5 840
4 841
5 842
2 843
10 844
5 845
7 846
6 847
7 848
7 849
3 850
9 851
1 852
10 853
10 854
6 855
8 856
10 857
10 858
7 859
13 860
14 861
9 862
10 863
11 864
12 865
15 866
21 867
16 868
26 869
20 870
18 871
18 872
25 873
24 874
29 875
26 876
19 877
18 878
28 879
32 880
29 881
39 882
29 883
41 884
32 885
30 886
26 887
37 888
27 889
24 890
31 891
32 892
40 893
25 894
30 895
36 896
22 897
22 898
22 899
23 900
21 901
25 902
22 903
17 904
20 905
22 906
12 907
23 908
22 909
16 910
19 911
18 912
16 913
14 914
15 915
12 916
16 917
16 918
8 919
17 920
12 921
9 922
13 923
10 924
6 925
5 926
5 927
6 928
6 929
6 930
3 931
2 932
4 933
3 934
7 935
3 936
5 937
2 938
2 939
2 940
1 941
1 942
4 943
3 944
3 945
3 946
4 947
2 948
3 949
2 950
1 951
4 952
3 953
3 954
3 955
4 956
6 957
2 958
1 959
6 960
4 961
5 962
7 963
6 964
2 965
5 966
2 968
9 969
7 970
9 971
6 972
6 973
4 974
5 975
7 976
6 977
4 978
5 979
4 980
6 982
2 983
5 984
2 985
1 986
1 987
1 988
2 989
4 990
2 991
3 992
1 994
1 995
1 996
1 997
1 999
1 1000
1 1001
1 1003
1 1004
1 1008
2 1010
1 1012
1 1014
1 1016
1 1017
1 1018
1 1019
1 1020
1 1021
1 1022
1 1025
1 1026
2 1027
1 1029
1 1030
2 1031
1 1032
2 1038
2 1042
1 1043
1 1044
1 1045
1 1047
1 1048
1 1051
1 1053
2 1054
1 1055
1 1057
1 1058
1 1059
1 1060
1 1061
2 1066
1 1069
1 1072
2 1073
4 1074
1 1081
3 1082
2 1083
1 1085
2 1086
2 1087
2 1090
1 1099
1 1103
2 1104
1 1105
1 1106
2 1108
2 1110
3 1113
2 1114
1 1115
1 1116
1 1117
1 1119
1 1122
2 1123
1 1125
2 1126
1 1128
3 1129
2 1130
1 1131
1 1136
1 1138
1 1140
2 1141
1 1142
1 1144
1 1146
2 1147
3 1148
1 1155
2 1156
1 1158
1 1159
1 1160
2 1162
1 1163
1 1167
1 1171
1 1172
1 1173
1 1175
1 1177
1 1178
1 1180
3 1181
2 1183
1 1184
1 1185
2 1186
1 1188
1 1191
1 1194
2 1195
1 1196
2 1197
1 1199
1 1200
3 1202
1 1205
2 1206
2 1208
2 1213
1 1215
1 1216
1 1218
3 1219
5 1220
1 1221
2 1223
1 1225
1 1229
1 1230
2 1236
1 1237
2 1240
1 1243
2 1245
2 1246
4 1248
1 1249
2 1250
1 1252
1 1253
1 1254
2 1255
3 1256
1 1257
3 1258
2 1260
1 1261
2 1263
4 1264
1 1265
3 1266
4 1267
1 1268
2 1270
1 1271
5 1272
1 1273
3 1274
1 1275
1 1276
3 1277
2 1278
2 1279
2 1280
2 1281
2 1282
2 1283
1 1284
2 1285
3 1286
2 1287
3 1288
5 1289
2 1290
2 1291
2 1293
4 1294
3 1295
3 1296
3 1297
2 1298
2 1299
7 1300
2 1301
1 1302
1 1303
7 1304
1 1305
2 1306
2 1307
5 1308
2 1309
1 1310
1 1311
3 1312
2 1313
2 1314
2 1315
1 1316
1 1317
2 1320
2 1321
1 1323
1 1324
2 1325
3 1328
2 1329
2 1330
3 1333
2 1334
1 1336
1 1337
1 1338
1 1339
2 1340
4 1341
2 1342
1 1344
2 1345
1 1347
2 1348
4 1349
3 1351
1 1352
1 1355
1 1356
2 1358
3 1359
2 1360
1 1361
3 1362
3 1363
2 1364
1 1365
2 1366
1 1367
2 1368
1 1369
3 1371
1 1372
2 1373
5 1374
2 1375
3 1376
1 1377
4 1378
3 1379
4 1380
2 1381
3 1382
2 1385
3 1387
1 1388
2 1389
3 1390
4 1391
2 1392
4 1393
2 1394
5 1395
3 1396
2 1398
2 1399
3 1400
3 1401
3 1402
1 1403
2 1404
4 1405
4 1406
2 1407
3 1408
3 1409
3 1410
3 1411
2 1412
1 1413
2 1414
3 1415
2 1416
3 1417
6 1419
1 1420
2 1421
3 1422
1 1424
2 1425
4 1426
2 1427
2 1428
5 1431
1 1432
4 1433
1 1434
2 1435
3 1436
3 1437
3 1438
6 1439
4 1440
5 1441
3 1442
2 1443
5 1444
1 1445
4 1446
4 1447
2 1448
4 1449
7 1450
1 1451
1 1452
4 1453
3 1454
5 1455
5 1456
5 1457
2 1458
3 1459
6 1460
3 1461
1 1462
2 1463
5 1464
4 1465
3 1466
3 1467
6 1468
4 1469
1 1470
2 1471
5 1472
2 1473
3 1474
2 1475
5 1476
3 1477
2 1478
5 1479
4 1480
1 1481
6 1482
7 1483
2 1484
1 1485
5 1486
4 1487
3 1488
4 1489
5 1490
3 1491
5 1492
2 1493
2 1494
5 1495
6 1496
5 1497
8 1498
3 1499
5 1500
6 1501
6 1502
12 1503
7 1504
3 1505
11 1506
5 1507
5 1508
10 1509
7 1510
11 1511
10 1512
13 1513
5 1514
9 1515
8 1516
13 1517
10 1518
14 1519
10 1520
11 1521
6 1522
15 1523
12 1524
13 1525
13 1526
8 1527
7 1528
7 1529
14 1530
17 1531
8 1532
8 1533
16 1534
10 1535
11 1536
8 1537
17 1538
13 1539
7 1540
8 1541
5 1542
8 1543
7 1544
12 1545
10 1546
14 1547
11 1548
12 1549
14 1550
11 1551
15 1552
16 1553
8 1554
11 1555
15 1556
14 1557
16 1558
20 1559
18 1560
21 1561
18 1562
15 1563
14 1564
18 1565
15 1566
17 1567
12 1568
19 1569
21 1570
17 1571
26 1572
22 1573
11 1574
9 1575
21 1576
21 1577
28 1578
17 1579
14 1580
22 1581
31 1582
20 1583
19 1584
21 1585
21 1586
23 1587
18 1588
21 1589
25 1590
31 1591
22 1592
24 1593
30 1594
28 1595
25 1596
28 1597
32 1598
29 1599
41 1600
36 1601
46 1602
40 1603
43 1604
31 1605
42 1606
38 1607
43 1608
66 1609
53 1610
46 1611
59 1612
59 1613
51 1614
59 1615
64 1616
63 1617
63 1618
55 1619
55 1620
56 1621
58 1622
49 1623
66 1624
47 1625
60 1626
57 1627
47 1628
33 1629
44 1630
35 1631
39 1632
36 1633
30 1634
36 1635
28 1636
32 1637
30 1638
20 1639
29 1640
22 1641
22 1642
17 1643
22 1644
21 1645
16 1646
6 1647
12 1648
16 1649
13 1650
17 1651
4 1652
8 1653
2 1654
9 1655
12 1656
3 1657
5 1658
6 1659
4 1660
3 1661
3 1662
6 1663
2 1664
3 1665
1 1666
2 1667
5 1668
2 1669
1 1671
2 1672
2 1673
1 1674
3 1675
3 1677
2 1679
2 1681
1 1683
1 1684
1 1686
1 1689
1 1691
1 1693
2 1694
1 1696
1 1697
2 1698
1 1699
1 1700
1 1702
1 1703
1 1704
1 1705
3 1706
3 1711
1 1715
1 1717
1 1718
1 1719
2 1720
1 1723
1 1724
2 1725
2 1726
4 1727
1 1729
1 1730
2 1731
2 1732
3 1733
3 1734
1 1735
1 1736
2 1737
1 1738
1 1739
3 1740
2 1741
1 1742
2 1744
1 1745
3 1746
1 1748
2 1751
1 1752
1 1753
1 1754
2 1755
3 1756
3 1757
5 1758
4 1759
3 1760
1 1761
3 1762
3 1763
3 1764
1 1765
2 1766
2 1767
3 1768
2 1769
4 1770
1 1772
1 1773
2 1775
3 1776
2 1777
2 1778
5 1779
1 1780
2 1783
1 1784
1 1785
2 1789
1 1790
1 1792
1 1793
1 1797
2 1799
1 1800
1 1802
1 1804
2 1805
1 1806
2 1807
1 1809
2 1810
1 1811
1 1813
2 1814
1 1815
3 1817
1 1819
1 1820
1 1821
1 1822
1 1823
2 1824
2 1826
1 1829
1 1830
2 1831
2 1832
3 1833
1 1834
1 1835
1 1836
1 1837
2 1838
1 1839
2 1840
1 1841
2 1842
1 1844
3 1845
1 1846
1 1847
2 1848
4 1849
2 1850
1 1851
1 1852
2 1853
2 1854
2 1855
3 1856
2 1857
1 1858
2 1859
2 1860
5 1861
3 1862
4 1863
2 1864
3 1865
4 1866
3 1868
3 1869
4 1870
4 1871
2 1872
3 1873
1 1874
5 1875
5 1876
2 1877
4 1878
4 1879
2 1880
2 1881
2 1882
4 1883
1 1884
2 1885
3 1886
4 1887
3 1888
1 1889
2 1890
5 1891
2 1892
5 1893
1 1894
2 1895
4 1896
2 1897
4 1898
3 1899
2 1900
2 1901
2 1902
2 1903
4 1904
1 1905
4 1906
5 1907
2 1908
1 1909
1 1911
2 1912
1 1913
1 1914
1 1915
3 1916
1 1918
2 1920
1 1921
2 1922
6 1924
3 1925
6 1927
1 1928
2 1929
1 1930
2 1932
3 1934
2 1935
2 1936
1 1937
2 1939
4 1940
1 1941
1 1942
1 1943
2 1944
4 1945
2 1946
3 1947
2 1948
1 1949
3 1950
1 1951
1 1952
4 1953
4 1954
1 1955
1 1956
4 1957
1 1958
2 1959
1 1960
1 1961
3 1962
6 1963
4 1964
1 1965
3 1966
4 1967
2 1968
3 1969
4 1970
1 1971
3 1972
3 1973
9 1974
4 1975
6 1976
8 1977
5 1978
4 1979
4 1980
7 1981
6 1982
4 1983
2 1984
13 1985
8 1986
8 1987
6 1988
6 1989
10 1990
4 1991
8 1992
8 1993
5 1994
8 1995
16 1996
11 1997
7 1998
10 1999
9 2000
13 2001
9 2002
16 2003
17 2004
13 2005
9 2006
6 2007
12 2008
15 2009
13 2010
10 2011
17 2012
13 2013
13 2014
22 2015
19 2016
18 2017
11 2018
12 2019
13 2020
14 2021
18 2022
11 2023
12 2024
14 2025
13 2026
15 2027
13 2028
7 2029
8 2030
4 2031
11 2032
8 2033
7 2034
6 2035
8 2036
5 2037
6 2038
4 2039
8 2040
3 2041
5 2042
3 2043
7 2044
3 2045
4 2046
2 2047
3 2048
5 2049
4 2050
6 2052
1 2053
1 2054
2 2055
4 2056
3 2057
1 2058
4 2059
2 2060
2 2061
1 2062
1 2063
2 2064
1 2065
1 2066
1 2067
4 2068
3 2069
3 2070
2 2071
2 2072
1 2073
5 2074
2 2075
1 2076
3 2077
1 2078
2 2080
1 2083
2 2084
4 2085
3 2086
1 2087
2 2088
4 2089
6 2090
1 2091
4 2092
1 2093
2 2094
3 2095
4 2096
7 2097
4 2098
6 2100
3 2101
3 2102
6 2103
4 2104
3 2105
6 2106
2 2107
3 2108
4 2109
3 2111
2 2112
5 2113
3 2114
2 2115
3 2116
4 2117
2 2118
1 2119
4 2120
6 2121
1 2122
2 2123
5 2124
5 2125
1 2126
4 2127
7 2128
1 2129
2 2131
1 2132
2 2134
2 2136
2 2138
1 2139
2 2140
1 2141
4 2143
1 2144
2 2145
2 2147
1 2150
2 2151
1 2152
1 2154
2 2155
2 2156
1 2157
2 2158
2 2159
1 2161
2 2162
2 2163
1 2164
1 2165
1 2166
1 2167
2 2168
1 2169
1 2170
1 2171
1 2172
3 2173
2 2174
1 2175
1 2179
2 2181
1 2182
1 2184
1 2187
1 2188
1 2189
2 2190
1 2192
1 2196
1 2198
1 2204
1 2206
1 2207
1 2228
1 2232
1 2238
1 2246
2 2249
3 2252
1 2258
1 2265
1 2267
1 2270
1 2273
1 2281
1 2282
1 2284
1 2286
1 2289
1 2291
1 2292
1 2300
1 2302
1 2304
1 2307
1 2309
1 2315
1 2316
1 2317
1 2318
1 2319
1 2321
2 2323
1 2326
1 2327
1 2329
1 2332
1 2341
1 2344
1 2347
1 2348
2 2351
2 2353
1 2354
1 2355
1 2358
2 2360
1 2362
1 2364
1 2367
1 2370
1 2372
1 2376
2 2377
2 2380
1 2381
1 2384
2 2385
1 2388
1 2391
1 2392
1 2393
1 2396
2 2397
1 2399
1 2403
1 2405
1 2407
1 2408
2 2410
1 2412
1 2417
1 2418
1 2420
3 2422
2 2423
1 2424
2 2426
1 2428
1 2429
1 2430
1 2434
4 2435
2 2437
1 2438
1 2440
1 2444
2 2446
3 2452
1 2453
1 2459
1 2460
1 2462
1 2468
1 2469
1 2472
2 2475
4 2478
1 2480
1 2481
1 2482
2 2483
2 2484
2 2489
1 2490
1 2492
1 2493
1 2495
2 2497
1 2498
1 2501
1 2502
1 2503
1 2504
2 2506
2 2513
1 2520
1 2522
1 2523
2 2524
1 2525
1 2526
1 2527
1 2534
2 2536
1 2538
1 2539
1 2540
1 2542
1 2543
1 2544
1 2547
1 2550
1 2553
1 2556
1 2558
1 2559
2 2562
1 2563
1 2569
2 2572
1 2573
1 2583
2 2584
1 2587
1 2590
1 2591
2 2592
1 2602
1 2603
1 2605
2 2607
1 2610
1 2615
2 2616
1 2621
1 2625
1 2627
2 2628
1 2629
1 2631
1 2636
1 2637
1 2639
1 2640
1 2646
1 2648
1 2651
1 2652
1 2656
1 2661
1 2662
2 2663
1 2664
1 2668
2 2669
2 2670
1 2671
2 2672
2 2673
1 2674
2 2676
1 2677
1 2681
2 2682
2 2684
2 2685
1 2686
1 2692
1 2693
2 2694
1 2695
2 2697
1 2698
1 2699
1 2701
1 2702
2 2703
2 2704
1 2705
2 2707
1 2711
1 2712
1 2713
2 2714
1 2715
2 2716
1 2723
1 2729
2 2730
2 2731
1 2733
1 2736
3 2737
1 2738
1 2746
1 2747
2 2748
1 2749
1 2751
1 2755
1 2756
1 2757
2 2758
3 2761
1 2762
1 2763
1 2765
2 2767
1 2769
1 2772
1 2779
2 2782
1 2783
1 2784
1 2786
1 2787
2 2789
1 2790
2 2791
1 2792
1 2795
1 2797
1 2810
1 2816
1 2817
3 2819
1 2828
1 2832
2 2834
1 2835
2 2836
1 2838
2 2839
2 2840
1 2841
1 2842
1 2846
1 2848
1 2849
1 2855
1 2857
1 2860
1 2861
2 2862
1 2865
1 2867
1 2873
1 2874
1 2875
1 2876
2 2878
1 2881
1 2882
1 2884
1 2887
2 2891
2 2894
1 2900
1 2901
2 2902
1 2903
2 2908
1 2909
1 2914
1 2918
1 2919
1 2920
1 2921
1 2923
2 2924
1 2926
2 2929
2 2933
1 2936
2 2937
1 2940
1 2941
1 2943
2 2945
1 2946
1 2947
1 2949
2 2950
2 2951
2 2952
1 2953
1 2956
4 2957
1 2958
1 2960
1 2961
1 2962
2 2963
1 2964
1 2966
1 2967
2 2968
2 2969
1 2970
1 2972
2 2973
1 2977
5 2979
1 2981
2 2983
1 2985
1 2986
1 2987
2 2988
1 2989
3 2990
3 2992
1 2993
2 2995
2 2996
2 2997
2 2999
1 3000
3 3001
3 3003
3 3004
2 3005
1 3006
2 3007
3 3009
4 3010
6 3011
4 3012
3 3013
4 3014
2 3015
3 3016
2 3017
3 3018
2 3019
4 3020
1 3021
4 3022
3 3023
4 3024
2 3025
2 3026
2 3027
4 3029
2 3030
2 3031
1 3032
4 3033
2 3034
4 3035
3 3036
4 3037
4 3038
4 3039
4 3040
6 3041
4 3042
4 3043
2 3044
5 3045
5 3046
3 3047
7 3048
5 3049
7 3050
6 3051
5 3052
4 3053
5 3054
10 3055
5 3056
5 3057
9 3058
5 3059
5 3060
6 3061
5 3062
4 3063
16 3064
7 3065
6 3066
7 3067
8 3068
10 3069
13 3070
10 3071
9 3072
16 3073
11 3074
12 3075
6 3076
14 3077
12 3078
12 3079
15 3080
17 3081
16 3082
21 3083
17 3084
13 3085
15 3086
23 3087
16 3088
10 3089
16 3090
18 3091
17 3092
23 3093
19 3094
19 3095
16 3096
13 3097
13 3098
15 3099
18 3100
16 3101
21 3102
22 3103
13 3104
14 3105
15 3106
17 3107
12 3108
17 3109
12 3110
15 3111
19 3112
15 3113
7 3114
20 3115
17 3116
8 3117
18 3118
17 3119
17 3120
12 3121
12 3122
5 3123
10 3124
4 3125
7 3126
6 3127
4 3128
6 3129
4 3130
11 3131
4 3132
5 3133
3 3134
6 3135
3 3136
7 3137
5 3138
5 3139
3 3140
4 3141
3 3142
1 3143
1 3145
2 3146
3 3147
7 3148
4 3149
3 3150
2 3151
4 3153
1 3154
2 3155
2 3156
1 3158
1 3159
2 3161
3 3162
2 3163
2 3164
2 3165
1 3166
1 3167
1 3168
1 3172
1 3173
1 3174
2 3176
3 3177
1 3178
2 3181
4 3182
4 3183
1 3184
1 3185
1 3186
3 3187
1 3189
1 3190
2 3193
2 3194
2 3195
1 3196
1 3197
3 3198
2 3199
3 3200
2 3201
3 3202
2 3203
3 3204
3 3206
2 3207
5 3208
2 3210
6 3211
2 3212
4 3213
4 3214
4 3215
1 3216
6 3217
1 3218
1 3219
2 3220
3 3221
3 3222
4 3223
2 3224
5 3225
5 3226
3 3227
3 3228
5 3229
4 3230
2 3231
5 3232
5 3235
2 3236
3 3237
1 3238
3 3240
3 3242
3 3244
6 3245
2 3246
2 3247
3 3249
3 3250
3 3251
3 3252
3 3253
3 3254
3 3256
2 3257
1 3258
3 3259
2 3260
2 3261
2 3262
2 3264
2 3265
1 3268
2 3269
1 3270
1 3271
4 3272
1 3273
1 3274
2 3277
2 3278
2 3279
1 3281
1 3285
1 3287
1 3289
2 3290
1 3292
1 3298
1 3301
2 3305
1 3306
1 3311
1 3321
1 3325
1 3333
1 3362
1 3380
1 3385
1 3388
1 3440
1 3455
1 3459
1 3483
1 3488
1 3491
1 3509
1 3519
1 3536
1 3550
1 3561
1 3563
1 3583
1 3585
1 3590
1 3595
1 3630
1 3819
1 3883
1 3954
1 4078
1 4132
1 4180
1 4221
1 4322
1 4911
1 5098
1 5405
