2 4
2 5
1 8
1 12
1 13
1 27
1 29
1 32
4 41
1 43
1 44
3 47
1 49
2 50
1 56
2 57
2 60
1 61
1 63
1 65
1 66
1 67
1 72
1 76
1 77
1 83
1 84
1 86
1 87
1 88
2 93
2 94
1 95
1 96
1 97
1 98
1 99
1 103
1 106
1 109
1 110
1 111
1 112
1 113
1 114
2 116
2 118
1 119
3 121
2 122
1 124
1 125
1 126
2 128
1 135
1 140
2 141
3 142
2 143
1 145
1 146
2 147
2 148
2 150
1 151
1 152
2 154
2 155
2 156
2 158
1 159
1 160
2 161
2 162
1 163
1 166
2 167
1 168
1 169
1 170
3 173
2 174
3 175
4 176
1 177
1 180
5 182
1 183
2 184
1 185
1 186
3 188
2 189
1 190
3 191
3 192
1 193
1 194
1 196
2 198
1 199
1 200
2 201
1 202
1 203
4 204
2 206
2 208
5 209
3 210
2 211
2 212
4 213
1 214
1 215
3 216
2 217
1 218
4 219
5 220
6 221
6 222
4 223
4 224
4 225
5 226
3 227
8 228
12 229
8 230
10 231
12 232
8 233
14 234
5 235
10 236
10 237
8 238
2 239
4 240
2 241
3 242
2 243
1 244
2 245
2 246
1 247
3 248
4 249
3 250
3 251
2 252
1 253
3 254
4 255
2 256
3 257
5 258
2 259
3 260
2 261
3 262
5 263
1 264
1 265
2 266
3 268
2 269
1 270
3 273
1 275
2 276
1 277
1 278
1 282
2 284
1 285
2 286
1 287
3 289
2 291
1 292
2 297
2 299
3 300
2 301
1 302
2 303
2 304
2 305
2 306
1 308
3 309
3 310
2 311
7 312
1 314
5 315
3 317
4 318
3 319
2 320
6 321
3 322
2 323
2 324
2 325
1 326
2 327
3 328
3 329
3 330
4 331
1 332
1 335
1 337
2 338
1 339
3 341
2 342
2 343
5 344
2 345
2 346
2 347
2 348
2 349
2 350
2 351
1 352
1 355
2 356
2 357
2 358
3 359
6 361
6 362
8 363
8 364
5 365
9 366
7 367
13 368
10 369
8 370
5 371
8 372
5 373
3 374
1 375
3 376
6 377
1 378
1 379
4 381
2 382
3 383
1 385
7 386
3 387
1 388
1 389
1 390
4 392
1 393
1 394
1 395
1 398
4 399
1 400
2 401
3 402
2 403
1 406
3 408
3 409
3 410
3 411
4 412
4 413
3 414
4 416
1 417
7 418
3 419
4 420
5 421
8 422
2 423
5 424
6 425
3 426
5 427
7 428
4 429
8 430
4 431
3 432
4 433
5 434
5 435
5 436
7 437
6 438
3 439
9 440
2 441
4 442
2 443
1 444
3 445
1 446
1 447
1 448
3 452
2 454
1 455
3 456
1 457
1 460
2 463
1 464
2 466
1 467
1 469
1 471
2 472
2 473
3 474
2 475
2 476
2 477
3 478
1 479
1 480
1 481
2 482
2 483
1 484
1 486
3 487
1 488
1 489
2 490
1 491
1 492
3 493
2 495
3 496
2 497
2 499
1 500
2 501
1 502
2 503
2 504
2 505
1 507
1 508
3 511
1 512
2 513
3 516
2 517
1 518
5 520
1 521
1 522
1 523
4 524
2 525
4 526
4 527
5 528
7 529
3 530
4 531
4 532
5 533
5 534
4 535
7 536
9 537
5 538
3 539
6 540
7 541
5 542
8 543
3 544
2 545
3 546
2 547
4 548
1 549
1 551
2 553
2 556
1 558
2 560
1 564
1 566
2 567
2 568
3 569
4 570
2 572
1 573
2 574
1 575
3 577
1 579
1 582
1 585
1 586
1 588
1 589
1 590
2 592
3 593
2 598
1 600
2 603
1 604
1 606
3 607
4 609
1 610
1 615
1 616
1 617
1 618
3 623
1 625
1 626
1 627
2 628
1 629
1 634
1 635
1 637
2 639
3 643
2 644
2 645
1 646
2 648
3 649
2 650
1 651
1 652
2 654
3 655
2 656
1 657
1 658
3 659
3 661
6 662
1 663
1 664
2 668
2 669
2 672
2 673
1 674
1 675
1 676
1 678
1 679
1 681
1 682
2 685
1 686
1 688
1 689
1 692
2 693
1 695
1 696
1 697
1 703
1 705
2 708
3 709
2 711
1 712
2 713
3 715
2 718
1 719
1 720
3 721
1 722
2 723
1 724
2 725
2 728
3 729
3 730
2 731
1 732
2 735
2 736
2 737
1 738
1 740
1 741
2 742
1 744
4 746
1 747
1 748
3 749
2 750
3 751
3 752
4 753
3 755
1 756
2 757
1 758
1 759
4 760
1 761
3 762
2 763
2 764
2 765
2 766
1 767
1 768
2 769
1 770
1 772
1 774
2 778
2 779
2 781
1 782
1 783
1 784
2 789
1 791
1 792
1 793
1 795
3 796
2 797
1 801
2 804
1 805
1 806
2 807
2 809
2 811
2 813
2 814
1 815
2 816
1 817
1 818
1 819
2 821
1 822
1 823
1 824
3 825
1 826
1 830
2 832
2 836
1 837
2 838
2 839
1 840
2 841
2 844
1 845
1 846
4 847
3 849
3 850
2 852
1 856
1 857
2 858
1 859
1 860
3 861
1 862
2 863
2 864
1 866
3 868
1 870
2 871
3 873
1 874
2 875
2 877
2 878
1 880
1 882
1 884
1 885
2 887
1 888
1 891
3 892
1 893
3 896
1 898
2 899
1 900
3 901
1 902
1 903
3 905
1 906
1 907
2 908
4 910
1 911
1 912
2 913
1 914
2 915
3 916
2 917
3 918
2 919
2 920
1 921
1 922
2 924
2 927
1 929
1 930
4 931
2 934
3 935
3 936
1 937
5 938
3 940
2 941
2 942
1 943
2 944
2 945
5 946
3 947
1 948
3 949
1 950
7 951
4 952
6 953
3 954
7 955
4 956
2 957
3 958
1 959
2 960
1 961
2 962
5 963
2 964
5 966
4 967
2 968
2 969
1 970
2 971
5 972
1 973
4 975
2 976
1 977
5 978
3 979
3 980
3 981
3 982
2 983
3 984
2 985
2 986
1 987
4 988
2 989
5 990
2 991
4 992
1 993
5 995
5 996
5 997
3 998
3 999
2 1000
6 1001
4 1002
2 1003
3 1004
6 1005
6 1006
4 1007
3 1008
6 1009
3 1011
5 1012
3 1013
5 1014
3 1015
3 1016
4 1017
3 1018
11 1019
5 1020
5 1021
4 1022
12 1023
2 1024
7 1025
5 1026
3 1027
4 1028
6 1029
8 1030
10 1031
7 1032
6 1033
9 1034
8 1035
5 1036
11 1037
7 1038
10 1039
12 1040
5 1041
9 1042
9 1043
13 1044
14 1045
9 1046
16 1047
15 1048
13 1049
15 1050
22 1051
24 1052
14 1053
17 1054
23 1055
23 1056
25 1057
22 1058
17 1059
22 1060
19 1061
22 1062
16 1063
22 1064
17 1065
16 1066
16 1067
16 1068
17 1069
15 1070
10 1071
19 1072
19 1073
24 1074
33 1075
19 1076
32 1077
31 1078
29 1079
31 1080
30 1081
42 1082
33 1083
35 1084
30 1085
53 1086
37 1087
65 1088
60 1089
54 1090
56 1091
55 1092
72 1093
60 1094
59 1095
67 1096
62 1097
65 1098
57 1099
78 1100
63 1101
73 1102
61 1103
66 1104
48 1105
66 1106
51 1107
45 1108
46 1109
44 1110
46 1111
37 1112
30 1113
33 1114
25 1115
22 1116
12 1117
24 1118
19 1119
14 1120
12 1121
8 1122
8 1123
7 1124
4 1125
8 1126
7 1127
8 1128
5 1129
3 1130
2 1131
6 1132
2 1135
1 1136
3 1138
1 1139
2 1140
2 1141
1 1142
2 1143
1 1144
2 1145
4 1146
4 1147
4 1148
5 1149
2 1150
2 1151
3 1152
5 1153
4 1155
1 1156
1 1157
4 1158
4 1159
7 1160
8 1162
4 1163
5 1164
3 1165
2 1166
4 1167
4 1168
4 1169
6 1170
5 1171
6 1172
7 1173
11 1174
9 1175
2 1176
9 1177
5 1178
6 1179
10 1180
10 1181
7 1182
9 1183
11 1184
6 1185
14 1186
8 1187
9 1188
5 1189
11 1190
10 1191
4 1192
7 1193
9 1194
13 1195
7 1196
3 1197
6 1198
6 1199
6 1200
1 1201
4 1202
6 1203
4 1204
6 1205
3 1206
3 1207
4 1208
3 1209
4 1210
1 1211
1 1212
4 1213
1 1214
3 1215
2 1217
2 1218
2 1219
1 1221
1 1223
1 1224
1 1226
1 1227
1 1228
1 1229
1 1231
1 1232
1 1233
1 1236
3 1238
1 1246
1 1247
1 1249
1 1250
2 1251
3 1254
1 1256
2 1257
2 1258
1 1259
1 1260
1 1262
1 1265
1 1266
2 1269
2 1270
1 1271
1 1274
3 1278
1 1279
1 1282
1 1284
1 1286
2 1290
2 1291
1 1294
1 1296
1 1298
1 1303
2 1304
1 1305
1 1309
1 1311
1 1313
3 1319
1 1320
1 1323
2 1324
3 1325
2 1327
1 1328
1 1329
2 1330
2 1331
1 1332
1 1333
1 1334
1 1335
3 1338
2 1340
1 1341
2 1342
2 1343
2 1346
1 1347
2 1348
1 1349
2 1350
2 1351
2 1352
3 1353
1 1354
1 1355
1 1356
1 1360
2 1362
2 1366
3 1367
1 1368
2 1369
2 1370
2 1371
3 1372
1 1373
2 1374
1 1377
1 1379
1 1380
4 1381
1 1384
1 1386
2 1387
4 1388
3 1389
1 1390
4 1391
1 1392
1 1393
5 1394
1 1395
1 1396
1 1397
1 1398
2 1399
3 1401
3 1403
2 1404
2 1405
4 1407
1 1408
3 1409
2 1412
3 1413
3 1414
1 1415
3 1416
1 1418
1 1419
1 1420
3 1421
3 1423
1 1424
1 1425
2 1426
1 1427
1 1431
1 1432
1 1433
2 1434
1 1435
2 1438
1 1439
1 1441
3 1442
1 1443
1 1444
1 1446
1 1447
1 1449
1 1450
2 1452
4 1453
2 1454
1 1456
1 1457
1 1458
1 1460
1 1461
2 1462
2 1463
2 1465
1 1467
1 1468
1 1469
1 1471
6 1473
1 1474
1 1476
2 1478
3 1479
1 1480
1 1482
2 1485
2 1488
2 1489
2 1492
1 1493
1 1494
2 1495
1 1496
3 1497
1 1498
2 1499
2 1501
1 1502
1 1503
1 1507
1 1508
1 1511
1 1513
1 1514
3 1515
2 1516
3 1517
1 1519
1 1520
2 1521
1 1522
1 1523
3 1524
7 1525
2 1526
1 1527
2 1528
2 1529
2 1530
1 1531
1 1532
1 1533
4 1534
1 1535
1 1536
1 1537
1 1538
2 1539
3 1540
5 1541
1 1542
1 1543
2 1544
1 1545
1 1546
1 1547
5 1548
1 1550
3 1551
2 1552
2 1553
2 1555
1 1556
2 1558
2 1559
1 1560
5 1561
3 1562
2 1563
2 1564
4 1565
6 1566
1 1567
3 1568
3 1569
3 1570
1 1571
6 1572
3 1573
2 1574
3 1575
5 1577
3 1578
2 1579
4 1580
2 1581
2 1582
2 1583
6 1584
1 1585
4 1586
3 1587
2 1588
2 1589
3 1590
6 1591
8 1592
6 1593
4 1594
4 1595
7 1596
3 1597
4 1598
9 1599
3 1600
4 1601
4 1602
6 1603
5 1604
5 1605
5 1606
7 1607
11 1608
8 1609
8 1610
11 1611
5 1612
7 1613
7 1614
9 1615
14 1616
7 1617
8 1618
5 1619
9 1620
8 1621
4 1622
18 1623
6 1624
4 1625
5 1626
5 1627
9 1628
10 1629
7 1630
8 1631
11 1632
11 1633
5 1634
6 1635
10 1636
12 1637
10 1638
9 1639
11 1640
9 1641
12 1642
4 1643
6 1644
9 1645
5 1646
8 1647
10 1648
14 1649
7 1650
14 1651
8 1652
13 1653
11 1654
6 1655
8 1656
8 1657
6 1658
9 1659
4 1660
3 1661
7 1662
9 1663
9 1664
7 1665
11 1666
10 1667
8 1668
3 1669
6 1670
6 1671
5 1672
5 1673
12 1674
6 1675
8 1676
10 1677
11 1678
10 1679
8 1680
8 1681
6 1682
10 1683
6 1684
13 1685
11 1686
7 1687
11 1688
7 1689
8 1690
16 1691
20 1692
10 1693
22 1694
16 1695
10 1696
18 1697
28 1698
15 1699
23 1700
14 1701
17 1702
24 1703
23 1704
27 1705
24 1706
37 1707
30 1708
34 1709
35 1710
30 1711
50 1712
34 1713
43 1714
45 1715
46 1716
53 1717
49 1718
56 1719
50 1720
51 1721
59 1722
74 1723
67 1724
77 1725
72 1726
54 1727
63 1728
53 1729
66 1730
69 1731
72 1732
69 1733
53 1734
66 1735
55 1736
51 1737
52 1738
55 1739
48 1740
67 1741
54 1742
55 1743
49 1744
42 1745
46 1746
42 1747
42 1748
37 1749
28 1750
34 1751
33 1752
26 1753
34 1754
27 1755
36 1756
32 1757
28 1758
21 1759
22 1760
21 1761
30 1762
21 1763
14 1764
15 1765
22 1766
16 1767
21 1768
15 1769
20 1770
13 1771
21 1772
17 1773
20 1774
16 1775
15 1776
12 1777
15 1778
7 1779
10 1780
16 1781
10 1782
11 1783
11 1784
10 1785
12 1786
8 1787
6 1788
11 1789
11 1790
8 1791
12 1792
9 1793
7 1794
10 1795
5 1796
12 1797
8 1798
12 1799
5 1800
8 1801
6 1802
8 1803
5 1804
5 1805
5 1806
11 1807
4 1808
10 1809
5 1810
5 1811
9 1812
3 1813
4 1814
6 1815
7 1816
5 1817
4 1818
7 1819
3 1820
4 1821
3 1822
12 1823
7 1824
6 1825
6 1826
10 1827
9 1828
5 1829
9 1830
10 1831
3 1832
4 1833
10 1834
8 1835
10 1836
6 1837
5 1838
9 1839
7 1840
9 1841
5 1842
4 1843
9 1844
9 1845
8 1846
5 1847
13 1848
6 1849
8 1850
6 1851
8 1852
4 1853
8 1854
5 1855
13 1856
6 1857
6 1858
9 1859
6 1860
6 1861
2 1862
6 1863
5 1864
10 1865
9 1866
5 1867
5 1868
8 1869
10 1870
7 1871
9 1872
7 1873
6 1874
6 1875
5 1876
7 1877
12 1878
7 1879
6 1880
8 1881
11 1882
7 1883
5 1884
3 1885
10 1886
10 1887
12 1888
17 1889
7 1890
10 1891
5 1892
14 1893
14 1894
13 1895
14 1896
23 1897
12 1898
13 1899
17 1900
23 1901
17 1902
26 1903
23 1904
24 1905
25 1906
31 1907
33 1908
38 1909
30 1910
31 1911
41 1912
36 1913
37 1914
42 1915
39 1916
40 1917
30 1918
36 1919
48 1920
40 1921
38 1922
43 1923
40 1924
33 1925
40 1926
35 1927
38 1928
33 1929
41 1930
47 1931
34 1932
30 1933
25 1934
35 1935
20 1936
23 1937
23 1938
20 1939
20 1940
22 1941
13 1942
15 1943
21 1944
13 1945
12 1946
13 1947
8 1948
11 1949
11 1950
4 1951
8 1952
5 1953
4 1954
3 1955
5 1956
3 1957
5 1958
4 1959
2 1960
5 1961
1 1962
2 1963
2 1964
3 1965
2 1966
2 1967
1 1969
3 1972
2 1974
1 1975
1 1977
2 1978
3 1979
1 1980
1 1981
1 1982
1 1984
2 1990
1 1993
1 1995
1 1996
2 1998
1 2002
1 2003
2 2005
2 2007
1 2013
1 2021
1 2026
2 2030
1 2040
1 2048
1 2050
1 2056
1 2059
1 2064
1 2065
1 2082
1 2137
1 2143
1 2155
1 2178
1 2192
1 2205
1 2207
2 2208
1 2211
1 2212
1 2227
1 2233
1 2242
1 2249
1 2252
1 2253
1 2265
1 2275
1 2292
1 2303
1 2310
1 2325
1 2347
1 2355
1 2367
1 2384
1 2385
1 2391
1 2393
1 2395
1 2416
1 2427
1 2434
1 2441
1 2457
1 2462
1 2467
1 2475
2 2481
1 2484
1 2496
1 2501
1 2513
1 2517
1 2525
1 2533
2 2536
1 2544
1 2552
1 2554
2 2558
1 2561
1 2564
1 2566
1 2573
1 2574
1 2575
1 2577
1 2583
1 2584
1 2585
1 2589
1 2591
1 2593
2 2594
1 2595
1 2596
1 2597
1 2598
4 2599
1 2601
2 2603
2 2604
3 2606
1 2607
4 2612
2 2613
1 2614
2 2615
1 2617
3 2618
2 2619
1 2620
1 2621
1 2622
2 2623
1 2624
2 2625
1 2626
3 2627
1 2628
1 2629
1 2630
1 2631
3 2633
3 2635
4 2636
2 2638
2 2640
2 2641
2 2642
3 2643
1 2646
2 2647
2 2648
1 2651
1 2652
2 2653
2 2655
1 2658
3 2660
1 2661
1 2665
1 2666
1 2667
1 2669
1 2676
1 2677
1 2686
1 2688
1 2694
1 2697
1 2699
2 2772
1 2778
1 2779
1 2798
1 2814
1 2823
1 2866
1 2881
1 2893
1 2903
1 2911
1 2914
1 2953
1 2958
1 3001
1 3009
1 3055
1 3083
1 3119
1 3123
1 3154
1 3170
1 3211
1 3255
1 3351
1 3370
1 3522
1 3571
1 4881
1 5204
1 5260
