1 2
2 3
3 5
2 6
1 7
1 9
1 11
1 12
1 13
1 15
2 16
2 17
1 19
3 20
2 23
1 24
2 25
1 26
2 27
2 29
3 30
2 31
1 32
2 33
3 35
3 36
2 37
1 38
1 39
1 40
1 42
3 44
1 45
1 46
1 47
2 48
2 49
2 50
2 51
1 52
2 53
1 54
3 55
7 56
6 57
3 58
2 59
2 61
1 63
4 64
4 65
1 66
7 67
5 68
5 69
3 70
7 71
6 72
5 73
6 74
1 75
3 76
4 77
7 78
5 79
4 80
2 81
4 82
5 83
3 84
4 85
5 86
2 87
2 88
3 89
5 90
4 91
2 92
2 93
4 94
1 95
2 96
1 97
6 98
6 99
3 100
3 101
6 102
2 103
6 104
5 105
5 106
6 107
5 108
1 109
3 110
5 111
3 112
5 113
2 114
10 115
6 116
4 117
11 118
4 119
9 120
7 121
6 122
8 123
6 124
6 125
5 126
7 127
5 128
2 129
7 130
7 131
1 132
2 133
3 134
3 135
1 136
5 137
5 138
1 139
4 140
3 141
7 142
3 143
4 144
4 145
6 146
6 147
2 148
4 149
10 150
5 151
10 152
12 153
13 154
4 155
9 156
13 157
17 158
17 159
16 160
11 161
15 162
19 163
18 164
14 165
12 166
16 167
14 168
8 169
7 170
9 171
9 172
9 173
11 174
9 175
10 176
9 177
10 178
8 179
8 180
7 181
12 182
13 183
6 184
16 185
11 186
14 187
28 188
32 189
47 190
55 191
44 192
82 193
75 194
93 195
116 196
99 197
102 198
103 199
76 200
69 201
63 202
46 203
48 204
33 205
19 206
26 207
19 208
12 209
12 210
6 211
8 212
8 213
5 214
8 215
12 216
7 217
6 218
11 219
4 220
8 221
9 222
9 223
5 224
8 225
16 226
6 227
8 228
5 229
4 230
6 231
1 232
9 233
12 234
9 235
9 236
14 237
15 238
10 239
15 240
10 241
15 242
14 243
12 244
9 245
12 246
9 247
10 248
19 249
18 250
15 251
20 252
9 253
23 254
20 255
23 256
18 257
27 258
28 259
29 260
30 261
23 262
34 263
26 264
25 265
33 266
32 267
36 268
41 269
49 270
59 271
55 272
58 273
66 274
55 275
51 276
72 277
72 278
64 279
57 280
61 281
40 282
66 283
47 284
49 285
46 286
54 287
47 288
59 289
66 290
60 291
85 292
88 293
96 294
142 295
138 296
189 297
234 298
251 299
263 300
271 301
321 302
325 303
335 304
328 305
280 306
255 307
220 308
184 309
181 310
135 311
124 312
86 313
96 314
75 315
74 316
69 317
80 318
74 319
67 320
76 321
84 322
122 323
104 324
108 325
126 326
134 327
138 328
135 329
119 330
126 331
131 332
95 333
80 334
84 335
71 336
58 337
44 338
49 339
59 340
41 341
45 342
41 343
44 344
38 345
52 346
45 347
55 348
44 349
35 350
61 351
43 352
52 353
40 354
43 355
30 356
35 357
38 358
40 359
26 360
45 361
31 362
34 363
61 364
47 365
39 366
43 367
58 368
41 369
47 370
50 371
54 372
58 373
47 374
60 375
50 376
47 377
61 378
49 379
49 380
50 381
71 382
54 383
61 384
43 385
31 386
43 387
51 388
41 389
38 390
38 391
33 392
27 393
24 394
39 395
18 396
19 397
19 398
29 399
16 400
22 401
26 402
15 403
12 404
24 405
25 406
21 407
25 408
23 409
15 410
23 411
30 412
23 413
26 414
25 415
29 416
24 417
29 418
26 419
31 420
27 421
30 422
27 423
45 424
43 425
43 426
31 427
47 428
49 429
54 430
52 431
62 432
48 433
47 434
67 435
70 436
50 437
58 438
50 439
38 440
46 441
56 442
42 443
31 444
35 445
33 446
37 447
37 448
31 449
26 450
32 451
33 452
28 453
25 454
28 455
25 456
31 457
20 458
36 459
40 460
24 461
32 462
29 463
29 464
27 465
32 466
26 467
26 468
32 469
31 470
35 471
31 472
27 473
25 474
33 475
27 476
21 477
26 478
18 479
21 480
20 481
20 482
15 483
25 484
21 485
26 486
29 487
18 488
19 489
35 490
24 491
20 492
21 493
27 494
30 495
25 496
27 497
20 498
23 499
36 500
24 501
45 502
31 503
25 504
34 505
40 506
55 507
48 508
55 509
46 510
49 511
54 512
51 513
58 514
65 515
72 516
82 517
110 518
84 519
117 520
131 521
136 522
148 523
162 524
163 525
169 526
167 527
176 528
171 529
153 530
141 531
159 532
142 533
125 534
129 535
117 536
90 537
82 538
70 539
60 540
58 541
62 542
53 543
40 544
37 545
32 546
34 547
27 548
22 549
34 550
17 551
20 552
21 553
19 554
13 555
20 556
17 557
21 558
9 559
10 560
15 561
20 562
16 563
6 564
11 565
16 566
15 567
26 568
22 569
16 570
12 571
17 572
10 573
10 574
21 575
24 576
18 577
17 578
16 579
14 580
19 581
20 582
20 583
26 584
24 585
24 586
15 587
17 588
18 589
20 590
25 591
21 592
34 593
28 594
32 595
41 596
28 597
28 598
38 599
36 600
30 601
40 602
27 603
37 604
34 605
38 606
47 607
35 608
44 609
45 610
32 611
25 612
25 613
30 614
25 615
28 616
23 617
32 618
19 619
18 620
18 621
21 622
27 623
13 624
30 625
21 626
14 627
19 628
28 629
16 630
22 631
19 632
16 633
24 634
18 635
23 636
22 637
24 638
14 639
20 640
25 641
14 642
12 643
25 644
36 645
30 646
27 647
24 648
55 649
34 650
46 651
49 652
53 653
47 654
56 655
58 656
69 657
52 658
72 659
70 660
77 661
67 662
75 663
75 664
81 665
87 666
75 667
69 668
69 669
75 670
50 671
65 672
59 673
61 674
46 675
49 676
55 677
56 678
44 679
39 680
43 681
39 682
29 683
29 684
34 685
35 686
43 687
27 688
26 689
31 690
29 691
22 692
31 693
28 694
23 695
28 696
24 697
21 698
20 699
27 700
18 701
25 702
19 703
12 704
24 705
20 706
18 707
14 708
20 709
15 710
20 711
19 712
12 713
15 714
13 715
17 716
16 717
19 718
15 719
17 720
22 721
9 722
18 723
11 724
10 725
7 726
12 727
10 728
6 729
7 730
10 731
14 732
15 733
14 734
16 735
13 736
9 737
22 738
11 739
10 740
5 741
18 742
15 743
16 744
18 745
11 746
24 747
21 748
18 749
13 750
23 751
11 752
15 753
13 754
11 755
7 756
12 757
17 758
17 759
14 760
18 761
12 762
8 763
20 764
11 765
17 766
8 767
12 768
12 769
7 770
13 771
19 772
19 773
12 774
12 775
15 776
32 777
15 778
19 779
16 780
33 781
26 782
19 783
21 784
23 785
23 786
29 787
30 788
32 789
35 790
26 791
29 792
18 793
27 794
21 795
11 796
24 797
21 798
23 799
16 800
20 801
21 802
10 803
14 804
12 805
11 806
15 807
14 808
15 809
14 810
10 811
11 812
21 813
19 814
15 815
13 816
11 817
7 818
22 819
10 820
10 821
16 822
16 823
17 824
20 825
25 826
22 827
19 828
16 829
21 830
23 831
23 832
26 833
16 834
31 835
28 836
35 837
29 838
32 839
39 840
36 841
35 842
28 843
47 844
34 845
29 846
50 847
44 848
43 849
61 850
63 851
67 852
69 853
52 854
76 855
68 856
75 857
79 858
75 859
81 860
69 861
87 862
91 863
84 864
84 865
77 866
77 867
66 868
87 869
66 870
82 871
60 872
76 873
56 874
56 875
63 876
44 877
53 878
34 879
54 880
38 881
43 882
37 883
38 884
32 885
24 886
30 887
42 888
42 889
28 890
41 891
49 892
43 893
40 894
45 895
46 896
46 897
52 898
59 899
77 900
56 901
66 902
53 903
55 904
53 905
61 906
57 907
46 908
47 909
55 910
37 911
36 912
33 913
29 914
27 915
24 916
29 917
22 918
20 919
24 920
30 921
21 922
12 923
16 924
17 925
8 926
18 927
11 928
6 929
8 930
9 931
12 932
7 933
6 934
8 935
11 936
4 937
4 938
6 939
8 940
6 941
8 942
6 943
7 944
3 945
2 946
4 947
8 948
1 949
6 950
2 951
3 952
3 953
3 954
1 955
5 956
2 957
3 958
2 959
3 960
1 961
5 962
2 963
2 964
2 965
2 966
4 967
4 969
1 970
3 972
2 973
1 974
4 975
2 976
1 977
1 978
2 979
1 980
2 981
1 983
2 986
2 987
3 988
3 989
4 990
1 991
1 992
1 993
1 994
7 995
3 996
3 997
1 998
4 999
2 1000
2 1001
2 1002
2 1003
2 1004
1 1006
6 1007
1 1008
2 1010
2 1011
2 1012
1 1013
1 1014
3 1015
5 1016
2 1017
1 1018
1 1019
1 1020
2 1021
6 1022
1 1023
4 1024
3 1025
3 1026
3 1027
1 1029
1 1030
4 1031
2 1032
4 1033
2 1034
4 1036
6 1037
2 1038
2 1039
4 1040
1 1041
3 1042
4 1043
5 1044
3 1045
3 1046
1 1047
1 1048
2 1049
2 1050
2 1051
6 1052
3 1053
4 1054
5 1055
6 1056
1 1057
1 1058
6 1059
5 1060
3 1061
2 1062
6 1063
3 1064
6 1065
4 1066
6 1067
4 1068
4 1069
4 1070
4 1071
7 1072
3 1073
4 1074
2 1075
3 1076
3 1077
6 1078
7 1079
2 1080
5 1081
4 1082
1 1083
1 1084
4 1085
8 1086
4 1087
2 1088
3 1089
6 1090
2 1091
3 1092
1 1093
2 1095
1 1096
1 1097
1 1098
3 1099
2 1100
3 1101
1 1102
3 1103
4 1104
2 1105
3 1106
3 1107
4 1108
2 1109
1 1110
2 1111
5 1112
1 1113
3 1114
2 1115
3 1116
3 1117
3 1118
2 1119
1 1120
1 1121
2 1122
4 1123
3 1126
2 1127
4 1129
2 1130
3 1131
6 1133
5 1134
1 1135
2 1136
2 1137
4 1138
3 1139
1 1140
5 1141
2 1142
4 1143
2 1144
1 1145
3 1146
4 1147
3 1148
2 1149
3 1150
3 1151
5 1152
5 1153
1 1154
1 1155
3 1156
8 1157
2 1158
2 1159
4 1160
3 1161
6 1162
6 1163
2 1164
3 1165
2 1166
6 1167
7 1168
7 1169
5 1170
7 1171
5 1172
8 1173
10 1174
5 1175
9 1176
13 1177
5 1178
9 1179
9 1180
8 1181
14 1182
10 1183
8 1184
10 1185
19 1186
10 1187
16 1188
10 1189
14 1190
8 1191
17 1192
10 1193
17 1194
13 1195
14 1196
16 1197
6 1198
10 1199
10 1200
6 1201
7 1202
10 1203
10 1204
10 1205
11 1206
4 1207
7 1208
8 1209
9 1210
6 1211
8 1212
3 1213
4 1214
7 1215
3 1216
1 1217
1 1218
5 1219
1 1220
2 1222
7 1223
2 1224
1 1225
3 1226
2 1227
6 1228
4 1229
4 1230
4 1231
3 1232
3 1233
6 1234
2 1235
1 1236
4 1237
3 1238
4 1239
3 1240
3 1242
1 1243
2 1244
2 1245
4 1246
4 1247
3 1248
2 1249
3 1250
8 1251
3 1252
1 1253
2 1255
5 1256
7 1257
4 1258
5 1259
11 1260
10 1261
8 1262
5 1263
7 1264
6 1265
5 1266
11 1267
9 1268
11 1269
5 1270
7 1271
14 1272
11 1273
11 1274
11 1275
16 1276
14 1277
11 1278
12 1279
14 1280
10 1281
10 1282
18 1283
25 1284
20 1285
20 1286
27 1287
21 1288
23 1289
23 1290
27 1291
21 1292
24 1293
28 1294
26 1295
22 1296
17 1297
31 1298
19 1299
23 1300
17 1301
20 1302
18 1303
30 1304
12 1305
17 1306
21 1307
25 1308
15 1309
18 1310
19 1311
9 1312
12 1313
10 1314
12 1315
12 1316
11 1317
17 1318
4 1319
14 1320
8 1321
8 1322
9 1323
10 1324
8 1325
7 1326
9 1327
6 1328
8 1329
2 1330
6 1331
7 1332
9 1333
5 1334
11 1335
8 1336
14 1337
3 1338
6 1339
6 1340
6 1341
6 1342
3 1343
1 1344
4 1345
4 1347
2 1348
2 1349
3 1350
2 1351
4 1352
1 1353
4 1354
3 1355
4 1356
3 1357
2 1358
3 1359
2 1360
5 1361
3 1362
1 1363
3 1364
4 1365
5 1366
2 1367
8 1368
4 1369
3 1370
4 1371
2 1372
1 1373
5 1374
5 1375
3 1376
2 1377
2 1378
6 1379
1 1380
3 1381
3 1382
2 1383
5 1384
6 1385
2 1386
3 1387
6 1388
6 1389
3 1390
2 1391
7 1392
5 1393
3 1394
4 1395
9 1396
8 1397
3 1398
4 1399
3 1400
2 1401
3 1402
2 1403
2 1404
4 1405
3 1406
1 1407
7 1408
4 1409
1 1410
1 1411
3 1412
2 1413
3 1414
2 1415
6 1416
2 1417
4 1418
2 1419
4 1420
5 1421
2 1422
2 1423
2 1424
2 1425
1 1426
2 1427
4 1428
4 1429
3 1431
6 1432
3 1433
8 1434
2 1435
7 1437
3 1438
4 1441
6 1442
3 1443
3 1444
5 1445
4 1446
2 1447
6 1448
6 1449
2 1450
2 1451
3 1452
2 1453
4 1454
3 1455
3 1456
4 1457
5 1458
2 1459
4 1460
6 1461
5 1462
5 1463
5 1465
4 1466
5 1467
3 1468
2 1469
3 1470
6 1471
5 1472
4 1473
3 1474
6 1475
4 1476
4 1477
5 1478
4 1480
4 1481
5 1482
2 1483
3 1484
4 1485
3 1486
3 1487
7 1488
2 1489
5 1490
3 1491
6 1492
6 1493
3 1494
2 1495
2 1496
3 1497
1 1498
3 1499
1 1500
1 1501
1 1503
2 1504
2 1505
3 1506
3 1507
4 1508
3 1509
3 1510
2 1512
2 1513
3 1514
3 1515
4 1516
3 1517
1 1518
4 1519
1 1521
1 1523
5 1524
1 1525
2 1526
3 1527
1 1528
2 1529
3 1530
3 1531
5 1532
1 1533
2 1534
2 1535
1 1536
2 1537
1 1538
1 1539
2 1540
5 1541
3 1542
2 1543
2 1544
2 1545
1 1546
3 1547
3 1548
3 1549
2 1550
5 1551
3 1552
1 1554
1 1555
1 1556
3 1557
1 1558
2 1559
1 1560
1 1561
1 1562
5 1563
3 1564
5 1565
2 1566
3 1567
1 1568
1 1569
2 1571
1 1573
1 1574
1 1576
2 1577
3 1579
2 1582
3 1583
1 1584
3 1585
1 1586
2 1587
1 1589
1 1590
1 1592
2 1593
1 1594
3 1595
2 1596
1 1597
1 1598
2 1599
3 1600
2 1601
1 1602
2 1603
3 1605
2 1606
1 1607
3 1608
3 1610
2 1611
7 1612
1 1613
1 1614
2 1615
3 1616
1 1617
1 1618
2 1620
1 1621
2 1622
1 1623
4 1624
5 1625
2 1626
7 1627
6 1628
3 1629
6 1630
5 1631
3 1632
3 1633
6 1634
1 1635
4 1636
4 1637
4 1638
1 1639
10 1640
6 1641
5 1642
1 1643
1 1644
4 1645
9 1646
4 1647
8 1648
6 1649
3 1650
3 1651
2 1652
6 1653
5 1654
2 1655
2 1656
5 1657
2 1658
6 1659
5 1660
4 1661
3 1662
1 1664
5 1665
7 1666
4 1667
2 1668
4 1669
1 1670
2 1671
3 1672
1 1674
2 1675
2 1676
1 1679
2 1680
2 1682
1 1685
2 1690
3 1691
1 1692
1 1695
1 1697
1 1699
2 1701
1 1702
1 1703
1 1704
1 1706
2 1708
2 1711
2 1713
1 1715
2 1716
2 1717
1 1718
1 1719
1 1720
1 1721
1 1722
2 1724
1 1725
1 1726
1 1729
1 1731
1 1732
1 1733
2 1736
3 1737
1 1738
2 1739
1 1740
2 1744
2 1746
2 1748
1 1749
1 1752
4 1754
2 1755
2 1757
2 1758
4 1759
2 1760
1 1761
1 1762
2 1763
4 1767
2 1768
1 1769
1 1770
1 1772
1 1773
2 1775
5 1776
1 1777
1 1778
1 1779
2 1780
1 1781
1 1784
3 1785
2 1786
3 1787
1 1789
4 1790
2 1791
1 1792
1 1793
1 1794
1 1796
2 1797
2 1798
3 1799
1 1800
1 1801
3 1802
3 1803
1 1804
2 1805
1 1806
1 1807
1 1808
2 1809
1 1810
2 1811
1 1813
3 1814
3 1815
5 1816
1 1818
1 1819
1 1820
3 1821
4 1822
5 1826
1 1827
2 1828
2 1829
1 1830
3 1831
1 1832
2 1833
2 1836
1 1837
5 1839
2 1840
1 1841
1 1842
1 1843
1 1844
2 1845
5 1846
4 1847
3 1848
6 1850
4 1851
1 1852
3 1853
3 1854
5 1855
5 1856
9 1857
5 1858
8 1859
4 1860
4 1861
8 1862
6 1863
6 1864
4 1865
9 1866
4 1867
5 1868
8 1869
6 1870
10 1871
7 1872
8 1873
10 1874
9 1875
5 1876
4 1877
6 1878
3 1879
9 1880
6 1881
11 1882
5 1883
10 1884
5 1885
7 1886
7 1887
7 1888
3 1889
15 1890
10 1891
7 1892
5 1893
7 1894
6 1895
5 1896
5 1897
6 1898
9 1899
9 1900
4 1901
9 1902
5 1903
6 1904
4 1905
6 1906
5 1907
2 1908
11 1909
2 1910
6 1911
2 1912
1 1913
6 1914
2 1915
3 1917
3 1918
2 1919
2 1920
4 1921
2 1922
1 1923
2 1924
1 1925
3 1926
2 1927
3 1928
2 1929
2 1930
2 1931
1 1932
1 1933
2 1934
3 1935
3 1936
2 1938
4 1941
1 1942
2 1943
3 1944
2 1945
2 1947
1 1948
2 1950
1 1952
1 1953
1 1954
1 1955
3 1956
1 1957
1 1958
3 1959
2 1960
2 1961
3 1962
4 1964
2 1966
4 1968
4 1969
2 1970
3 1971
3 1972
1 1973
1 1974
2 1975
5 1977
2 1978
2 1979
1 1980
1 1981
3 1982
4 1983
1 1984
1 1985
1 1986
3 1987
2 1989
1 1990
3 1991
1 1993
3 1994
6 1995
2 1996
1 1997
1 1998
1 1999
2 2001
2 2002
1 2003
1 2006
1 2009
1 2014
1 2017
2 2021
1 2025
2 2027
1 2032
1 2033
1 2036
1 2039
2 2040
1 2042
1 2044
1 2045
1 2046
1 2047
1 2048
1 2050
1 2052
1 2053
1 2054
3 2056
2 2057
3 2059
1 2063
3 2064
2 2067
2 2068
2 2069
1 2070
3 2071
2 2072
1 2073
2 2074
2 2075
3 2077
1 2080
1 2082
1 2083
1 2084
2 2085
2 2086
1 2087
1 2088
2 2089
1 2091
3 2094
3 2095
2 2096
1 2098
2 2099
3 2100
2 2102
1 2103
2 2105
1 2106
1 2108
1 2109
1 2111
1 2112
1 2113
2 2114
2 2115
3 2117
2 2118
2 2119
1 2122
1 2123
1 2125
1 2126
2 2127
1 2130
1 2131
2 2134
1 2135
2 2136
1 2138
1 2139
5 2140
1 2141
1 2143
1 2144
2 2148
1 2149
1 2151
3 2152
3 2153
3 2156
2 2158
3 2159
1 2160
3 2161
2 2163
3 2164
1 2165
1 2166
1 2167
3 2168
1 2169
6 2170
2 2171
1 2172
2 2173
2 2174
4 2175
2 2176
4 2177
2 2178
1 2179
2 2180
3 2181
1 2183
1 2184
1 2185
7 2186
3 2187
4 2188
1 2189
1 2190
2 2191
4 2192
4 2196
2 2197
3 2198
1 2199
1 2200
4 2201
1 2202
3 2203
3 2204
2 2205
1 2206
3 2207
1 2208
1 2209
2 2210
2 2211
2 2212
3 2213
2 2214
1 2215
2 2216
3 2217
1 2218
1 2219
2 2220
2 2222
2 2223
3 2224
2 2225
1 2228
1 2229
3 2230
2 2233
3 2234
4 2237
1 2238
2 2239
2 2240
4 2241
2 2242
3 2243
2 2244
4 2245
4 2246
3 2247
1 2248
4 2249
2 2250
2 2252
1 2253
2 2254
3 2255
2 2256
1 2257
3 2259
2 2260
3 2261
1 2262
4 2263
3 2264
2 2265
4 2266
1 2267
4 2268
2 2269
4 2270
1 2271
2 2272
4 2273
2 2274
2 2275
4 2276
3 2277
6 2278
3 2279
5 2280
2 2281
2 2282
6 2284
2 2285
2 2286
5 2287
4 2288
2 2289
2 2290
3 2291
1 2292
4 2293
1 2294
9 2295
4 2296
4 2297
1 2298
3 2299
3 2300
2 2301
2 2302
4 2303
3 2304
1 2305
2 2306
3 2307
2 2308
3 2309
4 2310
1 2311
1 2312
4 2313
3 2314
3 2315
2 2316
2 2317
2 2318
4 2319
3 2320
4 2321
4 2322
1 2323
5 2324
2 2325
2 2326
2 2327
3 2328
2 2329
4 2330
1 2331
3 2332
2 2333
5 2334
6 2335
4 2337
4 2338
4 2339
3 2340
3 2341
3 2342
5 2343
2 2344
4 2345
7 2346
4 2347
5 2348
2 2349
4 2350
2 2351
6 2352
6 2353
10 2354
8 2355
5 2356
4 2357
8 2358
4 2359
2 2360
4 2361
6 2362
11 2363
9 2364
4 2365
3 2366
14 2367
6 2368
4 2369
13 2370
6 2371
7 2372
7 2373
19 2374
11 2375
7 2376
14 2377
14 2378
14 2379
7 2380
17 2381
16 2382
13 2383
18 2384
11 2385
16 2386
18 2387
12 2388
11 2389
10 2390
18 2391
15 2392
15 2393
19 2394
23 2395
22 2396
21 2397
14 2398
12 2399
14 2400
20 2401
16 2402
20 2403
15 2404
14 2405
22 2406
14 2407
15 2408
13 2409
16 2410
8 2411
14 2412
15 2413
17 2414
11 2415
9 2416
19 2417
9 2418
13 2419
12 2420
8 2421
14 2422
6 2423
8 2424
6 2425
5 2426
7 2427
4 2428
4 2429
8 2430
8 2431
3 2432
3 2433
3 2434
2 2435
3 2436
1 2437
3 2438
6 2439
5 2440
2 2441
1 2442
2 2443
1 2445
3 2447
2 2449
2 2450
1 2451
2 2452
3 2454
2 2455
1 2460
1 2462
2 2467
2 2468
2 2469
1 2471
2 2472
1 2473
4 2475
1 2481
1 2484
1 2488
1 2491
2 2499
1 2500
2 2501
1 2504
2 2507
1 2508
1 2512
1 2515
3 2519
1 2525
1 2526
2 2527
1 2529
1 2534
1 2539
1 2542
1 2546
1 2547
1 2555
1 2560
1 2563
1 2564
1 2571
2 2575
2 2577
1 2578
1 2583
1 2584
3 2585
1 2586
2 2587
2 2588
1 2592
1 2596
1 2598
1 2602
1 2606
1 2607
1 2609
1 2610
1 2611
1 2612
3 2613
3 2614
2 2616
1 2619
1 2622
1 2626
1 2628
1 2632
1 2633
1 2634
3 2636
1 2639
1 2641
2 2647
2 2649
1 2652
1 2653
1 2654
2 2655
4 2660
1 2661
1 2662
2 2665
1 2673
1 2674
1 2675
1 2676
2 2677
3 2680
1 2683
1 2685
2 2686
3 2687
2 2688
2 2689
1 2690
2 2691
3 2692
2 2693
2 2694
2 2695
1 2696
1 2697
1 2698
1 2699
1 2702
1 2703
1 2704
1 2707
1 2708
1 2710
1 2712
3 2714
3 2716
1 2717
1 2719
1 2720
2 2721
2 2722
1 2723
1 2724
2 2725
1 2726
1 2728
1 2729
1 2730
1 2733
1 2734
2 2737
1 2742
1 2743
1 2744
1 2746
2 2748
1 2749
1 2750
1 2751
1 2755
3 2756
2 2758
2 2763
1 2764
1 2765
1 2767
1 2768
2 2769
1 2776
1 2779
1 2780
1 2781
1 2783
1 2785
2 2786
2 2787
1 2789
1 2790
2 2791
1 2794
1 2795
2 2798
2 2800
3 2801
1 2802
2 2803
1 2806
1 2807
1 2809
1 2810
1 2812
1 2813
2 2816
1 2817
2 2818
3 2819
1 2821
2 2822
1 2823
3 2825
1 2826
4 2827
2 2828
2 2829
1 2831
1 2832
3 2833
1 2834
3 2835
3 2836
1 2841
2 2842
3 2843
3 2844
1 2846
2 2848
2 2849
1 2850
4 2851
1 2852
2 2853
4 2854
3 2856
1 2857
1 2858
3 2859
4 2860
2 2861
2 2862
2 2863
5 2864
6 2865
6 2866
2 2867
4 2868
5 2869
2 2870
5 2871
6 2872
5 2873
2 2874
3 2875
3 2876
4 2877
3 2879
8 2880
1 2881
4 2882
1 2883
5 2884
1 2885
3 2886
2 2887
7 2888
3 2889
4 2891
4 2892
5 2893
3 2894
4 2895
4 2896
5 2897
8 2898
4 2899
3 2900
5 2901
6 2902
5 2903
8 2904
11 2905
3 2906
4 2907
5 2908
6 2909
3 2910
8 2911
9 2912
4 2913
4 2914
7 2915
9 2916
8 2917
8 2918
4 2919
10 2920
7 2921
6 2922
7 2923
5 2924
8 2925
9 2926
11 2927
18 2928
9 2929
11 2930
12 2931
13 2932
8 2933
6 2934
14 2935
13 2936
16 2937
17 2938
8 2939
3 2940
9 2941
8 2942
11 2943
7 2944
9 2945
7 2946
5 2947
12 2948
10 2949
7 2950
9 2951
12 2952
8 2953
6 2954
8 2955
6 2956
8 2957
5 2958
4 2959
4 2960
10 2961
5 2962
8 2963
5 2964
3 2965
4 2966
5 2967
5 2968
4 2969
5 2970
1 2971
3 2972
4 2973
4 2974
1 2975
1 2976
3 2977
2 2978
2 2979
1 2981
3 2982
2 2984
1 2985
1 2987
1 2988
4 2990
1 2991
1 2992
1 2993
1 2994
1 2997
3 2998
2 3005
1 3009
1 3011
1 3013
1 3014
1 3016
1 3017
1 3020
2 3021
1 3022
2 3024
1 3027
1 3032
1 3042
2 3056
1 3058
1 3065
1 3079
1 3084
1 3090
1 3101
1 3102
1 3108
1 3119
1 3132
1 3137
1 3151
1 3174
1 3204
1 3207
1 3234
1 3258
1 3259
1 3271
2 3275
1 3276
1 3288
1 3290
1 3300
1 3316
1 3319
1 3324
1 3326
1 3328
1 3331
1 3336
1 3348
1 3352
1 3364
1 3376
1 3377
1 3388
1 3389
1 3403
1 3407
2 3410
1 3421
1 3424
1 3429
1 3433
1 3439
1 3442
1 3451
1 3452
2 3454
1 3458
2 3459
1 3461
1 3463
2 3467
1 3470
1 3471
1 3472
2 3476
1 3479
1 3483
1 3486
1 3488
2 3491
1 3492
1 3497
1 3499
1 3500
1 3501
1 3503
1 3504
1 3507
1 3508
1 3510
1 3511
3 3512
2 3513
5 3517
1 3519
1 3520
1 3521
3 3522
4 3526
2 3527
2 3528
3 3531
1 3532
4 3533
1 3534
2 3536
3 3537
2 3538
1 3539
3 3540
3 3541
2 3544
1 3545
2 3546
3 3547
2 3549
1 3551
2 3553
1 3554
2 3555
3 3556
1 3558
4 3559
2 3561
2 3562
5 3563
1 3564
4 3565
2 3567
1 3569
2 3570
1 3572
1 3579
1 3583
1 3586
1 3587
1 3589
1 3604
1 3609
1 3611
1 3620
1 3621
1 3678
1 3706
1 3720
1 3751
1 3756
1 3770
1 3791
1 3793
1 3943
1 4093
1 4104
1 4160
1 4175
1 4206
1 4229
1 4293
1 4324
1 4372
1 4403
1 4441
1 4513
1 4576
1 4635
1 4660
1 4751
1 4833
1 4936
1 5012
1 5050
1 5111
1 5146
1 5279
1 5416
