3 1
1 2
1 4
1 5
1 7
2 8
1 9
1 10
1 12
2 13
1 14
3 15
2 17
3 18
3 19
6 20
2 21
1 22
1 26
1 28
3 31
2 32
1 33
3 34
2 35
3 36
6 37
8 38
4 39
2 40
2 41
2 42
2 43
1 44
1 45
1 46
3 47
1 49
1 50
2 51
2 52
1 53
1 54
2 56
4 57
3 58
1 59
1 60
3 61
2 62
7 63
3 64
2 65
1 66
2 67
3 68
1 69
1 71
3 72
2 73
1 74
3 75
2 76
1 78
2 79
3 80
1 82
2 83
3 84
5 86
4 87
4 88
4 89
3 90
4 91
4 92
2 93
5 94
4 95
3 96
6 97
8 98
8 99
3 100
2 101
4 102
1 103
3 105
2 106
1 107
4 108
3 109
6 110
2 111
4 112
2 113
6 114
1 115
1 116
3 117
6 118
2 119
2 120
5 121
5 122
6 123
5 124
3 125
2 126
3 127
3 128
3 129
7 130
6 131
3 132
6 133
3 134
5 135
10 136
6 137
5 138
4 139
9 140
9 141
13 142
19 143
20 144
21 145
28 146
36 147
41 148
42 149
43 150
42 151
38 152
28 153
32 154
18 155
14 156
19 157
14 158
13 159
18 160
17 161
17 162
10 163
17 164
14 165
13 166
4 167
6 168
5 169
4 170
4 171
2 172
3 174
2 175
6 176
2 177
2 178
6 179
3 180
3 181
2 182
7 183
1 184
4 185
8 186
7 187
4 188
4 189
4 190
7 191
4 192
3 193
4 194
3 195
2 196
8 197
1 198
12 199
17 200
9 201
11 202
8 203
10 204
13 205
11 206
6 207
18 208
10 209
12 210
12 211
16 212
14 213
11 214
7 215
8 216
7 217
10 218
8 219
10 220
9 221
3 222
12 223
7 224
11 225
6 226
11 227
7 228
11 229
9 230
6 231
9 232
11 233
18 234
12 235
13 236
13 237
17 238
17 239
10 240
16 241
19 242
15 243
26 244
11 245
13 246
8 247
13 248
9 249
14 250
8 251
10 252
10 253
6 254
10 255
8 256
9 257
11 258
9 259
8 260
6 261
9 262
11 263
14 264
9 265
9 266
13 267
8 268
6 269
7 270
12 271
19 272
15 273
6 274
7 275
15 276
18 277
8 278
11 279
12 280
12 281
8 282
11 283
5 284
5 285
8 286
6 287
5 288
5 289
14 290
3 291
3 292
6 293
6 294
1 295
3 296
2 297
5 298
6 299
5 300
4 301
11 302
5 303
3 304
8 305
2 306
8 307
9 308
9 309
8 310
7 311
8 312
7 313
7 314
12 315
11 316
13 317
9 318
9 319
10 320
9 321
17 322
11 323
18 324
18 325
15 326
25 327
11 328
16 329
11 330
9 331
16 332
14 333
10 334
18 335
18 336
21 337
14 338
20 339
12 340
17 341
19 342
24 343
19 344
13 345
10 346
29 347
19 348
32 349
15 350
26 351
18 352
21 353
28 354
26 355
29 356
27 357
27 358
28 359
21 360
29 361
18 362
24 363
25 364
20 365
18 366
21 367
26 368
29 369
20 370
31 371
23 372
31 373
22 374
22 375
21 376
17 377
27 378
26 379
19 380
13 381
16 382
9 383
10 384
13 385
9 386
16 387
14 388
9 389
7 390
14 391
13 392
10 393
5 394
6 395
11 396
10 397
9 398
12 399
13 400
9 401
9 402
6 403
7 404
13 405
11 406
8 407
21 408
20 409
11 410
23 411
16 412
11 413
12 414
19 415
15 416
13 417
22 418
20 419
16 420
28 421
24 422
32 423
25 424
33 425
43 426
37 427
55 428
47 429
53 430
63 431
59 432
62 433
70 434
73 435
73 436
82 437
83 438
108 439
93 440
113 441
120 442
119 443
150 444
137 445
156 446
179 447
205 448
171 449
196 450
213 451
228 452
192 453
204 454
186 455
189 456
178 457
172 458
141 459
115 460
103 461
97 462
81 463
70 464
53 465
57 466
31 467
36 468
30 469
18 470
19 471
12 472
12 473
11 474
8 475
12 476
9 477
8 478
7 479
8 480
7 481
5 482
10 483
5 484
6 485
4 486
6 487
10 488
6 489
10 490
6 491
8 492
8 493
15 494
10 495
7 496
10 497
8 498
8 499
9 500
10 501
11 502
9 503
7 504
6 505
7 506
13 507
9 508
14 509
15 510
16 511
10 512
12 513
14 514
21 515
15 516
19 517
18 518
18 519
23 520
16 521
25 522
20 523
21 524
17 525
23 526
22 527
22 528
19 529
18 530
31 531
21 532
30 533
31 534
23 535
21 536
26 537
34 538
21 539
33 540
31 541
27 542
41 543
45 544
37 545
51 546
43 547
67 548
43 549
64 550
72 551
66 552
81 553
75 554
90 555
74 556
63 557
73 558
72 559
73 560
70 561
50 562
63 563
49 564
43 565
48 566
48 567
32 568
43 569
35 570
34 571
29 572
33 573
22 574
31 575
33 576
27 577
28 578
21 579
26 580
45 581
20 582
28 583
24 584
23 585
25 586
24 587
25 588
25 589
30 590
27 591
33 592
34 593
21 594
45 595
26 596
38 597
39 598
49 599
43 600
39 601
48 602
44 603
51 604
45 605
56 606
51 607
36 608
44 609
55 610
61 611
55 612
67 613
50 614
63 615
65 616
70 617
66 618
82 619
68 620
83 621
90 622
89 623
103 624
103 625
108 626
113 627
121 628
122 629
138 630
129 631
125 632
158 633
148 634
188 635
175 636
155 637
181 638
176 639
162 640
195 641
190 642
190 643
182 644
168 645
170 646
179 647
169 648
182 649
190 650
167 651
185 652
198 653
177 654
162 655
166 656
179 657
177 658
171 659
140 660
129 661
156 662
149 663
138 664
113 665
124 666
109 667
96 668
88 669
98 670
81 671
87 672
76 673
72 674
82 675
69 676
62 677
57 678
58 679
41 680
52 681
45 682
52 683
53 684
55 685
41 686
44 687
32 688
31 689
22 690
30 691
22 692
23 693
14 694
29 695
17 696
16 697
17 698
23 699
14 700
18 701
23 702
17 703
17 704
21 705
16 706
14 707
14 708
19 709
12 710
16 711
12 712
12 713
16 714
12 715
10 716
9 717
13 718
9 719
9 720
9 721
6 722
14 723
16 724
15 725
8 726
18 727
13 728
21 729
11 730
15 731
18 732
10 733
14 734
20 735
17 736
11 737
14 738
23 739
18 740
21 741
12 742
22 743
17 744
19 745
21 746
24 747
24 748
30 749
23 750
33 751
34 752
25 753
28 754
21 755
33 756
27 757
33 758
36 759
33 760
40 761
33 762
43 763
36 764
29 765
39 766
40 767
44 768
48 769
39 770
42 771
46 772
43 773
45 774
48 775
59 776
55 777
54 778
64 779
56 780
70 781
69 782
74 783
74 784
70 785
78 786
77 787
86 788
88 789
103 790
71 791
90 792
85 793
75 794
61 795
68 796
89 797
69 798
80 799
56 800
80 801
54 802
52 803
55 804
63 805
45 806
59 807
68 808
63 809
37 810
67 811
63 812
59 813
72 814
74 815
74 816
87 817
72 818
74 819
103 820
122 821
95 822
107 823
124 824
118 825
130 826
134 827
122 828
127 829
129 830
119 831
134 832
134 833
105 834
110 835
119 836
113 837
99 838
94 839
91 840
99 841
67 842
77 843
87 844
53 845
64 846
52 847
59 848
55 849
49 850
45 851
37 852
19 853
34 854
27 855
39 856
31 857
35 858
23 859
39 860
24 861
29 862
27 863
28 864
24 865
23 866
26 867
22 868
18 869
28 870
22 871
20 872
22 873
25 874
30 875
23 876
23 877
33 878
32 879
36 880
25 881
30 882
24 883
32 884
41 885
29 886
39 887
46 888
32 889
41 890
49 891
39 892
40 893
40 894
44 895
58 896
68 897
45 898
51 899
54 900
44 901
65 902
61 903
59 904
51 905
62 906
47 907
62 908
59 909
64 910
63 911
65 912
65 913
54 914
62 915
54 916
65 917
61 918
74 919
80 920
57 921
50 922
60 923
64 924
48 925
52 926
47 927
36 928
51 929
47 930
36 931
34 932
27 933
39 934
25 935
37 936
44 937
40 938
39 939
34 940
35 941
29 942
36 943
25 944
36 945
35 946
35 947
43 948
44 949
50 950
33 951
52 952
41 953
53 954
33 955
36 956
46 957
31 958
36 959
36 960
54 961
47 962
29 963
41 964
32 965
28 966
33 967
22 968
25 969
23 970
22 971
25 972
22 973
16 974
14 975
15 976
12 977
11 978
11 979
9 980
10 981
11 982
6 983
10 984
15 985
12 986
12 987
11 988
8 989
14 990
11 991
13 992
4 993
12 994
10 995
11 996
15 997
12 998
10 999
8 1000
10 1001
8 1002
8 1003
8 1004
12 1005
11 1006
11 1007
8 1008
5 1009
4 1010
8 1011
4 1012
5 1013
10 1014
8 1015
12 1016
6 1017
5 1018
4 1019
10 1020
3 1021
7 1022
7 1023
6 1024
3 1025
8 1026
4 1027
3 1028
5 1029
4 1030
6 1031
4 1032
5 1033
8 1034
6 1035
4 1036
3 1037
8 1038
6 1039
2 1040
5 1041
3 1042
7 1043
3 1044
7 1045
8 1046
5 1047
8 1048
10 1049
7 1050
2 1051
7 1052
14 1053
3 1054
15 1055
6 1056
6 1057
4 1058
14 1059
6 1060
8 1061
8 1062
9 1063
9 1064
9 1065
7 1066
8 1067
9 1068
11 1069
9 1070
16 1071
9 1072
11 1073
5 1074
9 1075
6 1076
8 1077
6 1078
4 1079
9 1080
9 1081
9 1082
13 1083
8 1084
8 1085
7 1086
10 1087
11 1088
8 1089
4 1090
7 1091
11 1092
5 1093
5 1094
9 1095
6 1096
8 1097
4 1098
5 1099
5 1100
6 1101
1 1102
4 1103
6 1104
5 1105
3 1106
7 1107
4 1108
4 1109
4 1110
7 1111
5 1112
10 1113
5 1114
5 1115
7 1116
2 1117
5 1118
5 1119
3 1120
3 1121
4 1122
4 1123
5 1124
6 1125
4 1126
5 1127
6 1128
4 1129
5 1130
7 1131
5 1132
3 1133
7 1134
6 1135
7 1136
10 1137
6 1138
7 1139
9 1140
1 1141
5 1142
6 1143
8 1144
13 1145
5 1146
13 1147
7 1148
12 1149
11 1150
13 1151
11 1152
10 1153
5 1154
7 1155
9 1156
10 1157
14 1158
8 1159
16 1160
10 1161
5 1162
6 1163
7 1164
10 1165
8 1166
6 1167
11 1168
10 1169
8 1170
9 1171
10 1172
6 1173
7 1174
12 1175
9 1176
9 1177
9 1178
7 1179
2 1180
8 1181
9 1182
12 1183
4 1184
9 1185
7 1186
11 1187
12 1188
3 1189
7 1190
8 1191
4 1192
8 1193
10 1194
15 1195
7 1196
11 1197
14 1198
13 1199
15 1200
14 1201
9 1202
7 1203
10 1204
13 1205
5 1206
9 1207
8 1208
11 1209
6 1210
9 1211
14 1212
8 1213
12 1214
9 1215
6 1216
6 1217
6 1218
13 1219
13 1220
12 1221
6 1222
12 1223
7 1224
10 1225
15 1226
12 1227
5 1228
8 1229
12 1230
2 1231
6 1232
4 1233
9 1234
9 1235
9 1236
7 1237
4 1238
9 1239
5 1240
6 1241
5 1242
11 1243
9 1244
5 1245
13 1246
11 1247
5 1248
10 1249
7 1250
13 1251
7 1252
11 1253
6 1254
22 1255
15 1256
17 1257
10 1258
9 1259
10 1260
11 1261
11 1262
10 1263
19 1264
6 1265
13 1266
11 1267
18 1268
17 1269
22 1270
17 1271
24 1272
14 1273
20 1274
17 1275
17 1276
22 1277
16 1278
19 1279
18 1280
18 1281
17 1282
28 1283
23 1284
16 1285
26 1286
23 1287
22 1288
29 1289
29 1290
30 1291
26 1292
35 1293
32 1294
29 1295
33 1296
38 1297
27 1298
47 1299
35 1300
48 1301
54 1302
44 1303
50 1304
48 1305
49 1306
57 1307
57 1308
52 1309
54 1310
56 1311
46 1312
55 1313
51 1314
46 1315
73 1316
40 1317
44 1318
52 1319
53 1320
39 1321
45 1322
43 1323
57 1324
45 1325
32 1326
46 1327
40 1328
45 1329
34 1330
43 1331
37 1332
23 1333
44 1334
31 1335
24 1336
29 1337
28 1338
22 1339
24 1340
29 1341
41 1342
25 1343
26 1344
27 1345
18 1346
21 1347
8 1348
21 1349
17 1350
21 1351
21 1352
15 1353
8 1354
20 1355
8 1356
16 1357
12 1358
12 1359
11 1360
9 1361
5 1362
6 1363
10 1364
6 1365
9 1366
6 1367
9 1368
9 1369
8 1370
4 1371
6 1372
11 1373
9 1374
7 1375
4 1376
9 1377
6 1378
8 1379
4 1380
3 1381
4 1382
6 1383
3 1384
7 1385
5 1386
6 1387
5 1388
8 1389
4 1390
6 1391
8 1392
3 1393
8 1394
5 1395
5 1396
8 1397
4 1398
5 1399
3 1400
3 1401
5 1402
3 1403
6 1404
4 1405
5 1406
10 1407
9 1408
2 1409
6 1410
11 1411
11 1412
4 1413
7 1414
6 1415
8 1416
7 1417
6 1418
6 1419
7 1420
8 1421
8 1422
10 1423
5 1424
9 1425
7 1426
9 1427
4 1428
11 1429
5 1430
7 1431
6 1432
13 1433
4 1434
13 1435
6 1436
10 1437
11 1438
7 1439
9 1440
10 1441
17 1442
6 1443
9 1444
8 1445
6 1446
7 1447
6 1448
5 1449
13 1450
8 1451
8 1452
8 1453
9 1454
5 1455
11 1456
13 1457
9 1458
7 1459
10 1460
13 1461
11 1462
8 1463
10 1464
10 1465
9 1466
5 1467
8 1468
8 1469
9 1470
12 1471
5 1472
3 1473
8 1474
10 1475
4 1476
8 1477
9 1478
12 1479
7 1480
12 1481
14 1482
7 1483
15 1484
7 1485
13 1486
5 1487
6 1488
10 1489
9 1490
11 1491
11 1492
12 1493
14 1494
16 1495
17 1496
15 1497
15 1498
20 1499
15 1500
13 1501
13 1502
15 1503
21 1504
12 1505
23 1506
17 1507
16 1508
21 1509
14 1510
22 1511
17 1512
21 1513
25 1514
19 1515
31 1516
25 1517
33 1518
25 1519
29 1520
26 1521
20 1522
25 1523
30 1524
17 1525
25 1526
33 1527
29 1528
27 1529
42 1530
50 1531
44 1532
39 1533
41 1534
39 1535
41 1536
44 1537
50 1538
53 1539
52 1540
60 1541
55 1542
76 1543
74 1544
69 1545
68 1546
78 1547
68 1548
89 1549
82 1550
93 1551
98 1552
86 1553
86 1554
86 1555
88 1556
101 1557
117 1558
109 1559
125 1560
113 1561
92 1562
125 1563
120 1564
122 1565
118 1566
134 1567
110 1568
121 1569
117 1570
120 1571
109 1572
104 1573
115 1574
95 1575
73 1576
85 1577
111 1578
96 1579
102 1580
80 1581
66 1582
68 1583
55 1584
54 1585
51 1586
53 1587
46 1588
56 1589
43 1590
22 1591
34 1592
40 1593
27 1594
26 1595
27 1596
19 1597
13 1598
24 1599
21 1600
13 1601
12 1602
9 1603
18 1604
11 1605
9 1606
10 1607
11 1608
8 1609
10 1610
11 1611
11 1612
7 1613
6 1614
8 1615
4 1616
11 1617
16 1618
5 1619
9 1620
12 1621
13 1622
14 1623
13 1624
16 1625
12 1626
13 1627
8 1628
14 1629
15 1630
11 1631
18 1632
17 1633
24 1634
20 1635
22 1636
21 1637
19 1638
22 1639
21 1640
27 1641
21 1642
22 1643
19 1644
20 1645
24 1646
21 1647
19 1648
18 1649
21 1650
24 1651
21 1652
27 1653
20 1654
20 1655
14 1656
13 1657
17 1658
16 1659
20 1660
18 1661
15 1662
11 1663
8 1664
16 1665
11 1666
11 1667
10 1668
4 1669
5 1670
3 1671
6 1672
7 1673
5 1674
3 1675
3 1676
5 1677
4 1678
3 1679
1 1680
3 1681
4 1682
4 1683
4 1684
1 1685
1 1686
1 1687
1 1688
2 1689
1 1690
2 1691
2 1692
1 1696
1 1697
1 1698
1 1701
1 1702
1 1703
1 1705
1 1709
2 1710
1 1711
2 1715
1 1718
1 1723
3 1726
2 1730
2 1731
1 1733
1 1734
2 1735
1 1736
1 1737
1 1740
3 1741
1 1744
2 1745
1 1749
1 1750
2 1752
1 1756
1 1757
1 1758
1 1759
1 1763
2 1764
1 1765
1 1766
2 1767
2 1769
1 1771
2 1772
2 1773
2 1774
1 1775
2 1777
2 1781
2 1782
2 1784
3 1785
2 1786
2 1788
3 1789
1 1791
3 1792
1 1793
1 1795
2 1796
1 1801
2 1803
1 1804
1 1805
1 1807
2 1808
1 1809
1 1810
1 1811
3 1812
1 1814
2 1815
5 1816
2 1817
3 1818
3 1819
3 1820
2 1822
3 1823
1 1824
2 1825
2 1826
3 1829
1 1830
6 1831
1 1832
3 1833
2 1834
5 1835
7 1836
2 1837
4 1838
5 1839
4 1840
3 1841
2 1842
3 1843
5 1844
3 1845
3 1846
1 1847
3 1848
7 1849
4 1850
5 1851
8 1852
3 1853
3 1854
5 1855
3 1856
4 1857
6 1858
5 1859
9 1860
4 1861
8 1862
7 1863
2 1864
5 1865
4 1866
4 1867
7 1868
4 1869
4 1870
8 1871
5 1872
6 1873
5 1874
1 1876
9 1877
4 1878
3 1879
1 1880
2 1881
2 1882
3 1883
2 1884
3 1885
1 1886
5 1887
1 1888
2 1889
2 1890
5 1891
1 1892
5 1894
3 1895
3 1896
1 1897
1 1898
1 1900
2 1901
3 1902
1 1903
2 1904
1 1908
2 1909
1 1911
1 1913
2 1914
1 1915
2 1917
2 1920
2 1921
1 1923
2 1924
1 1927
1 1928
1 1931
1 1932
1 1935
1 1939
1 1946
3 1948
1 1949
2 1950
1 1953
2 1956
2 1958
2 1959
1 1960
1 1961
1 1962
1 1963
1 1965
1 1967
1 1968
1 1969
2 1970
1 1972
1 1976
1 1977
1 1979
1 1982
1 1986
1 1990
2 1993
1 1994
1 1995
1 2003
1 2004
2 2005
1 2009
1 2015
1 2017
1 2020
1 2024
2 2028
1 2035
1 2038
1 2039
1 2042
1 2043
1 2059
1 2060
2 2061
2 2065
3 2067
1 2070
1 2071
1 2082
1 2083
1 2087
3 2088
2 2090
1 2092
1 2095
1 2096
1 2100
1 2102
1 2105
2 2107
1 2108
3 2112
1 2113
4 2116
1 2117
3 2119
1 2120
1 2121
1 2125
1 2126
2 2127
1 2128
3 2129
1 2130
2 2131
3 2133
1 2134
2 2136
1 2137
4 2138
1 2140
3 2147
4 2148
1 2149
2 2150
2 2151
2 2153
1 2154
1 2156
2 2158
1 2159
1 2160
1 2161
1 2162
1 2164
1 2166
1 2167
1 2171
2 2172
2 2174
1 2178
1 2182
1 2183
1 2185
1 2187
1 2193
2 2194
1 2196
3 2199
1 2201
1 2203
1 2204
1 2205
2 2208
1 2209
1 2215
1 2217
1 2227
1 2228
1 2229
2 2231
1 2235
1 2236
1 2237
1 2238
1 2241
1 2243
1 2244
1 2246
1 2249
1 2254
1 2255
1 2256
1 2259
1 2260
2 2261
1 2263
1 2265
4 2266
1 2267
1 2270
1 2272
1 2273
2 2274
2 2275
1 2276
2 2281
1 2286
1 2287
1 2288
1 2289
2 2293
1 2296
1 2298
1 2304
1 2305
1 2310
2 2317
1 2323
1 2324
1 2325
1 2326
1 2330
2 2335
1 2336
3 2338
1 2339
1 2340
1 2341
1 2346
1 2350
1 2353
1 2357
1 2360
1 2361
1 2362
3 2364
1 2367
1 2368
1 2370
1 2371
1 2373
2 2376
1 2380
1 2381
1 2383
3 2384
1 2385
1 2386
2 2387
1 2389
3 2390
1 2394
2 2397
4 2398
1 2399
3 2400
1 2401
2 2402
2 2404
2 2405
2 2406
1 2407
1 2408
2 2410
2 2411
1 2414
1 2416
2 2418
1 2419
1 2420
1 2421
5 2422
3 2423
3 2424
1 2426
1 2427
1 2428
2 2429
2 2430
4 2431
6 2433
1 2434
4 2435
2 2436
6 2437
1 2438
1 2439
3 2440
3 2441
3 2442
2 2443
1 2444
3 2445
2 2446
1 2447
3 2448
3 2449
4 2450
4 2451
5 2452
3 2453
4 2454
3 2455
5 2456
4 2457
4 2458
5 2459
4 2460
3 2461
3 2463
1 2464
1 2465
2 2466
5 2467
2 2468
5 2469
5 2470
4 2471
3 2472
6 2473
3 2474
7 2475
1 2476
6 2477
8 2478
7 2479
4 2480
2 2481
1 2482
3 2483
1 2484
4 2485
6 2486
6 2487
6 2488
3 2489
4 2490
4 2491
4 2492
3 2493
1 2494
2 2495
2 2496
1 2497
2 2499
1 2500
1 2501
1 2503
3 2504
4 2505
3 2507
1 2508
1 2509
1 2510
2 2511
3 2512
1 2513
1 2514
1 2515
2 2516
1 2518
4 2519
1 2520
1 2521
1 2522
1 2524
1 2526
2 2527
1 2530
1 2531
3 2532
2 2533
1 2534
1 2535
2 2536
1 2537
1 2540
1 2541
3 2542
2 2543
2 2544
2 2548
1 2550
3 2552
1 2553
3 2554
2 2555
1 2556
1 2557
2 2558
1 2559
3 2561
1 2563
1 2564
3 2565
2 2566
1 2567
2 2568
5 2569
1 2572
1 2573
2 2574
4 2575
2 2577
1 2578
2 2579
1 2581
1 2582
2 2583
2 2585
2 2586
3 2588
2 2590
2 2591
1 2593
2 2594
2 2595
2 2596
1 2597
4 2603
2 2609
1 2635
1 2637
1 2640
1 2649
1 2654
1 2656
1 2660
1 2665
1 2669
1 2670
3 2681
2 2689
1 2702
1 2703
1 2714
1 2726
1 2733
1 2754
1 2770
1 2796
1 2806
1 2826
1 2862
1 2875
1 2916
1 2985
1 2991
1 3089
1 3105
1 3197
1 3247
1 3350
1 3416
1 3563
1 3648
1 3749
1 3837
1 3956
