1 1
2 2
1 4
2 6
1 8
2 9
1 10
2 11
2 14
1 15
1 16
2 17
4 18
3 19
1 20
2 21
5 23
2 24
1 26
2 28
4 29
2 30
2 31
1 34
3 36
1 37
3 38
1 39
2 40
1 41
1 42
1 43
1 44
1 46
1 47
1 48
2 50
2 51
1 52
1 53
1 54
1 55
2 56
3 57
4 58
1 59
3 60
4 62
2 63
4 64
1 65
1 66
4 67
1 69
4 71
1 72
4 73
4 74
4 75
4 76
6 77
2 78
7 79
2 80
5 81
6 82
2 83
3 84
8 85
3 86
8 87
5 88
4 89
3 90
4 91
4 92
4 93
3 94
2 95
3 96
7 97
6 98
6 99
2 100
8 101
15 102
6 103
1 104
5 105
8 106
13 107
10 108
11 109
16 110
12 111
14 112
20 113
17 114
12 115
11 116
12 117
7 118
10 119
7 120
7 121
10 122
6 123
6 124
8 125
12 126
3 127
7 128
3 129
3 130
2 131
2 132
6 133
1 134
4 135
2 136
4 137
4 138
2 139
4 140
2 141
2 142
4 143
3 144
4 145
3 146
3 147
3 148
4 149
7 150
5 151
6 152
7 153
6 154
1 155
4 156
9 157
7 158
6 159
4 160
6 161
3 162
2 163
3 164
2 165
7 166
5 167
7 168
2 169
5 170
4 171
3 172
4 173
5 174
3 175
6 176
6 177
9 178
5 179
7 180
7 181
6 182
5 183
4 184
4 185
7 186
6 187
8 188
4 189
7 190
3 191
9 192
7 193
8 194
14 195
7 196
12 197
1 198
5 199
6 200
7 201
6 202
6 203
4 204
3 205
4 206
4 207
9 208
7 209
7 210
13 211
4 212
3 213
4 214
6 215
7 216
5 217
2 218
12 219
5 220
10 221
8 222
9 223
11 224
7 225
8 226
6 227
10 228
9 229
10 230
12 231
8 232
7 233
12 234
7 235
12 236
7 237
4 238
12 239
11 240
9 241
13 242
10 243
9 244
13 245
10 246
19 247
24 248
23 249
18 250
25 251
24 252
35 253
30 254
42 255
36 256
38 257
32 258
41 259
44 260
38 261
28 262
33 263
18 264
18 265
18 266
19 267
6 268
16 269
10 270
6 271
12 272
8 273
10 274
5 275
9 276
8 277
9 278
7 279
10 280
3 281
10 282
12 283
9 284
6 285
12 286
13 287
9 288
13 289
11 290
11 291
9 292
10 293
7 294
7 295
7 296
7 297
5 298
7 299
10 300
10 301
9 302
9 303
5 304
15 305
14 306
7 307
6 308
4 309
10 310
8 311
12 312
6 313
5 314
8 315
6 316
8 317
9 318
10 319
10 320
6 321
11 322
8 323
11 324
8 325
8 326
7 327
5 328
5 329
10 330
13 331
9 332
13 333
15 334
14 335
13 336
8 337
14 338
20 339
9 340
10 341
14 342
16 343
8 344
8 345
14 346
9 347
6 348
8 349
11 350
6 351
12 352
5 353
6 354
6 355
11 356
10 357
6 358
8 359
10 360
3 361
6 362
5 363
7 364
14 365
6 366
9 367
8 368
9 369
9 370
6 371
14 372
10 373
12 374
9 375
12 376
11 377
7 378
12 379
11 380
16 381
10 382
10 383
11 384
11 385
4 386
6 387
8 388
14 389
15 390
11 391
9 392
17 393
17 394
17 395
18 396
13 397
20 398
19 399
20 400
21 401
23 402
28 403
25 404
29 405
30 406
29 407
28 408
31 409
38 410
44 411
40 412
38 413
39 414
48 415
35 416
33 417
50 418
30 419
37 420
36 421
35 422
44 423
37 424
35 425
41 426
45 427
43 428
37 429
40 430
37 431
34 432
48 433
42 434
55 435
53 436
39 437
49 438
59 439
36 440
65 441
68 442
75 443
73 444
75 445
97 446
99 447
95 448
92 449
105 450
127 451
124 452
146 453
122 454
105 455
129 456
116 457
111 458
99 459
106 460
83 461
73 462
75 463
41 464
55 465
39 466
37 467
27 468
23 469
38 470
15 471
20 472
10 473
10 474
19 475
17 476
14 477
5 478
9 479
5 480
10 481
10 482
8 483
15 484
12 485
9 486
11 487
13 488
8 489
12 490
11 491
11 492
13 493
11 494
7 495
6 496
11 497
7 498
4 499
12 500
14 501
7 502
13 503
14 504
7 505
9 506
8 507
9 508
12 509
8 510
10 511
17 512
7 513
9 514
4 515
6 516
12 517
7 518
9 519
8 520
16 521
6 522
11 523
14 524
12 525
18 526
20 527
15 528
18 529
18 530
10 531
13 532
17 533
24 534
12 535
16 536
22 537
23 538
31 539
27 540
37 541
41 542
36 543
37 544
29 545
41 546
35 547
37 548
27 549
36 550
26 551
28 552
27 553
19 554
27 555
24 556
32 557
13 558
18 559
13 560
16 561
19 562
16 563
11 564
22 565
16 566
17 567
12 568
18 569
17 570
10 571
18 572
15 573
17 574
11 575
14 576
18 577
9 578
18 579
12 580
9 581
13 582
8 583
11 584
13 585
5 586
8 587
12 588
14 589
12 590
10 591
18 592
15 593
11 594
12 595
15 596
7 597
13 598
13 599
4 600
13 601
15 602
22 603
13 604
13 605
15 606
16 607
14 608
18 609
16 610
23 611
23 612
16 613
16 614
21 615
25 616
22 617
18 618
26 619
33 620
21 621
33 622
36 623
26 624
28 625
32 626
31 627
31 628
25 629
36 630
20 631
20 632
28 633
24 634
29 635
20 636
27 637
22 638
20 639
15 640
10 641
15 642
15 643
14 644
15 645
24 646
12 647
12 648
13 649
6 650
8 651
11 652
16 653
21 654
8 655
13 656
14 657
12 658
21 659
8 660
6 661
17 662
10 663
18 664
12 665
13 666
13 667
16 668
14 669
12 670
28 671
19 672
19 673
17 674
20 675
22 676
17 677
15 678
23 679
23 680
17 681
20 682
20 683
28 684
30 685
14 686
22 687
16 688
25 689
26 690
23 691
27 692
33 693
22 694
25 695
28 696
29 697
17 698
20 699
28 700
17 701
13 702
31 703
16 704
32 705
20 706
37 707
28 708
22 709
29 710
32 711
23 712
41 713
34 714
35 715
36 716
35 717
38 718
45 719
47 720
42 721
42 722
46 723
52 724
48 725
51 726
53 727
56 728
53 729
54 730
60 731
83 732
66 733
63 734
70 735
59 736
74 737
76 738
71 739
85 740
84 741
75 742
83 743
117 744
113 745
122 746
125 747
143 748
161 749
193 750
173 751
183 752
208 753
206 754
200 755
274 756
281 757
246 758
261 759
321 760
275 761
296 762
292 763
280 764
322 765
299 766
273 767
275 768
255 769
224 770
234 771
234 772
207 773
183 774
171 775
122 776
126 777
133 778
120 779
96 780
81 781
63 782
63 783
53 784
58 785
38 786
27 787
27 788
21 789
28 790
27 791
26 792
14 793
23 794
13 795
23 796
14 797
20 798
15 799
27 800
14 801
15 802
12 803
12 804
15 805
21 806
19 807
19 808
23 809
14 810
22 811
19 812
17 813
15 814
24 815
19 816
15 817
22 818
15 819
22 820
15 821
20 822
17 823
18 824
29 825
39 826
19 827
27 828
15 829
26 830
29 831
19 832
26 833
25 834
27 835
33 836
29 837
33 838
30 839
32 840
27 841
31 842
38 843
45 844
30 845
44 846
29 847
35 848
38 849
44 850
27 851
47 852
38 853
38 854
50 855
41 856
54 857
47 858
53 859
45 860
55 861
57 862
48 863
46 864
61 865
62 866
69 867
41 868
57 869
54 870
48 871
47 872
56 873
48 874
40 875
59 876
43 877
48 878
42 879
34 880
43 881
39 882
40 883
34 884
40 885
42 886
43 887
42 888
41 889
50 890
53 891
47 892
57 893
38 894
36 895
31 896
39 897
42 898
46 899
64 900
43 901
70 902
42 903
66 904
53 905
58 906
70 907
59 908
72 909
70 910
65 911
67 912
77 913
83 914
94 915
92 916
82 917
88 918
95 919
103 920
105 921
108 922
123 923
118 924
104 925
137 926
151 927
142 928
131 929
172 930
169 931
190 932
192 933
197 934
187 935
209 936
226 937
198 938
255 939
243 940
263 941
275 942
274 943
316 944
320 945
297 946
354 947
380 948
359 949
443 950
445 951
474 952
522 953
565 954
542 955
612 956
633 957
647 958
690 959
697 960
711 961
738 962
770 963
795 964
829 965
773 966
782 967
781 968
733 969
751 970
751 971
642 972
644 973
649 974
557 975
494 976
438 977
400 978
387 979
328 980
303 981
264 982
222 983
220 984
194 985
144 986
156 987
115 988
95 989
102 990
65 991
61 992
50 993
44 994
32 995
37 996
27 997
27 998
19 999
15 1000
14 1001
7 1002
11 1003
14 1004
6 1005
4 1006
7 1007
3 1008
5 1009
5 1010
5 1011
4 1012
3 1013
6 1014
2 1015
3 1016
5 1017
1 1018
2 1020
1 1021
2 1022
4 1023
4 1025
4 1026
2 1027
3 1028
1 1029
5 1030
2 1031
3 1032
7 1033
2 1034
4 1036
5 1038
4 1039
2 1040
2 1041
5 1042
4 1044
3 1045
5 1046
3 1047
3 1048
4 1049
2 1051
3 1052
1 1053
2 1054
3 1055
2 1056
1 1057
2 1058
2 1059
1 1060
2 1061
1 1062
2 1063
3 1064
7 1065
1 1066
1 1067
3 1068
3 1069
2 1070
2 1071
1 1072
2 1073
4 1074
2 1075
2 1076
5 1077
2 1078
4 1080
3 1081
3 1082
2 1084
1 1085
6 1086
2 1087
3 1088
3 1089
3 1090
3 1091
1 1092
8 1093
4 1094
3 1095
6 1097
3 1098
3 1099
2 1100
4 1101
5 1102
2 1103
2 1104
2 1105
4 1106
2 1107
3 1109
6 1110
1 1111
6 1112
5 1113
3 1115
7 1116
5 1117
3 1118
3 1119
6 1120
5 1121
7 1122
5 1123
8 1124
8 1125
5 1126
17 1127
13 1128
8 1129
1 1130
5 1131
12 1132
11 1133
7 1134
10 1135
12 1136
12 1137
9 1138
9 1139
10 1140
13 1141
11 1142
7 1143
15 1144
12 1145
17 1146
11 1147
16 1148
13 1149
12 1150
14 1151
12 1152
15 1153
15 1154
15 1155
10 1156
22 1157
18 1158
16 1159
19 1160
10 1161
13 1162
21 1163
11 1164
13 1165
13 1166
15 1167
13 1168
13 1169
8 1170
9 1171
11 1172
10 1173
11 1174
4 1175
5 1176
5 1177
6 1178
2 1179
3 1180
5 1181
2 1182
3 1183
8 1184
6 1185
3 1186
3 1187
2 1188
3 1190
4 1191
6 1192
5 1193
3 1194
2 1195
2 1196
4 1197
6 1198
2 1199
6 1200
2 1201
5 1202
3 1203
3 1204
4 1205
2 1206
7 1208
3 1209
2 1210
3 1211
1 1212
5 1213
4 1214
6 1215
6 1216
3 1217
1 1218
2 1219
4 1220
2 1221
5 1222
3 1223
2 1224
5 1225
3 1226
2 1227
3 1228
2 1229
4 1230
2 1231
2 1232
4 1233
4 1234
7 1235
6 1236
10 1237
5 1238
4 1239
6 1240
2 1241
6 1242
4 1243
9 1244
3 1245
4 1246
5 1247
5 1248
8 1249
8 1250
3 1251
7 1252
11 1253
7 1254
6 1255
7 1256
11 1257
4 1258
9 1259
3 1260
7 1261
9 1262
9 1263
11 1264
9 1265
5 1266
7 1267
5 1268
1 1269
7 1270
10 1271
5 1272
5 1273
7 1274
8 1275
9 1276
10 1277
2 1278
6 1279
4 1280
4 1281
6 1282
2 1283
5 1284
6 1285
5 1286
4 1287
8 1288
6 1289
6 1290
10 1291
12 1292
6 1293
8 1294
11 1295
5 1296
10 1297
5 1298
7 1299
4 1300
3 1301
14 1302
12 1303
6 1304
10 1305
3 1306
18 1307
9 1308
10 1309
16 1310
13 1311
10 1312
11 1313
3 1314
8 1315
3 1316
9 1317
10 1318
11 1319
15 1320
7 1321
3 1322
8 1323
8 1324
4 1325
7 1326
4 1327
10 1328
6 1329
6 1330
11 1331
4 1332
5 1333
3 1334
8 1335
6 1336
7 1337
3 1338
3 1339
2 1340
5 1342
3 1343
2 1344
3 1345
1 1346
3 1347
1 1348
1 1349
2 1350
1 1351
1 1352
1 1353
4 1354
6 1355
1 1357
2 1358
2 1360
3 1361
4 1362
2 1363
2 1364
1 1365
1 1366
3 1367
1 1369
1 1370
2 1371
1 1372
3 1373
3 1375
1 1376
1 1377
3 1378
1 1380
4 1382
2 1383
2 1384
1 1385
3 1386
2 1387
2 1388
7 1390
2 1391
2 1392
1 1393
1 1394
1 1395
1 1396
4 1397
1 1400
4 1403
1 1404
3 1406
1 1407
2 1409
4 1410
1 1411
1 1412
1 1413
2 1415
2 1416
2 1417
1 1418
2 1419
2 1420
2 1422
1 1423
1 1424
2 1425
2 1426
1 1429
3 1430
2 1433
3 1435
1 1436
1 1438
1 1439
1 1440
1 1442
1 1443
1 1444
3 1446
1 1451
1 1453
1 1454
2 1455
2 1456
2 1457
1 1458
5 1460
2 1461
2 1463
1 1464
1 1465
1 1466
1 1467
2 1469
1 1470
1 1472
3 1474
2 1475
2 1476
3 1477
1 1478
2 1479
1 1481
2 1483
1 1484
1 1485
2 1486
1 1488
3 1490
1 1492
2 1494
1 1495
2 1496
2 1499
2 1500
1 1502
3 1503
2 1505
1 1506
1 1507
3 1508
4 1509
1 1510
3 1511
2 1512
1 1513
1 1514
1 1515
2 1518
2 1520
1 1521
2 1522
1 1523
1 1524
2 1525
2 1526
3 1527
2 1529
1 1530
3 1531
1 1532
1 1533
1 1534
3 1535
2 1537
2 1538
3 1539
1 1541
1 1543
1 1544
2 1545
2 1546
3 1547
1 1548
2 1549
1 1550
1 1552
2 1553
2 1554
2 1555
2 1556
1 1557
2 1558
1 1559
1 1560
2 1562
2 1563
2 1566
1 1568
1 1571
1 1573
2 1574
1 1575
2 1577
1 1578
2 1579
1 1580
1 1581
3 1582
2 1583
4 1584
3 1585
2 1588
4 1589
1 1590
1 1592
2 1594
2 1596
2 1597
2 1598
1 1599
2 1600
1 1601
3 1602
1 1603
1 1604
3 1605
2 1606
3 1607
3 1608
1 1609
4 1612
2 1614
1 1616
1 1617
4 1618
1 1619
2 1620
1 1621
1 1622
2 1623
4 1624
2 1626
1 1627
2 1629
3 1630
4 1631
4 1632
1 1633
6 1634
3 1635
2 1637
1 1639
3 1640
1 1641
1 1644
4 1646
2 1647
2 1648
2 1649
3 1650
3 1651
4 1652
3 1653
2 1654
2 1655
3 1656
2 1657
2 1658
3 1659
4 1660
4 1661
2 1662
1 1663
3 1664
3 1665
2 1666
1 1667
4 1668
4 1669
4 1671
1 1673
2 1674
6 1675
5 1676
2 1678
2 1679
1 1680
3 1681
3 1682
1 1683
3 1684
4 1685
2 1686
5 1689
2 1690
3 1691
1 1693
3 1694
3 1695
1 1696
2 1697
3 1698
3 1699
1 1700
2 1701
2 1702
4 1703
3 1705
1 1706
3 1707
5 1708
2 1709
5 1710
2 1711
1 1712
6 1714
1 1715
1 1716
6 1717
1 1719
4 1720
5 1721
4 1722
4 1723
1 1724
2 1725
4 1726
3 1727
1 1728
3 1730
2 1731
4 1732
2 1733
1 1734
1 1736
2 1737
2 1738
1 1739
1 1741
1 1743
2 1744
1 1746
2 1747
1 1748
1 1749
1 1750
4 1751
1 1753
2 1755
3 1759
1 1761
1 1762
7 1764
1 1765
1 1766
1 1767
1 1768
2 1770
1 1771
2 1774
3 1775
4 1776
3 1777
1 1780
2 1783
2 1786
1 1787
1 1788
1 1789
2 1790
3 1791
4 1792
1 1793
1 1794
4 1795
1 1796
3 1797
1 1798
2 1799
2 1800
2 1801
1 1802
2 1804
2 1805
1 1807
1 1809
1 1810
1 1811
2 1812
1 1813
2 1814
2 1815
3 1816
1 1817
3 1818
4 1821
2 1822
4 1823
1 1824
3 1825
2 1826
1 1827
1 1828
1 1829
2 1830
2 1831
3 1832
1 1833
1 1834
2 1835
2 1836
4 1837
1 1838
2 1839
1 1840
1 1841
2 1842
2 1843
1 1844
1 1845
3 1846
5 1847
2 1848
1 1849
2 1850
3 1851
3 1852
3 1853
1 1854
2 1855
2 1857
4 1858
3 1859
4 1860
1 1861
1 1862
1 1863
3 1864
1 1865
2 1867
1 1868
2 1869
2 1871
3 1874
1 1875
3 1876
4 1877
6 1878
3 1879
3 1880
2 1881
1 1882
3 1883
4 1884
1 1885
3 1886
1 1887
1 1888
4 1889
4 1890
1 1891
2 1892
2 1894
4 1896
5 1897
3 1898
8 1899
1 1900
2 1901
4 1902
1 1904
2 1905
2 1906
1 1907
5 1908
1 1909
1 1911
1 1912
2 1913
1 1914
6 1915
2 1916
1 1917
3 1918
2 1919
4 1920
4 1921
2 1922
2 1923
1 1924
5 1925
3 1926
2 1927
2 1928
4 1929
4 1930
1 1931
2 1932
2 1933
1 1934
1 1935
2 1936
1 1937
2 1938
2 1941
2 1942
1 1943
1 1944
3 1945
5 1946
2 1947
4 1948
3 1949
2 1950
2 1952
3 1953
4 1954
3 1955
1 1956
2 1957
4 1959
1 1961
2 1962
1 1963
2 1964
1 1965
2 1967
2 1969
2 1970
4 1971
2 1973
5 1974
2 1975
2 1977
3 1978
6 1979
1 1980
3 1981
5 1983
2 1984
2 1986
3 1987
2 1988
3 1989
3 1990
1 1991
2 1992
8 1993
2 1994
2 1995
5 1996
4 1997
1 1998
5 1999
2 2000
3 2001
2 2002
1 2003
2 2004
1 2005
1 2006
2 2007
5 2008
4 2009
3 2010
1 2011
2 2012
2 2013
4 2014
3 2015
2 2016
3 2017
2 2018
3 2019
1 2020
6 2021
3 2022
3 2023
3 2024
3 2025
3 2026
2 2027
2 2028
3 2029
1 2030
7 2031
2 2032
4 2033
1 2034
1 2035
1 2036
2 2037
3 2038
2 2039
1 2040
3 2041
5 2043
2 2044
3 2045
5 2046
3 2047
3 2048
2 2049
4 2050
2 2051
1 2052
4 2053
4 2054
1 2055
2 2056
2 2057
5 2058
1 2060
1 2061
3 2062
1 2063
3 2064
6 2065
3 2066
7 2067
7 2068
4 2069
2 2070
2 2071
4 2072
8 2073
5 2074
3 2075
4 2076
4 2077
6 2078
2 2079
5 2080
1 2081
4 2082
4 2083
6 2084
8 2085
4 2086
2 2087
1 2089
7 2090
7 2091
1 2092
3 2093
1 2094
5 2095
3 2096
1 2097
2 2098
3 2099
4 2100
3 2101
3 2102
3 2103
6 2104
1 2105
4 2106
2 2107
1 2108
5 2109
2 2110
4 2111
5 2112
5 2113
4 2114
5 2115
1 2116
6 2117
4 2118
3 2119
4 2120
2 2121
6 2122
4 2123
5 2124
6 2125
3 2126
2 2127
4 2128
5 2129
9 2130
3 2131
5 2132
2 2133
5 2134
2 2135
4 2136
5 2137
1 2138
9 2139
2 2140
3 2141
7 2142
4 2143
4 2144
1 2145
3 2146
7 2147
3 2148
3 2149
4 2150
6 2151
9 2152
2 2153
10 2154
9 2155
7 2156
7 2157
5 2158
5 2159
8 2160
11 2161
6 2162
8 2163
7 2164
14 2165
4 2166
6 2167
8 2168
3 2169
3 2170
6 2171
7 2172
8 2173
7 2174
8 2175
2 2176
9 2177
5 2178
10 2179
6 2180
8 2181
10 2182
8 2183
5 2184
10 2185
6 2186
6 2187
9 2188
14 2189
17 2190
5 2191
6 2192
6 2193
10 2194
10 2195
11 2196
15 2197
8 2198
16 2199
8 2200
19 2201
12 2202
10 2203
12 2204
17 2205
15 2206
9 2207
15 2208
11 2209
13 2210
23 2211
19 2212
9 2213
16 2214
18 2215
15 2216
16 2217
17 2218
9 2219
14 2220
17 2221
13 2222
21 2223
12 2224
16 2225
20 2226
17 2227
22 2228
14 2229
14 2230
13 2231
10 2232
24 2233
17 2234
18 2235
30 2236
14 2237
20 2238
20 2239
23 2240
22 2241
13 2242
16 2243
18 2244
21 2245
21 2246
27 2247
20 2248
14 2249
35 2250
19 2251
29 2252
29 2253
29 2254
21 2255
23 2256
20 2257
37 2258
36 2259
28 2260
23 2261
36 2262
28 2263
33 2264
35 2265
45 2266
32 2267
19 2268
40 2269
30 2270
29 2271
27 2272
24 2273
41 2274
33 2275
37 2276
35 2277
33 2278
35 2279
28 2280
31 2281
33 2282
21 2283
32 2284
26 2285
24 2286
37 2287
33 2288
27 2289
35 2290
32 2291
24 2292
38 2293
28 2294
21 2295
26 2296
30 2297
36 2298
39 2299
30 2300
17 2301
18 2302
34 2303
26 2304
28 2305
27 2306
25 2307
23 2308
20 2309
20 2310
21 2311
25 2312
21 2313
27 2314
21 2315
33 2316
26 2317
27 2318
35 2319
26 2320
29 2321
30 2322
28 2323
29 2324
29 2325
31 2326
28 2327
39 2328
40 2329
42 2330
32 2331
43 2332
43 2333
42 2334
44 2335
42 2336
37 2337
48 2338
57 2339
43 2340
54 2341
65 2342
44 2343
56 2344
67 2345
65 2346
58 2347
57 2348
50 2349
84 2350
71 2351
68 2352
76 2353
76 2354
79 2355
75 2356
82 2357
89 2358
78 2359
74 2360
88 2361
87 2362
76 2363
79 2364
85 2365
82 2366
95 2367
90 2368
96 2369
89 2370
87 2371
88 2372
100 2373
85 2374
81 2375
78 2376
74 2377
89 2378
62 2379
62 2380
88 2381
81 2382
79 2383
77 2384
69 2385
61 2386
65 2387
55 2388
51 2389
62 2390
50 2391
50 2392
40 2393
59 2394
46 2395
41 2396
26 2397
39 2398
36 2399
32 2400
45 2401
24 2402
31 2403
25 2404
24 2405
23 2406
21 2407
13 2408
25 2409
15 2410
18 2411
15 2412
22 2413
19 2414
20 2415
15 2416
15 2417
13 2418
17 2419
14 2420
15 2421
17 2422
11 2423
16 2424
9 2425
10 2426
11 2427
19 2428
11 2429
14 2430
13 2431
12 2432
13 2433
8 2434
9 2435
18 2436
8 2437
20 2438
14 2439
17 2440
18 2441
17 2442
14 2443
14 2444
20 2445
21 2446
24 2447
20 2448
18 2449
18 2450
22 2451
18 2452
18 2453
20 2454
26 2455
19 2456
33 2457
29 2458
24 2459
24 2460
25 2461
22 2462
27 2463
28 2464
26 2465
28 2466
28 2467
38 2468
23 2469
42 2470
38 2471
23 2472
26 2473
25 2474
34 2475
40 2476
29 2477
31 2478
22 2479
33 2480
25 2481
21 2482
22 2483
16 2484
28 2485
21 2486
29 2487
28 2488
25 2489
20 2490
23 2491
9 2492
23 2493
14 2494
19 2495
15 2496
15 2497
10 2498
6 2499
11 2500
7 2501
14 2502
5 2503
8 2504
10 2505
13 2506
8 2507
7 2508
4 2509
7 2510
4 2511
4 2512
6 2513
5 2514
4 2515
4 2516
4 2517
1 2518
5 2519
7 2520
3 2521
5 2522
2 2523
5 2524
2 2525
6 2526
2 2527
3 2528
2 2529
4 2530
4 2531
1 2532
5 2533
2 2534
2 2535
4 2536
3 2537
1 2538
4 2539
4 2540
1 2541
3 2542
3 2543
3 2544
3 2545
4 2546
5 2547
5 2548
8 2549
4 2550
3 2551
7 2552
3 2553
2 2554
8 2555
4 2556
5 2557
5 2558
2 2559
3 2560
2 2561
9 2562
5 2563
5 2564
8 2565
6 2566
8 2567
7 2568
6 2569
4 2570
2 2571
12 2572
9 2573
6 2574
2 2575
3 2576
7 2577
7 2578
8 2579
6 2580
9 2581
9 2582
4 2583
6 2584
9 2585
12 2586
11 2587
11 2588
13 2589
13 2590
13 2591
16 2592
7 2593
10 2594
13 2595
20 2596
14 2597
18 2598
11 2599
14 2600
16 2601
16 2602
21 2603
18 2604
10 2605
15 2606
12 2607
14 2608
18 2609
13 2610
15 2611
19 2612
15 2613
17 2614
21 2615
12 2616
24 2617
19 2618
20 2619
13 2620
23 2621
10 2622
22 2623
14 2624
17 2625
15 2626
10 2627
9 2628
5 2629
15 2630
12 2631
11 2632
13 2633
7 2634
9 2635
15 2636
9 2637
12 2638
13 2639
7 2640
10 2641
11 2642
9 2643
7 2644
8 2645
4 2646
7 2647
8 2648
4 2649
4 2650
4 2651
7 2652
3 2653
5 2654
1 2655
4 2656
4 2657
7 2658
5 2659
7 2660
4 2661
1 2662
4 2663
6 2664
1 2665
4 2666
1 2667
1 2668
3 2670
2 2671
2 2672
3 2673
3 2674
1 2675
3 2676
1 2677
1 2678
4 2680
1 2682
5 2684
1 2685
4 2690
1 2691
1 2692
2 2693
3 2695
3 2696
3 2697
1 2698
1 2699
2 2700
2 2701
2 2702
3 2704
1 2705
1 2707
2 2708
2 2711
1 2713
1 2716
1 2717
1 2718
2 2719
1 2720
2 2721
1 2722
1 2724
2 2725
3 2726
1 2731
2 2733
2 2734
2 2735
1 2736
1 2738
1 2739
1 2741
1 2742
1 2743
2 2744
1 2746
1 2749
1 2751
1 2753
2 2754
2 2756
2 2759
1 2761
1 2764
1 2769
1 2770
1 2774
1 2776
1 2784
1 2793
1 2802
1 2813
1 2820
1 2822
1 2830
1 2838
1 2842
1 2881
1 2897
1 2898
1 2899
1 2909
1 2913
1 2943
1 2950
1 2965
1 2982
1 2991
1 3002
1 3055
1 3067
1 3082
1 3093
1 3121
1 3133
2 3137
1 3140
1 3153
1 3156
1 3189
1 3210
1 3216
1 3220
2 3232
1 3238
1 3264
1 3278
1 3281
1 3337
1 3350
1 3369
1 3384
1 3396
1 3414
1 3459
1 3464
1 3473
1 3506
1 3562
1 3563
1 3642
1 3724
1 3730
1 3765
1 3771
1 3800
1 3814
1 3886
1 3902
1 3949
1 4088
1 4130
1 4318
1 4605
1 4920
1 4967
