2 1
5 2
5 3
5 4
3 5
2 6
7 7
2 9
2 10
6 11
4 12
1 13
2 15
3 16
7 17
4 18
3 19
2 20
3 21
4 23
2 24
3 25
7 26
3 27
5 28
6 29
2 30
5 31
5 32
4 33
1 34
6 35
5 36
3 37
3 38
3 39
8 40
2 41
4 42
3 43
1 44
3 45
1 46
2 47
4 48
2 49
5 50
7 51
3 52
3 53
1 54
6 55
2 56
6 57
3 58
6 59
5 60
6 61
3 62
4 63
3 64
10 65
4 66
5 67
3 68
3 69
6 70
7 71
11 72
13 73
10 74
7 75
6 76
4 77
3 78
1 79
5 80
2 81
8 83
5 84
2 85
11 86
8 87
5 88
6 89
5 90
5 91
6 92
12 93
6 94
12 95
10 96
10 97
8 98
2 99
5 100
8 101
8 102
7 103
3 104
5 105
5 106
5 107
8 108
11 109
14 110
13 111
13 112
20 113
24 114
17 115
20 116
17 117
26 118
19 119
11 120
14 121
8 122
13 123
9 124
7 125
6 126
6 127
8 128
6 129
8 130
7 131
7 132
11 133
14 134
6 135
12 136
13 137
7 138
10 139
23 140
15 141
12 142
17 143
15 144
16 145
16 146
19 147
18 148
18 149
16 150
19 151
33 152
27 153
16 154
16 155
12 156
14 157
12 158
14 159
18 160
11 161
6 162
11 163
10 164
8 165
9 166
16 167
4 168
5 169
11 170
12 171
15 172
9 173
7 174
13 175
11 176
8 177
15 178
15 179
21 180
20 181
13 182
19 183
24 184
19 185
30 186
15 187
15 188
18 189
26 190
23 191
16 192
13 193
23 194
15 195
18 196
21 197
24 198
24 199
34 200
33 201
31 202
26 203
41 204
40 205
52 206
49 207
54 208
70 209
50 210
75 211
67 212
80 213
84 214
86 215
87 216
89 217
82 218
106 219
94 220
112 221
101 222
126 223
146 224
163 225
172 226
184 227
212 228
245 229
285 230
335 231
344 232
357 233
329 234
300 235
274 236
256 237
202 238
191 239
129 240
128 241
95 242
92 243
72 244
85 245
69 246
81 247
66 248
71 249
90 250
82 251
94 252
93 253
100 254
118 255
105 256
116 257
117 258
92 259
96 260
76 261
50 262
55 263
50 264
40 265
40 266
28 267
33 268
22 269
23 270
42 271
27 272
29 273
28 274
28 275
28 276
25 277
22 278
25 279
17 280
14 281
18 282
11 283
20 284
14 285
15 286
16 287
15 288
17 289
14 290
21 291
24 292
23 293
21 294
24 295
24 296
29 297
35 298
26 299
23 300
29 301
25 302
28 303
43 304
41 305
33 306
40 307
49 308
36 309
40 310
53 311
43 312
74 313
44 314
58 315
47 316
64 317
71 318
69 319
61 320
71 321
67 322
67 323
60 324
70 325
69 326
88 327
72 328
72 329
79 330
67 331
82 332
72 333
80 334
73 335
80 336
80 337
64 338
64 339
68 340
68 341
66 342
84 343
48 344
63 345
63 346
72 347
72 348
75 349
61 350
59 351
75 352
60 353
78 354
92 355
87 356
83 357
121 358
147 359
167 360
201 361
208 362
288 363
302 364
317 365
366 366
356 367
406 368
386 369
341 370
357 371
326 372
279 373
247 374
203 375
193 376
155 377
149 378
120 379
96 380
90 381
68 382
62 383
61 384
66 385
43 386
46 387
52 388
45 389
32 390
26 391
26 392
27 393
26 394
25 395
18 396
23 397
34 398
17 399
31 400
31 401
30 402
33 403
22 404
29 405
35 406
35 407
42 408
37 409
40 410
65 411
62 412
61 413
56 414
70 415
71 416
67 417
91 418
86 419
101 420
106 421
115 422
124 423
127 424
137 425
139 426
153 427
162 428
161 429
139 430
157 431
167 432
180 433
156 434
142 435
153 436
148 437
140 438
143 439
114 440
98 441
87 442
78 443
72 444
70 445
51 446
41 447
31 448
38 449
24 450
18 451
18 452
16 453
22 454
17 455
16 456
15 457
17 458
9 459
5 460
8 461
15 462
11 463
10 464
8 465
6 466
9 467
9 468
8 469
12 470
14 471
13 472
18 473
15 474
11 475
12 476
12 477
15 478
19 479
11 480
14 481
11 482
18 483
8 484
12 485
4 486
11 487
9 488
12 489
9 490
9 491
8 492
11 493
15 494
15 495
14 496
8 497
13 498
10 499
11 500
7 501
11 502
10 503
16 504
12 505
13 506
14 507
12 508
13 509
16 510
20 511
18 512
25 513
27 514
27 515
28 516
39 517
35 518
41 519
52 520
39 521
64 522
56 523
54 524
71 525
60 526
83 527
77 528
114 529
99 530
107 531
104 532
126 533
120 534
115 535
113 536
136 537
128 538
131 539
128 540
110 541
97 542
104 543
94 544
73 545
63 546
58 547
47 548
34 549
35 550
37 551
28 552
24 553
14 554
22 555
16 556
21 557
13 558
16 559
18 560
17 561
12 562
12 563
17 564
16 565
16 566
15 567
11 568
10 569
9 570
18 571
7 572
13 573
5 574
10 575
13 576
12 577
14 578
13 579
12 580
8 581
10 582
12 583
12 584
9 585
11 586
21 587
16 588
18 589
16 590
12 591
12 592
8 593
7 594
16 595
11 596
14 597
15 598
16 599
7 600
10 601
7 602
9 603
12 604
9 605
8 606
8 607
4 608
6 609
2 610
8 611
2 612
5 613
6 614
7 615
2 616
8 617
4 618
6 619
9 620
4 621
8 622
3 623
7 624
9 625
3 626
8 627
6 628
9 629
5 630
12 631
8 632
7 633
5 634
7 635
7 636
9 637
5 638
4 639
7 640
16 641
5 642
8 643
12 644
8 645
11 646
9 647
15 648
13 649
11 650
7 651
7 652
12 653
14 654
17 655
21 656
18 657
16 658
13 659
13 660
17 661
17 662
19 663
15 664
26 665
21 666
31 667
17 668
21 669
18 670
16 671
12 672
12 673
11 674
9 675
19 676
12 677
16 678
15 679
15 680
16 681
15 682
7 683
10 684
9 685
9 686
8 687
9 688
10 689
12 690
7 691
8 692
14 693
6 694
16 695
13 696
5 697
7 698
5 699
6 700
9 701
7 702
8 703
5 704
8 705
5 706
6 707
4 708
6 709
8 710
4 711
7 712
7 713
3 714
10 715
4 716
5 717
6 718
6 719
9 720
6 721
8 722
7 723
6 724
9 725
5 726
7 727
6 728
4 729
2 730
15 731
8 732
10 733
4 734
14 735
8 736
13 737
14 738
15 739
10 740
10 741
13 742
12 743
24 744
17 745
24 746
29 747
25 748
28 749
18 750
26 751
36 752
28 753
26 754
24 755
33 756
22 757
27 758
32 759
24 760
17 761
22 762
19 763
14 764
15 765
14 766
12 767
8 768
8 769
11 770
9 771
11 772
10 773
9 774
3 775
9 776
2 777
2 778
7 779
5 780
6 781
6 782
4 783
9 784
7 785
6 786
4 787
10 788
5 789
4 790
6 791
8 792
8 793
6 794
3 795
5 796
6 797
7 798
6 799
12 800
6 801
13 802
8 803
2 804
9 805
5 806
6 807
8 808
7 809
5 810
11 811
8 812
9 813
10 814
13 815
7 816
12 817
10 818
11 819
13 820
14 821
14 822
11 823
15 824
11 825
10 826
14 827
16 828
19 829
18 830
27 831
22 832
16 833
23 834
22 835
22 836
21 837
23 838
27 839
17 840
21 841
21 842
19 843
19 844
16 845
25 846
14 847
18 848
20 849
10 850
10 851
10 852
12 853
11 854
12 855
12 856
12 857
12 858
9 859
9 860
9 861
9 862
7 863
5 864
5 865
5 866
5 867
7 868
11 869
3 870
7 871
9 872
8 873
5 874
8 875
4 876
7 877
11 878
9 879
9 880
6 881
8 882
4 883
2 884
4 885
5 886
5 887
14 888
4 889
8 890
4 891
8 892
6 893
10 894
5 895
6 896
3 897
7 898
3 899
2 900
3 901
3 902
2 903
9 904
3 905
2 906
7 907
1 908
3 909
4 910
4 911
4 912
6 913
3 914
7 915
3 916
5 917
7 918
2 919
7 920
2 921
7 922
4 923
6 924
5 925
4 926
5 927
7 928
8 930
6 931
3 932
2 933
6 934
10 935
7 936
6 937
14 938
7 939
7 940
7 941
8 942
9 943
7 944
10 945
9 946
7 947
8 948
5 949
12 950
7 951
8 952
17 953
11 954
12 955
16 956
4 957
7 958
5 959
3 960
11 961
8 962
9 963
7 964
4 965
8 966
5 967
9 968
9 969
11 970
7 971
8 972
4 973
8 974
7 975
5 976
6 977
7 978
12 979
1 980
7 981
5 982
4 983
7 984
7 985
4 986
5 987
4 988
6 989
6 990
14 991
8 992
5 993
10 994
7 995
8 996
7 997
9 998
6 999
17 1000
6 1001
7 1002
4 1003
8 1004
7 1005
8 1006
9 1007
10 1008
12 1009
9 1010
11 1011
9 1012
11 1013
18 1014
13 1015
9 1016
11 1017
18 1018
10 1019
18 1020
13 1021
22 1022
17 1023
20 1024
24 1025
18 1026
16 1027
11 1028
11 1029
19 1030
14 1031
26 1032
24 1033
20 1034
12 1035
23 1036
16 1037
25 1038
27 1039
19 1040
26 1041
16 1042
38 1043
21 1044
25 1045
25 1046
26 1047
26 1048
36 1049
35 1050
27 1051
36 1052
33 1053
35 1054
42 1055
40 1056
35 1057
32 1058
30 1059
33 1060
43 1061
34 1062
38 1063
33 1064
30 1065
28 1066
32 1067
30 1068
37 1069
37 1070
40 1071
33 1072
27 1073
41 1074
43 1075
38 1076
31 1077
42 1078
57 1079
63 1080
58 1081
51 1082
69 1083
69 1084
68 1085
62 1086
80 1087
80 1088
83 1089
90 1090
94 1091
103 1092
105 1093
111 1094
109 1095
119 1096
124 1097
119 1098
130 1099
100 1100
128 1101
118 1102
125 1103
105 1104
94 1105
123 1106
82 1107
87 1108
61 1109
61 1110
57 1111
58 1112
50 1113
47 1114
40 1115
44 1116
26 1117
34 1118
18 1119
28 1120
16 1121
17 1122
17 1123
12 1124
4 1125
8 1126
15 1127
8 1128
6 1129
5 1130
7 1131
5 1132
5 1133
9 1134
8 1135
3 1136
7 1137
1 1138
2 1139
2 1140
6 1141
5 1142
7 1143
6 1144
1 1146
4 1147
6 1148
4 1149
2 1150
4 1151
8 1152
5 1153
6 1154
6 1155
1 1156
3 1157
10 1158
3 1159
8 1160
2 1161
5 1162
6 1163
6 1164
6 1165
3 1166
4 1167
7 1168
8 1169
6 1170
6 1171
8 1172
5 1173
10 1174
14 1175
11 1176
18 1177
11 1178
14 1179
10 1180
10 1181
15 1182
15 1183
13 1184
16 1185
14 1186
21 1187
8 1188
17 1189
15 1190
14 1191
10 1192
18 1193
13 1194
8 1195
6 1196
12 1197
16 1198
11 1199
6 1200
17 1201
5 1202
11 1203
3 1204
7 1205
5 1206
6 1207
7 1208
1 1209
4 1210
5 1211
10 1212
2 1213
4 1214
3 1215
2 1216
5 1217
2 1218
1 1219
3 1220
3 1221
4 1222
2 1223
2 1224
3 1225
3 1226
3 1227
2 1228
1 1229
2 1230
2 1231
2 1232
1 1233
4 1234
3 1235
1 1236
2 1237
5 1238
2 1240
3 1241
2 1243
2 1244
1 1246
4 1248
3 1249
4 1250
4 1251
4 1252
1 1253
5 1255
2 1257
3 1258
2 1259
2 1260
5 1261
1 1262
2 1263
4 1264
4 1265
3 1266
3 1267
1 1268
7 1269
9 1270
3 1271
4 1272
10 1273
3 1274
8 1275
3 1276
8 1278
1 1279
2 1280
3 1281
5 1282
10 1283
5 1284
5 1285
7 1286
4 1287
6 1288
4 1289
1 1290
4 1291
2 1292
3 1293
5 1294
5 1295
5 1296
5 1297
3 1298
3 1299
1 1300
3 1302
3 1303
4 1304
2 1305
1 1306
2 1307
2 1308
1 1309
2 1310
1 1312
1 1313
2 1314
1 1315
1 1320
1 1321
2 1324
1 1325
3 1328
2 1329
2 1330
1 1333
1 1334
1 1335
1 1336
1 1337
1 1339
1 1342
2 1343
3 1345
1 1346
1 1347
3 1349
3 1353
1 1354
1 1355
4 1357
3 1358
3 1359
1 1363
1 1364
1 1365
1 1366
3 1367
1 1368
3 1369
4 1370
1 1371
1 1373
6 1376
1 1377
2 1378
4 1379
4 1380
3 1382
2 1383
3 1384
2 1386
2 1387
3 1389
1 1390
2 1391
1 1392
2 1393
3 1395
1 1396
3 1397
5 1399
3 1400
2 1401
3 1402
2 1403
1 1404
1 1405
1 1406
1 1407
1 1408
4 1409
4 1410
1 1411
2 1412
1 1413
3 1414
1 1415
2 1416
4 1418
1 1419
1 1420
2 1422
2 1424
2 1425
1 1426
2 1427
3 1428
2 1429
1 1431
1 1432
2 1433
2 1434
3 1436
1 1438
2 1439
2 1441
1 1442
5 1445
2 1446
1 1447
1 1449
1 1450
2 1451
1 1452
3 1453
1 1455
5 1457
1 1458
1 1459
4 1461
2 1463
1 1465
5 1466
1 1467
1 1468
3 1469
1 1470
1 1471
2 1472
1 1475
2 1476
4 1477
1 1480
1 1481
2 1482
1 1483
1 1484
1 1485
3 1486
2 1488
2 1489
2 1490
2 1492
1 1493
3 1494
4 1495
1 1496
2 1497
1 1498
2 1499
1 1500
5 1503
3 1505
4 1506
1 1508
1 1509
1 1511
1 1513
2 1514
1 1517
2 1518
2 1519
4 1521
1 1522
2 1523
2 1525
2 1526
2 1527
1 1528
2 1529
2 1530
3 1531
2 1532
3 1533
5 1534
1 1535
2 1538
3 1539
3 1541
3 1543
1 1544
3 1545
1 1546
3 1547
3 1548
1 1549
1 1550
1 1552
1 1553
3 1554
2 1555
1 1556
1 1557
2 1558
2 1559
4 1560
2 1561
3 1562
1 1563
5 1564
1 1565
1 1566
2 1567
2 1568
2 1569
1 1570
3 1571
2 1572
2 1574
2 1575
2 1576
1 1578
3 1579
2 1580
2 1581
3 1582
2 1583
2 1584
2 1586
4 1588
10 1589
3 1590
3 1591
1 1592
4 1593
6 1594
6 1595
2 1596
3 1597
4 1598
4 1599
6 1600
3 1601
10 1602
3 1603
5 1604
3 1605
1 1606
8 1607
5 1608
4 1609
3 1610
5 1611
3 1612
6 1613
4 1614
4 1615
4 1616
9 1617
4 1618
6 1619
5 1620
5 1621
4 1622
7 1623
7 1624
3 1625
4 1626
9 1627
7 1628
3 1629
7 1630
6 1631
6 1632
7 1633
5 1634
8 1635
4 1636
2 1637
4 1638
5 1639
7 1640
6 1641
4 1642
11 1643
7 1644
11 1645
10 1646
8 1647
12 1648
5 1649
10 1650
6 1651
5 1652
7 1653
5 1654
9 1655
5 1656
5 1657
8 1658
4 1659
5 1660
8 1661
3 1662
5 1663
3 1664
13 1665
6 1666
3 1667
2 1668
9 1669
2 1670
4 1671
9 1673
9 1674
4 1675
10 1676
9 1677
8 1678
7 1679
11 1680
5 1681
14 1682
5 1683
9 1684
11 1685
5 1686
8 1687
7 1688
9 1689
10 1690
10 1691
10 1692
13 1693
10 1694
15 1695
12 1696
17 1697
13 1698
8 1699
11 1700
15 1701
15 1702
18 1703
24 1704
20 1705
21 1706
27 1707
19 1708
28 1709
20 1710
30 1711
17 1712
27 1713
36 1714
25 1715
34 1716
40 1717
25 1718
40 1719
42 1720
43 1721
45 1722
40 1723
46 1724
41 1725
46 1726
47 1727
33 1728
38 1729
37 1730
43 1731
46 1732
43 1733
34 1734
32 1735
45 1736
36 1737
38 1738
35 1739
40 1740
32 1741
29 1742
29 1743
40 1744
30 1745
30 1746
21 1747
23 1748
24 1749
21 1750
38 1751
13 1752
23 1753
17 1754
12 1755
18 1756
10 1757
11 1758
18 1759
13 1760
17 1761
13 1762
21 1763
11 1764
12 1765
16 1766
11 1767
17 1768
19 1769
10 1770
13 1771
11 1772
13 1773
14 1774
9 1775
10 1776
14 1777
12 1778
8 1779
4 1780
4 1781
12 1782
7 1783
7 1784
5 1785
5 1786
5 1787
6 1788
5 1789
9 1790
9 1791
6 1792
4 1793
6 1794
5 1795
5 1796
4 1797
1 1798
3 1799
4 1800
7 1801
3 1802
5 1803
4 1804
5 1805
4 1806
5 1807
1 1808
2 1809
3 1810
1 1811
3 1812
5 1813
7 1814
2 1815
3 1816
3 1817
3 1818
5 1819
4 1820
3 1821
8 1822
5 1823
4 1824
3 1825
2 1826
5 1827
5 1828
7 1829
4 1830
8 1831
2 1832
4 1833
2 1834
4 1835
3 1836
6 1837
1 1838
5 1839
3 1840
5 1841
6 1842
4 1843
3 1844
7 1845
5 1846
6 1847
3 1848
4 1849
5 1850
5 1851
4 1852
2 1853
5 1854
3 1855
2 1856
6 1857
4 1858
4 1859
7 1860
3 1861
3 1862
3 1863
4 1864
6 1865
1 1866
5 1867
2 1868
1 1869
4 1870
4 1871
5 1872
7 1873
2 1874
8 1875
2 1876
8 1877
5 1878
5 1879
7 1880
3 1881
14 1882
10 1883
6 1884
5 1885
8 1886
7 1887
10 1888
2 1889
4 1890
12 1891
11 1892
9 1893
8 1894
15 1895
5 1896
10 1897
6 1898
12 1899
11 1900
18 1901
15 1902
16 1903
13 1904
24 1905
17 1906
17 1907
23 1908
18 1909
21 1910
24 1911
24 1912
13 1913
25 1914
36 1915
18 1916
19 1917
32 1918
25 1919
26 1920
24 1921
23 1922
24 1923
35 1924
36 1925
30 1926
26 1927
27 1928
20 1929
40 1930
23 1931
16 1932
17 1933
17 1934
26 1935
11 1936
15 1937
12 1938
8 1939
15 1940
14 1941
10 1942
4 1943
7 1944
6 1945
10 1946
9 1947
6 1948
3 1949
3 1950
4 1951
6 1952
3 1953
3 1954
5 1955
4 1956
3 1957
3 1958
2 1959
1 1960
4 1961
4 1962
2 1966
1 1968
1 1969
1 1970
1 1975
1 1979
1 1996
1 2001
1 2002
1 2003
1 2009
1 2010
1 2014
1 2017
2 2031
2 2045
1 2047
1 2049
1 2053
1 2062
1 2071
1 2081
1 2082
1 2085
2 2096
1 2124
1 2137
1 2148
1 2149
1 2150
1 2151
1 2155
1 2157
1 2173
1 2177
1 2181
1 2185
1 2186
1 2197
1 2203
1 2211
1 2214
1 2215
1 2220
1 2222
1 2226
2 2234
1 2235
1 2242
1 2243
1 2283
1 2297
1 2303
1 2315
1 2316
1 2324
1 2343
1 2348
1 2354
1 2362
1 2367
1 2368
1 2373
1 2380
1 2384
2 2387
2 2390
1 2392
1 2393
1 2400
1 2408
2 2428
1 2440
1 2447
1 2498
1 2518
1 2521
1 2523
1 2536
1 2549
1 2552
1 2560
1 2568
1 2576
1 2578
1 2584
1 2586
1 2595
2 2597
1 2598
1 2599
1 2600
2 2602
2 2604
2 2606
3 2609
1 2610
2 2613
3 2618
1 2620
1 2621
1 2622
2 2623
1 2624
2 2625
1 2626
2 2627
2 2628
1 2630
1 2632
2 2636
2 2638
1 2640
2 2642
1 2643
1 2648
2 2652
1 2653
1 2658
1 2664
1 2665
1 2681
1 2683
1 2849
1 2853
1 2864
1 2876
1 2883
1 2894
1 2897
1 2935
1 2938
1 2951
1 2953
1 2955
1 2968
1 2986
1 2989
1 3010
1 3013
1 3051
1 3066
1 3075
1 3078
1 3292
1 3360
1 3366
1 3368
1 3402
1 3646
1 4063
