2 1
1 3
1 6
1 7
1 9
2 10
4 12
1 13
1 15
1 20
1 25
1 26
1 27
1 28
2 29
1 31
2 32
3 33
2 34
5 35
1 36
1 37
5 38
2 39
3 40
7 41
7 42
1 43
4 44
2 46
2 47
3 48
1 49
2 50
1 52
1 56
1 57
1 59
1 62
2 63
1 64
1 66
1 68
1 69
2 71
1 73
1 74
2 76
2 77
2 79
4 80
3 81
1 83
1 84
2 85
1 86
4 87
1 88
1 89
1 90
1 91
1 92
1 93
1 94
1 95
1 96
2 97
1 98
1 99
3 100
5 101
2 102
2 103
1 104
1 105
1 107
1 108
2 109
2 110
3 111
3 112
3 113
3 114
2 115
1 116
1 117
2 118
2 119
3 120
1 121
4 123
5 124
4 125
3 126
5 127
3 128
1 129
2 130
4 131
3 132
4 133
3 134
7 135
2 136
3 137
5 138
8 139
9 140
6 141
6 142
3 143
2 144
4 145
2 146
4 147
3 148
4 149
2 150
4 151
3 152
3 153
2 154
1 155
4 157
3 158
3 159
3 160
1 161
2 162
2 164
3 165
1 166
2 168
2 169
2 170
1 171
1 172
3 173
3 174
5 175
9 177
2 178
7 179
6 180
7 181
1 182
1 183
2 184
6 185
7 186
6 187
8 188
10 189
5 190
6 191
6 192
9 193
7 194
10 195
12 196
10 197
13 198
11 199
8 200
10 201
6 202
5 203
6 204
6 205
7 206
4 207
8 208
5 209
3 210
5 211
4 212
5 213
3 214
2 215
3 216
3 217
2 218
2 219
3 220
5 221
3 222
5 223
2 224
2 225
2 226
6 227
3 228
4 229
8 230
5 231
2 232
3 233
2 234
2 235
5 236
3 237
1 238
3 239
4 240
4 241
3 242
4 243
3 244
1 245
3 246
2 247
6 248
1 249
7 250
2 251
5 252
6 253
8 254
3 255
3 256
4 257
6 258
6 259
3 260
5 261
9 262
5 263
2 264
7 265
5 266
4 267
6 268
7 269
6 270
4 271
6 272
2 273
6 274
5 275
5 276
4 277
5 278
3 279
2 280
5 281
4 282
5 283
7 284
4 285
6 286
10 287
6 288
1 289
11 290
12 291
1 292
5 293
8 294
5 295
6 296
2 297
9 298
6 299
3 300
9 301
4 302
10 303
4 304
6 305
4 306
7 307
6 308
8 309
5 310
8 311
7 312
7 313
5 314
13 315
11 316
14 317
12 318
12 319
11 320
15 321
10 322
8 323
18 324
19 325
17 326
10 327
9 328
17 329
12 330
8 331
13 332
11 333
7 334
11 335
10 336
6 337
8 338
7 339
5 340
8 341
5 342
5 343
6 344
8 345
5 346
8 347
7 348
10 349
6 350
8 351
9 352
11 353
10 354
7 355
13 356
8 357
8 358
5 359
5 360
9 361
10 362
13 363
7 364
11 365
11 366
12 367
11 368
7 369
8 370
14 371
10 372
10 373
7 374
9 375
11 376
21 377
11 378
6 379
14 380
15 381
8 382
4 383
7 384
13 385
14 386
10 387
12 388
8 389
18 390
19 391
19 392
8 393
15 394
16 395
18 396
16 397
12 398
19 399
19 400
23 401
20 402
28 403
21 404
29 405
17 406
28 407
35 408
30 409
31 410
25 411
30 412
15 413
17 414
34 415
27 416
22 417
23 418
12 419
14 420
30 421
20 422
20 423
21 424
20 425
26 426
12 427
27 428
37 429
23 430
41 431
28 432
45 433
40 434
49 435
35 436
44 437
58 438
46 439
66 440
52 441
44 442
50 443
28 444
43 445
39 446
29 447
31 448
29 449
19 450
22 451
19 452
22 453
25 454
24 455
22 456
23 457
25 458
22 459
27 460
28 461
24 462
23 463
31 464
21 465
38 466
35 467
37 468
43 469
41 470
47 471
48 472
50 473
59 474
51 475
64 476
53 477
60 478
66 479
79 480
76 481
63 482
69 483
87 484
106 485
95 486
129 487
124 488
144 489
175 490
211 491
212 492
277 493
289 494
334 495
387 496
375 497
447 498
507 499
525 500
535 501
568 502
517 503
536 504
567 505
494 506
490 507
460 508
401 509
337 510
260 511
255 512
215 513
186 514
151 515
97 516
106 517
63 518
56 519
41 520
47 521
30 522
31 523
18 524
14 525
13 526
10 527
6 528
9 529
4 530
4 531
4 532
7 533
5 534
11 535
2 536
3 537
6 538
5 539
3 540
3 541
3 542
1 543
2 544
3 545
4 546
2 547
2 548
2 549
1 550
3 551
3 552
2 553
1 554
4 555
4 556
2 557
6 558
1 559
2 560
2 561
5 562
3 564
3 565
6 566
4 567
4 568
2 569
4 570
6 571
2 572
5 573
3 574
2 575
2 576
1 577
7 578
4 579
5 580
3 581
2 582
3 583
1 584
2 585
4 587
2 588
2 589
4 590
4 591
2 592
3 593
6 594
2 595
2 596
2 598
4 600
3 601
1 602
2 603
5 604
2 605
1 606
3 607
4 609
3 610
5 611
3 612
2 613
3 614
1 616
2 618
1 619
6 620
4 621
2 622
2 623
1 624
3 625
1 626
3 628
1 629
2 631
4 632
3 633
4 634
3 635
2 636
3 637
5 638
1 639
3 640
6 641
2 642
2 643
6 644
4 645
4 646
3 647
1 648
2 651
2 652
3 653
3 654
2 655
4 656
1 657
5 658
4 659
3 660
3 661
8 662
2 663
3 664
2 665
5 666
2 667
2 669
2 670
5 671
5 672
1 673
4 674
3 675
4 676
2 677
2 678
4 679
4 680
5 682
2 683
3 684
1 685
5 686
6 687
4 688
4 689
2 690
4 691
3 692
3 693
2 694
8 695
5 696
3 697
5 698
4 699
3 700
4 701
7 702
3 703
4 704
6 705
4 706
1 707
5 708
9 709
10 710
5 711
3 712
4 713
6 714
5 715
10 716
6 717
6 718
4 719
9 720
9 721
3 722
2 723
7 724
7 725
5 726
6 727
5 728
9 729
7 730
7 731
3 732
7 733
7 734
4 735
9 736
10 737
6 738
11 739
8 740
17 741
7 742
15 743
21 744
16 745
16 746
19 747
20 748
19 749
23 750
19 751
21 752
30 753
27 754
25 755
30 756
17 757
33 758
20 759
23 760
22 761
25 762
16 763
19 764
8 765
12 766
25 767
16 768
17 769
19 770
15 771
10 772
16 773
11 774
3 775
15 776
12 777
6 778
8 779
11 780
10 781
7 782
14 783
11 784
8 785
8 786
12 787
10 788
14 789
6 790
9 791
8 792
7 793
11 794
5 795
8 796
11 797
11 798
10 799
12 800
8 801
12 802
10 803
8 804
12 805
6 806
15 807
13 808
10 809
14 810
14 811
18 812
14 813
18 814
15 815
17 816
16 817
20 818
19 819
19 820
25 821
22 822
19 823
33 824
26 825
29 826
31 827
18 828
31 829
22 830
27 831
27 832
51 833
29 834
39 835
32 836
17 837
25 838
28 839
29 840
25 841
15 842
22 843
22 844
29 845
10 846
13 847
18 848
10 849
15 850
20 851
10 852
10 853
15 854
10 855
18 856
13 857
14 858
15 859
12 860
14 861
12 862
13 863
18 864
7 865
12 866
10 867
14 868
8 869
28 870
10 871
10 872
27 873
12 874
19 875
18 876
21 877
23 878
20 879
30 880
42 881
21 882
23 883
40 884
31 885
35 886
35 887
25 888
38 889
37 890
51 891
42 892
39 893
48 894
49 895
36 896
61 897
49 898
53 899
58 900
60 901
54 902
54 903
59 904
62 905
65 906
64 907
50 908
53 909
62 910
44 911
59 912
68 913
45 914
46 915
42 916
41 917
28 918
32 919
31 920
27 921
18 922
36 923
27 924
17 925
20 926
15 927
11 928
6 929
12 930
4 931
7 932
10 933
6 934
5 935
3 936
4 937
5 938
4 939
9 940
4 941
5 942
1 943
3 944
2 945
7 946
1 947
5 948
6 949
3 950
1 951
4 952
2 953
6 954
4 955
4 956
4 957
6 958
4 959
4 960
9 961
6 962
8 963
8 964
4 965
5 966
10 967
12 968
11 969
8 970
13 971
9 972
10 973
12 974
10 975
12 976
8 977
18 978
10 979
15 980
15 981
12 982
12 983
11 984
13 985
10 986
11 987
17 988
19 989
15 990
11 991
11 992
8 993
10 994
13 995
12 996
15 997
11 998
8 999
18 1000
11 1001
14 1002
12 1003
8 1004
10 1005
9 1006
7 1007
7 1008
6 1009
6 1010
5 1011
5 1012
5 1013
5 1014
5 1015
3 1016
2 1017
2 1018
1 1019
5 1020
5 1022
1 1023
3 1025
1 1027
2 1028
5 1030
2 1031
2 1032
2 1033
1 1035
4 1036
2 1038
3 1039
2 1041
3 1042
2 1043
1 1044
2 1045
2 1046
1 1047
1 1048
4 1049
5 1050
2 1051
2 1052
3 1054
1 1055
1 1056
4 1057
2 1058
4 1059
4 1060
3 1061
3 1062
3 1063
1 1064
4 1066
2 1067
4 1068
2 1069
4 1070
4 1071
2 1072
4 1073
2 1074
5 1075
6 1076
2 1077
3 1078
4 1079
6 1080
4 1082
2 1083
3 1084
6 1085
6 1086
4 1087
3 1088
2 1089
3 1090
1 1091
4 1092
3 1093
4 1094
1 1095
1 1096
7 1097
2 1098
4 1099
5 1100
8 1101
6 1102
6 1103
6 1104
5 1105
8 1106
6 1107
7 1108
5 1109
3 1110
10 1111
3 1112
6 1113
11 1114
11 1115
18 1116
11 1117
9 1118
12 1119
11 1120
17 1121
15 1122
17 1123
18 1124
11 1125
13 1126
11 1127
16 1128
9 1129
11 1130
6 1131
6 1132
8 1133
10 1134
3 1135
9 1136
9 1137
7 1138
4 1139
9 1140
5 1141
10 1142
5 1143
7 1144
4 1145
10 1146
4 1147
6 1148
5 1149
10 1150
9 1151
1 1152
5 1153
6 1154
6 1155
5 1156
2 1157
8 1158
8 1159
6 1160
6 1161
6 1162
7 1163
11 1164
5 1165
6 1166
7 1167
5 1168
7 1169
9 1170
8 1171
7 1172
14 1173
5 1174
5 1175
7 1176
9 1177
4 1178
6 1179
5 1180
4 1181
4 1182
4 1183
4 1184
2 1185
5 1186
7 1187
2 1188
2 1189
1 1190
1 1191
3 1192
2 1193
3 1194
1 1195
1 1196
1 1197
1 1198
2 1200
4 1201
2 1202
2 1203
1 1204
2 1205
2 1206
2 1207
2 1209
1 1211
1 1213
1 1216
1 1218
1 1219
1 1221
1 1226
2 1227
2 1228
2 1229
1 1231
1 1234
1 1235
4 1237
1 1239
1 1242
2 1243
1 1244
1 1245
1 1246
1 1248
1 1250
1 1251
2 1252
1 1255
1 1256
1 1257
1 1258
1 1261
3 1264
1 1265
1 1267
2 1268
2 1270
1 1271
1 1272
2 1273
2 1281
1 1284
1 1286
2 1287
1 1289
1 1290
1 1294
1 1296
1 1300
1 1301
2 1302
1 1303
1 1304
1 1306
1 1307
1 1311
1 1313
1 1314
1 1315
1 1316
1 1318
1 1320
1 1321
1 1322
1 1323
3 1326
2 1327
2 1328
1 1330
2 1332
1 1333
1 1334
1 1335
1 1337
1 1338
2 1340
2 1341
3 1342
2 1343
1 1344
3 1345
1 1346
2 1347
2 1349
1 1350
3 1351
3 1353
1 1354
1 1356
1 1357
1 1360
1 1361
1 1363
1 1365
1 1368
2 1370
2 1371
1 1372
1 1373
2 1377
1 1378
2 1379
1 1380
1 1381
1 1383
2 1386
1 1388
2 1389
1 1390
2 1393
1 1394
2 1395
1 1396
1 1397
1 1400
1 1401
2 1402
1 1403
1 1404
2 1405
3 1406
2 1408
4 1409
1 1411
1 1412
2 1413
1 1414
4 1415
4 1416
5 1419
2 1420
2 1421
3 1422
1 1423
2 1424
2 1425
1 1426
2 1427
1 1428
1 1429
1 1430
4 1433
2 1434
3 1435
1 1436
4 1437
1 1438
3 1439
1 1441
3 1442
2 1444
1 1445
3 1446
3 1448
2 1449
3 1450
1 1451
2 1452
1 1453
2 1454
1 1455
2 1457
3 1458
3 1459
2 1460
1 1461
4 1462
1 1463
3 1464
3 1465
2 1467
1 1469
3 1471
1 1472
6 1474
1 1475
1 1476
5 1477
1 1478
7 1480
1 1481
6 1482
3 1483
1 1484
2 1486
4 1487
6 1488
2 1489
2 1491
3 1492
2 1493
3 1494
5 1495
5 1496
3 1497
4 1498
2 1499
4 1500
1 1501
2 1502
3 1503
3 1504
6 1505
1 1506
2 1507
3 1508
2 1510
1 1511
3 1512
1 1513
6 1514
2 1515
4 1516
1 1518
1 1519
1 1520
3 1521
1 1523
1 1524
2 1525
2 1527
2 1528
1 1529
1 1530
1 1531
1 1532
1 1533
2 1534
1 1536
1 1537
3 1538
2 1540
1 1541
1 1542
1 1543
3 1544
1 1545
4 1546
4 1547
2 1548
3 1550
1 1551
1 1553
2 1554
1 1556
1 1557
3 1558
2 1559
4 1560
4 1561
5 1562
2 1563
5 1565
2 1566
2 1567
3 1569
4 1570
3 1571
1 1573
3 1574
1 1575
4 1576
3 1577
3 1578
3 1579
2 1580
4 1581
5 1582
3 1583
2 1584
4 1586
3 1587
5 1588
3 1589
1 1590
3 1591
4 1592
2 1593
2 1595
1 1597
2 1599
3 1600
2 1601
5 1602
1 1603
1 1604
1 1607
1 1608
1 1609
3 1610
2 1611
4 1612
3 1613
1 1614
5 1615
1 1616
3 1617
2 1618
1 1619
1 1623
2 1624
2 1626
1 1627
1 1629
1 1630
2 1632
4 1633
2 1634
1 1635
2 1636
2 1638
1 1639
1 1640
1 1641
2 1643
1 1644
3 1646
2 1647
1 1648
1 1649
4 1650
2 1652
2 1653
1 1654
1 1655
1 1656
4 1657
5 1658
1 1659
3 1660
1 1661
2 1662
1 1663
3 1666
2 1668
2 1669
1 1670
5 1671
1 1672
1 1673
1 1674
2 1675
3 1677
2 1678
2 1679
1 1680
1 1681
2 1682
2 1683
1 1684
1 1686
3 1687
2 1689
6 1690
2 1691
3 1692
2 1693
4 1694
1 1695
3 1697
2 1698
3 1699
3 1700
2 1701
4 1702
4 1703
3 1704
3 1705
3 1706
1 1707
1 1708
2 1709
2 1710
3 1711
1 1712
2 1713
7 1714
2 1715
3 1716
1 1717
2 1718
6 1719
7 1720
2 1721
5 1722
4 1723
6 1724
6 1725
6 1726
2 1727
6 1728
2 1729
3 1730
2 1731
3 1732
6 1733
3 1734
6 1735
4 1736
6 1737
1 1738
2 1740
4 1741
5 1742
4 1743
5 1744
7 1745
10 1746
5 1747
6 1748
3 1749
6 1750
6 1751
2 1752
4 1753
7 1754
5 1755
5 1756
3 1757
5 1758
7 1759
9 1760
5 1761
4 1762
7 1763
2 1764
8 1765
3 1766
9 1767
3 1768
8 1769
4 1770
3 1771
10 1772
8 1773
5 1774
4 1775
5 1776
5 1777
9 1778
7 1779
9 1780
9 1781
3 1782
5 1783
7 1784
15 1785
4 1786
12 1787
11 1788
3 1789
10 1790
11 1791
10 1792
8 1793
11 1794
7 1795
10 1796
5 1797
7 1798
12 1799
5 1800
8 1801
13 1802
7 1803
8 1804
13 1805
11 1806
10 1807
11 1808
10 1809
12 1810
12 1811
9 1812
18 1813
13 1814
17 1815
13 1816
12 1817
8 1818
18 1819
11 1820
12 1821
10 1822
11 1823
7 1824
13 1825
11 1826
8 1827
17 1828
7 1829
11 1830
6 1831
4 1832
2 1833
8 1834
10 1835
2 1836
9 1837
9 1838
7 1839
5 1840
6 1841
13 1842
4 1843
8 1844
3 1845
8 1846
5 1847
5 1848
6 1849
11 1850
4 1851
5 1852
6 1853
8 1854
7 1855
7 1856
3 1857
9 1858
7 1859
7 1860
8 1861
6 1862
10 1863
7 1864
10 1865
12 1866
8 1867
7 1868
7 1869
7 1870
7 1871
15 1872
11 1873
6 1874
10 1875
8 1876
8 1877
14 1878
12 1879
8 1880
16 1881
9 1882
6 1883
18 1884
11 1885
14 1886
14 1887
9 1888
22 1889
15 1890
6 1891
14 1892
5 1893
12 1894
11 1895
15 1896
15 1897
17 1898
11 1899
18 1900
14 1901
14 1902
11 1903
21 1904
18 1905
17 1906
15 1907
15 1908
21 1909
15 1910
13 1911
22 1912
12 1913
15 1914
17 1915
23 1916
22 1917
17 1918
23 1919
23 1920
27 1921
20 1922
26 1923
32 1924
14 1925
30 1926
37 1927
32 1928
18 1929
34 1930
30 1931
47 1932
38 1933
41 1934
41 1935
47 1936
39 1937
44 1938
48 1939
74 1940
69 1941
55 1942
73 1943
60 1944
68 1945
81 1946
81 1947
67 1948
90 1949
81 1950
93 1951
95 1952
79 1953
92 1954
88 1955
84 1956
80 1957
93 1958
114 1959
98 1960
89 1961
83 1962
99 1963
80 1964
95 1965
86 1966
64 1967
66 1968
84 1969
92 1970
54 1971
64 1972
61 1973
60 1974
46 1975
52 1976
47 1977
31 1978
42 1979
44 1980
26 1981
25 1982
36 1983
23 1984
22 1985
18 1986
15 1987
14 1988
13 1989
12 1990
21 1991
11 1992
12 1993
8 1994
9 1995
9 1996
3 1997
7 1998
5 1999
6 2000
5 2001
3 2002
2 2003
5 2004
1 2005
4 2006
5 2007
2 2008
2 2009
2 2010
3 2011
2 2012
2 2013
2 2014
1 2015
3 2016
3 2017
1 2018
4 2019
3 2020
2 2021
1 2022
1 2023
2 2024
5 2025
1 2026
1 2033
1 2035
1 2036
1 2038
1 2039
1 2041
1 2042
2 2048
2 2054
1 2055
1 2056
2 2057
1 2060
1 2061
1 2062
2 2065
1 2066
2 2069
1 2071
2 2073
1 2074
2 2079
1 2082
2 2083
1 2084
1 2086
1 2088
1 2089
1 2090
3 2095
2 2096
1 2097
1 2100
1 2101
1 2102
2 2103
2 2104
1 2105
1 2106
1 2109
2 2114
1 2115
2 2116
2 2117
2 2119
1 2120
2 2122
1 2124
1 2125
1 2127
2 2128
1 2129
1 2131
1 2133
1 2134
1 2135
1 2136
1 2139
1 2140
1 2142
1 2144
2 2147
1 2148
1 2149
1 2150
1 2151
2 2153
2 2155
3 2159
2 2160
2 2161
1 2162
1 2163
1 2164
1 2167
1 2169
1 2170
1 2171
2 2172
2 2176
1 2177
1 2178
1 2179
2 2181
1 2184
1 2186
1 2187
2 2197
1 2198
2 2201
2 2202
1 2203
2 2204
2 2205
3 2206
1 2208
1 2210
3 2211
1 2212
2 2213
2 2214
1 2215
3 2216
1 2218
2 2219
2 2220
2 2221
1 2222
2 2225
3 2226
1 2227
1 2228
2 2229
3 2230
1 2231
1 2232
1 2233
1 2234
1 2235
1 2238
2 2239
2 2240
2 2241
2 2242
4 2243
1 2244
3 2245
4 2246
3 2247
3 2248
4 2249
3 2250
1 2251
3 2252
1 2253
3 2254
3 2255
1 2256
1 2257
1 2258
2 2259
3 2260
4 2261
4 2262
3 2263
4 2264
3 2265
4 2266
2 2267
3 2268
9 2269
2 2270
3 2271
2 2272
3 2273
2 2274
3 2275
2 2276
2 2278
1 2279
5 2280
2 2281
3 2282
1 2283
4 2284
4 2285
2 2286
2 2287
5 2288
1 2289
4 2290
2 2291
1 2293
5 2294
2 2295
1 2297
5 2298
3 2299
1 2300
2 2301
3 2302
2 2304
2 2305
2 2306
1 2307
4 2308
2 2309
3 2310
2 2311
1 2312
1 2314
2 2315
1 2316
2 2317
3 2318
4 2319
3 2321
3 2322
3 2323
2 2325
2 2326
3 2327
1 2328
2 2330
2 2331
2 2332
4 2333
2 2334
3 2335
4 2337
2 2338
3 2339
1 2340
4 2342
2 2343
5 2344
3 2345
3 2346
2 2347
2 2348
3 2349
2 2350
3 2351
1 2352
3 2353
1 2354
6 2355
1 2356
3 2357
1 2358
3 2359
4 2360
4 2361
6 2362
4 2363
3 2364
4 2365
1 2366
1 2367
4 2368
2 2369
2 2370
4 2371
4 2372
2 2373
7 2374
2 2375
2 2376
6 2377
8 2378
9 2379
10 2380
8 2381
6 2382
6 2383
3 2384
7 2385
7 2386
10 2387
6 2388
9 2389
2 2390
8 2391
10 2392
8 2393
13 2394
9 2395
10 2396
14 2397
15 2398
18 2399
12 2400
12 2401
13 2402
18 2403
14 2404
23 2405
11 2406
21 2407
17 2408
21 2409
31 2410
29 2411
17 2412
21 2413
26 2414
19 2415
18 2416
23 2417
29 2418
21 2419
33 2420
22 2421
34 2422
30 2423
19 2424
25 2425
36 2426
22 2427
30 2428
18 2429
24 2430
35 2431
26 2432
27 2433
24 2434
27 2435
30 2436
25 2437
21 2438
16 2439
30 2440
14 2441
19 2442
16 2443
20 2444
19 2445
17 2446
14 2447
14 2448
11 2449
11 2450
6 2451
12 2452
10 2453
13 2454
6 2455
10 2456
4 2457
4 2458
7 2459
4 2460
4 2461
5 2462
4 2463
2 2464
3 2465
4 2466
3 2467
1 2468
2 2469
2 2470
3 2471
2 2472
2 2474
3 2475
1 2476
4 2477
1 2478
1 2479
1 2481
3 2482
3 2483
2 2484
2 2485
1 2486
3 2487
1 2489
1 2490
1 2491
1 2493
1 2495
2 2496
1 2497
3 2498
5 2499
2 2501
2 2502
3 2504
3 2505
1 2506
2 2508
2 2509
3 2510
2 2511
1 2512
2 2513
1 2514
3 2515
4 2516
2 2517
1 2519
3 2520
2 2521
2 2522
3 2523
2 2524
2 2525
1 2526
4 2527
2 2528
2 2530
3 2531
2 2532
1 2533
3 2534
2 2535
1 2536
2 2537
3 2538
1 2539
2 2540
4 2541
2 2542
1 2543
3 2544
5 2545
4 2546
2 2547
4 2548
2 2549
6 2550
2 2551
4 2552
5 2553
2 2554
5 2555
4 2556
3 2557
3 2558
2 2559
7 2560
6 2561
2 2562
4 2563
7 2564
6 2565
7 2566
6 2567
8 2568
11 2569
6 2570
6 2571
7 2572
10 2573
8 2574
6 2575
6 2576
3 2577
5 2578
6 2579
4 2580
3 2581
9 2582
8 2583
6 2584
8 2585
4 2586
9 2587
8 2588
8 2589
9 2590
4 2591
7 2592
6 2593
4 2594
2 2595
2 2596
11 2597
2 2598
5 2599
4 2600
5 2601
8 2602
9 2603
1 2604
1 2605
1 2606
2 2607
3 2608
2 2609
3 2610
3 2611
2 2612
2 2613
1 2614
1 2615
1 2616
3 2617
2 2619
2 2620
3 2621
1 2623
2 2624
2 2625
1 2627
2 2628
1 2629
1 2630
1 2632
1 2633
1 2637
2 2638
2 2639
1 2640
2 2641
3 2642
1 2643
2 2646
1 2647
1 2648
2 2653
1 2656
1 2660
2 2663
2 2664
1 2667
1 2668
1 2669
1 2670
1 2672
1 2677
1 2678
2 2684
1 2686
2 2706
1 2709
1 2711
1 2714
1 2716
2 2717
1 2720
1 2721
2 2724
1 2727
2 2729
1 2730
1 2731
2 2733
1 2736
1 2737
1 2738
1 2742
2 2743
3 2744
1 2746
2 2749
1 2750
1 2751
1 2753
2 2757
2 2759
1 2762
1 2763
1 2764
1 2765
1 2773
1 2774
1 2797
1 2801
1 2823
1 2827
1 2837
1 2880
2 2892
1 2910
1 2923
1 2953
1 2954
2 2962
1 3003
1 3004
1 3027
1 3028
1 3048
1 3054
1 3071
1 3089
1 3093
1 3100
1 3103
1 3135
1 3140
1 3205
1 3245
1 3247
2 3286
1 3312
1 3362
1 3468
1 3480
1 3492
1 3548
1 3623
1 3683
1 3687
1 3732
1 3739
1 3830
1 3865
1 3917
1 3953
1 3955
1 3959
1 3962
1 3981
2 3993
1 4021
1 4022
1 4024
1 4033
1 4038
1 4048
1 4051
1 4062
1 4065
1 4066
1 4069
1 4070
1 4072
1 4073
1 4077
1 4080
1 4083
2 4084
1 4089
1 4090
1 4092
1 4094
1 4095
1 4099
1 4100
1 4106
1 4108
2 4109
1 4112
1 4114
1 4116
1 4119
3 4120
1 4122
1 4125
1 4128
1 4131
1 4132
1 4135
1 4139
1 4140
1 4146
1 4168
1 4244
1 4306
1 4795
1 4892
1 4995
