1 4
4 5
3 6
3 8
2 9
2 12
5 13
1 14
1 15
1 16
4 18
2 19
2 20
1 22
1 24
3 25
2 26
5 27
1 28
2 29
4 30
1 31
3 32
3 33
4 34
5 35
1 36
2 39
1 41
1 42
1 43
5 44
2 45
4 46
4 47
4 48
2 50
1 51
4 52
2 53
3 54
4 55
4 56
2 57
5 58
2 60
4 61
1 62
1 63
1 64
5 65
3 66
3 67
2 68
2 70
4 71
3 72
1 73
6 74
4 75
2 76
4 77
6 78
3 79
3 81
1 82
2 83
2 84
2 85
2 86
2 87
4 88
4 89
2 90
3 91
4 92
6 93
3 94
3 95
6 96
5 97
4 98
5 99
4 100
3 101
5 102
2 103
1 104
1 105
6 106
4 107
9 108
4 109
7 110
3 111
5 112
6 113
3 114
5 115
7 116
11 117
9 118
5 119
7 120
7 121
1 122
2 123
3 124
4 125
3 126
1 127
5 128
7 129
6 130
2 131
3 132
5 133
2 134
8 135
8 136
8 137
9 138
4 139
6 140
4 141
4 142
7 143
9 144
6 145
7 146
7 147
7 148
7 149
4 150
6 151
5 152
4 153
4 154
4 155
6 156
8 157
4 158
5 159
7 160
5 161
6 162
3 163
3 164
4 165
6 166
2 167
6 168
6 169
3 171
7 172
5 173
1 174
9 175
4 176
2 177
7 178
5 179
8 180
6 181
7 182
3 183
9 184
9 185
12 186
8 187
4 188
5 189
10 190
5 191
3 192
7 193
9 194
9 195
8 196
3 197
13 198
4 199
5 200
6 201
4 202
6 203
4 204
9 205
5 206
8 207
14 208
14 209
15 210
15 211
22 212
23 213
14 214
19 215
29 216
26 217
26 218
20 219
35 220
20 221
31 222
40 223
30 224
34 225
52 226
54 227
53 228
55 229
72 230
79 231
72 232
84 233
79 234
76 235
78 236
69 237
56 238
42 239
35 240
40 241
23 242
28 243
19 244
21 245
17 246
18 247
16 248
16 249
12 250
23 251
21 252
30 253
25 254
26 255
34 256
32 257
37 258
19 259
24 260
22 261
16 262
18 263
14 264
14 265
7 266
14 267
12 268
6 269
5 270
7 271
11 272
5 273
11 274
10 275
3 276
9 277
10 278
12 279
5 280
7 281
4 282
6 283
4 284
6 285
8 286
9 287
7 288
6 289
5 290
12 291
3 292
6 293
10 294
9 295
11 296
4 297
6 298
9 299
6 300
1 301
10 302
14 303
12 304
7 305
13 306
8 307
8 308
6 309
11 310
10 311
18 312
15 313
16 314
16 315
13 316
9 317
12 318
15 319
18 320
17 321
13 322
16 323
16 324
21 325
15 326
21 327
8 328
23 329
16 330
22 331
26 332
15 333
24 334
27 335
21 336
15 337
23 338
19 339
15 340
22 341
19 342
18 343
23 344
16 345
23 346
13 347
19 348
16 349
15 350
10 351
19 352
15 353
20 354
21 355
27 356
29 357
30 358
29 359
37 360
38 361
46 362
57 363
61 364
69 365
64 366
78 367
85 368
72 369
77 370
70 371
61 372
68 373
64 374
47 375
41 376
44 377
30 378
26 379
18 380
26 381
20 382
22 383
20 384
13 385
11 386
13 387
13 388
11 389
16 390
8 391
13 392
13 393
6 394
7 395
10 396
10 397
7 398
6 399
7 400
11 401
9 402
11 403
5 404
11 405
6 406
13 407
10 408
10 409
9 410
18 411
11 412
13 413
7 414
15 415
20 416
22 417
20 418
15 419
18 420
30 421
20 422
20 423
17 424
29 425
29 426
25 427
38 428
32 429
34 430
35 431
29 432
37 433
38 434
36 435
21 436
28 437
32 438
29 439
20 440
15 441
18 442
14 443
11 444
13 445
11 446
9 447
13 448
8 449
6 450
9 451
6 452
6 453
5 454
7 455
4 456
8 457
6 458
3 459
3 460
2 461
4 462
3 463
1 464
3 465
4 466
3 467
3 468
5 469
3 470
7 471
9 472
7 473
7 474
11 475
9 476
7 477
8 478
10 479
4 480
7 481
7 482
10 483
5 484
7 485
4 486
7 487
1 488
7 489
7 490
8 491
4 492
3 493
7 494
7 495
3 496
3 497
3 498
6 499
3 500
7 501
9 502
11 503
3 504
4 505
9 506
11 507
11 508
11 509
3 510
10 511
9 512
12 513
13 514
13 515
13 516
21 517
17 518
20 519
35 520
20 521
21 522
25 523
29 524
25 525
43 526
20 527
30 528
33 529
38 530
41 531
46 532
50 533
52 534
65 535
54 536
62 537
50 538
52 539
50 540
49 541
56 542
37 543
33 544
46 545
35 546
24 547
18 548
16 549
28 550
13 551
12 552
14 553
7 554
7 555
7 556
9 557
7 558
13 559
5 560
7 561
9 562
6 563
2 564
5 565
6 566
8 567
3 568
9 569
5 570
4 571
5 572
11 573
13 574
10 575
5 576
3 577
8 578
14 579
4 580
4 581
4 582
9 583
6 584
6 585
7 586
5 587
12 588
4 589
8 590
5 591
2 592
3 593
8 594
7 595
9 596
6 597
3 598
4 599
3 600
4 601
4 602
4 603
1 604
2 605
3 606
9 607
5 608
4 609
3 610
3 611
3 612
3 613
5 614
4 615
3 616
1 617
2 618
1 619
5 620
3 621
3 622
3 623
5 624
5 625
1 626
3 627
5 628
2 629
7 630
1 631
3 632
6 633
11 634
6 635
6 636
5 637
4 638
3 639
7 640
4 641
8 642
7 643
2 644
7 645
4 646
7 647
4 648
7 649
8 650
5 651
6 652
6 653
5 654
10 655
6 656
10 657
7 658
10 659
2 660
13 661
14 662
8 663
3 664
7 665
7 666
10 667
10 668
12 669
7 670
7 671
9 672
12 673
9 674
11 675
6 676
13 677
6 678
11 679
9 680
12 681
12 682
13 683
12 684
6 685
10 686
6 687
5 688
3 689
7 690
6 691
9 692
12 693
7 694
14 695
6 696
6 697
6 698
7 699
9 700
4 701
3 702
7 703
7 704
4 705
6 706
4 707
6 708
5 709
9 710
5 711
5 712
4 713
2 714
7 715
3 716
8 717
4 718
7 719
5 720
4 721
1 722
6 723
11 724
2 725
2 726
8 727
5 728
7 729
2 730
5 731
4 732
4 733
7 734
3 735
3 736
11 737
7 738
4 739
5 740
3 741
7 742
11 743
15 744
8 745
7 746
14 747
11 748
7 749
11 750
16 751
7 752
9 753
12 754
8 755
9 756
17 757
15 758
14 759
7 760
4 761
9 762
12 763
7 764
2 765
15 766
6 767
3 768
6 769
10 770
6 771
8 772
6 773
4 774
5 775
6 776
4 777
2 778
7 779
6 780
1 781
4 782
2 783
6 784
6 785
7 786
4 787
2 788
5 789
10 790
3 791
3 792
3 793
1 794
2 795
4 796
4 797
4 798
1 799
3 800
6 801
1 802
4 803
3 804
3 805
5 806
4 807
5 808
6 809
6 810
2 811
5 812
3 813
5 814
3 815
3 816
5 817
10 818
5 819
3 820
6 821
4 822
6 823
5 824
4 825
8 826
8 827
3 828
9 829
7 830
9 831
4 832
9 833
10 834
9 835
8 836
7 837
10 838
18 839
12 840
11 841
9 842
14 843
10 844
8 845
7 846
11 847
9 848
12 849
11 850
9 851
6 852
8 853
1 854
4 855
10 856
11 857
2 858
9 859
5 860
3 861
3 862
2 863
4 864
7 865
5 866
7 867
7 868
4 869
5 870
4 871
10 872
5 873
5 874
7 875
4 876
4 877
6 878
5 879
9 880
2 881
8 882
3 883
3 884
12 885
6 886
5 887
8 888
6 889
4 890
6 891
5 892
7 893
5 894
6 895
8 896
6 897
8 898
4 899
4 900
5 901
2 902
9 903
5 904
3 905
8 906
12 907
9 908
4 909
6 910
7 911
5 912
8 913
8 914
8 915
11 916
9 917
3 918
3 919
5 920
5 921
9 922
13 923
10 924
10 925
7 926
13 927
8 928
9 929
11 930
14 931
7 932
11 933
4 934
8 935
9 936
8 937
10 938
11 939
10 940
13 941
12 942
10 943
11 944
10 945
13 946
13 947
18 948
12 949
9 950
17 951
14 952
24 953
18 954
19 955
10 956
16 957
24 958
17 959
13 960
22 961
12 962
9 963
13 964
9 965
13 966
14 967
12 968
14 969
11 970
13 971
14 972
14 973
10 974
11 975
11 976
8 977
14 978
11 979
5 980
9 981
9 982
14 983
14 984
13 985
9 986
10 987
9 988
7 989
9 990
9 991
11 992
17 993
14 994
19 995
9 996
19 997
21 998
12 999
12 1000
16 1001
10 1002
12 1003
17 1004
14 1005
13 1006
15 1007
12 1008
16 1009
15 1010
10 1011
17 1012
13 1013
16 1014
21 1015
14 1016
22 1017
31 1018
21 1019
29 1020
28 1021
32 1022
24 1023
30 1024
22 1025
28 1026
28 1027
31 1028
30 1029
33 1030
36 1031
31 1032
28 1033
34 1034
32 1035
48 1036
30 1037
63 1038
39 1039
56 1040
56 1041
55 1042
64 1043
80 1044
55 1045
80 1046
70 1047
70 1048
88 1049
71 1050
79 1051
73 1052
80 1053
62 1054
88 1055
97 1056
90 1057
71 1058
91 1059
93 1060
102 1061
90 1062
111 1063
95 1064
78 1065
83 1066
79 1067
67 1068
97 1069
85 1070
87 1071
76 1072
77 1073
81 1074
99 1075
82 1076
101 1077
113 1078
100 1079
125 1080
132 1081
122 1082
138 1083
144 1084
166 1085
172 1086
184 1087
191 1088
202 1089
235 1090
240 1091
277 1092
265 1093
269 1094
284 1095
279 1096
277 1097
303 1098
253 1099
296 1100
289 1101
301 1102
285 1103
275 1104
250 1105
243 1106
215 1107
211 1108
211 1109
187 1110
174 1111
148 1112
125 1113
133 1114
118 1115
91 1116
96 1117
91 1118
61 1119
53 1120
41 1121
29 1122
38 1123
43 1124
32 1125
25 1126
22 1127
16 1128
16 1129
14 1130
8 1131
10 1132
17 1133
9 1134
17 1135
12 1136
10 1137
14 1138
13 1139
10 1140
14 1141
11 1142
9 1143
11 1144
11 1145
11 1146
12 1147
7 1148
10 1149
15 1150
11 1151
13 1152
10 1153
10 1154
12 1155
14 1156
14 1157
13 1158
12 1159
13 1160
12 1161
16 1162
18 1163
19 1164
11 1165
13 1166
25 1167
21 1168
15 1169
16 1170
27 1171
19 1172
19 1173
16 1174
18 1175
24 1176
27 1177
21 1178
38 1179
33 1180
31 1181
34 1182
28 1183
41 1184
23 1185
29 1186
43 1187
31 1188
44 1189
37 1190
35 1191
32 1192
37 1193
26 1194
27 1195
38 1196
32 1197
22 1198
15 1199
24 1200
25 1201
22 1202
13 1203
14 1204
11 1205
8 1206
16 1207
14 1208
7 1209
7 1210
7 1211
5 1212
15 1213
8 1214
6 1215
6 1216
7 1217
6 1218
4 1219
6 1220
7 1221
4 1222
2 1223
2 1224
3 1225
7 1227
4 1228
4 1230
2 1231
2 1232
1 1234
2 1235
5 1236
5 1237
4 1238
4 1239
5 1240
2 1241
5 1242
1 1243
4 1244
1 1245
2 1246
2 1248
5 1249
9 1250
2 1251
2 1252
1 1253
4 1254
1 1255
1 1256
6 1257
5 1258
3 1259
1 1260
3 1261
5 1262
2 1263
4 1264
2 1265
5 1266
4 1267
7 1268
5 1269
7 1270
2 1271
5 1272
8 1273
8 1274
5 1275
3 1276
3 1277
5 1278
5 1279
5 1280
4 1281
7 1282
8 1283
6 1284
7 1285
7 1286
4 1287
3 1288
7 1289
5 1290
8 1291
3 1292
6 1293
5 1294
10 1295
2 1296
6 1297
1 1298
5 1299
3 1300
2 1301
4 1302
4 1303
2 1304
2 1305
4 1306
3 1307
1 1308
4 1309
4 1310
1 1311
1 1312
4 1313
3 1314
5 1315
3 1317
2 1318
1 1319
1 1320
3 1321
5 1322
1 1323
2 1324
5 1326
7 1327
2 1328
4 1329
2 1330
3 1331
5 1332
2 1333
1 1334
4 1335
2 1336
3 1337
2 1338
4 1339
2 1340
1 1341
3 1342
5 1343
4 1344
4 1346
2 1347
5 1348
1 1350
4 1351
1 1352
6 1353
1 1354
2 1355
3 1356
2 1357
6 1358
1 1359
8 1361
4 1362
8 1363
4 1364
2 1365
6 1366
3 1367
1 1368
6 1369
6 1370
7 1371
2 1372
3 1373
7 1374
4 1375
6 1376
5 1377
4 1378
6 1379
9 1380
5 1381
1 1382
6 1383
3 1384
8 1385
7 1386
5 1387
11 1388
6 1389
8 1390
17 1391
13 1392
5 1393
7 1394
10 1395
10 1396
8 1397
10 1398
9 1399
12 1400
9 1401
20 1402
14 1403
10 1404
8 1405
11 1406
10 1407
10 1408
10 1409
9 1410
5 1411
8 1412
3 1413
16 1414
7 1415
8 1416
5 1417
10 1418
10 1419
4 1420
10 1421
5 1422
6 1423
6 1424
7 1425
8 1426
8 1427
6 1428
2 1429
2 1430
12 1431
3 1432
4 1433
2 1434
8 1435
1 1436
8 1437
4 1438
2 1439
1 1440
11 1441
10 1442
9 1443
4 1444
3 1445
8 1446
3 1447
2 1448
5 1449
5 1450
8 1451
6 1452
5 1453
6 1454
4 1455
9 1456
3 1457
6 1458
4 1459
3 1460
6 1461
7 1462
8 1463
2 1464
4 1465
5 1466
1 1467
7 1469
3 1470
2 1471
1 1472
1 1473
3 1474
4 1475
5 1476
4 1477
6 1478
2 1479
3 1480
6 1481
4 1482
2 1483
6 1484
8 1485
6 1486
2 1487
1 1488
6 1489
1 1490
1 1491
1 1492
6 1493
2 1495
4 1496
1 1497
5 1498
5 1499
1 1500
3 1501
3 1502
4 1503
5 1504
3 1505
3 1506
3 1507
2 1508
3 1509
1 1510
2 1512
4 1513
2 1514
4 1515
5 1517
3 1518
2 1519
3 1520
3 1521
10 1522
7 1523
6 1524
7 1525
2 1526
5 1528
3 1529
4 1530
2 1532
4 1533
2 1534
3 1535
5 1536
4 1537
1 1539
4 1540
5 1541
3 1542
1 1543
3 1544
3 1545
2 1546
3 1547
3 1548
2 1549
6 1550
6 1551
7 1552
4 1553
1 1554
2 1555
11 1556
6 1557
2 1558
5 1559
5 1560
7 1561
3 1562
6 1563
6 1564
5 1565
4 1566
2 1567
3 1568
9 1569
10 1570
4 1571
10 1572
5 1573
6 1574
5 1575
6 1576
6 1577
6 1578
3 1579
5 1580
9 1581
8 1582
5 1583
7 1584
12 1585
14 1586
13 1587
9 1588
8 1589
5 1590
14 1591
5 1592
6 1593
11 1594
9 1595
5 1596
5 1597
11 1598
6 1599
9 1600
9 1601
11 1602
14 1603
7 1604
11 1605
12 1606
12 1607
6 1608
13 1609
10 1610
17 1611
11 1612
12 1613
10 1614
12 1615
20 1616
7 1617
16 1618
10 1619
20 1620
12 1621
18 1622
20 1623
18 1624
10 1625
10 1626
25 1627
16 1628
17 1629
13 1630
15 1631
19 1632
18 1633
11 1634
18 1635
20 1636
20 1637
23 1638
21 1639
22 1640
12 1641
21 1642
23 1643
17 1644
21 1645
24 1646
27 1647
15 1648
14 1649
26 1650
24 1651
19 1652
19 1653
20 1654
16 1655
16 1656
19 1657
24 1658
13 1659
22 1660
18 1661
20 1662
21 1663
22 1664
13 1665
12 1666
26 1667
15 1668
20 1669
22 1670
21 1671
21 1672
21 1673
25 1674
22 1675
20 1676
21 1677
16 1678
19 1679
19 1680
21 1681
22 1682
18 1683
26 1684
24 1685
28 1686
29 1687
31 1688
28 1689
16 1690
28 1691
35 1692
31 1693
41 1694
33 1695
46 1696
41 1697
47 1698
57 1699
43 1700
44 1701
47 1702
70 1703
61 1704
52 1705
61 1706
69 1707
66 1708
77 1709
86 1710
62 1711
85 1712
73 1713
79 1714
81 1715
106 1716
107 1717
105 1718
110 1719
94 1720
105 1721
115 1722
112 1723
149 1724
127 1725
117 1726
125 1727
124 1728
115 1729
143 1730
126 1731
112 1732
122 1733
131 1734
131 1735
126 1736
115 1737
115 1738
109 1739
117 1740
110 1741
93 1742
94 1743
92 1744
87 1745
92 1746
77 1747
68 1748
70 1749
63 1750
74 1751
68 1752
61 1753
61 1754
46 1755
55 1756
49 1757
53 1758
47 1759
40 1760
42 1761
34 1762
36 1763
32 1764
32 1765
26 1766
26 1767
35 1768
29 1769
34 1770
29 1771
24 1772
22 1773
20 1774
25 1775
23 1776
21 1777
22 1778
17 1779
16 1780
14 1781
15 1782
15 1783
13 1784
15 1785
13 1786
17 1787
12 1788
15 1789
15 1790
10 1791
12 1792
17 1793
8 1794
10 1795
8 1796
6 1797
9 1798
5 1799
16 1800
10 1801
5 1802
14 1803
4 1804
6 1805
5 1806
8 1807
10 1808
5 1809
7 1810
6 1811
5 1812
5 1813
6 1814
4 1815
3 1816
2 1817
5 1818
3 1819
4 1820
6 1821
4 1822
7 1823
1 1824
3 1825
3 1826
2 1827
3 1828
6 1829
2 1830
5 1831
5 1832
9 1833
4 1834
4 1835
7 1836
7 1837
2 1838
4 1839
5 1840
6 1841
4 1842
1 1843
2 1844
8 1845
3 1846
3 1847
4 1848
10 1849
4 1850
3 1851
4 1852
8 1853
10 1854
5 1855
7 1856
6 1857
3 1858
3 1859
3 1860
7 1861
7 1862
5 1863
2 1864
6 1865
5 1866
5 1867
9 1868
8 1869
1 1870
8 1871
4 1872
10 1873
5 1874
12 1875
6 1876
10 1877
10 1878
10 1879
16 1880
10 1881
11 1882
6 1883
12 1884
11 1885
11 1886
14 1887
17 1888
25 1889
15 1890
16 1891
18 1892
24 1893
21 1894
18 1895
16 1896
27 1897
23 1898
25 1899
27 1900
25 1901
36 1902
26 1903
42 1904
30 1905
35 1906
37 1907
30 1908
38 1909
43 1910
42 1911
40 1912
64 1913
55 1914
42 1915
51 1916
52 1917
58 1918
61 1919
50 1920
62 1921
66 1922
62 1923
52 1924
50 1925
37 1926
61 1927
51 1928
50 1929
38 1930
49 1931
47 1932
54 1933
48 1934
55 1935
42 1936
35 1937
34 1938
33 1939
32 1940
37 1941
28 1942
25 1943
26 1944
16 1945
27 1946
19 1947
15 1948
12 1949
15 1950
12 1951
10 1952
11 1953
9 1954
15 1955
4 1956
2 1957
7 1958
11 1959
5 1960
5 1961
3 1962
4 1963
2 1964
5 1965
1 1966
1 1967
5 1968
2 1969
3 1970
2 1972
1 1973
3 1974
1 1975
1 1976
1 1978
2 1979
1 1980
2 1981
3 1982
1 1983
1 1986
2 1987
2 1988
1 1989
1 1990
3 1997
1 1998
1 2008
1 2019
2 2022
1 2023
2 2029
1 2031
1 2043
1 2055
1 2059
1 2067
1 2070
1 2071
1 2076
1 2078
1 2081
1 2092
1 2106
1 2137
1 2156
1 2158
1 2159
1 2163
1 2173
1 2206
1 2214
1 2226
2 2250
1 2251
1 2259
1 2261
1 2262
1 2280
1 2282
1 2283
1 2287
1 2291
1 2309
1 2313
1 2324
1 2330
1 2333
1 2340
1 2356
1 2361
1 2362
1 2363
1 2369
1 2375
1 2376
1 2398
1 2401
1 2410
1 2416
1 2417
1 2436
1 2461
1 2467
1 2470
2 2476
1 2484
1 2487
1 2494
1 2496
1 2497
1 2526
1 2528
1 2535
1 2560
1 2565
2 2571
1 2576
1 2581
1 2592
1 2593
1 2602
1 2607
2 2608
1 2615
1 2617
1 2624
1 2626
1 2627
1 2629
1 2630
1 2638
1 2642
1 2643
1 2647
1 2653
1 2657
2 2661
1 2662
1 2666
1 2670
1 2675
1 2731
1 2830
1 2834
1 2848
1 2874
1 2877
1 2911
1 2913
1 2939
1 2946
1 2961
1 3002
1 3015
1 3032
1 3035
1 3039
1 3040
1 3057
1 3085
1 3134
1 3136
1 3161
1 3183
1 3185
2 3194
1 3236
1 3324
1 3440
1 3708
1 3890
1 3933
1 4283
