1 1
1 2
2 4
2 5
3 7
1 8
1 10
1 13
3 14
1 15
1 17
1 19
1 20
1 21
2 23
1 25
1 26
1 27
1 28
1 29
1 32
1 35
1 37
2 39
1 40
1 41
2 42
2 43
1 44
3 45
2 47
2 48
2 49
1 51
1 52
1 55
1 56
3 57
1 59
4 60
1 62
1 63
3 64
2 65
2 66
1 67
1 69
1 70
2 71
2 72
1 73
3 74
2 75
1 76
1 78
1 79
1 81
2 82
1 83
2 84
1 85
2 86
1 87
2 88
1 89
2 91
1 92
1 93
2 96
2 97
2 98
1 99
2 100
2 102
1 103
4 104
2 106
4 108
1 109
1 110
1 112
2 113
4 115
1 116
3 117
3 118
3 119
3 120
1 121
2 122
3 125
4 127
1 128
2 129
1 132
1 133
2 135
5 136
1 137
1 138
2 140
3 141
1 142
2 144
1 145
1 148
2 149
8 151
1 152
3 153
3 154
1 155
2 157
1 159
4 160
3 161
2 162
2 163
1 164
3 165
2 167
3 168
3 170
2 171
2 172
3 173
3 174
3 175
1 176
1 178
7 179
5 180
1 181
4 182
3 183
3 184
2 185
2 186
4 187
2 188
3 189
3 190
2 191
2 192
1 193
4 194
4 195
2 196
4 197
2 199
1 200
2 201
3 202
3 203
3 205
2 207
3 208
2 209
1 210
1 211
3 212
1 213
2 214
4 215
2 216
3 217
1 219
3 220
4 221
1 222
4 223
2 224
5 225
1 226
3 227
8 228
2 229
5 230
4 231
4 232
1 233
3 234
3 235
3 236
4 237
3 239
3 241
5 242
2 243
5 244
1 245
5 246
2 247
1 248
1 249
2 250
3 251
5 252
2 253
3 254
1 255
3 256
5 257
1 258
5 259
3 260
4 261
3 262
3 263
3 264
2 265
4 266
2 267
2 268
4 270
6 271
4 272
6 273
1 274
6 275
1 276
5 277
2 278
5 279
6 280
8 281
3 282
6 283
6 284
4 285
8 286
5 287
8 288
7 289
8 290
7 291
10 292
5 293
7 294
12 295
11 296
10 297
14 298
9 299
6 300
6 301
8 302
7 303
5 304
2 305
7 306
6 307
8 308
4 309
10 310
8 311
12 312
9 313
7 314
14 315
14 316
10 317
11 318
17 319
10 320
10 321
8 322
13 323
9 324
7 325
6 326
12 327
8 328
9 329
13 330
7 331
8 332
9 333
12 334
13 335
6 336
10 337
24 338
19 339
21 340
17 341
28 342
27 343
27 344
34 345
34 346
35 347
43 348
45 349
49 350
63 351
52 352
63 353
77 354
83 355
70 356
93 357
98 358
107 359
102 360
96 361
91 362
82 363
58 364
68 365
57 366
37 367
29 368
22 369
33 370
23 371
19 372
13 373
16 374
9 375
16 376
12 377
12 378
8 379
9 380
12 381
6 382
10 383
15 384
11 385
13 386
11 387
16 388
12 389
14 390
30 391
20 392
17 393
15 394
24 395
13 396
24 397
28 398
15 399
31 400
18 401
27 402
19 403
21 404
28 405
19 406
20 407
23 408
14 409
18 410
29 411
25 412
11 413
15 414
22 415
27 416
22 417
21 418
24 419
26 420
34 421
42 422
44 423
43 424
39 425
46 426
56 427
56 428
57 429
86 430
86 431
98 432
103 433
122 434
108 435
127 436
129 437
136 438
115 439
99 440
110 441
104 442
73 443
93 444
74 445
76 446
69 447
45 448
45 449
36 450
42 451
31 452
28 453
33 454
28 455
29 456
25 457
28 458
19 459
19 460
27 461
31 462
17 463
29 464
18 465
21 466
22 467
22 468
16 469
22 470
21 471
10 472
17 473
20 474
12 475
28 476
15 477
13 478
21 479
14 480
11 481
10 482
16 483
13 484
12 485
13 486
9 487
7 488
9 489
16 490
7 491
6 492
14 493
18 494
13 495
13 496
12 497
19 498
14 499
17 500
18 501
26 502
29 503
20 504
25 505
34 506
42 507
42 508
47 509
33 510
39 511
49 512
47 513
51 514
46 515
50 516
44 517
46 518
54 519
54 520
45 521
55 522
37 523
31 524
40 525
41 526
30 527
26 528
27 529
16 530
19 531
16 532
19 533
9 534
10 535
12 536
16 537
14 538
5 539
17 540
8 541
6 542
5 543
8 544
11 545
11 546
13 547
10 548
12 549
6 550
14 551
11 552
11 553
12 554
10 555
19 556
19 557
12 558
15 559
18 560
13 561
21 562
20 563
24 564
22 565
25 566
32 567
30 568
31 569
43 570
33 571
52 572
32 573
46 574
50 575
51 576
76 577
87 578
89 579
102 580
109 581
99 582
118 583
129 584
147 585
150 586
169 587
186 588
159 589
183 590
227 591
204 592
192 593
200 594
193 595
213 596
163 597
197 598
182 599
135 600
143 601
106 602
88 603
82 604
67 605
68 606
43 607
35 608
40 609
30 610
29 611
20 612
20 613
19 614
11 615
13 616
11 617
12 618
7 619
5 620
9 621
11 622
5 623
5 624
4 625
8 626
10 627
6 628
8 629
5 630
6 631
3 632
12 633
7 634
6 635
3 636
4 637
5 638
9 639
7 640
7 641
4 642
3 643
4 644
11 645
2 646
7 647
5 648
5 649
8 650
4 651
3 652
6 653
5 654
5 655
5 656
6 657
4 658
6 659
9 660
3 661
7 662
10 663
11 664
8 665
5 666
8 667
4 668
7 669
7 670
7 671
8 672
7 673
8 674
7 675
4 676
5 677
6 678
7 679
11 680
4 681
2 682
5 683
5 684
6 685
9 686
5 687
8 688
5 689
7 690
8 691
8 692
12 693
8 694
4 695
5 696
6 697
8 698
1 699
7 700
12 701
13 702
8 703
19 704
11 705
6 706
13 707
19 708
16 709
13 710
16 711
12 712
20 713
22 714
21 715
23 716
13 717
28 718
19 719
32 720
37 721
40 722
34 723
40 724
38 725
37 726
52 727
62 728
62 729
71 730
71 731
87 732
100 733
113 734
116 735
121 736
119 737
159 738
160 739
161 740
207 741
224 742
234 743
219 744
261 745
273 746
280 747
274 748
303 749
295 750
258 751
270 752
257 753
243 754
267 755
221 756
200 757
186 758
164 759
179 760
164 761
130 762
134 763
116 764
98 765
98 766
74 767
85 768
58 769
74 770
56 771
33 772
42 773
27 774
39 775
21 776
31 777
23 778
22 779
28 780
22 781
28 782
19 783
14 784
16 785
15 786
21 787
15 788
18 789
12 790
9 791
13 792
13 793
14 794
12 795
13 796
16 797
18 798
7 799
10 800
11 801
6 802
5 803
16 804
6 805
9 806
9 807
7 808
9 809
5 810
9 811
5 812
4 813
5 814
3 815
4 816
7 817
5 818
4 819
3 820
8 821
1 822
6 823
3 824
6 825
5 826
4 827
4 828
6 829
10 830
7 831
5 832
7 833
3 834
4 835
4 836
2 837
11 838
8 839
2 840
10 841
6 842
6 843
5 844
10 845
5 846
10 847
7 848
7 849
11 850
17 851
13 852
19 853
14 854
10 855
8 856
11 857
14 858
14 859
16 860
20 861
12 862
18 863
20 864
14 865
25 866
23 867
24 868
28 869
22 870
32 871
33 872
36 873
27 874
32 875
37 876
41 877
39 878
47 879
41 880
39 881
45 882
51 883
52 884
49 885
55 886
47 887
53 888
45 889
46 890
43 891
58 892
40 893
35 894
40 895
37 896
24 897
37 898
27 899
26 900
20 901
22 902
19 903
22 904
17 905
20 906
18 907
15 908
17 909
20 910
12 911
17 912
6 913
11 914
15 915
10 916
6 917
9 918
9 919
7 920
8 921
2 922
5 923
7 924
2 925
3 926
3 927
1 928
5 929
3 930
2 931
5 932
1 934
4 935
2 937
4 938
1 939
3 941
2 942
2 943
3 944
4 946
2 947
2 948
3 949
1 951
2 952
1 953
2 954
2 955
3 956
1 958
3 959
2 960
1 961
4 962
1 964
1 965
1 966
1 967
5 969
1 970
1 971
2 972
2 973
1 974
1 976
1 977
3 980
2 981
1 982
2 984
1 985
3 986
3 987
1 988
1 991
1 993
1 994
1 997
2 998
1 999
2 1001
1 1004
2 1005
1 1007
1 1008
2 1009
2 1010
1 1012
1 1013
1 1015
1 1017
1 1022
1 1027
1 1028
1 1034
1 1042
2 1043
1 1048
2 1049
1 1050
2 1051
1 1053
2 1054
1 1057
1 1059
1 1060
2 1065
2 1066
1 1068
1 1069
1 1074
1 1075
1 1076
1 1079
1 1080
2 1085
1 1090
2 1092
1 1093
2 1094
1 1095
1 1099
1 1101
1 1103
1 1109
1 1115
1 1116
3 1118
1 1122
1 1125
1 1126
1 1127
1 1129
2 1131
1 1133
1 1137
1 1138
1 1139
1 1143
1 1151
1 1162
1 1163
2 1172
1 1174
1 1177
1 1179
1 1184
1 1186
1 1188
1 1190
2 1195
2 1199
2 1206
1 1208
1 1210
1 1211
1 1216
1 1217
2 1220
1 1221
1 1222
1 1228
1 1232
1 1237
1 1238
2 1241
1 1242
1 1246
1 1248
4 1251
1 1254
3 1255
1 1256
3 1257
1 1258
1 1264
1 1266
2 1267
2 1268
1 1270
2 1271
1 1272
3 1273
1 1274
2 1276
1 1278
2 1280
1 1281
1 1282
1 1284
3 1285
1 1286
1 1287
2 1288
2 1289
4 1290
2 1294
1 1295
1 1296
1 1297
1 1298
2 1299
1 1301
1 1302
3 1304
1 1306
1 1308
1 1310
1 1313
2 1315
1 1316
1 1317
1 1324
1 1325
2 1326
1 1332
1 1333
1 1334
1 1335
2 1337
1 1340
1 1343
1 1347
1 1350
1 1351
1 1352
1 1353
1 1356
2 1359
3 1360
1 1361
1 1364
2 1372
3 1373
1 1374
1 1375
1 1376
1 1377
1 1379
1 1380
1 1381
1 1382
3 1383
1 1384
2 1385
1 1387
1 1388
1 1390
1 1391
4 1393
1 1394
1 1398
1 1401
4 1402
2 1407
2 1409
1 1411
1 1413
4 1415
1 1416
3 1418
3 1419
3 1420
4 1421
1 1422
1 1423
3 1424
2 1425
1 1426
1 1428
2 1431
1 1432
2 1433
3 1434
1 1435
2 1436
2 1437
5 1438
2 1439
4 1440
3 1441
1 1442
3 1443
2 1444
3 1445
2 1447
3 1448
1 1449
2 1450
3 1451
2 1452
1 1453
2 1454
1 1456
1 1457
4 1458
2 1459
1 1460
3 1461
1 1462
1 1463
1 1464
2 1465
3 1467
1 1468
1 1469
1 1471
2 1474
1 1475
2 1476
2 1477
1 1478
1 1480
2 1481
2 1482
3 1483
1 1486
1 1487
1 1488
2 1489
2 1490
2 1491
2 1492
8 1495
2 1496
2 1497
1 1498
8 1499
3 1500
2 1501
4 1502
2 1503
2 1504
1 1505
2 1506
2 1507
4 1508
1 1509
4 1510
3 1511
4 1512
5 1513
8 1514
3 1515
2 1516
6 1517
5 1518
6 1519
3 1520
5 1521
6 1522
6 1523
4 1524
2 1525
6 1526
3 1527
7 1528
4 1529
2 1530
2 1531
1 1532
6 1533
5 1534
3 1535
6 1536
4 1537
3 1538
3 1539
6 1540
9 1541
2 1542
4 1543
6 1544
4 1545
6 1546
8 1547
8 1548
11 1549
11 1550
3 1551
5 1552
7 1553
3 1554
7 1555
12 1556
11 1557
5 1558
7 1559
7 1560
4 1561
11 1562
4 1563
6 1564
4 1565
5 1566
10 1567
10 1568
14 1569
6 1570
8 1571
12 1572
10 1573
13 1574
8 1575
8 1576
18 1577
9 1578
7 1579
12 1580
13 1581
10 1582
7 1583
11 1584
10 1585
10 1586
11 1587
16 1588
11 1589
19 1590
10 1591
15 1592
11 1593
12 1594
19 1595
13 1596
19 1597
25 1598
14 1599
22 1600
14 1601
17 1602
26 1603
19 1604
21 1605
24 1606
31 1607
23 1608
28 1609
20 1610
31 1611
31 1612
30 1613
31 1614
39 1615
38 1616
33 1617
26 1618
29 1619
36 1620
34 1621
32 1622
28 1623
29 1624
29 1625
28 1626
30 1627
23 1628
20 1629
24 1630
29 1631
17 1632
17 1633
10 1634
15 1635
15 1636
13 1637
17 1638
9 1639
8 1640
13 1641
6 1642
11 1643
7 1644
5 1645
7 1646
7 1647
4 1648
10 1649
5 1650
5 1651
4 1652
2 1653
4 1654
3 1655
4 1656
2 1657
3 1658
4 1659
1 1661
2 1662
2 1663
1 1666
1 1668
1 1671
1 1672
5 1673
3 1678
1 1682
1 1683
1 1701
1 1705
1 1706
1 1708
2 1710
1 1711
1 1712
2 1720
1 1721
1 1730
1 1738
1 1739
1 1740
1 1747
2 1749
2 1759
1 1765
1 1773
1 1774
1 1775
1 1778
1 1783
1 1785
1 1792
1 1794
1 1795
1 1805
1 1812
1 1825
1 1834
1 1836
1 1837
1 1840
1 1841
1 1842
1 1847
1 1851
3 1852
1 1854
2 1855
1 1857
1 1862
2 1865
1 1868
1 1871
2 1873
2 1875
1 1876
1 1883
3 1884
1 1886
2 1887
1 1890
2 1892
1 1893
1 1894
1 1896
1 1898
1 1899
2 1900
2 1902
3 1905
1 1911
1 1913
1 1914
1 1916
1 1917
1 1921
1 1922
1 1923
1 1926
2 1927
1 1928
3 1929
1 1933
1 1935
2 1939
1 1941
1 1942
1 1947
1 1948
1 1949
2 1952
1 1953
1 1954
1 1955
2 1958
2 1961
3 1962
2 1963
1 1965
2 1966
1 1968
2 1969
1 1970
1 1971
1 1973
1 1974
1 1975
1 1978
1 1979
2 1980
2 1981
3 1982
4 1983
3 1984
2 1985
2 1986
4 1987
1 1989
4 1990
3 1991
6 1992
2 1993
3 1994
2 1995
4 1996
3 1997
6 1998
4 1999
3 2000
4 2001
9 2002
2 2003
4 2004
5 2005
3 2006
8 2007
9 2008
5 2009
7 2010
5 2011
4 2012
6 2013
5 2014
5 2015
1 2016
8 2017
2 2018
7 2019
2 2020
3 2021
4 2022
8 2023
9 2024
7 2025
5 2026
2 2027
6 2028
4 2029
2 2030
5 2031
4 2032
3 2033
4 2034
3 2035
1 2036
2 2037
4 2038
2 2039
6 2040
3 2041
2 2043
1 2046
2 2047
2 2048
2 2050
1 2051
3 2052
1 2053
1 2055
1 2056
2 2057
2 2058
1 2061
2 2063
2 2064
2 2065
2 2066
2 2067
1 2069
1 2070
1 2071
1 2072
1 2073
2 2074
3 2076
2 2077
2 2078
2 2081
1 2083
1 2084
1 2085
2 2086
1 2089
1 2090
2 2091
1 2092
1 2093
1 2094
1 2095
1 2097
1 2099
2 2100
2 2101
4 2103
2 2104
2 2105
1 2106
2 2108
2 2109
2 2110
2 2113
1 2114
1 2116
1 2117
1 2118
1 2119
1 2120
1 2121
2 2123
1 2124
2 2125
2 2127
1 2129
1 2130
2 2131
1 2132
1 2136
1 2139
1 2140
2 2142
1 2143
2 2144
1 2147
2 2155
1 2160
1 2165
1 2166
1 2167
1 2172
1 2178
1 2182
1 2185
1 2190
1 2192
1 2206
1 2212
1 2222
1 2226
1 2227
1 2233
1 2237
1 2256
1 2302
1 2318
1 2323
1 2328
1 2338
1 2341
1 2354
1 2356
1 2365
1 2382
1 2387
1 2388
2 2391
1 2397
1 2399
1 2406
1 2408
1 2416
1 2431
1 2436
1 2437
2 2440
1 2448
2 2450
2 2451
1 2457
1 2461
1 2463
3 2464
1 2470
1 2471
1 2476
1 2477
2 2479
1 2486
1 2492
1 2493
1 2495
2 2496
1 2497
1 2503
1 2504
1 2518
1 2520
1 2521
1 2523
1 2524
2 2530
1 2560
1 2567
2 2576
1 2582
1 2616
1 2619
1 2620
1 2622
1 2623
1 2624
1 2630
1 2644
1 2649
1 2667
1 2671
1 2679
1 2680
1 2692
1 2694
1 2695
1 2702
1 2703
1 2712
1 2724
1 2738
1 2757
1 2764
1 2784
1 2788
1 2794
1 2804
1 2810
1 2824
1 2829
1 2843
1 2855
1 2881
1 2905
1 2923
1 2928
1 2944
1 2947
1 2960
1 2962
2 2970
2 2972
1 2976
1 2978
1 2981
1 2983
1 2985
1 2986
1 2989
2 3000
1 3003
1 3005
1 3007
1 3010
1 3012
1 3016
1 3019
1 3020
2 3021
1 3023
1 3029
1 3034
1 3041
1 3042
1 3043
1 3044
2 3046
2 3047
1 3048
1 3049
1 3050
1 3051
1 3053
1 3054
2 3055
1 3056
1 3057
4 3059
3 3061
2 3063
2 3064
3 3066
2 3067
2 3069
2 3070
4 3071
1 3073
1 3074
1 3075
1 3076
2 3077
4 3079
1 3080
2 3081
2 3082
3 3083
1 3084
1 3085
2 3086
2 3087
4 3088
2 3089
6 3090
1 3091
4 3092
1 3093
1 3094
4 3095
5 3096
2 3097
1 3098
2 3099
1 3100
7 3101
2 3102
2 3103
2 3104
3 3105
2 3106
3 3107
3 3108
3 3110
3 3111
1 3112
3 3113
4 3115
2 3116
1 3117
1 3118
1 3119
1 3120
2 3121
4 3122
2 3125
2 3126
1 3127
1 3129
2 3130
1 3133
1 3136
1 3137
2 3138
2 3139
2 3140
1 3142
2 3143
1 3145
1 3150
1 3153
1 3157
1 3159
1 3166
2 3169
1 3180
1 3194
1 3196
1 3199
2 3205
1 3210
1 3211
1 3214
1 3218
2 3219
2 3221
1 3222
1 3225
1 3229
1 3232
1 3239
2 3241
1 3242
2 3244
2 3246
2 3254
1 3262
1 3280
1 3281
1 3316
1 3336
1 3387
1 3418
1 3530
1 3746
1 3846
1 4202
1 4613
