1 5
1 7
1 8
1 9
1 15
1 16
3 17
1 19
1 20
1 22
1 25
1 29
1 31
1 33
1 34
1 35
1 36
1 37
2 38
1 39
1 40
2 41
1 42
1 43
1 44
1 45
1 48
2 49
1 50
1 51
1 52
1 53
1 54
2 56
2 57
1 58
1 59
2 60
1 61
1 62
2 64
1 65
2 66
5 67
2 68
5 69
2 70
1 73
2 74
2 75
2 76
1 77
3 78
2 79
2 81
1 82
3 83
2 84
1 85
1 86
4 87
4 88
1 90
1 91
1 92
2 93
2 94
3 95
4 96
1 97
3 98
2 99
4 100
1 101
5 102
2 103
3 104
3 106
3 107
4 108
2 109
1 110
2 111
4 112
2 113
2 114
2 115
5 116
5 117
6 118
2 119
2 120
2 121
3 122
3 123
1 124
1 126
1 127
1 128
10 129
6 130
2 131
3 132
4 134
2 135
3 137
1 138
3 139
2 140
4 142
4 143
3 144
2 145
2 146
1 147
1 148
3 149
8 150
4 151
4 152
1 153
1 154
1 155
2 156
1 157
2 158
5 159
1 160
2 161
1 162
1 163
4 164
1 165
3 167
3 168
2 169
1 170
2 171
2 172
3 174
5 175
2 176
1 177
2 178
1 179
5 180
3 181
2 182
1 183
4 184
4 185
6 186
4 187
6 188
1 189
5 190
1 191
5 192
2 193
3 194
9 196
3 197
4 198
6 199
6 200
9 201
9 202
8 203
6 204
10 205
8 206
8 207
5 208
5 209
8 210
15 211
5 212
11 213
12 214
14 215
9 216
9 217
8 218
14 219
13 220
12 221
15 222
17 223
13 224
17 225
25 226
25 227
17 228
25 229
43 230
36 231
48 232
41 233
41 234
39 235
38 236
32 237
16 238
20 239
23 240
16 241
13 242
21 243
15 244
8 245
14 246
10 247
15 248
2 249
14 250
20 251
15 252
18 253
23 254
24 255
23 256
29 257
8 258
21 259
19 260
12 261
9 262
9 263
9 264
8 265
7 266
6 267
4 268
7 269
5 270
5 271
2 272
7 273
4 274
7 275
1 276
5 277
2 278
3 279
3 280
4 281
5 282
3 283
10 284
4 285
4 286
4 287
2 288
4 289
4 290
2 291
3 292
6 293
9 294
4 295
4 296
1 297
10 298
8 299
7 300
6 301
5 302
8 303
5 304
4 305
8 306
11 307
9 308
5 309
6 310
9 311
10 312
4 313
11 314
9 315
7 316
12 317
5 318
12 319
15 320
11 321
7 322
15 323
14 324
13 325
18 326
7 327
13 328
12 329
5 330
7 331
4 332
4 333
9 334
12 335
7 336
11 337
14 338
9 339
5 340
13 341
11 342
7 343
15 344
5 345
12 346
10 347
9 348
9 349
7 350
6 351
10 352
23 353
9 354
18 355
20 356
24 357
14 358
23 359
33 360
35 361
33 362
59 363
47 364
51 365
54 366
67 367
68 368
60 369
54 370
63 371
60 372
52 373
43 374
30 375
29 376
28 377
22 378
15 379
23 380
18 381
14 382
11 383
10 384
14 385
9 386
11 387
11 388
8 389
9 390
9 391
9 392
10 393
6 394
3 395
8 396
5 397
8 398
4 399
3 400
5 401
6 402
4 403
5 404
6 405
5 406
5 407
5 408
11 409
7 410
5 411
9 412
15 413
10 414
17 415
11 416
17 417
19 418
20 419
17 420
14 421
17 422
28 423
27 424
24 425
20 426
25 427
32 428
32 429
34 430
35 431
28 432
32 433
29 434
31 435
28 436
30 437
20 438
21 439
15 440
19 441
23 442
13 443
13 444
9 445
13 446
12 447
5 448
4 449
7 450
3 451
9 452
4 453
4 454
4 455
3 456
3 457
5 458
11 459
6 460
5 461
7 463
11 464
8 465
8 466
13 467
9 468
13 469
10 470
10 471
11 472
14 473
7 474
7 475
9 476
9 477
6 478
8 479
10 480
5 481
3 482
5 483
11 484
8 485
4 486
8 488
2 489
2 490
2 491
1 492
3 493
4 494
6 495
4 496
2 497
4 498
6 499
7 500
2 501
3 502
3 503
7 504
10 505
5 506
4 507
10 508
7 509
7 510
10 511
11 512
12 513
11 514
17 515
12 516
19 517
16 518
14 519
14 520
23 521
20 522
18 523
34 524
21 525
21 526
31 527
33 528
42 529
39 530
36 531
38 532
47 533
45 534
49 535
45 536
48 537
42 538
44 539
39 540
42 541
36 542
46 543
33 544
27 545
25 546
20 547
22 548
18 549
12 550
13 551
15 552
11 553
7 554
5 555
1 556
5 557
5 558
7 559
2 560
7 561
6 562
8 563
5 564
1 565
3 566
5 567
7 568
10 569
7 570
4 571
6 572
8 573
4 574
4 575
2 576
2 577
1 578
2 580
5 581
4 582
3 583
3 584
6 585
2 586
2 587
3 588
4 589
3 590
1 592
1 593
9 594
3 595
3 596
5 597
2 598
3 599
3 600
3 601
2 602
1 603
6 604
3 605
2 607
3 609
2 610
2 611
4 612
3 613
2 614
3 616
1 617
6 618
2 619
2 620
3 621
1 622
3 623
1 624
3 625
6 626
3 627
3 628
2 629
3 630
2 631
3 632
2 633
1 634
3 635
4 636
5 637
4 638
3 639
4 640
1 641
4 642
4 643
9 645
3 646
3 647
5 648
4 649
3 650
2 651
4 652
4 653
2 654
6 655
2 656
7 657
9 658
7 659
8 660
8 661
10 662
3 663
4 664
11 665
8 666
9 667
5 668
2 669
9 670
3 671
4 672
7 673
6 674
2 675
6 676
9 677
5 678
4 679
5 680
7 681
3 682
4 683
1 684
3 685
7 686
4 687
2 688
2 689
2 690
4 691
3 692
2 693
2 694
3 695
4 696
4 697
2 698
1 699
5 700
2 701
2 703
2 704
1 705
1 706
4 707
1 708
1 709
3 710
5 712
3 713
2 714
2 715
2 716
1 718
5 719
2 720
2 721
2 723
1 724
1 726
4 727
4 728
3 729
2 730
5 731
1 732
5 733
3 734
8 735
2 736
3 737
4 738
8 739
5 740
7 741
7 742
3 743
5 744
6 745
3 746
12 747
3 748
3 749
12 750
6 751
9 752
8 753
9 754
9 755
7 756
8 757
5 758
8 759
7 760
6 761
4 762
5 763
6 764
8 765
5 766
5 767
3 768
4 769
5 770
1 771
2 772
4 773
4 774
6 775
3 776
4 777
3 778
1 779
2 780
6 781
4 782
2 783
2 784
1 785
2 786
1 787
1 788
2 790
4 791
2 792
2 793
3 794
1 795
1 796
2 797
3 798
4 799
1 800
2 801
1 802
1 803
2 804
5 805
3 806
4 807
3 808
3 809
6 810
4 811
3 813
4 814
2 815
3 816
5 817
4 818
4 819
3 820
3 821
8 822
6 823
1 824
6 825
5 826
6 827
5 828
3 829
10 830
8 831
9 832
10 833
6 834
5 835
9 836
11 837
6 838
10 839
10 840
10 841
3 842
9 843
5 844
11 845
7 846
1 847
7 848
5 849
5 850
7 851
8 852
2 853
5 854
5 855
3 856
8 857
4 858
4 859
2 860
5 861
3 862
4 863
2 864
5 865
4 866
2 867
1 868
5 869
5 870
3 871
3 872
4 873
3 874
6 875
6 876
2 877
3 878
2 879
5 880
6 881
1 883
5 884
2 885
2 886
1 887
3 888
5 889
2 890
4 891
1 892
5 893
2 894
2 895
2 896
1 897
3 898
3 899
1 900
5 901
3 902
5 903
8 904
2 905
3 906
6 907
2 908
1 909
2 910
8 911
4 912
6 913
4 914
7 915
6 916
5 917
7 918
3 919
4 921
6 922
4 923
4 924
3 925
2 926
4 927
6 928
8 929
1 930
4 931
1 933
7 934
5 935
3 936
5 937
8 938
8 939
7 940
7 941
8 942
8 943
8 944
6 945
6 946
7 947
10 948
9 949
8 950
7 951
9 952
6 953
6 954
7 955
5 956
6 957
8 958
12 959
7 960
8 961
6 962
7 963
3 964
9 965
9 966
8 967
4 968
3 969
4 970
8 971
4 972
5 973
5 974
5 975
10 976
4 977
5 978
3 979
6 980
5 981
8 982
5 983
4 984
9 985
7 986
4 987
4 988
3 989
8 990
4 991
2 992
3 993
6 994
6 995
8 996
4 997
6 998
4 999
9 1000
3 1001
6 1002
4 1003
8 1004
8 1005
15 1006
6 1007
11 1008
15 1009
13 1010
11 1011
17 1012
13 1013
14 1014
7 1015
11 1016
11 1017
15 1018
16 1019
16 1020
10 1021
10 1022
11 1023
11 1024
23 1025
15 1026
18 1027
16 1028
14 1029
17 1030
21 1031
17 1032
19 1033
22 1034
25 1035
24 1036
23 1037
12 1038
29 1039
24 1040
29 1041
39 1042
24 1043
27 1044
35 1045
29 1046
40 1047
37 1048
34 1049
42 1050
40 1051
43 1052
51 1053
53 1054
46 1055
38 1056
48 1057
49 1058
48 1059
42 1060
48 1061
46 1062
46 1063
41 1064
44 1065
38 1066
43 1067
37 1068
35 1069
48 1070
43 1071
34 1072
35 1073
26 1074
50 1075
65 1076
61 1077
58 1078
56 1079
48 1080
50 1081
74 1082
66 1083
72 1084
83 1085
90 1086
117 1087
104 1088
117 1089
105 1090
128 1091
114 1092
127 1093
131 1094
164 1095
120 1096
162 1097
156 1098
172 1099
135 1100
174 1101
153 1102
142 1103
124 1104
121 1105
120 1106
107 1107
100 1108
92 1109
102 1110
70 1111
75 1112
68 1113
66 1114
53 1115
58 1116
51 1117
38 1118
26 1119
32 1120
21 1121
28 1122
15 1123
13 1124
13 1125
12 1126
16 1127
13 1128
11 1129
11 1130
13 1131
10 1132
6 1133
6 1134
9 1135
7 1136
7 1137
5 1138
4 1139
10 1140
6 1141
6 1142
5 1143
8 1144
5 1145
5 1146
4 1147
8 1148
3 1149
8 1150
6 1151
7 1152
10 1153
6 1154
7 1155
7 1156
7 1157
7 1158
5 1159
3 1160
11 1161
13 1162
4 1163
5 1164
7 1165
11 1166
11 1167
16 1168
14 1169
10 1170
5 1171
5 1172
14 1173
16 1174
18 1175
16 1176
17 1177
13 1178
22 1179
20 1180
22 1181
19 1182
14 1183
15 1184
23 1185
22 1186
19 1187
18 1188
18 1189
16 1190
18 1191
15 1192
17 1193
13 1194
14 1195
18 1196
12 1197
9 1198
9 1199
11 1200
8 1201
13 1202
6 1203
11 1204
11 1205
4 1206
5 1207
5 1208
6 1209
7 1210
6 1211
5 1212
2 1213
3 1214
4 1215
1 1216
3 1217
5 1219
5 1220
2 1221
5 1222
4 1223
1 1224
2 1225
1 1226
1 1227
5 1228
4 1229
4 1231
1 1232
3 1233
4 1234
5 1235
2 1237
1 1238
3 1239
3 1240
4 1242
5 1243
6 1244
3 1246
5 1248
5 1249
4 1250
5 1251
9 1252
5 1253
4 1254
3 1255
4 1256
4 1257
7 1258
4 1259
5 1260
5 1261
5 1262
9 1263
5 1264
8 1265
9 1266
3 1267
3 1268
9 1269
5 1270
7 1271
9 1272
7 1273
6 1274
4 1275
10 1276
4 1277
6 1278
4 1279
12 1280
9 1281
2 1282
6 1283
5 1284
6 1285
11 1286
6 1287
5 1288
8 1289
7 1290
8 1291
9 1292
1 1293
6 1294
6 1295
8 1296
1 1297
7 1298
10 1299
6 1300
4 1301
7 1302
2 1303
4 1304
4 1305
3 1306
2 1307
4 1308
4 1309
3 1310
3 1312
1 1313
5 1314
2 1315
3 1316
1 1317
2 1318
1 1319
2 1320
1 1321
4 1322
1 1323
2 1324
1 1325
5 1327
2 1328
2 1329
2 1330
2 1331
1 1332
2 1333
2 1334
2 1335
3 1336
2 1337
3 1338
2 1339
3 1340
2 1341
2 1342
2 1343
3 1344
3 1345
1 1346
3 1347
3 1348
3 1349
3 1350
1 1351
2 1352
1 1354
4 1355
2 1356
1 1357
2 1358
2 1359
8 1360
7 1361
2 1362
2 1363
3 1364
3 1365
5 1366
4 1367
3 1368
2 1369
2 1370
1 1371
8 1372
3 1373
3 1374
3 1375
5 1376
3 1377
7 1378
9 1380
9 1381
2 1382
5 1383
8 1384
7 1385
8 1386
4 1387
11 1388
5 1389
12 1390
12 1391
11 1392
15 1393
11 1394
10 1395
11 1396
9 1397
11 1398
13 1399
14 1400
13 1401
14 1402
2 1403
11 1404
12 1405
10 1406
12 1407
10 1408
14 1409
8 1410
4 1411
7 1412
5 1413
7 1414
10 1415
5 1416
2 1417
4 1418
9 1419
7 1420
8 1421
5 1422
2 1423
6 1424
3 1425
5 1426
2 1427
7 1428
5 1429
3 1430
4 1431
6 1432
7 1433
2 1434
7 1435
4 1436
3 1437
2 1438
7 1439
5 1440
7 1441
5 1442
4 1443
7 1444
4 1445
8 1446
5 1447
7 1448
4 1449
3 1450
5 1451
4 1452
3 1453
3 1454
4 1455
4 1457
5 1458
5 1459
2 1460
4 1461
1 1462
5 1463
4 1464
4 1465
7 1466
1 1467
2 1468
2 1469
4 1470
11 1471
3 1472
2 1473
1 1475
2 1476
1 1477
2 1478
1 1479
2 1480
5 1481
2 1482
3 1484
1 1485
3 1486
4 1487
2 1488
1 1489
2 1490
1 1491
1 1492
2 1493
1 1494
4 1495
1 1496
1 1497
3 1498
1 1501
2 1502
1 1503
2 1505
2 1507
1 1508
1 1509
1 1511
1 1512
1 1513
1 1514
2 1515
2 1517
3 1518
4 1519
1 1520
3 1521
2 1522
1 1523
3 1524
2 1525
2 1526
2 1527
1 1528
3 1530
6 1531
2 1532
1 1533
6 1534
2 1535
3 1536
2 1537
4 1538
1 1540
2 1541
3 1543
3 1545
2 1546
2 1547
4 1548
4 1549
1 1551
6 1552
4 1553
2 1554
5 1555
2 1556
7 1557
3 1558
2 1559
2 1560
2 1561
6 1562
2 1563
2 1564
6 1565
2 1566
5 1567
5 1568
4 1569
3 1570
4 1571
2 1572
2 1573
5 1574
6 1575
3 1576
5 1577
6 1578
7 1579
7 1580
5 1581
5 1582
4 1583
8 1584
7 1585
6 1586
2 1587
10 1588
3 1589
5 1590
6 1591
4 1592
5 1593
7 1594
7 1595
6 1596
3 1597
10 1598
4 1599
7 1600
15 1601
7 1602
7 1603
7 1604
6 1605
4 1606
8 1607
4 1608
11 1609
9 1610
9 1611
6 1612
9 1613
3 1614
7 1615
5 1616
7 1617
8 1618
8 1619
11 1620
9 1621
14 1622
9 1623
12 1624
8 1625
9 1626
8 1627
10 1628
8 1629
10 1630
15 1631
6 1632
12 1633
12 1634
19 1635
16 1636
9 1637
6 1638
5 1639
12 1640
12 1641
14 1642
17 1643
10 1644
16 1645
16 1646
16 1647
22 1648
11 1649
15 1650
12 1651
11 1652
12 1653
14 1654
14 1655
13 1656
9 1657
15 1658
12 1659
15 1660
5 1661
7 1662
10 1663
11 1664
8 1665
11 1666
7 1667
14 1668
10 1669
10 1670
9 1671
4 1672
14 1673
9 1674
12 1675
11 1676
8 1677
11 1678
12 1679
14 1680
12 1681
16 1682
17 1683
12 1684
15 1685
16 1686
16 1687
24 1688
22 1689
12 1690
26 1691
18 1692
27 1693
26 1694
13 1695
32 1696
31 1697
27 1698
26 1699
33 1700
29 1701
28 1702
38 1703
34 1704
55 1705
47 1706
37 1707
50 1708
57 1709
55 1710
49 1711
43 1712
79 1713
69 1714
78 1715
61 1716
60 1717
51 1718
65 1719
49 1720
66 1721
75 1722
71 1723
73 1724
81 1725
71 1726
96 1727
107 1728
68 1729
90 1730
97 1731
99 1732
85 1733
72 1734
73 1735
75 1736
72 1737
72 1738
67 1739
67 1740
78 1741
60 1742
62 1743
49 1744
51 1745
64 1746
51 1747
49 1748
42 1749
45 1750
49 1751
38 1752
43 1753
29 1754
40 1755
46 1756
24 1757
24 1758
30 1759
25 1760
22 1761
30 1762
20 1763
23 1764
22 1765
17 1766
19 1767
23 1768
23 1769
17 1770
21 1771
30 1772
17 1773
23 1774
19 1775
17 1776
13 1777
14 1778
16 1779
21 1780
10 1781
10 1782
21 1783
10 1784
12 1785
13 1786
9 1787
11 1788
5 1789
9 1790
17 1791
12 1792
13 1793
10 1794
8 1795
5 1796
6 1797
9 1798
6 1799
8 1800
5 1801
6 1802
5 1803
7 1804
7 1805
7 1806
5 1807
7 1808
3 1809
7 1810
3 1811
5 1812
6 1813
6 1814
6 1815
8 1816
8 1817
7 1818
4 1819
4 1820
11 1821
6 1822
3 1823
6 1824
6 1825
6 1826
7 1827
7 1828
4 1829
12 1830
7 1831
7 1832
4 1833
6 1834
8 1835
6 1836
6 1837
3 1838
5 1839
9 1840
4 1841
10 1842
7 1843
6 1844
3 1845
6 1846
3 1847
9 1848
8 1849
3 1850
7 1851
1 1852
7 1853
7 1854
8 1855
10 1856
5 1857
7 1858
5 1859
13 1860
9 1861
7 1862
3 1863
8 1864
6 1865
1 1866
3 1867
4 1868
5 1869
2 1870
5 1871
7 1872
5 1873
7 1874
4 1875
7 1876
10 1877
5 1878
13 1879
14 1880
9 1881
6 1882
10 1883
8 1884
9 1885
6 1886
12 1887
12 1888
8 1889
11 1890
23 1891
13 1892
18 1893
15 1894
15 1895
15 1896
16 1897
14 1898
19 1899
23 1900
20 1901
18 1902
21 1903
16 1904
29 1905
32 1906
22 1907
33 1908
27 1909
29 1910
37 1911
48 1912
37 1913
42 1914
48 1915
49 1916
43 1917
56 1918
58 1919
45 1920
46 1921
41 1922
54 1923
35 1924
45 1925
46 1926
47 1927
38 1928
32 1929
35 1930
35 1931
40 1932
33 1933
37 1934
25 1935
30 1936
27 1937
23 1938
26 1939
13 1940
23 1941
21 1942
16 1943
14 1944
11 1945
18 1946
13 1947
13 1948
6 1949
11 1950
14 1951
7 1952
9 1953
7 1954
4 1955
3 1956
3 1957
7 1958
7 1959
3 1960
7 1961
4 1962
1 1963
2 1964
2 1965
2 1966
3 1967
3 1968
3 1969
4 1970
2 1971
1 1972
3 1973
1 1974
1 1978
1 1983
1 1990
1 1992
1 1993
1 1994
1 2003
1 2006
1 2008
1 2009
1 2017
1 2026
1 2031
1 2033
1 2039
1 2046
1 2052
1 2057
1 2061
1 2073
1 2084
1 2114
1 2116
1 2119
1 2131
1 2144
1 2156
1 2160
1 2161
1 2168
1 2175
1 2183
1 2187
1 2193
1 2194
1 2196
1 2197
1 2200
1 2202
1 2210
1 2218
1 2221
2 2229
1 2231
1 2233
1 2236
1 2260
1 2264
1 2274
2 2294
1 2295
1 2298
1 2301
1 2303
1 2315
1 2316
1 2317
1 2320
1 2323
1 2330
1 2342
1 2345
1 2350
1 2366
1 2384
1 2388
1 2391
1 2392
1 2409
1 2417
1 2434
1 2436
1 2437
1 2438
1 2443
1 2449
1 2455
1 2463
1 2465
1 2466
1 2469
1 2473
1 2474
1 2485
1 2488
1 2489
1 2493
1 2500
1 2504
1 2512
1 2513
1 2526
1 2535
1 2536
1 2545
1 2546
1 2557
1 2565
1 2569
1 2577
1 2579
1 2580
1 2583
3 2587
1 2588
1 2589
1 2591
2 2595
1 2597
1 2598
1 2599
1 2603
1 2604
1 2606
3 2607
1 2608
2 2609
1 2610
1 2613
1 2616
3 2617
1 2618
1 2619
1 2620
2 2621
2 2622
1 2623
1 2624
1 2625
2 2626
2 2628
2 2630
5 2631
2 2632
2 2633
1 2635
3 2636
3 2638
4 2640
1 2641
1 2642
1 2643
1 2645
1 2646
1 2649
1 2650
1 2652
4 2654
1 2655
1 2664
1 2665
1 2667
1 2668
3 2669
2 2670
1 2671
1 2675
1 2682
1 2688
1 2693
1 2700
1 2707
1 2739
1 2744
1 2821
1 2837
1 2844
1 2864
2 2866
1 2869
1 2890
1 2920
1 2922
1 2938
1 2948
2 2951
1 2965
1 2969
1 2970
1 2991
1 2993
1 3002
1 3006
1 3010
1 3034
1 3051
1 3068
1 3089
1 3106
1 3123
2 3169
1 3185
1 3216
1 3227
1 3235
1 3249
1 3251
1 3266
1 3294
1 3311
1 3376
1 3388
1 3434
1 3454
1 3505
1 3506
1 3556
1 3570
1 3625
1 3648
1 3680
1 3861
1 3898
1 3969
1 4128
1 4290
1 4492
1 4533
