1 1
1 9
1 11
1 15
1 16
1 22
1 23
1 27
1 28
2 29
1 33
1 34
1 35
2 37
1 38
1 40
2 42
2 44
2 46
1 48
1 50
1 51
3 54
2 55
1 58
2 59
2 60
3 61
1 62
2 64
1 65
3 67
1 69
3 70
3 71
2 72
1 75
1 76
1 77
1 79
2 80
1 81
1 82
4 83
1 84
1 86
2 87
2 88
1 92
1 93
1 95
4 96
2 97
1 98
1 99
4 100
2 101
1 103
2 104
1 106
2 107
1 109
1 110
3 111
4 113
2 114
2 115
2 117
4 120
1 121
1 122
2 124
1 126
1 127
1 128
1 129
1 131
3 132
1 133
2 134
1 135
2 137
1 138
2 139
2 140
1 141
1 142
1 144
2 147
1 148
2 149
5 150
2 151
3 152
3 154
2 155
2 156
1 157
4 158
4 159
2 160
2 161
1 162
1 163
6 164
2 166
2 167
2 169
7 170
2 171
3 172
2 173
1 174
4 175
3 176
1 177
1 178
1 179
2 180
2 181
3 182
5 184
2 185
2 186
8 187
7 188
2 189
6 190
10 191
13 192
9 193
17 194
11 195
19 196
14 197
21 198
20 199
7 200
13 201
14 202
10 203
4 204
5 205
5 206
6 207
3 208
4 209
5 210
2 211
1 213
4 214
2 216
3 217
2 218
3 219
3 220
1 221
3 222
2 223
1 224
5 225
1 226
1 227
3 228
1 229
1 230
1 231
6 232
1 234
1 235
2 236
2 237
3 238
1 239
2 240
2 241
3 242
3 244
5 245
2 246
2 247
3 248
4 249
5 250
2 251
1 252
3 253
2 254
3 255
2 256
7 257
2 258
3 259
1 260
2 261
4 262
3 263
3 264
9 265
5 266
4 267
4 268
2 269
6 270
2 271
2 272
4 273
3 274
4 276
4 277
8 278
6 279
4 280
3 281
3 282
5 283
3 284
1 285
4 286
2 287
8 288
2 289
4 290
6 291
6 292
8 293
4 294
4 295
8 296
1 297
4 298
7 299
9 300
7 301
13 302
10 303
6 304
13 305
10 306
13 307
6 308
13 309
12 310
7 311
9 312
9 313
8 314
8 315
7 316
9 317
9 318
9 319
9 320
13 321
8 322
13 323
22 324
12 325
12 326
11 327
10 328
10 329
14 330
9 331
11 332
12 333
11 334
12 335
8 336
9 337
9 338
3 339
5 340
6 341
8 342
5 343
5 344
5 345
3 346
8 347
7 348
6 349
8 350
11 351
8 352
8 353
7 354
4 355
6 356
7 357
3 358
5 359
9 360
4 361
3 362
3 363
10 364
5 365
5 366
6 367
5 368
11 369
6 370
4 371
5 372
7 373
6 374
1 375
8 376
10 377
6 378
7 379
11 380
7 381
12 382
8 383
4 384
4 385
4 386
5 387
10 388
5 389
9 390
7 391
4 392
8 393
1 394
6 395
8 396
13 397
6 398
6 399
8 400
5 401
2 402
2 403
5 404
6 405
11 406
4 407
6 408
11 409
6 410
7 411
9 412
11 413
12 414
13 415
11 416
9 417
15 418
8 419
12 420
10 421
19 422
24 423
16 424
31 425
22 426
23 427
27 428
24 429
40 430
41 431
52 432
57 433
63 434
53 435
53 436
48 437
74 438
50 439
49 440
47 441
39 442
52 443
41 444
33 445
26 446
26 447
23 448
21 449
22 450
15 451
17 452
11 453
13 454
14 455
13 456
8 457
18 458
13 459
19 460
14 461
10 462
10 463
15 464
14 465
13 466
6 467
8 468
8 469
14 470
12 471
10 472
12 473
12 474
2 475
8 476
9 477
7 478
3 479
5 480
3 481
4 483
4 484
5 485
3 486
6 487
6 488
2 489
6 490
3 491
2 492
9 493
10 494
7 495
7 496
9 497
9 498
9 499
13 500
10 501
9 502
11 503
10 504
10 505
13 506
9 507
18 508
14 509
12 510
20 511
19 512
23 513
18 514
17 515
14 516
20 517
33 518
27 519
19 520
16 521
22 522
24 523
17 524
24 525
27 526
35 527
19 528
22 529
17 530
20 531
16 532
19 533
15 534
15 535
19 536
11 537
12 538
9 539
7 540
6 541
4 542
10 543
5 544
8 545
5 546
3 547
8 548
3 549
5 550
3 551
2 552
1 553
3 555
2 556
2 558
2 559
1 560
1 561
2 562
3 564
3 565
1 566
4 567
3 569
2 571
2 573
1 574
2 575
1 576
1 578
4 579
3 580
1 581
3 582
2 583
2 585
5 586
1 587
4 588
7 590
4 591
4 592
7 593
2 594
4 595
5 596
2 597
8 598
5 599
2 600
3 601
6 602
3 603
4 604
10 605
7 606
2 607
5 608
6 609
4 610
6 611
2 612
5 613
2 614
2 615
2 616
1 617
6 618
3 619
1 620
3 621
3 622
1 624
1 625
3 626
3 628
2 629
1 630
1 631
2 633
6 634
2 635
2 637
1 638
2 639
3 640
1 641
3 642
2 643
4 644
2 645
2 646
1 647
5 648
6 649
5 650
1 651
6 652
4 653
4 654
6 655
3 656
5 657
4 658
7 659
8 660
6 661
8 662
8 663
7 664
8 665
6 666
6 667
3 668
2 669
5 670
5 671
2 672
8 673
2 674
3 675
4 676
1 677
5 678
7 679
5 680
2 681
1 682
4 683
1 684
5 685
4 686
3 687
2 688
9 689
3 690
3 691
5 692
2 693
1 694
4 695
5 696
3 697
5 698
4 699
5 700
3 701
5 702
3 703
4 704
1 705
3 706
5 707
3 708
1 709
1 710
4 711
2 712
5 713
3 714
6 715
2 716
3 717
1 719
3 720
6 721
4 722
3 723
1 724
2 725
1 726
6 727
2 728
3 729
3 731
1 732
1 733
2 734
2 735
3 736
3 737
2 738
4 739
1 740
3 741
5 742
5 743
3 744
1 745
3 746
3 748
3 749
2 750
4 751
2 752
3 753
4 754
2 755
5 756
4 757
3 758
2 759
1 760
4 761
1 762
3 763
3 764
5 765
4 766
3 767
2 768
9 769
5 770
1 771
1 772
5 773
8 774
3 775
5 776
9 777
7 778
6 779
3 780
7 781
6 782
2 783
5 784
2 785
4 786
4 787
4 788
6 789
12 790
9 791
8 792
9 793
9 794
10 795
2 796
9 797
7 798
5 799
2 800
2 801
2 802
2 803
6 804
5 805
2 806
3 807
2 808
3 809
5 810
3 811
2 812
3 813
3 814
3 815
2 816
7 817
10 818
6 819
5 820
6 821
5 822
2 823
6 824
4 825
7 826
5 827
7 828
2 829
1 830
12 831
7 832
5 833
13 834
6 835
11 836
6 837
6 838
13 839
4 840
10 841
16 842
7 843
6 844
8 845
9 846
15 847
6 848
13 849
11 850
10 851
9 852
14 853
15 854
19 855
13 856
15 857
16 858
14 859
13 860
20 861
13 862
14 863
10 864
10 865
17 866
18 867
17 868
15 869
24 870
9 871
11 872
11 873
9 874
10 875
7 876
10 877
7 878
12 879
13 880
14 881
7 882
6 883
12 884
16 885
8 886
8 887
15 888
18 889
10 890
16 891
15 892
17 893
15 894
12 895
14 896
24 897
15 898
21 899
23 900
21 901
18 902
24 903
16 904
26 905
13 906
18 907
18 908
14 909
20 910
16 911
16 912
12 913
9 914
10 915
3 916
8 917
8 918
5 919
9 920
2 921
1 922
6 923
6 924
4 925
6 926
6 927
2 928
5 929
1 930
2 931
3 932
2 933
4 934
1 935
2 936
2 937
1 938
4 940
2 941
2 942
1 944
1 946
1 947
3 948
4 951
1 952
2 953
1 954
2 955
1 956
1 957
2 958
2 959
2 961
2 963
1 967
1 968
1 969
1 972
1 973
1 974
1 975
1 976
1 980
1 981
1 982
2 983
1 984
1 985
2 986
1 988
1 989
2 992
3 995
2 996
1 999
2 1000
2 1001
2 1002
3 1005
1 1006
1 1010
1 1011
1 1012
3 1013
1 1015
3 1017
1 1018
2 1020
2 1022
2 1025
2 1029
1 1031
3 1032
1 1033
1 1036
2 1037
1 1039
1 1040
2 1042
1 1043
1 1048
1 1049
2 1050
1 1051
1 1056
2 1058
1 1059
2 1060
1 1065
2 1066
1 1067
2 1068
1 1069
1 1071
3 1072
2 1073
3 1075
3 1076
1 1077
1 1079
1 1080
4 1081
1 1082
2 1083
1 1086
2 1087
1 1088
1 1090
1 1091
4 1092
1 1093
4 1096
3 1098
2 1099
2 1100
3 1102
2 1103
2 1105
1 1106
3 1107
2 1108
1 1110
2 1111
2 1112
2 1113
3 1114
1 1116
2 1117
2 1118
2 1119
5 1120
1 1121
1 1122
1 1123
2 1124
3 1125
5 1126
1 1127
2 1129
2 1130
1 1131
2 1132
1 1136
2 1138
1 1140
2 1143
2 1144
3 1145
2 1146
1 1147
1 1148
4 1150
1 1151
2 1152
2 1153
3 1154
1 1155
1 1158
2 1159
2 1160
4 1161
5 1163
3 1164
3 1165
3 1166
2 1167
2 1168
2 1170
2 1171
3 1172
3 1173
3 1174
4 1175
2 1176
4 1177
2 1178
4 1179
4 1180
6 1181
6 1182
4 1183
7 1184
5 1185
8 1186
5 1187
8 1188
5 1189
1 1190
4 1191
3 1192
7 1193
3 1194
4 1195
4 1197
6 1198
4 1199
6 1200
1 1201
8 1202
1 1203
3 1204
2 1205
3 1206
4 1207
1 1208
2 1209
2 1210
2 1211
1 1212
2 1213
4 1214
4 1215
2 1216
1 1217
1 1220
2 1221
1 1222
2 1223
1 1224
2 1225
2 1226
2 1227
1 1228
2 1231
3 1232
3 1233
1 1234
1 1235
3 1236
3 1237
2 1238
3 1239
2 1240
2 1241
2 1242
3 1243
4 1245
2 1246
1 1247
1 1248
3 1249
1 1250
5 1251
4 1252
3 1253
4 1255
1 1257
4 1258
7 1260
3 1261
2 1262
4 1263
2 1264
3 1265
2 1266
2 1267
2 1268
6 1269
3 1270
1 1271
5 1272
2 1273
4 1274
7 1275
5 1276
5 1277
4 1278
7 1279
9 1280
10 1281
2 1282
7 1283
13 1284
7 1285
7 1286
5 1287
9 1288
7 1289
10 1290
9 1291
8 1292
11 1293
13 1294
11 1295
6 1296
12 1297
7 1298
13 1299
4 1300
10 1301
11 1302
9 1303
5 1304
10 1305
2 1306
7 1307
6 1308
5 1309
4 1310
8 1311
2 1312
4 1313
2 1314
2 1315
6 1316
2 1317
6 1318
3 1319
6 1320
3 1321
1 1322
3 1323
4 1324
2 1325
4 1326
6 1327
4 1328
2 1329
3 1330
1 1331
5 1332
2 1333
3 1334
1 1335
3 1336
4 1337
2 1338
3 1339
1 1340
3 1341
1 1342
2 1343
2 1344
4 1346
3 1347
2 1348
1 1349
3 1350
1 1351
3 1352
1 1355
6 1356
3 1357
2 1358
5 1359
6 1360
1 1361
4 1362
2 1363
2 1364
3 1365
4 1366
4 1367
3 1368
4 1369
4 1370
2 1371
4 1372
7 1373
6 1374
4 1375
1 1377
3 1378
2 1379
5 1380
4 1381
2 1382
1 1383
2 1384
3 1385
2 1386
2 1387
2 1388
3 1389
3 1390
3 1391
5 1392
1 1393
1 1394
1 1395
5 1396
4 1397
1 1399
3 1401
2 1402
1 1403
3 1404
1 1405
1 1408
2 1410
1 1412
3 1414
1 1415
2 1416
1 1417
1 1419
1 1420
1 1421
2 1422
3 1423
2 1424
3 1425
1 1426
4 1427
1 1431
2 1432
1 1433
2 1434
3 1435
1 1436
1 1437
4 1438
1 1439
2 1440
2 1441
2 1442
3 1444
4 1447
2 1448
1 1449
2 1450
1 1451
1 1452
3 1453
4 1454
1 1455
2 1457
2 1458
3 1460
3 1462
2 1463
2 1464
4 1465
3 1466
2 1467
2 1468
3 1469
1 1470
1 1471
1 1472
3 1473
2 1474
3 1475
3 1477
2 1478
4 1479
4 1480
5 1481
1 1482
1 1483
4 1484
3 1485
4 1486
3 1487
3 1488
2 1489
2 1490
2 1491
4 1492
1 1493
1 1494
3 1495
1 1496
2 1497
6 1498
2 1499
4 1500
4 1501
1 1502
1 1503
3 1504
1 1505
2 1506
4 1507
11 1508
6 1509
6 1510
8 1511
5 1512
6 1513
6 1514
6 1515
5 1516
4 1517
6 1518
6 1519
8 1520
7 1521
6 1522
8 1523
5 1524
11 1525
5 1526
14 1527
8 1528
16 1529
12 1530
7 1531
12 1532
14 1533
17 1534
11 1535
12 1536
16 1537
23 1538
17 1539
9 1540
15 1541
17 1542
11 1543
13 1544
18 1545
16 1546
14 1547
3 1548
11 1549
12 1550
14 1551
11 1552
9 1553
10 1554
10 1555
10 1556
12 1557
8 1558
4 1559
11 1560
7 1561
8 1562
5 1563
7 1564
4 1565
7 1566
9 1567
5 1568
4 1570
2 1571
3 1572
7 1573
4 1574
2 1575
3 1576
4 1577
2 1578
6 1579
3 1580
3 1581
1 1582
2 1583
3 1584
3 1585
3 1586
6 1587
1 1588
1 1589
4 1591
2 1594
2 1595
2 1596
2 1597
3 1598
1 1599
1 1600
2 1601
1 1602
2 1603
5 1604
3 1605
2 1606
2 1607
1 1608
1 1609
1 1610
3 1611
1 1612
3 1614
4 1615
1 1616
2 1618
1 1619
1 1620
1 1622
1 1623
1 1624
2 1625
5 1626
5 1627
1 1628
3 1629
4 1630
9 1631
4 1632
2 1633
1 1634
2 1635
1 1636
4 1637
5 1638
4 1639
7 1640
2 1641
4 1642
1 1643
1 1644
2 1645
4 1646
4 1647
4 1648
2 1649
7 1650
3 1651
3 1652
3 1653
4 1654
4 1655
3 1656
2 1657
5 1658
3 1659
3 1660
1 1661
6 1662
3 1663
4 1664
4 1665
2 1666
3 1667
3 1668
3 1669
3 1670
2 1671
3 1672
5 1673
1 1674
1 1675
2 1676
1 1678
1 1679
2 1680
2 1681
3 1683
2 1684
2 1686
1 1687
3 1689
1 1690
4 1691
2 1692
2 1693
1 1694
2 1695
1 1698
3 1699
1 1700
1 1701
2 1703
1 1704
1 1705
2 1706
1 1707
2 1708
3 1709
2 1710
1 1711
1 1712
2 1713
2 1714
3 1716
2 1717
1 1718
1 1719
1 1722
3 1723
1 1724
1 1725
2 1726
3 1727
1 1728
1 1729
3 1730
2 1732
6 1733
2 1734
4 1735
1 1736
3 1737
1 1738
2 1739
3 1740
3 1741
5 1742
2 1743
2 1744
2 1745
4 1746
2 1747
2 1748
3 1750
1 1751
1 1752
2 1753
2 1754
1 1755
2 1756
3 1757
5 1758
3 1759
4 1760
2 1761
4 1762
4 1763
1 1764
3 1765
5 1766
4 1767
5 1768
4 1769
7 1770
6 1771
1 1772
8 1773
3 1774
6 1775
8 1776
3 1777
7 1778
4 1779
6 1780
7 1781
11 1782
2 1783
3 1784
4 1785
7 1786
8 1787
6 1788
6 1789
6 1790
1 1791
5 1792
6 1793
2 1794
5 1795
8 1796
7 1797
3 1798
4 1799
4 1800
4 1801
9 1802
4 1803
3 1804
1 1805
5 1806
1 1807
3 1808
4 1809
4 1810
4 1811
4 1812
5 1813
4 1814
4 1815
2 1817
3 1818
2 1819
2 1820
4 1821
4 1822
4 1823
3 1824
3 1825
3 1826
2 1827
3 1828
1 1829
3 1831
4 1832
3 1833
2 1834
5 1835
4 1836
2 1837
3 1838
2 1839
2 1840
4 1841
5 1842
5 1843
5 1844
4 1845
3 1846
3 1847
6 1848
8 1849
3 1850
3 1851
9 1852
4 1853
3 1854
5 1855
6 1856
6 1857
5 1858
8 1859
10 1860
7 1861
8 1862
11 1863
6 1864
10 1865
6 1866
7 1867
10 1868
9 1869
4 1870
6 1871
15 1872
9 1873
16 1874
15 1875
10 1876
17 1877
11 1878
10 1879
7 1880
14 1881
15 1882
15 1883
13 1884
11 1885
15 1886
10 1887
11 1888
13 1889
7 1890
6 1891
18 1892
10 1893
8 1894
7 1895
4 1896
13 1897
10 1898
10 1899
11 1900
9 1901
8 1902
8 1903
8 1904
4 1905
8 1906
11 1907
7 1908
9 1909
8 1910
4 1911
7 1912
4 1913
2 1914
6 1915
1 1916
1 1917
2 1918
5 1919
3 1920
4 1921
1 1922
4 1923
2 1924
3 1925
3 1926
4 1927
1 1928
1 1929
2 1930
3 1931
2 1934
1 1935
1 1937
1 1938
1 1939
1 1940
2 1941
2 1942
2 1943
2 1944
1 1945
3 1946
1 1947
1 1948
1 1949
1 1950
2 1951
4 1952
3 1953
2 1954
2 1955
1 1956
3 1957
1 1960
1 1961
1 1963
3 1964
3 1965
2 1967
3 1968
3 1970
2 1972
1 1973
5 1974
2 1975
5 1976
1 1977
2 1978
1 1979
3 1980
1 1981
4 1982
1 1983
1 1984
2 1985
1 1986
1 1987
3 1989
2 1990
2 1991
1 1992
1 1994
1 1995
1 1996
3 1997
2 1999
1 2000
2 2003
1 2004
1 2006
1 2007
1 2012
2 2013
2 2014
2 2016
1 2018
1 2020
1 2022
1 2023
1 2024
2 2027
1 2030
1 2032
1 2038
1 2044
1 2048
2 2050
2 2052
2 2054
1 2056
1 2058
1 2060
1 2064
1 2065
1 2066
2 2067
1 2073
1 2075
1 2076
2 2077
1 2079
1 2080
1 2081
2 2087
2 2089
2 2093
3 2096
2 2097
1 2098
1 2102
1 2106
1 2108
1 2109
2 2112
2 2113
2 2114
1 2116
1 2119
2 2120
2 2123
3 2124
1 2125
1 2128
5 2129
1 2130
3 2131
1 2132
2 2133
1 2134
1 2138
1 2139
1 2141
1 2143
1 2146
1 2149
2 2150
1 2151
1 2153
2 2154
1 2156
2 2157
1 2158
1 2159
1 2160
1 2161
1 2164
1 2165
2 2166
2 2169
4 2171
1 2173
1 2174
2 2175
1 2176
1 2177
1 2178
3 2179
1 2180
1 2181
3 2183
2 2184
3 2186
1 2187
1 2188
1 2189
1 2190
2 2191
1 2195
2 2196
2 2200
1 2201
6 2203
3 2204
3 2205
1 2206
3 2208
5 2209
1 2210
1 2211
2 2212
1 2213
2 2214
1 2215
1 2217
4 2218
1 2219
3 2220
1 2221
2 2222
1 2223
1 2224
2 2225
5 2226
4 2227
5 2228
3 2229
2 2230
5 2231
4 2232
8 2233
3 2235
2 2236
7 2238
3 2239
1 2240
2 2241
2 2242
2 2243
1 2244
1 2245
3 2246
1 2247
6 2248
2 2249
4 2250
1 2251
3 2252
6 2253
1 2254
7 2255
4 2256
6 2257
3 2258
4 2259
4 2260
6 2261
3 2262
7 2263
6 2264
3 2265
6 2266
2 2267
5 2268
5 2269
9 2270
5 2271
3 2272
2 2273
7 2274
5 2275
3 2276
9 2277
8 2278
7 2279
5 2280
6 2281
7 2282
8 2283
7 2284
3 2285
6 2286
6 2287
8 2288
7 2289
11 2290
13 2291
17 2292
7 2293
10 2294
14 2295
10 2296
11 2297
11 2298
12 2299
8 2300
7 2301
12 2302
8 2303
14 2304
5 2305
6 2306
8 2307
4 2308
9 2309
3 2310
8 2311
10 2312
6 2313
7 2314
6 2315
13 2316
8 2317
4 2318
6 2319
5 2320
2 2321
10 2322
7 2323
5 2324
1 2325
6 2326
7 2327
5 2328
5 2329
11 2330
5 2331
2 2332
10 2333
4 2334
7 2335
7 2336
12 2337
5 2338
3 2339
9 2340
6 2341
6 2342
6 2343
7 2344
3 2345
7 2346
6 2347
11 2348
4 2349
7 2350
10 2351
9 2352
4 2353
9 2354
7 2355
8 2356
5 2357
9 2358
2 2359
5 2360
4 2361
8 2362
4 2363
10 2364
7 2365
8 2366
5 2367
10 2368
10 2369
7 2370
10 2371
12 2372
11 2373
12 2374
9 2375
7 2376
10 2377
12 2378
13 2379
13 2380
14 2381
11 2382
14 2383
18 2384
16 2385
17 2386
15 2387
17 2388
22 2389
17 2390
15 2391
19 2392
16 2393
30 2394
16 2395
16 2396
22 2397
25 2398
23 2399
10 2400
26 2401
26 2402
28 2403
13 2404
31 2405
30 2406
20 2407
20 2408
26 2409
23 2410
13 2411
15 2412
15 2413
25 2414
15 2415
14 2416
9 2417
14 2418
19 2419
13 2420
10 2421
12 2422
10 2423
14 2424
7 2425
11 2426
12 2427
7 2428
7 2429
4 2430
4 2431
4 2432
6 2433
3 2434
4 2435
1 2436
7 2437
1 2438
5 2439
2 2440
5 2441
2 2442
4 2443
4 2444
3 2445
1 2446
2 2447
2 2448
1 2449
3 2451
1 2452
1 2453
2 2454
1 2455
1 2457
1 2458
1 2463
3 2464
1 2465
1 2466
1 2467
1 2469
1 2470
2 2471
3 2473
2 2475
1 2478
2 2479
1 2480
1 2488
1 2489
1 2491
1 2493
1 2494
1 2502
1 2505
1 2508
1 2510
2 2511
2 2514
1 2515
1 2537
1 2541
1 2546
1 2547
1 2552
1 2555
1 2557
1 2559
1 2563
1 2567
1 2569
1 2572
1 2574
1 2575
2 2576
1 2582
1 2583
2 2586
1 2595
1 2596
1 2598
3 2600
1 2602
2 2603
1 2604
2 2609
1 2611
2 2618
3 2619
1 2622
1 2625
1 2626
1 2631
1 2632
1 2635
1 2637
2 2638
1 2639
1 2642
2 2643
2 2645
1 2646
1 2648
1 2649
1 2650
1 2651
3 2652
1 2657
1 2660
1 2661
2 2663
1 2666
1 2670
1 2671
1 2674
2 2675
1 2678
3 2679
1 2680
2 2681
1 2682
1 2683
2 2687
1 2690
2 2692
1 2695
1 2696
4 2697
1 2698
3 2699
1 2700
1 2702
1 2703
3 2704
1 2705
1 2706
1 2707
2 2708
2 2710
1 2711
1 2713
1 2715
1 2717
1 2718
1 2719
1 2723
1 2725
1 2726
1 2727
1 2729
1 2730
1 2732
3 2736
1 2737
2 2741
1 2742
1 2746
1 2749
3 2754
1 2755
1 2756
1 2758
1 2759
2 2763
2 2764
1 2765
1 2767
2 2769
2 2770
4 2773
2 2774
1 2775
2 2776
1 2778
2 2779
1 2780
1 2781
1 2787
1 2788
1 2791
1 2792
4 2793
3 2794
3 2795
2 2796
2 2797
1 2798
1 2799
2 2800
1 2801
1 2802
2 2803
3 2805
2 2807
3 2808
1 2809
4 2810
1 2812
5 2813
2 2814
2 2816
1 2818
3 2820
1 2822
2 2823
1 2825
1 2828
3 2829
1 2830
1 2831
4 2833
4 2834
2 2835
2 2836
2 2837
2 2838
2 2839
4 2840
2 2841
4 2842
6 2843
2 2844
5 2845
2 2846
2 2847
1 2848
1 2849
2 2850
1 2851
2 2852
1 2853
2 2854
2 2855
1 2856
2 2857
2 2858
3 2859
3 2860
2 2861
3 2862
3 2863
2 2864
4 2865
1 2866
2 2867
4 2868
3 2869
3 2870
4 2871
5 2872
2 2873
2 2874
6 2875
6 2876
5 2877
4 2878
2 2879
3 2880
3 2881
3 2882
8 2883
3 2884
4 2885
4 2886
3 2887
9 2888
3 2889
2 2890
4 2891
7 2892
1 2893
6 2894
4 2895
2 2896
3 2897
5 2898
2 2899
10 2900
7 2901
7 2902
7 2903
12 2904
4 2905
6 2906
3 2907
6 2908
7 2909
6 2910
5 2911
8 2912
11 2913
9 2914
6 2915
7 2916
8 2917
9 2918
7 2919
13 2920
7 2921
7 2922
10 2923
6 2924
7 2925
13 2926
7 2927
8 2928
12 2929
16 2930
8 2931
7 2932
9 2933
13 2934
10 2935
10 2936
8 2937
15 2938
16 2939
13 2940
14 2941
10 2942
13 2943
10 2944
9 2945
12 2946
8 2947
11 2948
15 2949
9 2950
9 2951
3 2952
10 2953
6 2954
10 2955
13 2956
9 2957
10 2958
10 2959
8 2960
12 2961
6 2962
7 2963
8 2964
5 2965
6 2966
4 2967
4 2968
6 2969
1 2970
5 2971
4 2972
4 2973
6 2974
5 2975
2 2976
4 2977
3 2978
2 2980
4 2981
2 2982
2 2983
2 2984
2 2985
1 2987
2 2988
2 2989
2 2990
1 2991
3 2992
2 2993
1 2994
2 2996
1 2998
2 2999
1 3000
1 3001
1 3002
1 3005
2 3007
1 3010
1 3011
1 3021
1 3022
1 3029
1 3043
1 3046
1 3047
1 3050
2 3057
1 3069
1 3070
2 3071
1 3077
1 3094
1 3095
1 3110
1 3119
1 3179
1 3184
1 3201
1 3214
1 3227
1 3255
1 3264
1 3267
1 3268
1 3271
1 3273
3 3288
2 3303
1 3306
1 3312
1 3318
1 3319
2 3323
1 3330
1 3333
1 3363
1 3366
1 3418
1 3449
1 3477
1 3534
1 3538
1 3549
1 3568
1 3584
1 3623
1 3648
1 3679
1 3693
1 3697
1 3717
1 3735
1 3741
1 3751
1 3757
1 3807
1 3846
1 3992
1 4005
1 4015
1 4022
1 4039
1 4046
1 4065
1 4098
1 4099
1 4112
2 4149
1 4151
1 4181
1 4214
1 4224
1 4225
1 4227
2 4244
1 4246
1 4268
1 4272
1 4273
1 4288
1 4292
1 4306
1 4314
1 4323
1 4324
1 4328
1 4334
1 4339
1 4360
1 4377
1 4379
1 4386
1 4442
1 4549
1 4578
1 4632
1 4656
1 4689
1 4936
1 4985
1 5081
1 5113
1 5152
1 5192
1 5235
1 5557
1 5677
1 6126
1 6350
