1 1
1 3
2 4
3 6
1 7
1 8
2 12
2 15
1 16
1 19
1 20
1 21
2 22
2 25
2 26
2 28
1 29
1 30
2 31
2 34
3 35
1 37
7 38
5 39
8 40
9 41
8 42
5 43
1 44
1 45
1 46
1 48
2 49
3 50
1 52
1 53
1 54
3 55
2 59
2 60
2 61
2 62
1 65
1 67
1 68
2 69
3 70
3 72
2 73
2 76
5 77
2 79
1 80
1 83
2 84
1 85
4 86
2 87
4 88
2 90
1 91
1 92
2 93
4 94
1 95
3 97
2 98
2 100
5 101
1 102
2 103
3 105
1 106
2 107
1 108
3 110
4 111
2 112
2 113
2 114
6 115
2 116
3 118
4 119
2 120
2 121
4 122
2 123
1 125
3 126
1 128
3 129
3 130
3 131
5 132
2 133
3 134
3 135
7 136
6 137
9 138
5 139
10 140
11 141
9 142
16 143
5 144
3 145
2 146
4 147
5 148
3 149
4 150
4 153
3 154
2 155
3 156
1 157
1 158
1 159
2 160
3 161
5 162
4 163
3 164
1 165
4 166
2 167
4 168
1 169
3 170
3 171
1 172
3 173
2 174
3 175
1 176
2 177
3 178
3 179
5 180
4 181
4 182
3 183
5 184
2 185
3 186
4 187
12 188
4 189
7 190
6 191
11 192
3 193
1 194
10 195
12 196
8 197
9 198
6 199
4 200
7 201
4 202
7 203
4 204
3 205
3 206
4 207
6 208
2 209
2 210
3 211
4 212
7 213
3 214
4 215
3 216
4 217
3 218
2 219
5 220
3 221
5 222
4 223
2 224
7 225
3 226
4 227
3 228
2 229
3 230
8 231
5 232
2 234
2 235
4 236
3 237
4 238
2 239
5 240
4 241
5 242
5 243
3 244
8 245
5 246
4 247
4 248
4 249
6 250
5 251
2 252
6 253
9 254
4 255
11 256
6 257
2 258
7 259
11 260
7 261
10 262
6 263
5 264
7 265
9 266
6 267
8 268
4 269
6 270
7 271
6 272
7 273
4 274
9 275
7 276
7 277
3 278
7 279
4 280
9 281
4 282
8 283
4 284
5 285
8 286
2 287
3 288
6 289
8 290
4 291
13 292
7 293
10 294
6 295
8 296
7 297
4 298
10 299
9 300
8 301
9 302
8 303
7 304
5 305
5 306
9 307
8 308
10 309
13 310
3 311
10 312
9 313
10 314
11 315
11 316
13 317
13 318
15 319
7 320
13 321
9 322
15 323
13 324
20 325
11 326
9 327
12 328
7 329
10 330
10 331
11 332
12 333
7 334
5 335
12 336
11 337
15 338
7 339
8 340
12 341
7 342
7 343
10 344
10 345
10 346
8 347
8 348
10 349
11 350
8 351
5 352
6 353
14 354
12 355
10 356
8 357
13 358
11 359
9 360
15 361
17 362
16 363
15 364
14 365
10 366
16 367
15 368
12 369
13 370
12 371
13 372
9 373
15 374
12 375
11 376
20 377
17 378
7 379
14 380
14 381
13 382
16 383
17 384
26 385
13 386
16 387
9 388
21 389
18 390
17 391
21 392
20 393
21 394
17 395
29 396
22 397
18 398
22 399
25 400
23 401
37 402
33 403
51 404
28 405
32 406
40 407
36 408
32 409
31 410
35 411
34 412
36 413
32 414
36 415
19 416
19 417
30 418
32 419
19 420
23 421
24 422
24 423
34 424
27 425
25 426
30 427
33 428
37 429
37 430
42 431
51 432
40 433
36 434
63 435
55 436
44 437
69 438
42 439
76 440
61 441
51 442
64 443
54 444
68 445
45 446
33 447
37 448
34 449
35 450
29 451
25 452
31 453
27 454
30 455
20 456
20 457
38 458
28 459
28 460
35 461
33 462
37 463
42 464
39 465
43 466
50 467
51 468
45 469
60 470
66 471
73 472
77 473
60 474
58 475
74 476
93 477
75 478
77 479
79 480
88 481
101 482
90 483
101 484
116 485
125 486
128 487
181 488
200 489
190 490
239 491
263 492
313 493
337 494
370 495
473 496
523 497
570 498
596 499
651 500
695 501
732 502
680 503
707 504
628 505
617 506
576 507
496 508
498 509
361 510
358 511
298 512
274 513
220 514
173 515
133 516
114 517
96 518
83 519
60 520
34 521
33 522
32 523
33 524
20 525
18 526
18 527
14 528
19 529
8 530
11 531
6 532
8 533
11 534
7 535
5 536
6 537
2 538
3 539
3 540
1 541
2 542
5 543
2 544
5 545
4 546
3 547
5 548
1 549
4 550
3 551
4 552
3 553
6 554
5 555
3 556
6 557
3 558
3 559
6 560
7 561
2 562
1 563
6 565
2 566
2 567
2 568
5 571
1 572
1 573
3 574
2 576
2 578
1 579
4 580
4 581
3 582
5 583
6 584
4 585
2 586
3 587
3 588
4 589
3 590
1 591
5 592
2 593
4 594
2 596
4 597
2 598
4 599
1 600
4 601
1 602
2 604
1 605
2 606
2 607
1 608
1 609
2 610
3 611
1 612
4 613
3 614
2 615
3 616
4 617
5 618
2 619
1 622
2 623
3 624
4 625
1 627
3 628
5 629
3 630
2 631
1 632
4 633
4 634
2 635
5 636
3 637
5 638
3 639
5 640
2 641
2 642
5 643
2 644
1 645
3 646
2 647
3 648
3 649
3 650
1 651
2 652
2 653
2 654
2 655
3 656
1 657
4 658
2 659
2 660
4 662
2 664
2 665
1 666
4 667
6 668
2 669
6 670
1 671
5 672
2 673
1 674
5 675
1 676
9 677
1 678
3 679
5 680
2 681
8 682
2 683
3 684
5 685
3 686
4 687
6 688
6 689
7 690
6 691
10 692
2 693
4 694
4 695
5 696
6 697
3 698
4 699
3 700
4 701
4 702
4 703
4 704
8 705
4 706
5 707
7 708
5 709
6 710
9 711
4 712
8 713
5 714
5 715
9 716
3 717
7 718
3 719
4 720
4 721
4 722
7 723
3 724
4 725
5 726
7 727
5 728
5 729
7 730
9 731
10 732
4 733
10 734
9 735
5 736
11 737
15 738
11 739
8 740
7 741
11 742
7 743
6 744
10 745
15 746
21 747
21 748
13 749
13 750
20 751
16 752
18 753
21 754
26 755
19 756
16 757
13 758
27 759
21 760
21 761
18 762
28 763
21 764
18 765
17 766
19 767
14 768
9 769
14 770
9 771
10 772
10 773
20 774
8 775
14 776
18 777
16 778
16 779
11 780
18 781
22 782
13 783
11 784
11 785
17 786
16 787
13 788
14 789
16 790
15 791
13 792
7 793
7 794
14 795
9 796
7 797
9 798
13 799
21 800
16 801
21 802
23 803
23 804
18 805
24 806
27 807
20 808
26 809
31 810
24 811
19 812
44 813
22 814
27 815
27 816
35 817
40 818
36 819
50 820
45 821
63 822
39 823
58 824
54 825
55 826
69 827
46 828
64 829
65 830
59 831
61 832
64 833
58 834
70 835
70 836
60 837
59 838
79 839
56 840
52 841
36 842
38 843
37 844
24 845
34 846
33 847
35 848
25 849
23 850
29 851
13 852
17 853
17 854
17 855
16 856
15 857
16 858
10 859
12 860
11 861
13 862
11 863
8 864
14 865
13 866
7 867
11 868
12 869
14 870
13 871
14 872
19 873
14 874
14 875
18 876
24 877
9 878
21 879
18 880
16 881
14 882
22 883
20 884
16 885
28 886
22 887
26 888
21 889
34 890
31 891
23 892
29 893
33 894
39 895
34 896
28 897
29 898
43 899
35 900
37 901
48 902
35 903
45 904
38 905
40 906
59 907
49 908
47 909
35 910
36 911
29 912
41 913
29 914
38 915
26 916
30 917
26 918
18 919
21 920
21 921
16 922
9 923
11 924
12 925
5 926
7 927
7 928
8 929
5 930
8 931
9 932
6 933
1 934
2 935
4 936
7 937
1 938
3 939
1 940
5 941
2 942
3 943
3 944
2 945
2 946
4 947
3 948
2 949
2 950
1 951
2 952
1 953
1 954
5 955
4 956
4 958
4 960
2 961
5 962
5 963
3 964
3 965
4 966
4 967
2 968
5 969
5 970
5 971
6 972
4 973
3 974
1 975
6 976
4 977
4 978
4 979
4 980
5 981
7 982
1 984
3 985
11 986
6 987
6 988
7 989
10 990
7 991
11 992
4 993
8 994
4 995
8 996
4 997
6 998
9 999
5 1000
4 1001
5 1002
2 1003
9 1004
6 1005
9 1006
2 1007
1 1008
7 1009
3 1010
3 1011
3 1013
2 1014
1 1015
2 1016
1 1017
4 1018
1 1019
1 1020
1 1021
1 1022
3 1023
2 1026
1 1027
1 1029
1 1031
2 1032
2 1033
2 1036
1 1038
1 1040
2 1041
1 1042
2 1044
1 1045
3 1046
1 1047
1 1048
1 1049
1 1050
3 1051
5 1052
1 1054
1 1055
2 1056
2 1057
4 1058
2 1059
2 1060
1 1061
2 1062
3 1063
3 1064
2 1065
2 1067
2 1069
1 1070
1 1071
6 1072
2 1073
1 1074
1 1075
6 1076
2 1077
2 1078
2 1079
2 1081
3 1082
2 1083
1 1084
2 1085
2 1086
1 1087
1 1088
3 1089
3 1090
2 1091
1 1092
1 1094
3 1095
4 1096
3 1097
4 1098
3 1099
1 1100
4 1101
1 1102
1 1103
4 1104
2 1105
2 1106
6 1108
2 1109
4 1110
1 1111
6 1112
2 1113
5 1114
1 1115
3 1116
3 1117
4 1118
3 1119
9 1120
5 1121
6 1122
4 1123
6 1124
8 1125
6 1126
5 1127
3 1128
4 1129
3 1130
3 1131
9 1132
5 1133
5 1134
4 1135
1 1136
3 1137
5 1138
3 1139
8 1140
2 1141
2 1142
4 1143
5 1144
2 1146
5 1147
3 1148
5 1149
3 1150
2 1151
2 1152
2 1153
4 1154
2 1155
5 1156
3 1157
1 1158
2 1159
2 1160
2 1161
1 1162
5 1163
2 1164
4 1165
4 1166
3 1167
3 1168
6 1169
3 1170
6 1171
2 1172
2 1173
6 1174
3 1175
4 1176
2 1177
3 1178
1 1179
2 1180
2 1181
5 1182
3 1183
4 1184
2 1185
3 1186
2 1187
2 1189
2 1190
6 1191
4 1193
2 1196
1 1198
1 1199
1 1200
2 1207
1 1209
2 1210
1 1211
1 1213
1 1214
1 1221
2 1223
1 1224
1 1225
1 1228
1 1229
1 1230
1 1235
1 1237
1 1239
1 1240
1 1246
1 1248
1 1249
1 1251
3 1254
2 1256
1 1257
1 1258
2 1261
1 1263
1 1266
1 1267
1 1268
1 1269
3 1271
1 1272
2 1277
1 1278
1 1279
1 1280
3 1282
1 1283
1 1286
3 1287
2 1295
1 1296
3 1299
3 1301
2 1302
1 1303
3 1304
2 1308
2 1309
1 1310
1 1313
1 1314
1 1317
1 1322
1 1324
1 1327
1 1328
2 1330
2 1331
2 1332
1 1334
1 1335
2 1336
1 1337
1 1340
1 1341
1 1342
1 1343
1 1345
4 1346
2 1350
1 1351
1 1353
1 1357
3 1358
1 1360
2 1363
1 1364
1 1366
3 1367
1 1368
2 1369
3 1370
1 1372
1 1373
1 1376
1 1377
1 1378
1 1384
1 1385
1 1387
1 1388
2 1389
2 1390
1 1391
1 1392
1 1393
2 1397
1 1398
2 1399
1 1401
1 1404
1 1406
1 1408
1 1409
1 1411
1 1412
1 1413
1 1414
1 1417
1 1419
2 1421
3 1422
2 1423
1 1424
2 1425
1 1426
2 1427
1 1428
2 1429
3 1430
1 1432
2 1433
2 1434
1 1435
1 1436
2 1438
2 1439
5 1440
2 1442
1 1443
2 1444
1 1446
3 1447
2 1448
1 1449
1 1450
1 1451
1 1453
1 1455
1 1456
1 1457
3 1458
1 1459
1 1460
2 1462
1 1463
1 1464
2 1465
2 1466
1 1467
1 1468
1 1469
3 1470
2 1471
2 1472
1 1473
4 1475
1 1476
2 1477
4 1479
2 1480
1 1481
4 1482
3 1484
4 1485
1 1487
2 1488
4 1489
3 1490
5 1491
1 1492
4 1493
3 1494
1 1495
1 1496
2 1497
5 1498
2 1499
4 1500
1 1501
2 1502
1 1503
4 1504
2 1505
2 1506
4 1507
1 1508
1 1509
1 1510
1 1511
2 1512
3 1513
4 1514
2 1515
2 1516
1 1517
3 1518
1 1519
3 1522
1 1523
1 1524
3 1525
1 1527
2 1528
3 1529
1 1530
1 1531
1 1532
2 1533
1 1534
2 1535
1 1536
2 1537
1 1538
2 1539
4 1540
1 1541
1 1542
2 1543
1 1544
1 1545
2 1546
2 1547
3 1548
1 1549
3 1551
1 1552
5 1553
1 1554
3 1556
2 1558
1 1559
3 1560
5 1561
3 1562
3 1564
1 1565
1 1566
1 1567
3 1568
4 1569
4 1570
3 1572
3 1573
1 1574
4 1575
1 1576
3 1577
1 1578
4 1579
2 1580
3 1582
3 1583
2 1584
2 1585
3 1586
2 1587
4 1588
1 1589
1 1590
1 1591
5 1592
4 1593
2 1594
2 1595
2 1596
6 1597
2 1598
1 1599
3 1601
1 1602
2 1603
3 1604
2 1605
2 1606
1 1607
1 1608
1 1611
1 1612
1 1614
2 1615
2 1616
1 1618
1 1620
2 1622
1 1623
1 1625
1 1626
3 1627
1 1628
2 1630
1 1631
1 1632
1 1633
1 1634
1 1638
5 1640
1 1641
2 1642
3 1644
1 1645
1 1646
3 1647
1 1648
2 1649
2 1650
1 1651
1 1652
2 1653
2 1654
1 1655
4 1656
2 1657
2 1663
3 1664
2 1667
2 1669
2 1670
1 1671
2 1672
2 1673
2 1674
2 1676
2 1677
1 1678
2 1679
1 1680
3 1681
5 1682
3 1683
1 1684
1 1685
3 1686
3 1687
2 1688
1 1689
4 1690
3 1691
1 1692
2 1693
1 1694
3 1695
1 1696
5 1697
1 1698
2 1699
2 1700
1 1702
2 1703
3 1704
2 1705
6 1706
2 1708
2 1709
1 1710
1 1711
2 1712
1 1713
2 1714
8 1715
1 1716
2 1717
2 1718
3 1719
1 1720
4 1721
2 1722
3 1723
3 1724
4 1725
6 1726
3 1727
4 1728
2 1729
2 1730
2 1731
3 1732
1 1733
2 1734
3 1735
1 1736
3 1737
9 1738
5 1739
3 1741
3 1742
2 1743
8 1744
4 1745
3 1746
2 1747
2 1748
5 1749
4 1750
3 1751
2 1752
7 1753
3 1754
5 1755
7 1756
6 1757
5 1758
5 1759
4 1760
3 1761
5 1762
4 1763
9 1764
9 1765
6 1766
8 1767
5 1768
6 1769
7 1770
4 1771
13 1772
4 1773
5 1774
6 1775
5 1776
10 1777
6 1778
3 1779
5 1780
9 1781
3 1782
7 1783
16 1784
7 1785
4 1786
6 1787
6 1788
5 1789
9 1790
11 1791
4 1792
10 1793
8 1794
17 1795
8 1796
7 1797
11 1798
8 1799
8 1800
11 1801
12 1802
11 1803
9 1804
16 1805
14 1806
3 1807
9 1808
4 1809
11 1810
11 1811
12 1812
9 1813
9 1814
11 1815
8 1816
8 1817
10 1818
6 1819
6 1820
9 1821
13 1822
6 1823
9 1824
10 1825
5 1826
11 1827
8 1828
6 1829
6 1830
9 1831
6 1832
11 1833
6 1834
6 1835
7 1836
7 1837
9 1838
7 1839
4 1840
8 1841
5 1842
6 1843
7 1844
5 1845
3 1846
3 1847
5 1848
3 1849
5 1850
5 1851
2 1852
6 1853
10 1854
6 1855
5 1856
4 1857
6 1858
4 1859
6 1860
4 1861
1 1862
6 1863
5 1864
2 1865
7 1866
7 1867
4 1868
6 1869
6 1870
6 1871
5 1872
6 1873
8 1874
8 1875
7 1876
9 1877
8 1878
16 1879
8 1880
9 1881
7 1882
10 1883
11 1884
6 1885
9 1886
6 1887
10 1888
15 1889
9 1890
10 1891
11 1892
12 1893
14 1894
12 1895
13 1896
13 1897
12 1898
9 1899
9 1900
12 1901
12 1902
13 1903
16 1904
11 1905
16 1906
14 1907
11 1908
13 1909
11 1910
14 1911
21 1912
13 1913
12 1914
26 1915
17 1916
9 1917
21 1918
24 1919
17 1920
25 1921
21 1922
21 1923
21 1924
29 1925
31 1926
26 1927
18 1928
29 1929
29 1930
31 1931
26 1932
48 1933
29 1934
43 1935
42 1936
37 1937
46 1938
44 1939
52 1940
56 1941
45 1942
53 1943
58 1944
65 1945
74 1946
62 1947
79 1948
67 1949
80 1950
89 1951
80 1952
67 1953
86 1954
86 1955
79 1956
87 1957
72 1958
90 1959
79 1960
74 1961
87 1962
81 1963
69 1964
78 1965
78 1966
79 1967
60 1968
53 1969
64 1970
56 1971
48 1972
50 1973
39 1974
36 1975
43 1976
31 1977
34 1978
32 1979
26 1980
25 1981
24 1982
24 1983
23 1984
20 1985
18 1986
13 1987
9 1988
6 1989
6 1990
15 1991
6 1992
9 1993
10 1994
6 1995
4 1996
9 1997
7 1998
6 1999
1 2000
5 2001
2 2002
1 2003
1 2004
2 2005
1 2006
2 2007
2 2008
1 2009
5 2010
1 2011
3 2012
1 2013
4 2015
1 2016
3 2017
3 2018
1 2019
1 2021
2 2022
1 2023
3 2024
1 2025
1 2026
1 2027
1 2030
1 2031
1 2032
1 2034
1 2038
1 2039
2 2046
2 2047
1 2048
2 2050
1 2054
1 2056
1 2057
1 2063
1 2064
1 2065
2 2066
1 2069
2 2071
1 2073
1 2075
1 2082
1 2087
1 2088
1 2089
2 2090
3 2091
1 2093
1 2094
1 2095
1 2096
2 2098
1 2099
1 2101
1 2102
1 2103
3 2104
2 2105
1 2107
1 2108
1 2110
2 2111
3 2113
3 2114
3 2116
1 2117
1 2118
1 2120
1 2122
2 2123
1 2124
3 2125
1 2126
1 2127
1 2130
2 2131
1 2133
1 2135
1 2136
1 2137
1 2138
1 2140
1 2144
4 2146
1 2150
1 2151
2 2152
1 2153
1 2156
3 2158
1 2160
1 2164
1 2167
1 2168
2 2170
2 2171
1 2172
1 2176
1 2178
2 2179
2 2180
2 2181
2 2182
1 2184
1 2186
2 2187
1 2188
1 2189
1 2192
2 2193
2 2194
2 2197
4 2202
1 2204
1 2206
2 2209
2 2210
3 2211
2 2213
2 2214
2 2215
2 2216
3 2217
2 2218
1 2219
1 2220
3 2222
1 2224
1 2225
2 2226
1 2227
2 2228
3 2229
2 2230
3 2231
3 2232
2 2234
2 2235
3 2236
1 2237
1 2238
5 2239
1 2240
2 2241
2 2242
2 2243
1 2244
4 2245
1 2247
3 2248
3 2249
4 2250
1 2251
3 2252
2 2253
1 2254
4 2256
7 2257
5 2258
3 2259
6 2260
5 2261
2 2263
7 2264
6 2265
1 2266
4 2267
3 2269
3 2270
3 2271
2 2272
3 2273
3 2274
2 2276
1 2277
8 2278
3 2279
3 2280
1 2282
4 2283
6 2284
2 2286
4 2287
2 2288
1 2289
3 2290
3 2291
2 2292
2 2294
1 2295
1 2296
1 2297
4 2298
5 2299
2 2300
1 2302
1 2303
6 2304
4 2305
1 2306
3 2308
2 2309
1 2310
3 2311
2 2312
1 2313
3 2314
3 2315
2 2317
3 2318
3 2319
2 2320
4 2321
2 2322
2 2323
1 2324
1 2325
2 2327
3 2328
2 2329
1 2330
2 2331
5 2332
3 2333
6 2334
3 2335
3 2336
2 2337
1 2338
3 2339
2 2340
1 2341
2 2342
3 2343
4 2344
4 2345
2 2346
4 2347
4 2348
3 2349
1 2350
1 2351
1 2352
3 2353
1 2354
2 2355
3 2356
7 2357
2 2358
4 2359
5 2360
1 2361
3 2362
4 2363
2 2364
2 2365
1 2366
8 2367
5 2368
6 2369
4 2370
3 2371
5 2372
6 2373
3 2374
6 2375
3 2376
4 2377
8 2378
4 2379
5 2380
9 2381
5 2382
12 2383
9 2384
3 2385
8 2386
5 2387
8 2388
9 2389
9 2390
10 2391
7 2392
9 2393
11 2394
13 2395
16 2396
17 2397
13 2398
8 2399
10 2400
22 2401
9 2402
20 2403
15 2404
21 2405
17 2406
15 2407
19 2408
24 2409
13 2410
20 2411
16 2412
24 2413
22 2414
36 2415
26 2416
31 2417
26 2418
28 2419
20 2420
20 2421
33 2422
34 2423
26 2424
22 2425
34 2426
29 2427
25 2428
28 2429
20 2430
27 2431
23 2432
24 2433
27 2434
18 2435
16 2436
22 2437
20 2438
17 2439
24 2440
17 2441
15 2442
13 2443
16 2444
20 2445
13 2446
13 2447
11 2448
16 2449
8 2450
11 2451
9 2452
10 2453
11 2454
5 2455
10 2456
7 2457
8 2458
3 2459
7 2460
1 2461
7 2462
4 2463
5 2464
3 2465
7 2466
4 2467
4 2468
3 2469
1 2470
2 2471
1 2472
1 2474
2 2475
3 2478
1 2479
1 2480
2 2482
2 2483
1 2484
2 2486
1 2487
2 2488
3 2489
2 2490
1 2491
1 2493
1 2494
2 2495
1 2496
3 2498
1 2499
2 2500
1 2502
1 2503
2 2505
1 2509
1 2514
1 2515
1 2516
1 2517
1 2518
1 2519
1 2520
2 2521
2 2522
3 2526
1 2528
1 2529
1 2531
2 2532
3 2535
3 2536
2 2537
1 2539
3 2540
1 2541
2 2542
1 2543
2 2544
3 2545
3 2547
1 2548
2 2549
3 2550
4 2551
2 2553
6 2554
3 2555
2 2556
4 2557
1 2558
4 2559
3 2560
4 2561
7 2562
4 2564
7 2565
6 2566
4 2568
4 2569
3 2570
5 2571
5 2572
3 2573
10 2574
7 2575
4 2576
7 2577
5 2578
5 2579
10 2580
8 2581
8 2582
6 2583
5 2584
2 2585
6 2586
6 2587
6 2588
5 2589
8 2590
7 2591
6 2592
6 2593
12 2594
8 2595
5 2596
10 2597
9 2598
5 2599
8 2600
7 2601
10 2602
3 2603
2 2604
9 2605
4 2606
1 2607
3 2608
5 2609
7 2610
2 2611
2 2612
4 2613
4 2614
7 2615
2 2616
3 2617
1 2618
2 2619
7 2620
3 2621
1 2622
1 2623
3 2624
1 2625
1 2627
1 2629
2 2630
1 2635
2 2639
1 2642
3 2645
1 2648
1 2652
1 2663
1 2667
1 2673
1 2680
1 2694
1 2696
1 2703
1 2716
1 2718
1 2720
1 2722
1 2723
3 2724
1 2726
2 2731
1 2733
3 2734
2 2735
1 2736
1 2738
2 2739
1 2740
2 2741
1 2742
1 2745
2 2746
2 2747
3 2748
1 2749
2 2750
2 2751
1 2752
1 2753
2 2754
1 2755
1 2756
1 2757
2 2758
1 2759
1 2761
1 2762
2 2763
2 2764
3 2766
1 2767
2 2768
1 2769
1 2773
2 2775
1 2778
2 2781
1 2782
1 2793
1 2797
1 2805
1 2807
1 2808
1 2819
1 2825
1 2839
1 2841
1 2856
2 2858
1 2874
2 2875
1 2879
1 2884
1 2894
1 2896
1 2897
2 2903
1 2904
1 2907
1 2911
1 2913
1 2915
1 2916
1 2924
1 2926
1 2927
3 2934
1 2936
1 2942
1 2947
1 2958
1 2970
1 2984
1 2987
1 3001
1 3014
1 3023
1 3025
1 3035
1 3041
1 3050
1 3058
1 3065
1 3069
2 3070
1 3071
1 3102
1 3111
1 3118
1 3143
1 3147
1 3166
1 3169
1 3232
1 3244
1 3262
1 3358
1 3381
1 3382
1 3388
1 3447
1 3455
1 3464
1 3493
1 3510
2 3583
1 3600
1 3603
1 3628
1 3658
1 3671
1 3684
1 3693
1 3723
1 3746
1 3784
1 3799
1 3801
1 3818
1 3838
1 3865
1 3867
1 3888
1 3895
1 3901
1 3921
1 3926
1 3933
2 3936
1 3937
1 3950
1 3951
1 3961
1 3965
1 3970
1 3974
1 3976
1 3981
1 3984
1 3986
2 3988
1 3990
1 4000
1 4003
1 4009
1 4011
1 4014
1 4018
1 4021
1 4022
1 4026
1 4033
1 4034
1 4035
1 4040
1 4041
1 4042
1 4043
1 4044
1 4045
1 4047
1 4048
2 4052
1 4054
1 4055
2 4056
1 4057
3 4058
1 4059
2 4060
1 4062
1 4063
1 4070
1 4071
1 4072
2 4073
2 4074
1 4077
1 4080
1 4081
2 4083
2 4084
2 4085
1 4086
2 4089
2 4091
1 4092
1 4093
1 4094
1 4096
1 4098
2 4101
2 4104
2 4109
1 4110
3 4111
1 4112
2 4113
1 4117
1 4118
1 4119
2 4121
1 4125
1 4129
2 4130
1 4133
1 4134
2 4135
1 4147
1 4150
1 4151
1 4158
1 4163
1 4167
1 4171
1 4188
1 4343
1 4702
1 4762
1 4790
1 4856
1 4970
1 5040
1 5057
