1 2
1 3
1 10
1 19
1 22
1 25
1 27
2 30
2 37
1 38
2 39
1 41
2 44
1 46
1 49
1 51
1 56
2 57
1 59
1 61
1 62
1 64
1 68
1 69
1 70
1 75
3 76
1 78
2 79
3 80
3 83
3 84
4 85
2 86
2 87
2 88
4 89
4 90
2 91
2 92
1 93
1 94
5 95
2 96
4 97
1 98
1 100
1 102
2 105
3 106
1 107
6 108
4 109
1 110
4 111
3 112
3 113
4 114
7 115
7 116
3 117
3 118
3 119
2 120
3 121
4 122
4 123
1 124
1 125
1 126
4 127
4 128
1 129
2 131
2 132
3 134
2 135
6 136
4 139
4 142
1 143
1 147
4 149
2 150
2 151
3 152
1 153
3 154
1 155
1 156
2 157
4 158
2 160
1 162
1 163
2 164
2 165
1 166
3 167
1 168
2 169
3 170
2 171
6 172
3 173
2 174
1 175
3 176
5 177
7 178
3 179
4 180
3 181
4 182
2 183
3 184
4 185
4 186
5 187
4 188
3 189
3 190
6 191
1 192
5 193
4 194
8 195
3 196
5 197
2 198
3 199
3 200
3 202
5 203
4 204
4 205
2 206
3 207
5 208
4 209
7 210
4 211
1 212
3 213
2 214
7 215
1 216
3 217
3 218
6 219
4 220
6 221
6 222
4 223
4 224
3 225
4 226
9 227
4 228
7 229
2 230
4 231
6 232
4 233
7 234
5 235
3 236
5 237
6 238
7 239
6 240
10 241
8 242
3 243
7 244
11 245
7 246
12 247
10 248
18 249
19 250
17 251
20 252
21 253
21 254
27 255
28 256
29 257
20 258
31 259
15 260
27 261
15 262
15 263
11 264
13 265
9 266
12 267
9 268
4 269
6 270
3 271
1 272
3 273
5 274
2 275
6 276
6 277
5 278
5 279
1 280
4 281
5 282
12 283
7 284
9 285
5 286
6 287
7 288
7 289
4 290
6 291
3 292
7 293
3 294
4 295
2 296
6 297
5 298
5 299
3 300
2 301
7 302
5 303
3 304
8 305
3 306
4 307
9 308
6 309
4 310
4 311
5 312
4 313
3 314
3 315
5 316
6 317
3 318
4 319
7 320
4 321
3 322
6 323
6 324
2 325
5 326
1 327
3 328
7 329
3 330
7 331
9 332
5 333
4 334
5 335
5 336
6 337
5 338
13 339
6 340
7 341
10 342
9 343
4 344
7 345
1 346
1 347
10 348
5 349
4 350
2 351
4 352
6 353
2 354
1 355
4 356
3 357
7 358
4 359
4 360
9 361
4 362
2 363
3 364
1 365
5 366
4 368
4 369
3 370
9 371
4 372
8 373
3 374
3 375
4 376
8 377
2 378
5 379
6 380
3 381
2 382
6 383
3 384
9 385
7 386
2 387
9 388
6 389
7 390
7 391
9 392
7 393
7 394
7 395
5 396
6 397
6 398
9 399
16 400
17 401
17 402
8 403
15 404
20 405
23 406
18 407
26 408
21 409
24 410
28 411
19 412
28 413
34 414
27 415
28 416
16 417
30 418
23 419
30 420
31 421
30 422
15 423
15 424
18 425
22 426
27 427
20 428
22 429
19 430
27 431
28 432
20 433
25 434
40 435
35 436
37 437
39 438
44 439
30 440
38 441
43 442
48 443
61 444
65 445
85 446
65 447
56 448
72 449
81 450
79 451
82 452
86 453
70 454
71 455
77 456
77 457
72 458
81 459
60 460
65 461
58 462
50 463
48 464
34 465
29 466
16 467
24 468
12 469
13 470
13 471
9 472
9 473
6 474
7 475
6 476
6 477
5 478
6 479
3 480
4 481
2 482
3 484
7 485
1 486
4 487
2 488
6 489
6 490
6 491
3 492
1 493
4 494
8 495
7 496
8 497
6 498
2 499
5 500
3 501
5 502
2 503
4 504
5 505
10 506
9 507
9 508
8 509
6 510
7 511
6 512
3 513
5 514
4 515
6 516
6 517
9 518
6 519
7 520
5 521
3 522
6 523
3 524
3 525
6 526
8 527
8 528
10 529
8 530
6 531
8 532
12 533
15 534
9 535
12 536
14 537
20 538
16 539
24 540
24 541
17 542
20 543
19 544
22 545
23 546
14 547
15 548
28 549
14 550
19 551
19 552
13 553
23 554
20 555
16 556
16 557
15 558
14 559
17 560
13 561
15 562
11 563
11 564
6 565
15 566
17 567
7 568
12 569
11 570
7 571
8 572
7 573
9 574
3 575
10 576
8 577
9 578
7 579
5 580
6 581
7 582
8 583
4 584
4 585
4 586
7 587
4 588
9 589
11 590
5 591
5 592
9 593
8 594
6 595
8 596
4 597
4 598
7 599
5 600
3 601
5 602
10 603
9 604
7 605
5 606
6 607
10 608
5 609
2 610
8 611
13 612
9 613
4 614
12 615
16 616
15 617
11 618
13 619
8 620
13 621
11 622
13 623
9 624
14 625
11 626
10 627
21 628
10 629
12 630
11 631
14 632
7 633
11 634
6 635
10 636
4 637
7 638
7 639
6 640
3 641
5 642
9 643
1 644
6 645
3 646
3 647
7 648
7 649
1 650
5 651
3 652
4 653
4 654
2 655
2 656
5 657
9 658
4 659
6 660
1 661
7 662
4 663
4 664
4 665
4 666
7 667
7 668
8 669
4 670
4 671
7 672
6 673
9 674
2 675
7 676
5 677
10 678
10 679
8 680
15 681
5 682
9 683
7 684
10 685
7 686
4 687
9 688
3 689
5 690
13 691
10 692
12 693
11 694
13 695
9 696
10 697
8 698
7 699
6 700
9 701
12 702
6 703
9 704
7 705
13 706
8 707
6 708
9 709
5 710
9 711
7 712
10 713
12 714
10 715
14 716
13 717
5 718
9 719
5 720
17 721
14 722
15 723
22 724
13 725
17 726
19 727
13 728
19 729
26 730
33 731
17 732
23 733
21 734
23 735
15 736
27 737
16 738
21 739
17 740
44 741
39 742
38 743
36 744
48 745
43 746
61 747
34 748
60 749
66 750
59 751
82 752
74 753
76 754
73 755
82 756
88 757
78 758
86 759
88 760
91 761
84 762
98 763
77 764
95 765
87 766
91 767
76 768
65 769
78 770
67 771
65 772
47 773
52 774
49 775
35 776
36 777
35 778
21 779
15 780
22 781
19 782
25 783
16 784
21 785
17 786
10 787
12 788
13 789
8 790
8 791
8 792
9 793
8 794
7 795
7 796
9 797
8 798
5 799
11 800
8 801
10 802
6 803
6 804
7 805
4 806
13 807
8 808
8 809
10 810
7 811
5 812
7 813
11 814
7 815
12 816
10 817
7 818
6 819
10 820
6 821
14 822
9 823
15 824
12 825
14 826
10 827
11 828
16 829
18 830
12 831
15 832
15 833
6 834
25 835
14 836
17 837
18 838
19 839
14 840
26 841
18 842
21 843
30 844
14 845
16 846
19 847
17 848
17 849
20 850
24 851
34 852
21 853
26 854
31 855
33 856
18 857
21 858
27 859
30 860
28 861
26 862
42 863
23 864
36 865
16 866
38 867
37 868
37 869
30 870
32 871
29 872
29 873
33 874
22 875
26 876
21 877
25 878
20 879
28 880
22 881
26 882
21 883
16 884
17 885
22 886
16 887
18 888
20 889
20 890
18 891
18 892
27 893
18 894
26 895
23 896
19 897
17 898
24 899
33 900
25 901
34 902
21 903
30 904
31 905
42 906
23 907
28 908
35 909
35 910
35 911
55 912
51 913
50 914
39 915
40 916
49 917
41 918
48 919
62 920
58 921
70 922
57 923
61 924
71 925
66 926
74 927
76 928
73 929
73 930
90 931
68 932
92 933
109 934
94 935
111 936
129 937
119 938
147 939
123 940
135 941
156 942
151 943
194 944
171 945
176 946
185 947
224 948
194 949
229 950
263 951
241 952
285 953
301 954
292 955
362 956
361 957
343 958
403 959
388 960
407 961
401 962
423 963
448 964
431 965
386 966
405 967
403 968
387 969
349 970
371 971
353 972
328 973
312 974
303 975
250 976
236 977
219 978
176 979
166 980
186 981
131 982
122 983
111 984
85 985
87 986
61 987
66 988
34 989
45 990
37 991
28 992
30 993
25 994
20 995
18 996
11 997
15 998
11 999
8 1000
7 1001
1 1002
6 1003
4 1004
1 1005
5 1006
2 1007
4 1008
2 1009
3 1010
3 1011
3 1012
2 1013
2 1014
1 1015
3 1016
3 1017
1 1018
2 1019
1 1021
1 1023
1 1024
2 1025
1 1027
3 1031
1 1033
1 1034
3 1036
1 1037
1 1038
2 1046
1 1047
1 1050
1 1057
2 1058
1 1061
1 1070
1 1071
1 1073
2 1076
1 1079
1 1080
1 1081
1 1082
1 1084
2 1093
1 1099
1 1103
1 1104
1 1105
1 1107
3 1109
1 1116
1 1117
1 1119
2 1120
1 1121
1 1123
2 1125
1 1126
1 1127
1 1130
1 1131
2 1132
1 1134
1 1135
2 1136
1 1137
2 1138
1 1139
1 1141
1 1142
3 1144
2 1146
4 1147
2 1149
1 1150
2 1151
1 1153
3 1154
2 1156
5 1157
2 1158
1 1159
5 1160
1 1161
2 1162
2 1163
2 1164
1 1165
2 1166
3 1167
2 1168
5 1169
2 1170
1 1171
1 1172
1 1174
1 1175
3 1176
1 1178
1 1179
1 1180
1 1181
2 1184
1 1187
2 1189
3 1190
1 1191
1 1194
1 1197
2 1199
2 1200
1 1201
1 1202
2 1203
1 1204
1 1205
3 1207
1 1209
1 1212
2 1214
1 1217
1 1218
2 1222
1 1223
3 1224
1 1225
1 1228
2 1229
1 1230
1 1231
1 1232
1 1233
1 1234
1 1235
2 1237
2 1238
1 1239
1 1240
2 1241
2 1243
4 1245
4 1246
4 1248
2 1250
1 1251
1 1252
2 1253
3 1254
2 1255
4 1256
3 1257
6 1258
1 1259
2 1260
2 1261
5 1262
3 1263
2 1264
3 1265
3 1266
3 1267
1 1268
3 1269
3 1270
3 1271
4 1272
3 1273
2 1274
2 1275
3 1276
1 1277
3 1278
5 1279
1 1280
1 1281
3 1282
1 1283
3 1284
1 1285
2 1286
1 1287
2 1288
2 1289
1 1290
2 1291
2 1292
1 1293
3 1295
2 1296
5 1297
3 1298
4 1299
4 1300
3 1301
2 1302
2 1303
3 1304
1 1305
3 1306
2 1307
3 1308
3 1309
2 1310
3 1311
3 1312
4 1313
3 1314
3 1315
1 1317
2 1318
2 1319
3 1320
2 1321
3 1322
1 1323
2 1324
1 1325
1 1326
1 1327
2 1328
2 1329
2 1330
2 1332
1 1333
1 1334
1 1335
1 1337
2 1338
1 1339
1 1341
1 1342
1 1344
1 1345
3 1346
1 1349
1 1350
2 1352
1 1355
1 1358
1 1359
1 1361
1 1371
1 1376
1 1378
1 1380
1 1382
1 1383
1 1387
2 1388
1 1390
1 1396
1 1398
1 1399
1 1400
1 1405
1 1407
1 1409
1 1413
1 1419
1 1421
1 1426
1 1429
1 1432
2 1438
1 1443
2 1446
3 1455
1 1457
1 1461
1 1466
2 1468
1 1469
1 1478
2 1480
1 1487
2 1491
2 1496
1 1497
2 1498
1 1500
1 1505
1 1506
1 1514
1 1516
1 1517
1 1520
1 1521
1 1522
1 1524
1 1535
1 1537
2 1539
1 1542
1 1544
1 1546
1 1548
1 1550
1 1551
2 1553
1 1558
1 1559
1 1560
1 1565
2 1569
1 1570
1 1571
1 1573
2 1574
1 1575
2 1583
1 1584
1 1586
2 1602
1 1603
1 1606
2 1610
1 1616
1 1619
1 1624
1 1631
1 1633
1 1635
1 1639
1 1640
1 1648
1 1653
2 1656
1 1660
3 1661
1 1662
2 1663
2 1665
2 1667
1 1668
2 1669
1 1673
1 1678
1 1679
1 1683
1 1686
1 1693
2 1695
1 1696
1 1697
1 1698
1 1700
1 1701
1 1702
1 1703
3 1704
2 1706
2 1708
2 1709
1 1710
1 1712
1 1713
1 1714
1 1718
1 1720
1 1721
3 1722
2 1726
1 1727
2 1728
1 1729
1 1731
2 1735
1 1741
1 1747
1 1748
1 1749
1 1758
1 1763
1 1765
1 1769
2 1771
1 1785
2 1787
1 1791
1 1798
1 1799
2 1809
2 1815
1 1816
1 1818
1 1819
1 1820
1 1821
1 1824
2 1827
1 1832
2 1833
1 1834
1 1839
1 1840
1 1844
2 1845
1 1847
2 1849
1 1858
1 1859
1 1861
1 1866
1 1867
2 1868
1 1869
1 1870
1 1871
2 1873
3 1874
1 1879
2 1881
1 1882
1 1884
2 1888
1 1889
2 1890
2 1893
1 1897
1 1898
1 1899
1 1903
1 1905
1 1909
2 1911
1 1912
2 1913
1 1914
2 1915
1 1917
1 1919
1 1920
1 1922
1 1925
1 1926
2 1929
1 1930
1 1933
2 1938
1 1940
1 1941
1 1944
1 1949
1 1957
1 1958
1 1962
1 1964
1 1970
1 1971
1 1972
1 1973
1 1978
1 1981
1 1990
1 1991
1 1993
2 1997
1 1998
1 2002
2 2009
2 2010
1 2011
2 2012
1 2019
1 2025
2 2027
1 2029
1 2034
1 2040
1 2045
2 2047
3 2048
1 2051
1 2055
1 2056
1 2057
1 2062
1 2063
1 2065
2 2066
1 2072
1 2074
2 2076
1 2077
1 2080
3 2081
1 2084
1 2087
1 2088
1 2089
3 2092
2 2094
1 2097
1 2100
1 2101
1 2104
1 2105
1 2106
2 2109
1 2111
2 2112
2 2116
3 2118
3 2120
1 2122
1 2123
2 2124
1 2125
1 2127
3 2129
1 2132
2 2133
2 2134
1 2136
1 2139
1 2141
1 2143
1 2145
1 2147
3 2148
1 2150
1 2152
1 2154
1 2156
2 2157
3 2158
1 2159
1 2163
2 2166
1 2169
2 2170
2 2171
4 2174
3 2175
1 2176
1 2177
3 2179
4 2183
4 2184
2 2185
4 2186
2 2188
6 2190
2 2191
2 2192
1 2193
3 2194
1 2195
2 2196
1 2197
5 2198
2 2199
2 2201
5 2202
2 2203
2 2204
3 2206
2 2207
5 2208
2 2209
5 2210
4 2211
4 2212
2 2213
4 2214
2 2215
4 2216
3 2217
2 2218
3 2219
1 2220
5 2221
2 2222
5 2223
6 2224
4 2225
3 2226
3 2227
3 2228
4 2229
2 2230
6 2231
4 2232
9 2233
1 2234
2 2235
2 2236
3 2237
6 2238
3 2239
5 2240
1 2241
6 2242
5 2243
3 2244
8 2245
6 2246
6 2247
4 2248
3 2249
6 2250
5 2251
3 2252
5 2253
9 2254
4 2255
9 2256
6 2257
5 2258
4 2259
9 2260
3 2261
7 2262
5 2263
3 2264
10 2265
6 2266
9 2267
11 2268
9 2269
7 2270
6 2272
7 2273
7 2274
1 2275
5 2276
5 2277
4 2278
7 2279
6 2280
7 2281
5 2282
2 2283
6 2284
5 2285
6 2286
6 2287
4 2288
7 2289
7 2290
6 2291
5 2292
8 2293
5 2294
10 2295
6 2296
7 2297
6 2298
6 2299
7 2300
7 2301
8 2302
8 2303
5 2304
10 2305
6 2306
3 2307
7 2308
8 2309
7 2310
1 2311
7 2312
4 2313
6 2314
5 2315
6 2316
6 2317
3 2318
8 2319
6 2320
7 2321
8 2322
9 2323
9 2324
7 2325
6 2326
8 2327
11 2328
8 2329
8 2330
9 2331
14 2332
14 2333
9 2334
14 2335
9 2336
10 2337
12 2338
3 2339
8 2340
9 2341
15 2342
11 2343
17 2344
13 2345
21 2346
12 2347
12 2348
18 2349
14 2350
21 2351
9 2352
21 2353
20 2354
10 2355
25 2356
20 2357
15 2358
17 2359
19 2360
23 2361
19 2362
29 2363
16 2364
18 2365
21 2366
17 2367
25 2368
25 2369
37 2370
20 2371
20 2372
16 2373
22 2374
22 2375
37 2376
29 2377
26 2378
18 2379
21 2380
19 2381
16 2382
18 2383
11 2384
13 2385
21 2386
16 2387
14 2388
11 2389
19 2390
16 2391
10 2392
12 2393
12 2394
13 2395
4 2396
15 2397
9 2398
11 2399
8 2400
5 2401
4 2402
5 2403
6 2404
12 2405
5 2406
12 2407
7 2408
2 2409
1 2410
1 2411
4 2412
5 2413
3 2414
2 2415
1 2416
5 2417
3 2418
4 2419
3 2420
1 2421
4 2422
2 2423
1 2424
2 2425
5 2426
2 2427
4 2428
6 2429
6 2430
3 2432
5 2433
1 2434
5 2435
2 2436
2 2437
1 2438
8 2439
6 2440
7 2441
7 2442
3 2443
2 2444
5 2445
2 2446
2 2447
6 2448
2 2449
4 2451
2 2452
6 2453
5 2454
7 2455
5 2456
4 2457
9 2458
4 2459
6 2460
14 2461
5 2462
9 2463
8 2464
6 2465
6 2466
7 2467
7 2468
8 2469
5 2470
7 2471
5 2472
10 2473
7 2474
4 2475
7 2476
4 2477
2 2478
10 2479
4 2480
6 2481
9 2482
7 2483
2 2484
4 2485
7 2486
5 2487
4 2488
3 2489
5 2490
3 2491
1 2492
1 2493
4 2494
8 2495
5 2496
1 2497
4 2498
1 2499
3 2500
1 2501
2 2502
1 2503
2 2504
3 2506
1 2508
1 2510
5 2512
2 2513
1 2514
2 2515
3 2517
1 2518
3 2520
2 2523
1 2524
2 2525
1 2526
1 2529
1 2531
1 2533
2 2535
1 2536
2 2538
3 2542
1 2543
2 2545
1 2546
2 2547
3 2548
1 2552
2 2553
1 2554
1 2556
1 2559
1 2561
2 2562
2 2563
5 2565
2 2566
1 2567
1 2568
1 2570
3 2571
5 2572
1 2573
3 2574
4 2575
3 2576
2 2578
1 2579
2 2581
2 2582
1 2583
4 2584
4 2585
1 2587
1 2588
2 2589
2 2590
2 2591
1 2592
1 2593
2 2594
1 2595
5 2596
5 2597
7 2598
4 2599
5 2600
5 2601
4 2603
5 2604
4 2605
2 2606
1 2607
2 2608
1 2609
5 2610
4 2611
1 2612
4 2613
4 2614
4 2615
3 2616
1 2617
2 2618
3 2619
1 2620
2 2621
6 2622
2 2623
5 2624
7 2625
9 2626
3 2627
4 2628
2 2629
3 2630
2 2631
3 2632
3 2633
4 2634
1 2635
6 2636
3 2637
1 2638
1 2639
4 2642
1 2643
1 2645
3 2646
2 2647
1 2648
1 2649
1 2650
1 2651
4 2652
1 2653
1 2654
2 2656
3 2658
1 2661
1 2662
1 2663
1 2667
1 2668
1 2669
2 2671
1 2673
1 2674
2 2675
2 2676
1 2679
1 2681
1 2686
2 2687
1 2689
1 2700
1 2707
1 2712
1 2715
2 2716
1 2717
1 2721
1 2722
1 2723
1 2724
1 2731
1 2734
1 2739
1 2767
1 2797
1 2821
1 2870
1 2890
1 2915
1 2940
2 2958
1 2963
1 2977
1 3022
1 3121
1 3195
1 3248
1 3652
1 3798
1 3990
1 4486
1 6557
