2 1
2 4
3 5
1 7
1 8
1 10
3 11
2 12
1 13
1 15
1 16
3 18
1 19
1 20
2 21
4 22
3 24
3 25
1 28
2 29
1 30
3 31
1 32
1 33
1 34
4 36
4 37
3 38
2 39
3 40
1 41
2 42
3 43
6 44
6 45
5 46
2 47
4 48
4 49
1 50
4 52
5 53
3 54
4 55
3 56
8 57
4 58
3 59
2 60
1 61
3 62
2 63
5 64
4 65
5 66
4 67
6 68
9 69
2 70
4 71
4 72
6 73
4 74
4 75
3 76
2 77
3 78
2 79
4 80
4 82
4 83
3 84
3 85
4 86
4 87
2 88
2 89
2 90
1 91
2 92
2 93
1 94
1 95
4 96
3 97
1 98
4 99
5 100
3 101
4 102
8 103
5 104
4 105
2 106
3 107
2 108
2 109
6 110
2 111
2 112
5 113
4 114
2 115
5 116
2 117
1 118
6 119
6 120
1 121
3 122
7 123
3 124
4 125
2 126
4 127
3 129
5 131
2 132
6 133
4 134
4 135
3 136
4 137
7 138
6 139
2 140
4 141
3 142
2 143
5 144
7 145
4 146
2 147
3 148
4 149
2 150
9 151
3 152
4 153
1 154
5 155
2 156
6 157
6 158
5 159
2 160
5 161
5 162
5 163
8 164
6 165
5 166
7 167
7 168
5 169
7 170
7 171
4 172
6 173
4 174
2 175
5 176
2 177
9 178
2 179
5 180
3 181
4 182
10 183
3 184
4 185
7 186
7 187
8 188
2 189
8 190
12 191
7 192
4 193
8 194
3 195
8 196
9 197
11 198
8 199
11 200
8 201
10 202
11 203
5 204
5 205
10 206
5 207
8 208
4 209
6 210
8 211
7 212
7 213
2 214
6 215
7 216
5 217
5 218
7 219
7 220
7 221
8 222
7 223
8 224
5 225
3 226
9 227
9 228
4 229
9 230
6 231
14 232
9 233
6 234
7 235
6 236
10 237
7 238
4 239
5 240
11 241
5 242
6 243
14 244
5 245
9 246
16 247
8 248
5 249
8 250
6 251
10 252
12 253
5 254
4 255
6 256
8 257
6 258
7 259
9 260
9 261
14 262
8 263
15 264
9 265
9 266
7 267
9 268
7 269
8 270
14 271
6 272
7 273
12 274
12 275
10 276
8 277
19 278
14 279
17 280
15 281
12 282
17 283
13 284
17 285
16 286
22 287
21 288
20 289
23 290
24 291
23 292
40 293
32 294
27 295
38 296
27 297
30 298
24 299
26 300
23 301
18 302
17 303
25 304
28 305
27 306
21 307
31 308
22 309
23 310
27 311
33 312
27 313
19 314
26 315
24 316
27 317
20 318
23 319
26 320
28 321
28 322
25 323
29 324
19 325
21 326
17 327
22 328
16 329
15 330
22 331
9 332
16 333
26 334
20 335
35 336
44 337
50 338
52 339
42 340
40 341
69 342
65 343
69 344
83 345
102 346
93 347
104 348
128 349
118 350
148 351
160 352
162 353
199 354
190 355
266 356
229 357
265 358
296 359
278 360
273 361
268 362
253 363
212 364
183 365
157 366
143 367
116 368
93 369
74 370
68 371
49 372
38 373
36 374
44 375
26 376
38 377
29 378
33 379
23 380
17 381
28 382
27 383
21 384
21 385
28 386
33 387
32 388
44 389
30 390
41 391
44 392
49 393
46 394
43 395
49 396
65 397
56 398
60 399
52 400
47 401
66 402
48 403
55 404
70 405
49 406
47 407
55 408
52 409
39 410
43 411
35 412
42 413
50 414
41 415
41 416
50 417
43 418
49 419
57 420
52 421
69 422
82 423
86 424
97 425
119 426
132 427
119 428
144 429
149 430
190 431
177 432
217 433
205 434
226 435
209 436
222 437
224 438
227 439
233 440
224 441
244 442
211 443
184 444
218 445
192 446
186 447
170 448
177 449
156 450
152 451
145 452
128 453
147 454
137 455
134 456
101 457
115 458
99 459
85 460
79 461
72 462
74 463
76 464
61 465
57 466
63 467
60 468
45 469
60 470
55 471
43 472
45 473
53 474
58 475
46 476
34 477
44 478
29 479
27 480
25 481
30 482
28 483
21 484
30 485
23 486
18 487
19 488
30 489
21 490
17 491
25 492
32 493
20 494
35 495
41 496
35 497
41 498
44 499
29 500
44 501
38 502
62 503
60 504
53 505
82 506
70 507
64 508
75 509
80 510
80 511
93 512
90 513
95 514
99 515
111 516
105 517
97 518
102 519
87 520
96 521
87 522
72 523
78 524
66 525
59 526
55 527
49 528
57 529
43 530
32 531
35 532
27 533
23 534
19 535
29 536
16 537
18 538
17 539
19 540
9 541
26 542
15 543
20 544
17 545
21 546
30 547
29 548
30 549
28 550
36 551
24 552
40 553
35 554
38 555
33 556
47 557
42 558
44 559
49 560
52 561
58 562
61 563
49 564
56 565
63 566
65 567
70 568
76 569
70 570
75 571
100 572
96 573
85 574
117 575
124 576
110 577
151 578
143 579
187 580
168 581
211 582
225 583
243 584
283 585
302 586
335 587
363 588
358 589
385 590
352 591
411 592
407 593
419 594
411 595
424 596
353 597
376 598
323 599
317 600
281 601
218 602
211 603
178 604
139 605
139 606
104 607
78 608
78 609
53 610
46 611
40 612
32 613
35 614
18 615
24 616
23 617
18 618
19 619
12 620
14 621
13 622
12 623
15 624
7 625
13 626
8 627
8 628
11 629
13 630
5 631
6 632
10 633
16 634
11 635
9 636
9 637
3 638
4 639
7 640
6 641
11 642
4 643
10 644
7 645
4 646
10 647
11 648
10 649
7 650
9 651
8 652
9 653
10 654
7 655
12 656
9 657
7 658
9 659
11 660
8 661
11 662
5 663
8 664
13 665
11 666
9 667
12 668
7 669
8 670
6 671
10 672
10 673
10 674
13 675
8 676
13 677
18 678
13 679
16 680
6 681
4 682
12 683
7 684
5 685
10 686
13 687
5 688
10 689
11 690
11 691
8 692
15 693
14 694
13 695
14 696
14 697
17 698
13 699
12 700
14 701
15 702
9 703
9 704
8 705
17 706
19 707
22 708
12 709
24 710
18 711
20 712
20 713
21 714
28 715
30 716
21 717
30 718
27 719
45 720
50 721
55 722
42 723
52 724
51 725
69 726
76 727
78 728
89 729
109 730
100 731
118 732
123 733
146 734
164 735
207 736
161 737
206 738
217 739
277 740
274 741
285 742
297 743
337 744
326 745
352 746
414 747
416 748
406 749
410 750
415 751
400 752
375 753
369 754
377 755
311 756
333 757
283 758
237 759
229 760
205 761
177 762
184 763
172 764
130 765
121 766
107 767
108 768
106 769
94 770
79 771
66 772
62 773
62 774
56 775
47 776
45 777
44 778
31 779
24 780
32 781
28 782
23 783
21 784
18 785
21 786
16 787
20 788
16 789
20 790
17 791
12 792
24 793
15 794
14 795
19 796
12 797
9 798
15 799
6 800
14 801
14 802
17 803
10 804
10 805
13 806
14 807
8 808
11 809
10 810
10 811
15 812
4 813
12 814
11 815
4 816
7 817
5 818
11 819
12 820
3 821
5 822
7 823
7 824
8 825
10 826
13 827
5 828
11 829
10 830
7 831
6 832
5 833
6 834
7 835
4 836
11 837
3 838
13 839
7 840
10 841
11 842
12 843
10 844
15 845
10 846
15 847
12 848
14 849
15 850
13 851
18 852
15 853
22 854
19 855
28 856
17 857
18 858
17 859
21 860
26 861
29 862
26 863
26 864
34 865
42 866
33 867
30 868
40 869
44 870
39 871
33 872
55 873
43 874
40 875
60 876
58 877
58 878
76 879
59 880
64 881
53 882
70 883
69 884
75 885
69 886
66 887
80 888
63 889
70 890
68 891
81 892
75 893
71 894
56 895
65 896
49 897
55 898
62 899
43 900
36 901
38 902
40 903
43 904
42 905
34 906
38 907
29 908
28 909
28 910
31 911
21 912
32 913
26 914
24 915
24 916
17 917
14 918
21 919
9 920
19 921
8 922
12 923
12 924
12 925
7 926
12 927
9 928
11 929
9 930
9 931
10 932
5 933
3 934
6 935
3 936
3 937
2 938
7 939
1 940
3 941
1 942
2 943
7 944
3 945
1 946
3 947
1 948
3 949
2 950
3 951
3 952
1 953
3 954
2 955
4 956
5 957
2 958
5 959
5 960
5 961
4 962
4 963
3 964
1 965
6 966
4 967
5 968
3 969
5 970
1 971
3 972
8 973
2 974
4 975
1 976
4 977
2 978
3 979
3 980
3 981
3 982
2 983
5 984
3 985
1 986
3 987
3 988
2 990
1 991
4 992
1 994
1 996
1 997
1 998
2 1000
2 1002
2 1003
1 1004
2 1006
1 1007
1 1008
1 1009
1 1010
3 1011
2 1015
1 1016
3 1023
1 1026
2 1030
2 1032
1 1034
1 1035
1 1037
1 1040
1 1041
1 1043
1 1045
2 1046
1 1048
1 1049
1 1054
2 1055
1 1058
1 1059
1 1060
1 1061
1 1063
1 1067
1 1068
1 1072
1 1073
2 1074
1 1077
1 1079
1 1080
2 1082
1 1083
1 1084
1 1088
1 1089
1 1090
1 1091
1 1095
1 1096
2 1098
2 1099
2 1100
1 1103
1 1106
1 1107
1 1109
1 1110
3 1111
3 1112
2 1113
1 1115
1 1116
2 1117
1 1118
3 1119
1 1120
3 1121
1 1122
1 1124
1 1131
1 1132
3 1136
1 1137
1 1138
3 1139
2 1140
1 1141
1 1144
1 1150
2 1151
3 1155
1 1156
1 1159
3 1162
1 1167
3 1168
1 1170
1 1171
1 1174
1 1175
1 1179
1 1180
1 1181
1 1182
1 1185
1 1186
1 1192
2 1195
1 1196
1 1204
1 1206
1 1208
1 1210
4 1212
1 1213
1 1214
1 1216
1 1217
1 1218
1 1219
1 1220
1 1224
1 1226
1 1227
1 1228
1 1229
1 1230
1 1232
1 1233
1 1234
1 1236
1 1238
1 1242
1 1246
2 1247
3 1252
2 1253
1 1254
6 1255
2 1256
1 1257
2 1258
2 1260
3 1261
2 1262
2 1264
1 1265
2 1267
1 1268
2 1269
2 1271
3 1272
2 1273
1 1275
1 1277
3 1278
3 1279
1 1280
1 1281
3 1284
3 1285
1 1286
1 1287
5 1288
1 1289
3 1290
2 1291
3 1292
3 1293
2 1294
1 1295
1 1296
1 1297
2 1299
1 1300
3 1301
1 1302
2 1303
3 1304
2 1305
2 1306
1 1307
1 1308
1 1310
1 1311
2 1312
1 1314
1 1315
6 1316
1 1317
1 1322
2 1326
3 1327
3 1330
1 1331
1 1332
4 1333
1 1334
1 1336
1 1337
2 1339
1 1342
2 1343
1 1347
2 1350
1 1351
1 1352
1 1357
1 1359
2 1362
2 1363
4 1364
3 1366
2 1367
2 1368
1 1370
3 1373
2 1374
1 1375
3 1376
3 1377
2 1378
2 1379
1 1381
1 1383
1 1385
3 1387
3 1389
1 1390
4 1393
2 1394
5 1396
1 1397
6 1398
2 1399
2 1401
3 1403
2 1404
1 1405
3 1406
2 1408
1 1409
4 1410
3 1411
2 1412
1 1413
3 1414
2 1416
1 1418
2 1419
1 1420
1 1421
4 1422
3 1423
3 1424
1 1425
1 1427
1 1428
1 1429
1 1431
1 1432
2 1433
1 1435
3 1436
2 1437
3 1438
3 1439
2 1440
5 1441
1 1442
3 1444
1 1445
5 1446
3 1447
5 1448
2 1449
2 1450
3 1451
1 1452
3 1454
2 1455
3 1456
3 1457
2 1458
1 1460
1 1461
3 1462
3 1463
1 1464
2 1465
4 1468
2 1469
4 1470
1 1471
3 1472
1 1473
1 1475
5 1476
2 1480
3 1481
1 1482
2 1483
3 1484
2 1486
4 1487
2 1488
1 1490
2 1491
4 1492
3 1493
6 1495
2 1497
5 1498
2 1499
3 1500
1 1501
1 1502
4 1503
2 1504
3 1505
3 1506
3 1507
6 1508
4 1509
4 1510
3 1511
9 1512
2 1514
4 1515
5 1516
4 1517
3 1518
2 1519
3 1520
7 1521
2 1522
3 1523
2 1524
3 1525
2 1526
4 1527
4 1528
6 1529
4 1530
3 1531
7 1532
1 1533
5 1534
8 1535
5 1536
9 1537
4 1538
2 1539
5 1540
6 1541
1 1542
5 1543
1 1544
3 1545
8 1546
1 1547
6 1548
4 1549
6 1550
5 1551
3 1552
6 1553
7 1554
9 1555
11 1556
7 1557
6 1558
4 1559
5 1560
5 1561
5 1562
8 1563
8 1564
9 1565
4 1566
8 1567
11 1568
11 1569
5 1570
9 1571
3 1572
9 1573
9 1574
10 1575
4 1576
12 1577
10 1578
11 1579
14 1580
5 1581
11 1582
10 1583
16 1584
9 1585
8 1586
15 1587
14 1588
12 1589
20 1590
12 1591
12 1592
13 1593
12 1594
14 1595
11 1596
22 1597
17 1598
12 1599
20 1600
21 1601
30 1602
27 1603
22 1604
15 1605
21 1606
20 1607
19 1608
22 1609
25 1610
19 1611
27 1612
21 1613
19 1614
28 1615
38 1616
19 1617
31 1618
17 1619
29 1620
29 1621
30 1622
30 1623
22 1624
19 1625
22 1626
17 1627
23 1628
11 1629
24 1630
31 1631
24 1632
20 1633
17 1634
16 1635
18 1636
18 1637
14 1638
15 1639
8 1640
16 1641
6 1642
18 1643
13 1644
10 1645
7 1646
6 1647
9 1648
4 1649
4 1650
5 1651
6 1652
4 1653
2 1654
3 1655
4 1656
5 1657
3 1658
4 1659
2 1660
2 1661
2 1662
2 1663
1 1664
2 1665
3 1667
1 1669
2 1670
2 1671
1 1674
1 1677
1 1678
1 1679
1 1680
1 1682
1 1684
1 1691
2 1695
1 1698
1 1702
2 1703
2 1706
2 1707
1 1710
1 1713
2 1715
1 1725
1 1726
1 1729
4 1731
1 1732
1 1739
1 1742
1 1750
1 1752
1 1753
1 1757
1 1759
2 1761
2 1764
1 1766
1 1770
1 1775
1 1791
1 1793
1 1795
1 1801
1 1807
2 1808
1 1824
1 1827
1 1831
3 1834
2 1836
1 1837
3 1838
1 1839
2 1845
1 1846
1 1849
1 1850
1 1851
1 1854
1 1855
1 1857
2 1858
1 1861
2 1864
1 1865
2 1867
1 1868
1 1869
2 1872
1 1873
1 1874
4 1875
2 1876
4 1879
3 1880
1 1882
2 1883
1 1886
2 1888
5 1889
1 1890
1 1891
2 1892
1 1893
1 1895
1 1898
2 1899
2 1901
1 1905
2 1908
2 1909
1 1910
1 1911
1 1914
1 1916
1 1917
1 1924
1 1927
2 1932
2 1934
1 1939
1 1940
1 1941
1 1943
1 1944
1 1945
1 1948
3 1949
1 1950
1 1951
2 1955
2 1956
1 1957
1 1958
1 1959
1 1961
2 1964
2 1965
4 1967
1 1969
2 1976
2 1977
1 1978
2 1979
3 1980
2 1981
3 1982
2 1983
3 1984
1 1985
3 1986
1 1988
4 1989
2 1990
2 1991
1 1992
2 1993
2 1994
3 1995
2 1996
4 1997
1 1998
3 1999
6 2000
5 2001
4 2002
2 2003
4 2004
3 2005
9 2006
1 2007
7 2008
2 2009
6 2010
2 2011
5 2012
6 2013
6 2014
7 2015
4 2016
6 2017
3 2018
8 2019
3 2020
3 2021
7 2022
3 2023
2 2024
4 2025
1 2026
3 2027
1 2028
2 2029
2 2031
5 2033
5 2034
2 2035
3 2036
1 2039
1 2040
2 2041
2 2042
1 2043
1 2044
2 2045
1 2046
2 2047
1 2048
1 2049
4 2050
2 2052
1 2053
2 2054
2 2056
1 2059
1 2060
2 2061
1 2063
3 2065
3 2067
1 2068
2 2071
2 2074
1 2075
1 2076
2 2077
2 2078
1 2080
1 2081
2 2083
2 2085
3 2086
2 2087
1 2088
1 2089
2 2093
1 2097
3 2098
2 2100
2 2101
1 2102
1 2103
1 2104
2 2105
1 2106
2 2108
1 2109
1 2110
1 2112
2 2115
1 2119
1 2122
1 2123
1 2127
2 2136
1 2138
1 2144
2 2146
1 2148
1 2150
1 2155
1 2156
1 2158
1 2160
3 2169
1 2173
2 2183
2 2187
1 2188
1 2192
1 2199
1 2201
1 2206
1 2209
1 2220
1 2224
2 2230
2 2233
2 2236
1 2237
1 2265
1 2272
1 2273
1 2276
1 2277
1 2280
1 2285
1 2286
1 2289
1 2301
1 2304
1 2312
1 2320
2 2326
1 2329
1 2341
1 2350
1 2351
1 2357
1 2364
1 2397
1 2404
1 2405
1 2417
1 2418
1 2420
1 2422
1 2423
1 2425
1 2426
1 2432
1 2436
1 2438
1 2439
2 2443
1 2450
1 2454
1 2455
2 2456
2 2462
1 2463
1 2464
1 2467
1 2468
1 2474
2 2476
1 2479
1 2480
1 2481
2 2483
1 2488
2 2489
1 2490
1 2495
2 2498
1 2507
1 2513
1 2515
1 2528
1 2539
1 2544
1 2560
1 2567
1 2581
1 2591
1 2594
1 2606
1 2630
1 2632
1 2640
1 2646
1 2664
1 2674
1 2677
1 2683
1 2700
1 2723
1 2728
1 2745
1 2751
1 2759
1 2763
1 2769
1 2816
1 2819
1 2833
1 2843
1 2852
1 2857
1 2858
1 2859
1 2877
1 2898
1 2950
1 2977
1 2982
1 2992
1 3005
1 3007
2 3019
1 3020
1 3033
1 3038
1 3045
1 3048
1 3049
2 3054
1 3055
1 3059
2 3060
1 3061
1 3062
1 3069
1 3070
1 3071
2 3074
4 3077
1 3079
1 3081
1 3083
1 3085
2 3086
1 3089
2 3090
4 3092
1 3093
1 3094
1 3096
1 3097
4 3098
3 3099
5 3100
1 3101
4 3102
1 3103
1 3104
4 3105
2 3106
1 3108
1 3109
2 3110
2 3112
2 3115
1 3116
1 3117
1 3118
1 3119
3 3120
1 3123
1 3125
1 3126
1 3131
1 3135
1 3141
1 3147
1 3162
1 3178
1 3185
1 3191
1 3192
1 3203
1 3205
1 3218
1 3219
1 3224
1 3233
1 3239
1 3247
1 3267
1 3270
1 3273
1 3285
1 3294
1 3305
1 3329
1 3334
1 3366
1 3395
1 3421
1 3422
1 3424
1 3428
1 3605
1 4356
