1 1
1 2
2 3
1 4
1 5
4 6
1 7
2 8
1 9
3 11
1 12
2 13
2 14
2 16
3 17
1 18
3 19
2 20
3 21
1 23
1 24
3 25
4 26
3 27
3 28
1 29
2 30
4 31
5 32
4 34
9 35
5 36
5 37
4 38
3 39
1 40
5 41
4 42
4 43
5 44
3 45
6 46
3 47
9 48
5 49
5 50
5 51
3 52
4 53
3 54
9 55
7 57
3 58
2 59
1 60
4 61
2 63
5 64
7 65
5 66
2 67
4 68
5 69
5 70
5 71
5 72
4 73
4 74
7 75
3 76
5 77
9 78
6 79
10 80
7 81
5 82
6 83
2 84
4 85
8 86
8 87
4 88
1 89
3 90
8 91
6 92
7 93
8 94
10 95
6 96
7 97
11 98
6 99
4 100
5 101
6 102
3 103
4 104
6 105
3 106
7 107
8 108
3 109
5 110
11 111
6 112
5 113
8 114
4 115
13 116
14 117
9 118
19 119
9 120
9 121
12 122
8 123
9 124
8 125
9 126
13 127
11 128
7 129
4 130
11 131
8 132
7 133
12 134
8 135
8 136
9 137
7 138
12 139
5 140
9 141
8 142
6 143
7 144
13 145
8 146
12 147
10 148
8 149
8 150
8 151
9 152
12 153
10 154
10 155
5 156
12 157
8 158
8 159
6 160
8 161
15 162
3 163
8 164
8 165
5 166
9 167
9 168
8 169
9 170
12 171
7 172
6 173
11 174
5 175
6 176
9 177
11 178
11 179
9 180
6 181
9 182
13 183
14 184
14 185
11 186
13 187
20 188
13 189
12 190
8 191
8 192
14 193
14 194
10 195
15 196
13 197
16 198
19 199
19 200
26 201
32 202
30 203
28 204
23 205
23 206
30 207
24 208
37 209
23 210
44 211
56 212
28 213
32 214
31 215
45 216
51 217
42 218
33 219
47 220
39 221
59 222
70 223
49 224
59 225
62 226
100 227
96 228
139 229
114 230
151 231
160 232
171 233
158 234
150 235
143 236
118 237
122 238
103 239
87 240
69 241
48 242
53 243
54 244
51 245
33 246
48 247
66 248
63 249
65 250
87 251
73 252
87 253
100 254
100 255
104 256
99 257
90 258
91 259
78 260
61 261
55 262
48 263
36 264
35 265
32 266
22 267
17 268
22 269
12 270
8 271
16 272
21 273
13 274
11 275
11 276
19 277
7 278
21 279
9 280
18 281
12 282
9 283
10 284
10 285
10 286
18 287
9 288
19 289
10 290
13 291
14 292
8 293
12 294
8 295
31 296
18 297
18 298
25 299
20 300
23 301
18 302
22 303
22 304
33 305
21 306
28 307
29 308
25 309
27 310
33 311
32 312
39 313
49 314
43 315
37 316
40 317
43 318
37 319
46 320
60 321
36 322
47 323
35 324
34 325
41 326
30 327
30 328
39 329
46 330
34 331
38 332
32 333
41 334
40 335
55 336
47 337
36 338
38 339
38 340
40 341
39 342
36 343
52 344
38 345
40 346
24 347
44 348
38 349
29 350
49 351
59 352
44 353
59 354
62 355
78 356
76 357
95 358
101 359
137 360
142 361
156 362
190 363
197 364
212 365
234 366
235 367
259 368
242 369
249 370
224 371
176 372
188 373
179 374
139 375
132 376
115 377
86 378
84 379
68 380
51 381
53 382
50 383
33 384
49 385
54 386
29 387
45 388
36 389
26 390
31 391
28 392
22 393
22 394
27 395
26 396
21 397
18 398
21 399
26 400
26 401
18 402
28 403
21 404
29 405
28 406
24 407
32 408
25 409
38 410
42 411
39 412
42 413
55 414
45 415
72 416
55 417
67 418
60 419
78 420
75 421
72 422
81 423
89 424
101 425
110 426
99 427
112 428
119 429
118 430
111 431
110 432
111 433
113 434
109 435
109 436
99 437
103 438
85 439
73 440
66 441
67 442
59 443
35 444
39 445
30 446
33 447
27 448
25 449
22 450
11 451
10 452
10 453
16 454
14 455
10 456
9 457
1 458
9 459
12 460
7 461
7 462
10 463
7 464
5 465
1 466
15 467
10 468
7 469
8 470
12 471
10 472
9 473
8 474
10 475
11 476
12 477
9 478
18 479
8 480
5 481
6 482
7 483
4 484
4 485
7 486
6 487
12 488
4 489
9 490
13 491
7 492
8 493
6 494
10 495
12 496
10 497
6 498
8 499
12 500
8 501
10 502
10 503
7 504
10 505
8 506
9 507
13 508
21 509
7 510
11 511
15 512
14 513
11 514
11 515
13 516
20 517
15 518
17 519
17 520
24 521
20 522
31 523
32 524
27 525
23 526
47 527
33 528
48 529
53 530
50 531
39 532
42 533
57 534
48 535
42 536
61 537
57 538
61 539
44 540
42 541
50 542
34 543
42 544
32 545
27 546
30 547
21 548
19 549
25 550
18 551
12 552
18 553
19 554
9 555
9 556
13 557
16 558
8 559
7 560
4 561
11 562
12 563
10 564
10 565
6 566
6 567
4 568
12 569
9 570
6 571
9 572
10 573
8 574
3 575
6 577
9 578
5 579
6 580
6 581
11 582
5 583
6 584
8 585
9 586
7 587
3 588
7 589
7 590
6 591
8 592
9 593
15 594
4 595
7 596
8 597
5 598
7 599
5 600
4 601
8 602
8 603
13 604
10 605
3 606
10 607
10 608
4 609
5 610
2 611
7 612
4 613
8 614
5 615
1 616
4 617
3 618
5 619
5 620
6 621
8 622
6 623
2 624
2 625
4 626
5 627
6 628
4 629
5 630
3 631
7 632
6 633
7 634
7 635
8 636
6 637
8 638
8 639
10 640
10 641
9 642
5 643
11 644
8 645
3 646
3 647
8 648
4 649
8 650
11 651
9 652
12 653
9 654
9 655
5 656
10 657
9 658
6 659
8 660
14 661
7 662
7 663
7 664
13 665
9 666
10 667
8 668
4 669
14 670
4 671
5 672
4 673
6 674
6 675
11 676
6 677
9 678
6 679
8 680
7 681
7 682
7 683
4 684
4 685
4 686
5 687
11 688
10 689
12 690
8 691
7 692
4 693
7 694
7 695
5 696
5 697
8 698
6 699
5 700
3 701
6 702
6 703
6 704
6 705
4 706
3 707
6 708
6 709
10 710
7 711
2 712
11 713
7 714
7 715
7 716
8 717
8 718
3 719
6 720
7 721
6 722
6 723
9 724
4 725
7 726
5 727
8 728
7 729
7 730
4 731
4 732
5 733
4 734
11 735
4 736
3 737
4 738
9 739
7 740
9 741
8 742
11 743
3 744
10 745
3 746
6 747
7 748
8 749
12 750
9 751
13 752
8 753
13 754
13 755
13 756
12 757
7 758
6 759
11 760
8 761
13 762
7 763
7 764
5 765
8 766
8 767
5 768
9 769
7 770
10 771
2 772
5 773
10 774
4 775
7 776
2 777
9 778
5 779
8 780
1 781
9 782
7 783
2 784
4 785
3 786
5 787
8 788
4 789
3 790
5 791
4 792
2 793
4 794
4 795
7 796
2 797
3 798
3 799
4 800
2 801
2 802
1 803
1 804
9 805
4 806
5 807
3 808
3 809
3 810
5 811
3 812
1 813
2 814
5 815
8 816
4 817
3 818
5 819
10 820
5 821
5 822
5 823
4 824
7 825
6 826
3 827
3 828
7 829
6 830
11 831
5 832
6 833
7 834
5 835
13 836
8 837
8 838
9 839
7 840
6 841
4 842
6 843
6 844
5 845
6 846
2 847
5 848
9 849
7 850
5 851
6 852
5 853
12 854
7 855
8 856
3 857
7 858
2 859
3 860
3 861
7 862
1 863
3 864
3 865
4 866
3 867
2 868
4 869
7 870
6 871
6 872
5 873
5 874
2 875
6 876
5 877
6 878
6 879
8 880
5 881
10 882
5 883
1 884
6 885
7 886
9 887
6 888
4 889
3 890
6 891
8 892
2 893
3 894
3 895
5 896
8 897
8 898
5 899
7 900
7 901
3 902
7 903
3 904
6 905
18 906
3 907
7 908
8 909
12 910
10 911
11 912
9 913
4 914
5 915
4 916
5 917
8 918
6 919
8 920
6 921
8 922
7 923
6 924
8 925
9 926
9 927
8 928
10 929
6 930
15 931
10 932
5 933
7 934
8 935
12 936
4 937
10 938
10 939
13 940
10 941
9 942
15 943
15 944
11 945
15 946
14 947
19 948
20 949
13 950
22 951
16 952
18 953
23 954
13 955
24 956
14 957
18 958
12 959
17 960
20 961
13 962
13 963
20 964
17 965
17 966
13 967
22 968
18 969
20 970
11 971
17 972
13 973
9 974
8 975
11 976
13 977
16 978
15 979
11 980
14 981
10 982
16 983
12 984
14 985
12 986
12 987
12 988
10 989
10 990
12 991
11 992
14 993
17 994
10 995
13 996
19 997
11 998
17 999
17 1000
12 1001
9 1002
18 1003
17 1004
22 1005
12 1006
24 1007
11 1008
20 1009
21 1010
23 1011
22 1012
20 1013
19 1014
26 1015
14 1016
24 1017
21 1018
23 1019
24 1020
30 1021
11 1022
29 1023
26 1024
33 1025
45 1026
26 1027
41 1028
49 1029
37 1030
47 1031
43 1032
45 1033
48 1034
53 1035
53 1036
54 1037
58 1038
59 1039
50 1040
68 1041
75 1042
73 1043
72 1044
80 1045
87 1046
96 1047
88 1048
95 1049
92 1050
82 1051
86 1052
105 1053
85 1054
103 1055
86 1056
105 1057
108 1058
106 1059
101 1060
97 1061
114 1062
99 1063
107 1064
123 1065
120 1066
94 1067
83 1068
94 1069
109 1070
99 1071
115 1072
117 1073
114 1074
118 1075
138 1076
119 1077
147 1078
156 1079
161 1080
165 1081
163 1082
187 1083
213 1084
212 1085
244 1086
248 1087
280 1088
303 1089
316 1090
289 1091
359 1092
370 1093
376 1094
366 1095
396 1096
401 1097
394 1098
422 1099
378 1100
381 1101
348 1102
370 1103
362 1104
351 1105
315 1106
313 1107
286 1108
264 1109
210 1110
208 1111
188 1112
194 1113
156 1114
134 1115
131 1116
126 1117
90 1118
85 1119
79 1120
51 1121
32 1122
41 1123
40 1124
35 1125
23 1126
28 1127
22 1128
12 1129
27 1130
17 1131
20 1132
22 1133
13 1134
15 1135
8 1136
8 1137
12 1138
17 1139
12 1140
8 1141
13 1142
9 1143
11 1144
12 1145
13 1146
7 1147
13 1148
11 1149
12 1150
11 1151
11 1152
23 1153
23 1154
8 1155
15 1156
23 1157
22 1158
17 1159
16 1160
12 1161
17 1162
18 1163
20 1164
19 1165
19 1166
18 1167
21 1168
23 1169
27 1170
35 1171
34 1172
30 1173
26 1174
47 1175
37 1176
32 1177
36 1178
38 1179
34 1180
51 1181
40 1182
47 1183
43 1184
34 1185
40 1186
40 1187
45 1188
53 1189
45 1190
33 1191
39 1192
39 1193
42 1194
32 1195
38 1196
28 1197
22 1198
36 1199
28 1200
25 1201
18 1202
25 1203
22 1204
19 1205
26 1206
14 1207
11 1208
9 1209
9 1210
7 1211
9 1212
12 1213
6 1214
6 1215
7 1216
1 1217
4 1218
6 1220
4 1221
1 1223
3 1224
2 1225
5 1226
2 1227
2 1228
1 1229
2 1230
3 1231
1 1232
2 1233
3 1234
2 1236
1 1237
1 1238
2 1239
2 1241
1 1242
1 1243
1 1245
1 1246
1 1247
1 1248
1 1249
4 1250
1 1251
1 1252
2 1253
3 1254
3 1255
6 1257
3 1258
1 1259
3 1260
3 1261
1 1262
2 1263
3 1264
3 1265
2 1266
2 1267
3 1268
3 1269
1 1270
3 1271
2 1272
1 1274
4 1275
1 1276
1 1277
3 1278
1 1279
2 1280
2 1281
2 1283
1 1284
3 1286
1 1287
4 1289
2 1290
2 1291
1 1292
2 1293
2 1294
1 1295
3 1296
1 1297
4 1298
2 1299
2 1300
3 1301
1 1303
1 1304
1 1305
1 1306
1 1307
3 1308
1 1309
2 1310
4 1311
3 1312
2 1314
2 1317
1 1318
1 1322
1 1323
2 1324
2 1325
3 1328
1 1329
2 1330
2 1331
2 1332
2 1335
1 1336
1 1337
1 1338
4 1339
2 1340
1 1342
1 1344
2 1345
1 1346
1 1348
4 1350
2 1351
4 1353
1 1354
2 1355
3 1356
1 1357
1 1358
2 1360
2 1361
1 1362
4 1363
1 1364
1 1366
5 1367
3 1370
1 1372
5 1373
1 1374
2 1375
3 1376
2 1377
1 1378
2 1379
4 1381
1 1382
3 1383
3 1384
3 1389
3 1390
1 1391
2 1392
4 1393
2 1394
2 1395
3 1396
1 1397
1 1398
1 1399
1 1401
3 1402
4 1403
3 1404
2 1405
2 1407
3 1408
1 1409
3 1410
3 1411
5 1412
2 1413
5 1414
3 1415
3 1418
2 1419
4 1421
1 1422
6 1423
1 1424
1 1426
5 1428
1 1430
4 1431
3 1433
1 1436
2 1438
2 1439
2 1440
3 1443
1 1444
2 1445
3 1446
1 1447
1 1448
4 1449
2 1450
2 1451
1 1453
1 1454
4 1455
6 1457
4 1459
2 1460
3 1461
2 1462
3 1464
1 1465
2 1467
3 1468
3 1469
3 1470
2 1472
5 1473
2 1474
1 1475
2 1476
2 1478
1 1479
2 1480
3 1481
4 1482
1 1483
1 1484
5 1485
2 1486
4 1487
2 1488
4 1489
3 1490
1 1491
2 1494
6 1495
4 1496
4 1499
2 1500
4 1501
3 1502
3 1503
6 1504
2 1505
2 1506
4 1507
2 1509
3 1510
5 1511
4 1512
3 1513
2 1514
6 1517
4 1519
6 1520
5 1521
2 1522
4 1523
2 1524
1 1525
3 1526
1 1527
4 1528
2 1529
5 1530
2 1531
2 1532
10 1533
3 1534
2 1535
4 1536
3 1537
2 1538
2 1539
3 1540
2 1541
6 1542
2 1543
4 1544
3 1545
4 1546
6 1548
5 1549
2 1550
7 1551
5 1552
1 1553
2 1554
3 1555
3 1556
3 1557
4 1558
1 1559
2 1560
1 1561
9 1562
5 1563
7 1564
4 1565
1 1566
5 1567
4 1568
3 1569
5 1570
4 1571
4 1572
7 1573
7 1574
9 1575
9 1576
6 1577
7 1578
6 1579
9 1580
5 1581
1 1582
6 1583
4 1584
6 1585
5 1586
5 1587
7 1588
4 1589
5 1590
6 1591
7 1592
6 1593
4 1594
5 1595
8 1596
12 1597
7 1598
8 1599
13 1600
10 1601
8 1602
12 1603
11 1604
12 1605
14 1606
8 1607
10 1608
12 1609
8 1610
15 1611
13 1612
11 1613
5 1614
9 1615
8 1616
9 1617
14 1618
12 1619
11 1620
13 1621
8 1622
10 1623
13 1624
12 1625
13 1626
10 1627
19 1628
15 1629
19 1630
14 1631
9 1632
18 1633
15 1634
13 1635
18 1636
16 1637
18 1638
17 1639
12 1640
11 1641
21 1642
15 1643
16 1644
16 1645
18 1646
14 1647
18 1648
19 1649
15 1650
14 1651
22 1652
19 1653
15 1654
15 1655
14 1656
9 1657
16 1658
15 1659
17 1660
11 1661
10 1662
17 1663
19 1664
16 1665
6 1666
17 1667
16 1668
22 1669
17 1670
12 1671
14 1672
9 1673
11 1674
17 1675
12 1676
14 1677
16 1678
15 1679
19 1680
18 1681
13 1682
22 1683
13 1684
21 1685
28 1686
16 1687
27 1688
24 1689
21 1690
22 1691
24 1692
33 1693
23 1694
20 1695
27 1696
35 1697
42 1698
43 1699
33 1700
44 1701
40 1702
35 1703
48 1704
49 1705
57 1706
48 1707
50 1708
61 1709
52 1710
59 1711
63 1712
76 1713
65 1714
79 1715
82 1716
93 1717
68 1718
83 1719
94 1720
103 1721
99 1722
100 1723
106 1724
98 1725
114 1726
87 1727
117 1728
107 1729
98 1730
101 1731
108 1732
104 1733
98 1734
87 1735
124 1736
96 1737
81 1738
90 1739
92 1740
83 1741
60 1742
84 1743
82 1744
73 1745
67 1746
75 1747
81 1748
72 1749
65 1750
59 1751
51 1752
67 1753
59 1754
42 1755
50 1756
32 1757
40 1758
33 1759
34 1760
43 1761
44 1762
27 1763
34 1764
24 1765
26 1766
29 1767
38 1768
29 1769
22 1770
30 1771
26 1772
29 1773
15 1774
22 1775
28 1776
13 1777
17 1778
19 1779
19 1780
20 1781
10 1782
12 1783
19 1784
12 1785
9 1786
6 1787
13 1788
7 1789
5 1790
6 1791
6 1792
9 1793
10 1794
5 1795
8 1796
14 1797
8 1798
7 1799
4 1800
10 1801
7 1802
4 1803
5 1804
4 1805
9 1806
5 1807
9 1808
10 1809
5 1810
7 1811
4 1812
4 1813
4 1814
4 1815
3 1816
4 1817
6 1818
1 1819
8 1820
3 1821
3 1822
2 1823
3 1824
2 1825
8 1827
3 1828
3 1829
4 1830
2 1831
3 1832
2 1833
5 1834
3 1835
4 1836
8 1837
1 1838
4 1839
4 1840
6 1841
7 1842
2 1843
4 1844
7 1845
5 1846
3 1847
2 1848
5 1849
4 1850
2 1851
4 1852
6 1853
1 1854
4 1855
4 1856
2 1857
1 1858
3 1859
2 1860
5 1861
6 1862
6 1863
4 1864
4 1865
6 1866
7 1867
5 1868
5 1869
4 1870
6 1871
10 1872
11 1873
6 1874
5 1875
9 1876
5 1877
10 1878
8 1879
3 1880
11 1881
8 1882
9 1883
12 1884
12 1885
16 1886
10 1887
14 1888
12 1889
13 1890
14 1891
12 1892
11 1893
21 1894
18 1895
18 1896
20 1897
20 1898
30 1899
26 1900
26 1901
32 1902
24 1903
22 1904
29 1905
38 1906
33 1907
47 1908
36 1909
39 1910
48 1911
40 1912
54 1913
49 1914
56 1915
64 1916
40 1917
49 1918
53 1919
67 1920
66 1921
41 1922
65 1923
67 1924
42 1925
65 1926
58 1927
59 1928
53 1929
42 1930
32 1931
37 1932
35 1933
47 1934
50 1935
50 1936
32 1937
28 1938
28 1939
30 1940
24 1941
25 1942
21 1943
18 1944
17 1945
15 1946
18 1947
21 1948
13 1949
6 1950
11 1951
14 1952
9 1953
7 1954
8 1955
5 1956
8 1957
3 1958
2 1959
6 1960
1 1961
5 1962
5 1963
1 1964
5 1965
2 1966
3 1967
2 1969
2 1970
2 1971
1 1973
2 1976
1 1977
1 1982
1 1985
1 1989
1 1990
2 1992
1 2000
1 2007
1 2008
1 2022
2 2029
1 2037
1 2054
1 2058
1 2070
1 2072
3 2079
1 2112
1 2137
1 2148
1 2162
1 2185
1 2186
1 2198
1 2213
1 2229
1 2231
1 2237
1 2241
1 2247
1 2265
1 2274
1 2275
1 2281
1 2282
1 2285
1 2288
1 2289
1 2301
1 2326
1 2341
1 2351
1 2361
1 2364
1 2392
1 2393
1 2395
1 2412
1 2423
1 2431
1 2449
1 2461
1 2471
1 2476
1 2483
1 2502
1 2506
1 2518
1 2523
1 2524
1 2534
1 2556
1 2559
1 2562
1 2597
1 2598
1 2634
1 2638
1 2639
1 2642
1 2644
2 2645
1 2646
2 2647
1 2648
1 2654
1 2656
1 2659
1 2661
1 2667
1 2729
1 2745
1 2826
1 2847
1 2866
1 2910
1 2950
1 2971
1 2982
1 2993
1 3016
1 3030
1 3070
1 3093
1 3107
1 3125
1 3166
1 3191
1 3381
1 3529
1 3583
1 3659
1 3969
1 4630
1 4683
