2 1
9 2
1 3
5 4
6 5
10 6
2 7
4 8
6 9
2 10
1 11
3 12
2 13
2 14
3 15
6 16
2 17
1 18
1 19
5 20
6 21
8 22
6 23
4 24
1 25
2 26
3 27
5 28
1 29
4 30
3 31
5 32
3 33
8 34
3 35
9 36
4 37
3 38
2 39
3 40
3 41
4 42
3 43
3 44
6 45
2 46
2 47
3 48
4 49
7 50
5 51
4 52
2 53
7 54
3 55
3 56
5 57
3 58
9 59
6 60
2 61
6 62
7 63
8 64
3 65
6 66
4 67
3 68
9 69
7 70
8 71
7 72
8 73
8 74
5 75
7 76
4 77
3 78
8 79
14 80
8 81
9 82
11 83
7 84
9 85
8 86
7 87
8 88
3 89
5 90
7 91
9 92
4 93
3 94
2 95
6 96
7 97
8 98
7 99
6 100
10 101
14 102
6 103
12 104
3 105
13 106
5 107
4 108
12 109
11 110
6 111
4 112
6 113
12 114
5 115
13 116
13 117
9 118
10 119
6 120
11 121
6 122
8 123
6 124
9 125
9 126
12 127
13 128
16 129
9 130
14 131
13 132
14 133
17 134
19 135
7 136
12 137
14 138
11 139
14 140
9 141
8 142
13 143
13 144
9 145
11 146
14 147
15 148
15 149
19 150
18 151
15 152
19 153
12 154
11 155
17 156
17 157
12 158
13 159
22 160
21 161
22 162
17 163
23 164
23 165
19 166
20 167
26 168
23 169
15 170
20 171
18 172
15 173
11 174
9 175
17 176
15 177
12 178
9 179
13 180
7 181
13 182
11 183
11 184
11 185
11 186
12 187
6 188
13 189
7 190
9 191
6 192
9 193
8 194
10 195
16 196
12 197
12 198
13 199
10 200
11 201
13 202
15 203
10 204
11 205
17 206
9 207
13 208
11 209
20 210
13 211
8 212
13 213
10 214
17 215
10 216
13 217
17 218
18 219
20 220
16 221
19 222
31 223
14 224
22 225
21 226
17 227
19 228
22 229
23 230
14 231
19 232
12 233
23 234
20 235
26 236
37 237
39 238
30 239
35 240
30 241
55 242
54 243
53 244
55 245
69 246
77 247
72 248
82 249
95 250
129 251
118 252
133 253
134 254
149 255
140 256
95 257
83 258
105 259
73 260
56 261
44 262
40 263
30 264
29 265
37 266
22 267
23 268
21 269
26 270
17 271
19 272
15 273
24 274
30 275
28 276
23 277
28 278
26 279
29 280
41 281
33 282
28 283
38 284
31 285
41 286
40 287
34 288
41 289
56 290
41 291
41 292
48 293
46 294
51 295
41 296
34 297
48 298
37 299
34 300
38 301
31 302
37 303
31 304
11 305
29 306
22 307
21 308
19 309
18 310
18 311
18 312
20 313
30 314
26 315
20 316
22 317
16 318
27 319
28 320
20 321
29 322
35 323
26 324
37 325
39 326
37 327
33 328
42 329
40 330
38 331
49 332
58 333
36 334
51 335
47 336
38 337
44 338
52 339
49 340
55 341
47 342
39 343
48 344
46 345
49 346
37 347
46 348
52 349
50 350
65 351
52 352
65 353
65 354
73 355
59 356
46 357
72 358
74 359
86 360
65 361
68 362
60 363
73 364
60 365
66 366
52 367
75 368
43 369
51 370
41 371
56 372
60 373
43 374
50 375
49 376
49 377
53 378
58 379
53 380
63 381
63 382
58 383
64 384
64 385
57 386
64 387
61 388
59 389
64 390
93 391
90 392
66 393
74 394
102 395
89 396
122 397
138 398
161 399
165 400
195 401
223 402
270 403
289 404
350 405
449 406
470 407
557 408
559 409
573 410
638 411
708 412
659 413
674 414
624 415
549 416
516 417
484 418
431 419
312 420
295 421
243 422
221 423
161 424
155 425
118 426
105 427
112 428
89 429
69 430
70 431
59 432
53 433
43 434
50 435
35 436
41 437
43 438
39 439
51 440
45 441
41 442
49 443
64 444
47 445
46 446
53 447
68 448
68 449
74 450
63 451
62 452
68 453
79 454
63 455
68 456
76 457
68 458
81 459
69 460
69 461
79 462
116 463
105 464
117 465
125 466
146 467
133 468
150 469
146 470
150 471
136 472
167 473
148 474
143 475
115 476
127 477
129 478
111 479
114 480
90 481
84 482
69 483
60 484
72 485
61 486
49 487
36 488
31 489
26 490
22 491
31 492
41 493
29 494
19 495
24 496
16 497
18 498
26 499
29 500
23 501
21 502
22 503
23 504
20 505
20 506
26 507
22 508
28 509
31 510
19 511
26 512
35 513
36 514
24 515
23 516
20 517
20 518
9 519
19 520
19 521
19 522
13 523
27 524
11 525
12 526
25 527
16 528
15 529
21 530
23 531
28 532
20 533
24 534
16 535
22 536
22 537
25 538
29 539
19 540
22 541
26 542
23 543
26 544
34 545
19 546
35 547
28 548
28 549
35 550
24 551
11 552
26 553
25 554
27 555
18 556
25 557
26 558
29 559
41 560
29 561
25 562
45 563
46 564
47 565
47 566
40 567
54 568
53 569
50 570
67 571
61 572
64 573
47 574
61 575
46 576
36 577
41 578
47 579
31 580
25 581
27 582
27 583
24 584
24 585
21 586
21 587
14 588
14 589
12 590
10 591
12 592
14 593
15 594
19 595
9 596
16 597
18 598
11 599
12 600
4 601
16 602
12 603
14 604
15 605
13 606
13 607
14 608
15 609
15 610
16 611
11 612
9 613
6 614
14 615
8 616
13 617
6 618
16 619
12 620
14 621
14 622
22 623
16 624
15 625
11 626
16 627
16 628
15 629
19 630
15 631
10 632
16 633
14 634
13 635
11 636
18 637
19 638
10 639
11 640
10 641
13 642
9 643
16 644
7 645
13 646
17 647
10 648
15 649
14 650
15 651
19 652
22 653
24 654
24 655
16 656
25 657
16 658
23 659
21 660
20 661
16 662
16 663
17 664
20 665
16 666
30 667
26 668
22 669
18 670
16 671
22 672
23 673
22 674
30 675
23 676
27 677
25 678
26 679
25 680
16 681
22 682
28 683
22 684
25 685
27 686
16 687
29 688
24 689
24 690
27 691
36 692
35 693
27 694
33 695
28 696
34 697
37 698
32 699
56 700
39 701
36 702
44 703
42 704
51 705
42 706
41 707
66 708
50 709
51 710
59 711
63 712
72 713
44 714
72 715
69 716
65 717
55 718
65 719
56 720
50 721
72 722
63 723
61 724
70 725
60 726
62 727
66 728
66 729
73 730
54 731
57 732
71 733
75 734
75 735
70 736
69 737
56 738
66 739
70 740
69 741
64 742
80 743
77 744
66 745
70 746
77 747
80 748
78 749
92 750
70 751
85 752
81 753
79 754
89 755
88 756
74 757
88 758
95 759
74 760
94 761
85 762
82 763
75 764
85 765
90 766
75 767
76 768
70 769
80 770
76 771
54 772
57 773
65 774
59 775
51 776
62 777
70 778
44 779
65 780
59 781
54 782
66 783
61 784
70 785
67 786
82 787
71 788
72 789
89 790
63 791
84 792
90 793
83 794
95 795
87 796
102 797
102 798
91 799
118 800
137 801
114 802
151 803
133 804
146 805
155 806
159 807
211 808
230 809
239 810
218 811
264 812
252 813
299 814
296 815
285 816
353 817
372 818
389 819
421 820
432 821
452 822
489 823
492 824
509 825
518 826
461 827
522 828
518 829
479 830
509 831
510 832
486 833
473 834
494 835
415 836
410 837
420 838
383 839
329 840
349 841
304 842
278 843
264 844
254 845
268 846
237 847
252 848
241 849
245 850
244 851
234 852
259 853
275 854
273 855
292 856
291 857
320 858
288 859
311 860
300 861
297 862
326 863
302 864
303 865
308 866
301 867
271 868
275 869
256 870
238 871
227 872
193 873
199 874
151 875
164 876
172 877
151 878
102 879
107 880
108 881
93 882
70 883
83 884
68 885
47 886
44 887
44 888
43 889
38 890
34 891
36 892
29 893
21 894
23 895
19 896
24 897
16 898
27 899
15 900
17 901
19 902
15 903
16 904
22 905
11 906
11 907
14 908
24 909
13 910
17 911
15 912
14 913
27 914
17 915
28 916
13 917
19 918
23 919
14 920
17 921
30 922
14 923
16 924
13 925
21 926
26 927
20 928
19 929
28 930
28 931
33 932
28 933
21 934
28 935
32 936
33 937
27 938
35 939
30 940
32 941
35 942
53 943
36 944
29 945
46 946
47 947
38 948
42 949
28 950
37 951
38 952
39 953
42 954
38 955
40 956
50 957
34 958
49 959
49 960
56 961
52 962
56 963
55 964
59 965
58 966
78 967
61 968
69 969
57 970
64 971
61 972
48 973
45 974
53 975
52 976
48 977
58 978
57 979
38 980
43 981
25 982
42 983
35 984
39 985
33 986
26 987
27 988
33 989
22 990
20 991
26 992
17 993
26 994
11 995
26 996
20 997
18 998
16 999
20 1000
14 1001
24 1002
18 1003
22 1004
23 1005
22 1006
23 1007
13 1008
23 1009
23 1010
20 1011
31 1012
29 1013
30 1014
26 1015
43 1016
40 1017
44 1018
40 1019
32 1020
52 1021
40 1022
39 1023
52 1024
57 1025
45 1026
46 1027
45 1028
42 1029
49 1030
36 1031
38 1032
36 1033
34 1034
33 1035
32 1036
39 1037
38 1038
28 1039
35 1040
30 1041
32 1042
37 1043
26 1044
27 1045
33 1046
26 1047
25 1048
23 1049
24 1050
25 1051
19 1052
27 1053
25 1054
25 1055
22 1056
34 1057
41 1058
32 1059
29 1060
28 1061
30 1062
33 1063
25 1064
30 1065
22 1066
33 1067
47 1068
30 1069
30 1070
45 1071
53 1072
37 1073
49 1074
48 1075
49 1076
46 1077
63 1078
48 1079
56 1080
61 1081
69 1082
74 1083
66 1084
73 1085
66 1086
86 1087
74 1088
82 1089
82 1090
69 1091
85 1092
95 1093
76 1094
60 1095
67 1096
73 1097
74 1098
77 1099
61 1100
70 1101
70 1102
63 1103
58 1104
59 1105
60 1106
49 1107
49 1108
58 1109
55 1110
56 1111
58 1112
74 1113
78 1114
61 1115
72 1116
65 1117
75 1118
64 1119
58 1120
60 1121
69 1122
66 1123
59 1124
78 1125
63 1126
48 1127
60 1128
43 1129
42 1130
43 1131
41 1132
29 1133
44 1134
29 1135
36 1136
30 1137
33 1138
31 1139
27 1140
26 1141
16 1142
16 1143
14 1144
15 1145
9 1146
18 1147
9 1148
7 1149
8 1150
5 1151
3 1152
4 1153
3 1154
4 1155
3 1156
5 1157
4 1158
1 1159
3 1160
2 1161
3 1162
1 1163
5 1164
4 1165
2 1166
1 1167
2 1168
4 1169
1 1170
6 1171
4 1172
1 1173
3 1174
1 1175
4 1176
2 1177
3 1178
3 1179
2 1180
5 1181
3 1182
3 1183
2 1184
1 1185
3 1186
1 1187
1 1188
2 1189
1 1192
2 1193
2 1194
3 1195
3 1196
4 1197
4 1198
3 1199
2 1200
2 1201
2 1202
1 1203
6 1204
1 1205
1 1206
4 1207
4 1208
4 1209
2 1210
1 1211
2 1212
2 1213
1 1214
2 1215
1 1216
3 1217
4 1218
4 1219
2 1220
3 1221
2 1222
2 1223
1 1224
1 1225
1 1227
2 1228
6 1229
4 1230
1 1231
3 1232
2 1233
4 1234
6 1235
2 1236
3 1237
10 1238
4 1239
6 1240
8 1241
3 1242
4 1243
6 1244
8 1245
3 1246
5 1247
5 1248
8 1249
3 1250
2 1251
4 1252
7 1253
4 1254
7 1255
1 1256
3 1257
7 1258
4 1259
5 1260
1 1261
4 1262
3 1263
5 1264
5 1265
4 1266
2 1267
7 1268
4 1269
5 1270
1 1271
3 1272
2 1273
7 1274
3 1275
1 1276
6 1277
3 1278
3 1279
2 1280
4 1281
2 1282
1 1283
3 1284
1 1285
5 1286
1 1287
2 1288
2 1289
2 1290
6 1291
3 1292
2 1293
5 1294
2 1296
5 1297
7 1298
11 1299
3 1300
1 1301
1 1302
2 1303
5 1304
3 1306
3 1307
4 1308
1 1309
4 1310
3 1311
2 1312
3 1313
2 1314
3 1315
5 1316
5 1317
5 1318
8 1319
6 1320
5 1321
9 1322
3 1323
7 1324
6 1325
4 1326
6 1327
3 1328
4 1329
4 1330
2 1331
4 1332
6 1333
4 1334
3 1335
5 1336
7 1337
4 1338
7 1339
1 1340
8 1341
4 1342
3 1343
8 1344
8 1345
7 1346
9 1347
9 1348
12 1349
6 1350
7 1351
8 1352
9 1353
14 1354
17 1355
9 1356
11 1357
21 1358
9 1359
15 1360
18 1361
17 1362
15 1363
20 1364
23 1365
23 1366
18 1367
24 1368
24 1369
27 1370
27 1371
31 1372
30 1373
38 1374
35 1375
33 1376
34 1377
43 1378
32 1379
35 1380
46 1381
34 1382
38 1383
40 1384
37 1385
34 1386
25 1387
35 1388
31 1389
40 1390
34 1391
29 1392
31 1393
25 1394
35 1395
21 1396
25 1397
20 1398
11 1399
20 1400
19 1401
14 1402
9 1403
14 1404
6 1405
12 1406
14 1407
4 1408
4 1409
7 1410
5 1411
10 1412
5 1413
4 1414
1 1415
4 1416
2 1417
2 1418
3 1419
4 1420
4 1421
3 1423
2 1424
3 1425
2 1426
2 1427
3 1428
4 1429
6 1430
2 1431
2 1434
3 1435
2 1436
1 1437
4 1438
1 1439
1 1443
2 1444
2 1445
3 1449
1 1450
4 1451
2 1452
1 1453
2 1454
1 1455
2 1456
2 1458
1 1459
4 1460
1 1461
1 1462
2 1463
1 1464
6 1465
2 1467
3 1468
2 1469
1 1470
2 1472
1 1473
1 1475
2 1476
1 1478
1 1480
1 1482
2 1484
1 1487
1 1490
3 1491
1 1492
1 1494
1 1497
1 1500
1 1506
1 1507
1 1508
1 1509
3 1510
1 1515
1 1516
2 1517
2 1518
1 1519
2 1521
1 1522
4 1523
1 1524
2 1525
1 1526
1 1527
1 1528
1 1532
1 1533
1 1535
4 1537
3 1539
1 1540
1 1544
2 1546
1 1547
1 1551
1 1552
2 1556
1 1558
1 1559
2 1562
1 1563
1 1565
1 1566
1 1567
2 1568
1 1569
1 1570
3 1573
1 1574
1 1575
1 1580
4 1581
1 1583
2 1584
1 1586
1 1587
1 1588
1 1589
1 1592
2 1593
2 1596
1 1597
2 1599
2 1600
3 1602
1 1603
1 1604
2 1605
1 1607
1 1608
2 1609
1 1610
1 1613
1 1614
2 1616
3 1617
1 1618
2 1621
1 1622
2 1623
2 1624
3 1626
1 1628
3 1630
2 1633
1 1634
3 1635
1 1636
1 1638
4 1639
1 1640
2 1641
1 1643
2 1644
1 1645
1 1646
2 1647
1 1649
2 1650
2 1651
1 1652
1 1653
2 1654
2 1655
2 1656
3 1657
1 1658
3 1660
1 1661
1 1662
1 1663
3 1664
2 1665
2 1666
1 1667
1 1670
2 1672
4 1674
4 1676
1 1677
1 1678
2 1679
3 1680
1 1681
2 1682
2 1683
3 1685
1 1687
4 1688
2 1689
2 1690
2 1691
2 1694
4 1697
2 1698
4 1699
2 1700
3 1701
4 1702
5 1703
2 1704
2 1705
6 1706
3 1707
3 1708
2 1710
1 1712
4 1713
3 1714
1 1715
4 1716
3 1717
2 1718
1 1720
1 1721
2 1724
1 1726
1 1727
2 1728
2 1730
1 1731
2 1733
1 1734
2 1735
2 1736
1 1737
2 1738
3 1740
1 1743
1 1746
3 1747
2 1748
1 1749
4 1750
1 1751
1 1752
3 1753
1 1754
4 1755
1 1757
1 1759
1 1762
1 1765
1 1767
3 1769
2 1770
1 1771
1 1772
3 1775
1 1776
1 1777
2 1781
1 1784
1 1786
1 1789
2 1790
1 1791
2 1794
1 1795
2 1796
1 1797
1 1799
1 1801
3 1803
1 1804
1 1806
1 1807
1 1809
1 1810
1 1813
1 1814
1 1815
1 1821
1 1822
1 1824
2 1825
2 1828
1 1829
1 1832
3 1833
1 1834
2 1835
1 1836
3 1837
1 1838
1 1840
1 1842
3 1843
1 1849
1 1850
2 1852
4 1853
1 1857
1 1860
2 1861
1 1864
1 1868
1 1869
1 1871
1 1872
1 1873
1 1875
1 1877
2 1878
1 1879
1 1880
1 1884
1 1885
2 1886
3 1888
3 1889
1 1890
1 1893
1 1894
1 1895
1 1898
5 1899
4 1900
1 1901
1 1902
1 1903
2 1904
1 1907
2 1908
2 1909
1 1910
4 1911
7 1912
1 1913
2 1915
4 1916
1 1917
1 1918
7 1919
3 1921
1 1922
3 1923
5 1924
1 1926
1 1927
5 1929
4 1930
4 1931
3 1932
1 1933
4 1934
3 1935
5 1936
2 1937
2 1938
3 1939
4 1940
5 1941
3 1942
3 1943
2 1944
1 1945
2 1946
3 1947
3 1948
4 1949
1 1950
5 1951
1 1953
1 1954
1 1955
1 1956
2 1957
1 1958
4 1961
2 1962
2 1963
4 1964
1 1965
1 1966
1 1967
3 1968
1 1969
2 1970
1 1971
2 1972
1 1973
1 1975
6 1976
1 1979
3 1980
1 1981
1 1982
1 1983
1 1987
3 1988
1 1990
2 1991
2 1992
2 1994
1 1997
1 1998
4 1999
2 2000
1 2002
1 2003
2 2004
1 2005
1 2006
4 2007
2 2008
2 2009
4 2010
5 2011
2 2012
2 2013
6 2014
3 2015
2 2016
5 2017
2 2018
2 2019
6 2020
3 2021
5 2022
3 2023
3 2024
4 2025
4 2026
3 2027
3 2028
2 2029
3 2030
3 2032
3 2033
4 2034
2 2035
4 2039
2 2040
1 2041
4 2042
1 2043
2 2044
1 2045
2 2046
3 2047
1 2048
4 2050
2 2051
4 2052
1 2053
1 2054
1 2055
1 2056
3 2058
1 2059
1 2061
1 2062
1 2063
2 2064
3 2065
1 2068
1 2070
1 2072
5 2073
3 2075
2 2076
3 2081
1 2083
3 2084
1 2087
1 2088
3 2089
1 2091
4 2092
1 2096
1 2097
1 2102
1 2103
1 2104
2 2107
2 2108
3 2109
1 2110
1 2111
1 2112
3 2114
1 2115
1 2116
2 2118
1 2119
2 2121
1 2122
3 2123
2 2124
2 2125
4 2126
2 2127
2 2128
2 2129
3 2130
1 2131
1 2133
3 2135
2 2136
3 2137
2 2139
2 2140
1 2141
4 2142
3 2143
2 2144
4 2145
3 2146
1 2147
3 2148
2 2149
5 2150
5 2151
6 2152
3 2153
3 2154
3 2156
3 2157
5 2158
2 2159
3 2160
1 2161
3 2162
2 2163
1 2164
4 2165
1 2166
3 2167
3 2168
2 2169
3 2170
3 2172
3 2173
1 2175
3 2176
1 2177
2 2178
1 2180
1 2181
1 2182
2 2184
1 2185
2 2186
1 2187
1 2188
2 2189
2 2190
1 2195
1 2203
1 2205
1 2207
1 2212
2 2213
1 2214
1 2215
1 2217
1 2218
2 2219
1 2220
1 2222
2 2229
3 2230
2 2234
1 2235
1 2236
1 2237
1 2239
1 2244
2 2246
2 2247
1 2249
2 2252
1 2254
1 2255
1 2256
5 2257
1 2258
1 2260
2 2261
1 2263
1 2265
2 2267
1 2268
2 2269
1 2270
3 2271
1 2272
2 2274
1 2275
4 2277
1 2278
1 2279
3 2280
2 2281
1 2282
2 2283
1 2287
3 2288
1 2291
1 2292
1 2293
2 2294
4 2295
1 2296
1 2297
2 2298
2 2300
3 2301
2 2302
2 2303
1 2304
1 2308
1 2309
3 2310
3 2311
1 2312
2 2313
2 2314
2 2317
2 2318
1 2319
3 2320
2 2321
1 2322
2 2323
1 2324
6 2325
1 2326
1 2327
2 2328
2 2329
3 2330
2 2331
1 2332
4 2333
1 2334
1 2335
2 2336
2 2337
2 2338
4 2339
2 2340
5 2341
2 2342
1 2343
1 2344
4 2345
3 2346
1 2347
2 2349
3 2350
2 2351
2 2352
5 2353
2 2354
1 2355
4 2356
2 2357
4 2358
4 2360
1 2361
1 2362
3 2363
3 2364
1 2365
2 2366
5 2367
1 2368
2 2369
5 2370
3 2371
5 2372
4 2373
5 2374
3 2375
3 2376
6 2377
3 2378
5 2379
6 2380
3 2381
5 2382
4 2383
1 2384
7 2385
5 2386
6 2387
6 2388
8 2389
3 2390
4 2391
7 2392
5 2393
3 2394
5 2395
4 2396
5 2397
7 2398
2 2399
11 2400
9 2401
7 2402
5 2403
4 2404
6 2405
4 2406
4 2407
7 2408
7 2409
11 2410
6 2411
5 2412
4 2413
7 2414
4 2415
9 2416
5 2417
3 2418
10 2419
11 2420
9 2421
10 2422
12 2423
2 2424
6 2425
8 2426
6 2427
5 2428
7 2429
4 2430
8 2431
4 2432
2 2433
5 2434
3 2435
7 2436
5 2437
2 2438
4 2439
6 2440
8 2441
7 2442
6 2443
6 2444
5 2445
9 2446
7 2447
7 2448
5 2449
2 2450
5 2451
7 2452
1 2453
3 2454
6 2455
6 2456
10 2457
3 2458
5 2459
7 2460
8 2461
10 2462
6 2463
3 2464
6 2465
12 2466
12 2467
16 2468
12 2469
6 2470
7 2471
8 2472
11 2473
4 2474
7 2475
15 2476
16 2477
12 2478
12 2479
14 2480
11 2481
13 2482
19 2483
10 2484
12 2485
14 2486
18 2487
15 2488
15 2489
20 2490
16 2491
10 2492
11 2493
17 2494
19 2495
22 2496
12 2497
15 2498
20 2499
13 2500
15 2501
10 2502
19 2503
12 2504
19 2505
15 2506
20 2507
14 2508
12 2509
13 2510
12 2511
12 2512
14 2513
16 2514
12 2515
9 2516
12 2517
6 2518
2 2519
10 2520
13 2521
5 2522
8 2523
7 2524
14 2525
5 2526
7 2527
5 2528
6 2529
3 2530
3 2531
6 2532
2 2533
4 2534
3 2535
3 2536
6 2537
4 2538
5 2539
1 2540
2 2541
1 2542
6 2543
2 2544
6 2545
2 2546
3 2547
3 2548
3 2550
6 2551
1 2552
2 2553
2 2554
2 2555
2 2556
4 2557
7 2558
1 2559
2 2560
3 2561
2 2562
7 2563
1 2564
2 2565
1 2566
2 2567
4 2568
1 2569
1 2570
1 2572
2 2573
4 2574
4 2575
2 2577
3 2578
3 2580
1 2581
2 2582
1 2583
2 2584
3 2587
4 2588
1 2589
1 2591
1 2592
2 2593
1 2594
1 2595
2 2597
1 2598
4 2599
1 2600
3 2602
1 2605
2 2606
2 2607
2 2608
2 2610
4 2611
1 2615
1 2616
2 2617
3 2618
1 2619
1 2620
1 2622
1 2623
2 2624
1 2625
1 2627
1 2630
2 2634
1 2635
1 2636
1 2638
1 2643
1 2644
1 2645
3 2646
3 2647
3 2649
2 2650
1 2651
1 2652
1 2654
2 2655
1 2656
2 2657
3 2658
1 2659
1 2663
1 2666
2 2668
2 2669
2 2671
2 2673
1 2674
1 2676
3 2677
1 2678
1 2681
2 2682
1 2684
4 2687
2 2688
2 2690
2 2691
1 2692
1 2693
1 2694
3 2695
3 2696
1 2697
1 2698
3 2699
5 2700
5 2701
3 2702
6 2703
1 2704
4 2705
2 2707
2 2708
1 2709
1 2710
4 2711
1 2712
9 2713
4 2714
4 2715
3 2716
2 2717
3 2718
1 2719
2 2720
5 2721
5 2722
5 2723
8 2724
5 2725
3 2726
4 2727
1 2728
1 2729
4 2730
3 2731
2 2732
3 2733
1 2734
2 2735
2 2736
3 2737
1 2738
3 2739
3 2740
3 2741
6 2742
2 2743
4 2744
4 2745
3 2747
1 2748
1 2750
1 2751
1 2753
1 2754
2 2756
1 2758
1 2759
1 2762
1 2764
2 2765
2 2767
1 2768
1 2769
1 2770
1 2771
2 2772
1 2774
4 2775
2 2776
1 2779
4 2780
1 2781
1 2783
1 2786
2 2788
1 2789
1 2791
1 2792
1 2793
2 2794
2 2795
1 2796
1 2797
1 2798
1 2799
1 2800
1 2801
2 2802
3 2804
2 2805
1 2806
4 2810
1 2811
3 2812
1 2814
1 2815
2 2817
1 2818
1 2819
1 2820
2 2824
1 2825
2 2826
1 2828
1 2830
1 2834
1 2838
1 2841
1 2842
1 2847
1 2848
1 2849
2 2852
1 2860
2 2862
1 2864
1 2870
1 2877
1 2887
1 2888
1 2890
1 2892
1 2894
1 2898
1 2905
1 2916
1 2943
1 2945
1 2950
2 2951
1 2962
1 2969
1 2975
1 2977
1 3013
1 3021
1 3025
1 3038
1 3052
1 3055
1 3059
1 3063
1 3066
1 3067
1 3070
1 3073
1 3074
2 3075
2 3076
1 3078
1 3081
1 3082
1 3084
1 3086
1 3089
1 3090
1 3091
1 3092
1 3096
1 3097
1 3098
2 3099
1 3101
1 3104
1 3105
2 3106
2 3108
1 3109
1 3110
1 3111
2 3114
1 3118
1 3119
1 3121
4 3122
2 3123
2 3125
1 3129
1 3131
2 3132
1 3133
3 3134
3 3135
1 3136
2 3137
2 3138
5 3139
1 3140
1 3141
2 3142
1 3144
1 3145
1 3146
2 3147
1 3148
1 3149
2 3150
1 3151
4 3154
2 3155
2 3156
1 3157
1 3158
3 3162
1 3164
1 3167
1 3171
1 3172
2 3174
1 3176
1 3178
2 3179
1 3181
1 3182
2 3185
2 3186
1 3188
1 3194
1 3203
1 3207
1 3218
1 3276
1 3293
1 3308
1 3429
1 3443
1 3448
1 3465
1 3483
1 3508
1 3509
1 3510
1 3572
1 3583
1 3685
1 3778
1 4092
1 4135
1 4263
1 4366
1 4417
1 4576
1 4642
1 4813
1 4819
1 4999
