1 1
3 2
1 3
1 4
1 5
2 6
3 8
4 9
1 12
1 13
1 15
1 16
1 17
1 19
2 20
4 21
2 23
1 26
3 27
2 28
3 29
1 31
3 34
2 35
2 36
2 37
1 38
4 39
2 40
2 41
1 42
1 44
1 45
3 46
1 47
3 48
2 49
2 50
1 51
1 52
2 53
1 54
2 55
2 57
1 58
2 59
3 60
3 61
2 62
2 64
1 65
1 66
3 67
2 68
2 69
1 70
4 71
4 72
2 73
5 74
3 75
2 76
4 77
2 78
3 79
5 80
4 81
5 82
13 83
6 84
15 85
8 86
5 87
8 88
5 89
5 90
5 91
3 92
1 93
5 94
6 96
3 97
7 98
8 99
6 100
8 101
6 102
7 103
4 104
6 105
10 106
4 107
15 108
6 109
11 110
15 111
13 112
18 113
24 114
9 115
10 116
13 117
8 118
11 119
4 120
11 121
12 122
6 123
6 124
13 125
17 126
6 127
9 128
4 129
10 130
7 131
4 132
5 133
7 134
6 135
8 136
4 137
3 138
8 139
6 140
5 141
4 142
4 143
5 144
6 145
5 146
6 147
3 148
5 149
5 150
9 151
3 152
5 153
8 154
6 155
4 156
4 157
8 158
7 159
5 160
5 161
5 162
5 163
6 164
8 165
4 166
4 167
7 168
8 169
4 170
7 171
7 172
8 173
12 174
4 175
8 176
12 177
15 178
15 179
10 180
12 181
10 182
10 183
8 184
10 185
12 186
7 187
13 188
10 189
12 190
13 191
13 192
7 193
13 194
13 195
6 196
16 197
10 198
9 199
10 200
14 201
10 202
8 203
15 204
4 205
8 206
7 207
11 208
11 209
10 210
15 211
9 212
15 213
9 214
14 215
7 216
10 217
15 218
12 219
6 220
10 221
12 222
17 223
11 224
15 225
21 226
10 227
12 228
16 229
18 230
17 231
24 232
15 233
16 234
9 235
17 236
17 237
21 238
15 239
14 240
12 241
17 242
18 243
10 244
21 245
22 246
21 247
32 248
41 249
52 250
57 251
53 252
52 253
62 254
77 255
82 256
100 257
69 258
82 259
53 260
53 261
61 262
43 263
40 264
27 265
36 266
26 267
13 268
11 269
14 270
12 271
15 272
15 273
16 274
12 275
11 276
8 277
19 278
14 279
18 280
8 281
18 282
16 283
19 284
24 285
17 286
11 287
23 288
17 289
29 290
21 291
28 292
26 293
21 294
26 295
14 296
20 297
28 298
16 299
23 300
23 301
29 302
17 303
15 304
18 305
14 306
26 307
15 308
21 309
17 310
13 311
18 312
18 313
22 314
13 315
20 316
12 317
17 318
20 319
17 320
18 321
29 322
14 323
16 324
22 325
18 326
12 327
20 328
21 329
26 330
20 331
21 332
14 333
32 334
16 335
19 336
25 337
21 338
32 339
19 340
22 341
22 342
38 343
20 344
18 345
17 346
13 347
22 348
14 349
15 350
11 351
15 352
15 353
14 354
19 355
19 356
20 357
18 358
13 359
12 360
11 361
13 362
18 363
20 364
16 365
16 366
17 367
18 368
22 369
18 370
17 371
16 372
11 373
18 374
20 375
13 376
21 377
21 378
20 379
18 380
17 381
24 382
24 383
15 384
26 385
14 386
29 387
23 388
33 389
23 390
35 391
27 392
28 393
25 394
36 395
38 396
33 397
37 398
40 399
43 400
51 401
56 402
47 403
69 404
65 405
58 406
69 407
78 408
76 409
73 410
78 411
102 412
90 413
96 414
111 415
104 416
117 417
104 418
113 419
108 420
96 421
126 422
116 423
109 424
96 425
103 426
102 427
93 428
109 429
78 430
112 431
97 432
104 433
92 434
130 435
120 436
129 437
135 438
151 439
141 440
164 441
172 442
172 443
173 444
202 445
215 446
204 447
281 448
257 449
286 450
317 451
318 452
347 453
328 454
349 455
331 456
313 457
277 458
268 459
239 460
183 461
207 462
142 463
116 464
125 465
97 466
71 467
71 468
48 469
66 470
42 471
38 472
19 473
29 474
33 475
22 476
19 477
29 478
18 479
21 480
21 481
12 482
20 483
16 484
17 485
22 486
24 487
18 488
18 489
13 490
24 491
26 492
29 493
30 494
29 495
29 496
36 497
32 498
33 499
37 500
56 501
36 502
55 503
53 504
50 505
47 506
63 507
62 508
59 509
44 510
67 511
48 512
42 513
40 514
41 515
42 516
46 517
38 518
42 519
32 520
25 521
36 522
32 523
38 524
42 525
43 526
36 527
43 528
39 529
57 530
45 531
39 532
69 533
77 534
66 535
70 536
111 537
133 538
108 539
126 540
122 541
114 542
154 543
133 544
153 545
173 546
166 547
123 548
155 549
137 550
105 551
139 552
93 553
100 554
80 555
74 556
64 557
75 558
69 559
63 560
68 561
61 562
58 563
65 564
44 565
60 566
51 567
40 568
61 569
48 570
52 571
54 572
41 573
39 574
60 575
32 576
42 577
40 578
43 579
32 580
46 581
39 582
40 583
56 584
34 585
37 586
36 587
37 588
39 589
37 590
37 591
33 592
29 593
28 594
35 595
38 596
27 597
24 598
32 599
25 600
31 601
30 602
33 603
29 604
27 605
26 606
24 607
28 608
44 609
43 610
49 611
60 612
70 613
60 614
79 615
69 616
64 617
79 618
76 619
81 620
90 621
85 622
93 623
91 624
101 625
93 626
75 627
64 628
95 629
75 630
54 631
56 632
70 633
53 634
53 635
48 636
32 637
37 638
34 639
22 640
26 641
19 642
25 643
20 644
18 645
18 646
19 647
12 648
11 649
12 650
13 651
8 652
10 653
17 654
5 655
15 656
11 657
12 658
21 659
12 660
22 661
20 662
13 663
12 664
20 665
14 666
14 667
16 668
13 669
23 670
31 671
23 672
21 673
25 674
26 675
21 676
30 677
31 678
29 679
27 680
31 681
37 682
24 683
32 684
26 685
25 686
26 687
36 688
29 689
32 690
29 691
29 692
38 693
23 694
24 695
27 696
26 697
31 698
27 699
20 700
24 701
29 702
26 703
18 704
20 705
21 706
30 707
25 708
26 709
21 710
30 711
36 712
29 713
39 714
27 715
47 716
43 717
40 718
44 719
49 720
50 721
41 722
43 723
61 724
66 725
57 726
45 727
63 728
66 729
67 730
79 731
82 732
73 733
61 734
76 735
78 736
78 737
75 738
92 739
77 740
94 741
110 742
105 743
108 744
128 745
152 746
161 747
152 748
152 749
173 750
193 751
217 752
209 753
239 754
240 755
220 756
243 757
258 758
305 759
280 760
331 761
282 762
303 763
297 764
330 765
297 766
344 767
267 768
277 769
272 770
232 771
209 772
223 773
197 774
163 775
145 776
133 777
132 778
107 779
97 780
92 781
79 782
56 783
45 784
38 785
38 786
41 787
22 788
18 789
23 790
22 791
27 792
25 793
14 794
17 795
22 796
19 797
20 798
17 799
15 800
15 801
11 802
24 803
19 804
16 805
20 806
12 807
16 808
13 809
12 810
20 811
23 812
15 813
23 814
27 815
16 816
15 817
24 818
20 819
17 820
22 821
12 822
19 823
20 824
23 825
22 826
28 827
21 828
33 829
28 830
26 831
26 832
15 833
25 834
23 835
25 836
28 837
22 838
21 839
26 840
29 841
32 842
38 843
32 844
33 845
36 846
47 847
40 848
40 849
34 850
36 851
47 852
39 853
39 854
57 855
41 856
37 857
54 858
36 859
54 860
47 861
37 862
35 863
48 864
48 865
61 866
43 867
68 868
46 869
57 870
50 871
48 872
46 873
43 874
42 875
40 876
34 877
44 878
43 879
35 880
39 881
32 882
37 883
34 884
30 885
39 886
46 887
40 888
39 889
34 890
32 891
40 892
30 893
39 894
40 895
46 896
33 897
47 898
40 899
42 900
46 901
53 902
36 903
61 904
44 905
49 906
54 907
47 908
69 909
72 910
62 911
68 912
66 913
69 914
62 915
77 916
88 917
79 918
91 919
94 920
104 921
105 922
118 923
120 924
107 925
148 926
138 927
132 928
129 929
134 930
126 931
142 932
180 933
193 934
191 935
196 936
166 937
188 938
226 939
211 940
229 941
233 942
276 943
259 944
301 945
293 946
287 947
356 948
350 949
373 950
392 951
469 952
449 953
536 954
526 955
544 956
537 957
574 958
623 959
651 960
669 961
690 962
742 963
711 964
739 965
768 966
727 967
738 968
705 969
673 970
673 971
660 972
591 973
556 974
500 975
482 976
462 977
370 978
345 979
321 980
267 981
227 982
216 983
164 984
166 985
136 986
125 987
106 988
93 989
75 990
66 991
61 992
38 993
45 994
41 995
32 996
23 997
22 998
21 999
17 1000
14 1001
16 1002
13 1003
7 1004
8 1005
11 1006
10 1007
6 1008
5 1009
12 1010
6 1011
3 1012
5 1013
3 1014
2 1015
4 1016
4 1017
1 1018
7 1019
1 1020
3 1021
6 1023
3 1024
1 1025
5 1026
2 1027
5 1028
3 1029
3 1031
3 1032
2 1033
3 1034
1 1035
2 1036
1 1037
3 1038
3 1039
2 1040
3 1042
1 1043
1 1045
1 1046
3 1047
5 1048
3 1049
3 1050
3 1052
3 1053
1 1054
7 1055
4 1056
1 1057
3 1058
2 1059
6 1060
4 1061
6 1062
4 1063
6 1064
4 1065
3 1066
6 1067
2 1068
2 1069
6 1070
8 1071
4 1072
1 1073
7 1074
7 1075
5 1076
5 1077
5 1078
5 1079
1 1080
3 1081
4 1082
4 1083
6 1084
6 1085
7 1086
4 1088
1 1089
7 1090
4 1091
4 1092
4 1093
2 1094
2 1095
6 1096
4 1097
2 1101
3 1102
3 1103
1 1104
4 1105
3 1106
5 1107
4 1108
2 1109
1 1110
2 1111
2 1112
2 1113
5 1114
1 1115
8 1116
4 1117
1 1118
3 1119
3 1120
1 1121
6 1122
2 1123
3 1124
2 1125
4 1126
3 1128
2 1129
4 1130
4 1131
5 1132
5 1133
4 1134
7 1135
4 1136
4 1137
7 1138
3 1139
2 1140
8 1141
11 1142
8 1143
2 1144
8 1145
3 1146
5 1147
6 1148
8 1149
8 1150
5 1151
13 1152
7 1153
9 1154
8 1155
7 1156
5 1157
4 1158
8 1159
5 1160
6 1161
10 1162
5 1163
4 1164
8 1165
5 1166
4 1167
4 1168
5 1169
3 1170
5 1171
3 1172
3 1173
2 1174
6 1176
1 1177
1 1178
2 1179
5 1180
3 1181
5 1182
4 1183
1 1184
5 1185
1 1186
3 1187
2 1188
2 1189
2 1190
1 1191
4 1192
1 1193
1 1195
2 1196
2 1197
1 1198
2 1199
4 1200
1 1202
1 1204
4 1206
1 1209
2 1210
1 1211
2 1212
1 1213
3 1215
3 1216
1 1217
1 1219
2 1220
3 1221
2 1222
1 1223
1 1224
2 1226
2 1227
3 1228
1 1229
1 1230
2 1231
1 1232
1 1234
1 1235
1 1236
2 1237
2 1239
1 1240
2 1241
1 1242
2 1243
1 1244
1 1245
1 1247
1 1248
1 1249
2 1250
1 1252
3 1254
1 1255
2 1256
1 1258
3 1260
2 1261
3 1262
1 1264
6 1266
2 1269
2 1270
2 1271
2 1272
1 1273
1 1274
2 1275
2 1276
1 1278
2 1279
4 1280
6 1281
1 1282
2 1284
4 1285
3 1286
1 1287
1 1289
2 1290
2 1291
2 1292
2 1293
3 1294
2 1296
2 1297
4 1299
1 1300
3 1301
3 1304
1 1305
1 1306
3 1307
3 1308
1 1309
2 1310
1 1311
1 1312
1 1313
1 1315
2 1316
1 1318
2 1319
1 1321
2 1322
1 1323
3 1324
2 1325
2 1326
2 1327
1 1328
2 1329
2 1330
1 1331
1 1333
1 1336
2 1337
5 1338
2 1339
3 1340
1 1341
2 1344
2 1345
2 1347
1 1348
1 1349
1 1353
1 1354
2 1355
1 1356
1 1357
1 1358
1 1359
3 1360
2 1361
2 1362
4 1363
1 1366
2 1367
1 1369
2 1370
2 1371
2 1374
2 1377
1 1378
2 1380
1 1381
1 1382
1 1383
1 1384
4 1385
2 1386
3 1388
2 1390
1 1392
1 1393
2 1395
2 1396
1 1397
1 1398
3 1400
1 1401
1 1402
1 1403
1 1404
2 1405
3 1406
2 1407
1 1409
3 1410
3 1411
3 1412
4 1413
3 1414
3 1415
2 1417
1 1418
2 1419
1 1420
3 1421
2 1422
3 1424
1 1425
2 1426
1 1427
1 1430
2 1432
2 1433
3 1434
1 1435
1 1437
1 1439
5 1440
4 1441
2 1442
1 1443
1 1444
1 1445
1 1446
1 1447
3 1453
5 1454
3 1456
1 1457
2 1458
1 1459
2 1460
1 1461
1 1462
2 1463
1 1464
2 1465
4 1466
4 1467
1 1468
2 1469
1 1471
2 1472
1 1473
1 1474
2 1475
1 1476
2 1477
2 1478
1 1479
1 1480
1 1483
3 1485
1 1486
3 1487
1 1488
1 1490
1 1491
1 1494
2 1495
1 1496
2 1497
4 1498
3 1499
2 1500
2 1501
1 1502
2 1503
1 1504
4 1505
1 1506
2 1509
2 1511
1 1512
2 1514
1 1515
1 1516
1 1517
2 1518
1 1519
5 1521
2 1522
1 1525
1 1527
1 1531
3 1532
3 1534
1 1536
1 1538
2 1539
2 1540
2 1541
1 1542
1 1543
1 1544
2 1545
1 1546
1 1548
2 1550
3 1551
5 1552
3 1553
1 1555
2 1557
1 1558
2 1559
1 1560
2 1561
1 1564
2 1566
1 1567
1 1568
1 1569
1 1570
1 1571
1 1572
2 1573
3 1575
2 1576
1 1577
1 1579
2 1580
2 1582
1 1584
2 1585
1 1588
2 1589
2 1590
2 1592
2 1593
1 1594
1 1596
4 1598
2 1599
3 1601
3 1602
4 1605
2 1606
1 1608
1 1609
1 1610
5 1611
1 1613
4 1614
2 1615
1 1616
2 1617
2 1619
2 1622
2 1624
2 1625
2 1626
2 1627
2 1628
1 1629
1 1631
2 1633
1 1634
1 1636
2 1637
3 1638
1 1639
1 1640
3 1641
1 1642
4 1643
1 1644
3 1645
1 1647
3 1648
4 1650
2 1651
1 1653
1 1654
4 1655
2 1656
2 1657
2 1658
6 1659
5 1660
2 1661
1 1662
2 1664
3 1665
1 1667
1 1668
1 1669
2 1670
1 1671
1 1674
1 1675
3 1677
2 1678
2 1679
2 1680
2 1682
2 1683
1 1684
2 1685
2 1686
1 1687
2 1688
1 1689
1 1690
1 1692
2 1695
1 1696
1 1698
5 1699
1 1700
3 1701
1 1703
2 1704
7 1705
3 1706
1 1707
1 1708
1 1710
1 1713
3 1714
1 1716
3 1717
1 1718
2 1721
4 1722
2 1723
1 1725
2 1727
1 1728
1 1729
1 1731
1 1732
4 1733
3 1734
3 1735
1 1737
1 1739
1 1740
2 1741
3 1742
1 1748
1 1750
1 1751
1 1752
1 1753
2 1754
2 1759
1 1760
2 1764
2 1765
1 1769
1 1771
1 1773
4 1774
2 1775
3 1776
2 1777
2 1778
2 1779
1 1780
2 1781
1 1782
1 1783
1 1786
1 1788
2 1789
1 1790
2 1791
3 1792
1 1793
1 1794
1 1795
2 1797
2 1798
5 1799
1 1803
2 1804
2 1805
1 1811
1 1812
2 1813
2 1814
1 1815
2 1816
2 1817
2 1819
1 1821
4 1823
2 1824
1 1825
2 1827
1 1828
2 1830
3 1831
1 1832
2 1838
1 1839
1 1842
2 1844
1 1845
1 1851
2 1853
1 1856
4 1860
1 1864
1 1865
2 1871
1 1873
1 1874
1 1875
1 1876
2 1877
2 1878
2 1879
1 1880
2 1881
2 1882
1 1883
1 1884
2 1885
1 1886
1 1890
1 1891
1 1893
1 1894
1 1895
1 1896
1 1899
1 1900
1 1901
2 1903
3 1905
1 1906
2 1909
1 1911
1 1913
1 1915
1 1917
3 1918
1 1919
2 1921
1 1922
2 1924
1 1925
2 1926
2 1927
1 1929
4 1930
1 1932
1 1933
1 1934
1 1938
2 1939
1 1940
1 1942
2 1943
2 1944
1 1946
1 1947
2 1948
1 1949
2 1950
2 1951
1 1953
1 1955
1 1956
1 1959
2 1960
1 1962
3 1963
1 1964
1 1965
3 1967
3 1968
1 1969
1 1970
1 1971
1 1972
1 1973
1 1974
1 1975
1 1976
1 1977
1 1978
1 1980
1 1982
2 1983
1 1984
1 1985
1 1987
1 1989
2 1990
3 1991
2 1993
1 1994
3 1996
3 1997
1 1998
3 1999
2 2000
1 2001
1 2002
2 2004
2 2007
2 2008
1 2009
1 2010
1 2011
1 2012
2 2013
1 2015
2 2016
4 2017
2 2019
1 2020
1 2021
2 2025
3 2027
4 2028
1 2029
2 2030
2 2031
3 2033
1 2034
1 2035
1 2036
1 2039
2 2040
2 2041
4 2042
4 2043
2 2044
2 2045
2 2046
3 2047
6 2048
2 2049
1 2050
1 2051
2 2052
1 2054
3 2056
3 2058
1 2060
6 2061
2 2062
3 2063
2 2064
1 2066
3 2067
2 2068
1 2069
1 2070
2 2071
2 2072
2 2073
1 2074
3 2075
4 2077
4 2078
1 2079
4 2080
1 2081
3 2082
2 2083
4 2084
2 2086
1 2087
1 2088
1 2089
2 2090
1 2091
1 2092
5 2093
3 2094
3 2095
1 2096
3 2097
1 2098
1 2099
3 2100
5 2102
2 2103
3 2104
2 2105
2 2106
2 2107
3 2108
1 2109
3 2110
2 2111
1 2112
3 2114
4 2115
1 2116
4 2117
5 2118
1 2119
1 2120
1 2121
1 2122
3 2123
3 2124
2 2125
5 2127
1 2128
3 2129
2 2130
5 2131
1 2132
5 2133
2 2134
3 2135
3 2136
1 2137
2 2138
4 2139
3 2140
1 2141
2 2142
3 2143
3 2144
4 2145
2 2146
4 2148
5 2149
5 2150
3 2151
2 2152
1 2153
1 2154
3 2155
3 2156
2 2157
3 2158
2 2159
1 2160
2 2161
5 2162
2 2163
4 2164
5 2165
4 2166
5 2167
9 2168
6 2170
6 2171
2 2172
4 2173
4 2174
11 2175
7 2176
7 2177
4 2178
1 2179
7 2180
4 2181
8 2182
6 2183
9 2184
8 2185
7 2186
5 2187
6 2188
3 2189
6 2190
3 2191
1 2192
7 2193
7 2194
9 2195
3 2196
8 2197
12 2198
11 2199
10 2200
5 2201
7 2202
3 2203
5 2204
6 2205
7 2206
10 2207
9 2208
9 2209
7 2210
7 2211
12 2212
15 2213
10 2214
10 2215
10 2216
15 2217
14 2218
8 2219
16 2220
11 2221
13 2222
13 2223
17 2224
12 2225
17 2226
6 2227
12 2228
18 2229
17 2230
12 2231
14 2232
9 2233
8 2234
18 2235
13 2236
15 2237
13 2238
6 2239
9 2240
17 2241
15 2242
11 2243
15 2244
16 2245
16 2246
20 2247
10 2248
10 2249
8 2250
15 2251
18 2252
15 2253
18 2254
14 2255
18 2256
20 2257
29 2258
15 2259
17 2260
17 2261
21 2262
7 2263
11 2264
12 2265
18 2266
18 2267
18 2268
16 2269
19 2270
24 2271
20 2272
10 2273
17 2274
23 2275
27 2276
20 2277
25 2278
25 2279
22 2280
20 2281
27 2282
18 2283
25 2284
13 2285
17 2286
15 2287
18 2288
12 2289
19 2290
18 2291
11 2292
10 2293
15 2294
22 2295
15 2296
9 2297
14 2298
10 2299
18 2300
24 2301
9 2302
13 2303
13 2304
12 2305
12 2306
11 2307
12 2308
8 2309
12 2310
11 2311
15 2312
11 2313
20 2314
17 2315
17 2316
11 2317
25 2318
14 2319
15 2320
13 2321
13 2322
18 2323
14 2324
24 2325
16 2326
14 2327
21 2328
12 2329
19 2330
18 2331
19 2332
25 2333
9 2334
18 2335
25 2336
17 2337
17 2338
21 2339
22 2340
30 2341
27 2342
26 2343
41 2344
36 2345
26 2346
25 2347
28 2348
34 2349
25 2350
33 2351
26 2352
36 2353
26 2354
32 2355
35 2356
40 2357
42 2358
34 2359
45 2360
36 2361
37 2362
49 2363
40 2364
38 2365
40 2366
46 2367
35 2368
35 2369
48 2370
47 2371
45 2372
42 2373
38 2374
46 2375
35 2376
39 2377
43 2378
34 2379
29 2380
36 2381
25 2382
36 2383
22 2384
31 2385
33 2386
30 2387
27 2388
28 2389
22 2390
20 2391
18 2392
16 2393
17 2394
20 2395
18 2396
24 2397
19 2398
19 2399
17 2400
13 2401
14 2402
9 2403
14 2404
15 2405
9 2406
13 2407
9 2408
10 2409
8 2410
8 2411
13 2412
3 2413
4 2414
6 2415
9 2416
2 2417
11 2418
11 2419
6 2420
9 2421
5 2422
5 2423
6 2424
10 2425
6 2426
11 2427
2 2428
8 2429
6 2430
7 2431
8 2432
5 2433
9 2434
3 2435
8 2436
8 2437
9 2438
7 2439
9 2440
3 2441
10 2442
9 2443
3 2444
11 2445
9 2446
6 2447
10 2448
10 2449
10 2450
14 2451
10 2452
12 2453
13 2454
17 2455
10 2456
9 2457
15 2458
18 2459
16 2460
16 2461
20 2462
22 2463
13 2464
18 2465
19 2466
19 2467
16 2468
13 2469
19 2470
15 2471
20 2472
16 2473
16 2474
21 2475
13 2476
13 2477
13 2478
17 2479
17 2480
14 2481
9 2482
14 2483
11 2484
8 2485
11 2486
9 2487
6 2488
8 2489
16 2490
12 2491
8 2492
6 2493
10 2494
6 2495
8 2496
9 2497
7 2498
5 2499
5 2500
7 2501
5 2502
7 2503
6 2504
6 2505
2 2506
6 2507
4 2508
3 2509
2 2510
1 2511
3 2513
4 2514
3 2515
2 2516
2 2517
1 2518
2 2519
3 2520
4 2521
2 2522
2 2523
1 2524
2 2525
3 2526
1 2527
3 2528
2 2529
4 2531
2 2532
1 2533
1 2534
2 2535
2 2536
2 2537
1 2539
4 2540
2 2541
1 2542
4 2543
3 2544
4 2545
2 2547
4 2548
2 2549
2 2550
3 2551
4 2553
5 2554
3 2555
2 2556
3 2557
2 2558
3 2559
2 2560
2 2561
3 2562
3 2563
1 2564
4 2565
2 2566
3 2567
3 2568
4 2570
2 2571
3 2572
8 2573
3 2574
5 2575
4 2576
2 2577
7 2578
6 2579
4 2580
4 2581
7 2582
5 2583
4 2584
7 2585
6 2586
7 2587
8 2588
5 2589
7 2590
6 2591
9 2592
7 2593
5 2594
7 2595
7 2596
3 2597
7 2598
7 2599
5 2600
4 2601
14 2602
10 2603
8 2604
5 2605
7 2606
13 2607
11 2608
12 2609
12 2610
13 2611
10 2612
15 2613
7 2614
7 2615
6 2616
16 2617
9 2618
9 2619
10 2620
7 2621
12 2622
14 2623
5 2624
9 2625
5 2626
9 2627
5 2628
12 2629
6 2630
11 2631
6 2632
7 2633
7 2634
3 2635
1 2636
3 2637
2 2638
4 2639
4 2640
7 2641
4 2642
1 2643
1 2644
1 2645
3 2646
3 2647
3 2648
1 2650
3 2651
2 2652
1 2653
2 2654
3 2655
3 2656
2 2657
4 2658
2 2659
1 2660
2 2661
2 2662
2 2663
2 2664
2 2665
2 2667
1 2669
2 2670
2 2671
1 2672
4 2673
3 2674
3 2675
4 2676
3 2677
1 2678
4 2681
2 2683
1 2687
3 2688
1 2694
1 2695
1 2697
1 2705
1 2707
1 2709
1 2710
1 2713
1 2716
1 2719
1 2721
1 2725
1 2729
1 2735
1 2738
1 2739
1 2750
1 2751
1 2752
1 2758
1 2759
1 2761
1 2762
1 2763
1 2765
1 2766
1 2771
1 2773
1 2775
1 2777
1 2783
1 2784
1 2802
1 2826
1 2839
1 2857
1 2864
1 2874
1 2875
1 2883
1 2884
1 2901
1 2957
1 2972
1 2993
1 3003
1 3004
1 3007
1 3056
1 3149
1 3166
1 3169
1 3188
1 3202
1 3255
1 3303
1 3451
1 3476
1 3521
1 3607
1 3623
1 3694
1 3764
1 4125
1 4894
