1 1
3 2
1 3
3 4
1 7
4 8
1 9
1 10
3 14
4 15
1 17
2 18
1 19
4 20
2 21
1 22
5 23
1 24
1 26
1 27
2 28
3 29
2 30
6 32
4 34
2 35
3 36
1 37
1 38
2 39
3 41
2 43
2 44
2 47
2 48
3 49
3 50
1 51
3 52
2 53
4 54
1 55
1 56
2 57
5 58
2 59
4 60
4 62
1 63
1 64
2 67
1 68
2 69
6 70
4 71
6 72
3 73
5 74
4 75
2 76
2 77
5 78
9 79
8 80
3 81
3 82
6 83
11 84
15 85
9 86
6 87
7 88
7 89
6 90
3 91
6 92
8 93
7 94
5 95
2 96
6 97
6 98
4 99
5 100
3 101
11 102
8 103
8 104
12 105
8 106
8 107
13 108
15 109
14 110
21 111
13 112
14 113
16 114
11 115
12 116
8 117
9 118
10 119
6 120
2 121
6 122
12 123
16 124
8 125
11 126
17 127
5 128
9 129
10 130
3 131
8 132
2 133
4 134
8 135
6 136
6 137
13 138
8 139
5 140
8 141
8 142
3 143
7 144
4 145
6 146
5 147
5 148
3 149
8 150
5 151
3 152
7 153
9 154
3 155
2 156
3 157
6 158
8 159
4 160
5 161
9 162
4 163
8 164
4 165
3 166
4 167
7 168
12 169
9 170
5 171
8 172
7 173
8 174
5 175
10 176
12 177
12 178
7 179
7 180
9 181
16 182
15 183
12 184
4 185
12 186
7 187
11 188
15 189
12 190
19 191
10 192
19 193
16 194
14 195
15 196
15 197
16 198
19 199
7 200
10 201
7 202
5 203
11 204
10 205
8 206
10 207
7 208
7 209
7 210
12 211
9 212
8 213
12 214
19 215
7 216
8 217
12 218
15 219
18 220
16 221
12 222
24 223
14 224
12 225
20 226
22 227
21 228
21 229
17 230
20 231
26 232
22 233
24 234
17 235
23 236
18 237
18 238
23 239
22 240
26 241
26 242
30 243
24 244
32 245
43 246
46 247
51 248
53 249
51 250
75 251
77 252
95 253
85 254
113 255
114 256
91 257
115 258
106 259
98 260
96 261
83 262
65 263
52 264
39 265
27 266
23 267
25 268
21 269
13 270
13 271
22 272
12 273
16 274
11 275
18 276
13 277
18 278
18 279
23 280
14 281
15 282
22 283
16 284
20 285
13 286
19 287
25 288
22 289
24 290
16 291
24 292
26 293
22 294
24 295
20 296
22 297
15 298
23 299
24 300
13 301
15 302
16 303
16 304
17 305
13 306
10 307
17 308
15 309
21 310
11 311
22 312
13 313
11 314
13 315
20 316
17 317
14 318
23 319
12 320
14 321
13 322
19 323
23 324
19 325
14 326
18 327
19 328
19 329
20 330
17 331
16 332
16 333
17 334
21 335
27 336
21 337
26 338
23 339
26 340
23 341
22 342
27 343
21 344
21 345
15 346
17 347
32 348
15 349
25 350
23 351
22 352
12 353
22 354
21 355
26 356
24 357
21 358
22 359
18 360
19 361
16 362
14 363
9 364
15 365
18 366
19 367
20 368
24 369
18 370
19 371
18 372
23 373
30 374
40 375
29 376
21 377
31 378
23 379
21 380
28 381
30 382
17 383
13 384
24 385
26 386
21 387
20 388
27 389
17 390
25 391
27 392
37 393
36 394
43 395
24 396
35 397
45 398
43 399
43 400
50 401
53 402
53 403
68 404
76 405
71 406
71 407
88 408
108 409
91 410
110 411
108 412
90 413
112 414
120 415
105 416
120 417
119 418
113 419
112 420
87 421
94 422
94 423
91 424
92 425
79 426
83 427
69 428
72 429
87 430
71 431
92 432
74 433
71 434
96 435
99 436
82 437
113 438
87 439
111 440
103 441
129 442
116 443
149 444
163 445
161 446
171 447
208 448
226 449
225 450
253 451
233 452
249 453
236 454
245 455
258 456
227 457
267 458
237 459
210 460
214 461
168 462
133 463
120 464
110 465
106 466
76 467
60 468
53 469
44 470
38 471
33 472
62 473
31 474
28 475
18 476
26 477
27 478
26 479
25 480
20 481
18 482
15 483
22 484
18 485
20 486
24 487
14 488
13 489
18 490
17 491
17 492
17 493
16 494
15 495
17 496
10 497
24 498
21 499
15 500
19 501
26 502
19 503
18 504
11 505
24 506
13 507
22 508
28 509
16 510
22 511
17 512
12 513
18 514
20 515
12 516
23 517
12 518
12 519
23 520
21 521
24 522
26 523
19 524
24 525
27 526
31 527
29 528
31 529
36 530
33 531
34 532
48 533
45 534
55 535
60 536
39 537
65 538
71 539
78 540
84 541
103 542
91 543
105 544
80 545
108 546
85 547
91 548
92 549
90 550
88 551
63 552
65 553
58 554
55 555
48 556
52 557
63 558
62 559
53 560
38 561
48 562
33 563
31 564
30 565
34 566
40 567
35 568
30 569
27 570
28 571
42 572
28 573
30 574
25 575
28 576
28 577
27 578
30 579
32 580
26 581
17 582
23 583
16 584
27 585
30 586
19 587
20 588
20 589
21 590
23 591
20 592
15 593
17 594
25 595
18 596
16 597
16 598
31 599
23 600
22 601
17 602
27 603
21 604
27 605
20 606
21 607
30 608
24 609
33 610
22 611
30 612
32 613
31 614
42 615
44 616
40 617
38 618
36 619
52 620
60 621
58 622
50 623
54 624
58 625
60 626
52 627
60 628
50 629
49 630
42 631
51 632
39 633
36 634
30 635
32 636
28 637
18 638
21 639
19 640
19 641
17 642
14 643
22 644
19 645
14 646
12 647
11 648
14 649
10 650
7 651
12 652
10 653
10 654
12 655
7 656
9 657
10 658
11 659
8 660
15 661
13 662
15 663
7 664
11 665
17 666
16 667
19 668
12 669
15 670
15 671
18 672
12 673
21 674
14 675
28 676
19 677
20 678
15 679
16 680
18 681
29 682
21 683
26 684
31 685
24 686
22 687
27 688
23 689
24 690
26 691
32 692
26 693
25 694
22 695
25 696
31 697
23 698
28 699
18 700
28 701
24 702
24 703
20 704
19 705
26 706
36 707
28 708
27 709
32 710
22 711
31 712
39 713
29 714
27 715
32 716
27 717
29 718
40 719
34 720
47 721
40 722
46 723
45 724
52 725
53 726
39 727
50 728
61 729
52 730
59 731
60 732
38 733
59 734
56 735
70 736
60 737
60 738
74 739
82 740
86 741
106 742
99 743
84 744
119 745
127 746
127 747
139 748
136 749
161 750
151 751
161 752
198 753
209 754
210 755
220 756
192 757
245 758
248 759
251 760
247 761
257 762
279 763
269 764
273 765
262 766
257 767
235 768
224 769
231 770
223 771
189 772
181 773
151 774
152 775
132 776
111 777
103 778
102 779
63 780
60 781
50 782
69 783
48 784
50 785
29 786
48 787
30 788
32 789
19 790
20 791
24 792
31 793
13 794
13 795
18 796
15 797
20 798
16 799
14 800
21 801
14 802
24 803
14 804
16 805
16 806
16 807
16 808
17 809
15 810
18 811
23 812
13 813
22 814
28 815
13 816
26 817
20 818
25 819
23 820
30 821
28 822
18 823
35 824
26 825
33 826
37 827
32 828
44 829
38 830
30 831
27 832
35 833
37 834
42 835
27 836
30 837
36 838
32 839
28 840
34 841
32 842
33 843
32 844
30 845
30 846
34 847
32 848
40 849
37 850
39 851
32 852
42 853
28 854
45 855
32 856
49 857
35 858
48 859
32 860
49 861
48 862
38 863
32 864
39 865
29 866
28 867
38 868
39 869
50 870
26 871
44 872
41 873
30 874
33 875
22 876
26 877
22 878
27 879
34 880
24 881
23 882
22 883
24 884
23 885
17 886
19 887
21 888
22 889
20 890
29 891
16 892
14 893
24 894
25 895
26 896
21 897
28 898
34 899
27 900
27 901
30 902
30 903
35 904
29 905
33 906
39 907
29 908
33 909
30 910
37 911
39 912
42 913
45 914
46 915
40 916
45 917
51 918
58 919
41 920
55 921
51 922
60 923
76 924
69 925
72 926
85 927
83 928
88 929
106 930
90 931
83 932
82 933
113 934
90 935
143 936
118 937
122 938
105 939
121 940
130 941
147 942
169 943
151 944
209 945
184 946
191 947
210 948
212 949
232 950
241 951
229 952
262 953
268 954
305 955
332 956
349 957
330 958
374 959
404 960
368 961
414 962
465 963
433 964
415 965
413 966
482 967
434 968
394 969
373 970
397 971
377 972
347 973
357 974
308 975
266 976
267 977
255 978
253 979
205 980
190 981
157 982
150 983
123 984
115 985
109 986
77 987
84 988
67 989
57 990
66 991
51 992
34 993
37 994
27 995
14 996
24 997
16 998
19 999
8 1000
11 1001
12 1002
10 1003
13 1004
11 1005
6 1006
6 1007
11 1008
4 1009
5 1010
2 1011
6 1012
3 1013
5 1014
5 1015
3 1016
4 1017
3 1019
6 1020
3 1021
4 1022
3 1023
2 1024
2 1025
7 1026
3 1027
5 1028
2 1029
3 1030
3 1031
4 1032
4 1033
2 1034
1 1035
3 1036
4 1037
2 1038
1 1039
1 1040
6 1041
1 1042
1 1043
2 1045
2 1046
3 1047
3 1048
5 1050
2 1051
3 1052
3 1053
1 1054
4 1056
4 1057
1 1058
5 1059
2 1060
2 1061
2 1062
1 1063
4 1064
3 1065
1 1066
2 1067
2 1068
3 1069
1 1070
1 1071
3 1072
1 1073
5 1074
4 1075
4 1076
3 1077
3 1078
3 1079
3 1080
3 1082
4 1083
5 1084
4 1086
4 1087
5 1089
7 1090
4 1091
6 1092
5 1093
4 1094
2 1095
4 1096
3 1097
7 1098
3 1099
2 1100
4 1101
2 1102
2 1103
3 1104
4 1106
3 1107
5 1108
5 1109
3 1110
4 1111
2 1112
2 1113
2 1114
5 1115
8 1116
6 1117
2 1118
4 1119
5 1120
3 1121
7 1122
7 1123
5 1124
6 1125
5 1126
3 1127
3 1128
4 1129
8 1130
12 1131
7 1132
5 1133
4 1134
6 1135
5 1136
13 1137
8 1138
11 1139
7 1140
9 1141
6 1142
10 1143
11 1144
7 1145
3 1146
12 1147
10 1148
6 1149
10 1150
7 1151
11 1152
8 1153
14 1154
9 1155
11 1156
19 1157
12 1158
4 1159
8 1160
10 1161
9 1162
7 1163
12 1164
11 1165
8 1166
7 1167
11 1168
10 1169
11 1170
4 1171
8 1172
4 1173
4 1174
1 1175
3 1176
4 1177
2 1178
6 1179
1 1180
1 1182
3 1183
2 1184
3 1186
1 1187
3 1188
3 1189
2 1190
6 1191
4 1192
1 1193
3 1194
3 1195
3 1196
2 1197
5 1198
3 1199
2 1200
5 1201
3 1202
2 1203
4 1204
5 1205
3 1206
5 1207
6 1208
3 1209
6 1210
4 1211
4 1212
4 1213
5 1214
5 1215
6 1216
4 1217
5 1218
4 1219
6 1220
2 1221
6 1222
4 1223
5 1224
1 1225
5 1226
4 1227
3 1228
3 1229
3 1230
2 1232
3 1233
3 1234
2 1235
1 1236
6 1237
3 1238
3 1239
3 1240
6 1241
3 1242
7 1243
2 1244
1 1245
4 1246
1 1247
4 1248
7 1249
5 1250
4 1251
4 1252
2 1253
9 1254
7 1255
5 1256
7 1257
7 1258
4 1259
7 1260
7 1261
5 1262
3 1263
4 1264
10 1265
6 1266
7 1267
9 1268
14 1269
6 1270
1 1271
4 1272
5 1273
4 1274
5 1275
6 1276
6 1277
2 1278
3 1279
2 1280
5 1281
2 1282
7 1283
3 1284
3 1285
5 1286
4 1287
3 1288
3 1289
5 1290
4 1291
5 1292
3 1293
6 1294
3 1295
3 1296
3 1297
3 1298
6 1299
6 1300
3 1301
9 1302
6 1303
8 1304
7 1305
5 1306
4 1307
6 1308
6 1309
2 1310
5 1311
7 1312
4 1313
11 1314
6 1315
7 1316
7 1317
4 1318
7 1319
6 1320
7 1321
7 1322
4 1323
5 1324
5 1325
3 1326
4 1327
2 1328
2 1329
6 1330
2 1331
6 1332
3 1333
3 1334
2 1336
3 1337
4 1338
3 1339
1 1340
1 1341
1 1342
3 1343
1 1344
2 1345
2 1347
3 1348
3 1349
4 1350
2 1351
1 1352
3 1353
1 1354
1 1355
2 1356
1 1357
2 1358
1 1359
1 1360
2 1361
1 1362
3 1364
1 1365
1 1366
2 1367
1 1369
2 1370
2 1371
2 1372
2 1375
3 1376
3 1378
1 1379
4 1380
1 1381
6 1382
1 1383
1 1384
2 1386
1 1387
4 1388
4 1389
3 1390
4 1391
1 1392
1 1393
1 1394
1 1396
1 1397
1 1399
1 1400
2 1404
2 1405
1 1406
1 1408
3 1409
1 1410
3 1414
3 1415
1 1416
1 1418
4 1420
1 1423
1 1424
1 1433
1 1434
1 1435
2 1436
1 1437
2 1439
1 1440
2 1443
1 1444
3 1445
1 1447
1 1449
1 1452
1 1454
1 1455
1 1456
1 1458
2 1459
3 1460
3 1463
1 1465
1 1466
1 1468
2 1472
1 1473
1 1475
1 1479
1 1480
1 1481
1 1484
1 1486
1 1487
1 1503
3 1509
1 1511
2 1513
3 1514
1 1516
2 1517
1 1518
1 1521
1 1522
1 1526
2 1537
3 1538
1 1539
1 1541
2 1542
1 1543
1 1544
1 1545
1 1548
2 1550
1 1552
1 1554
1 1555
2 1560
1 1561
1 1568
1 1569
1 1570
1 1571
1 1572
1 1574
1 1575
3 1576
2 1579
2 1580
2 1582
1 1585
1 1586
1 1587
3 1588
3 1591
2 1593
1 1595
1 1596
1 1597
1 1599
1 1603
1 1605
1 1606
1 1608
1 1609
4 1610
1 1612
2 1613
2 1615
2 1616
1 1617
2 1618
1 1619
1 1620
1 1621
3 1622
2 1624
3 1625
2 1626
1 1628
1 1629
1 1630
2 1631
1 1634
3 1635
1 1636
1 1638
3 1639
1 1640
2 1645
1 1646
1 1647
1 1648
1 1650
2 1651
1 1653
2 1654
2 1656
1 1657
1 1658
1 1659
1 1660
1 1661
3 1662
2 1663
1 1664
1 1665
2 1666
1 1667
1 1669
2 1670
2 1672
3 1673
1 1674
3 1677
4 1678
2 1679
2 1681
1 1682
1 1685
1 1686
1 1687
1 1688
1 1689
3 1690
1 1691
2 1693
1 1694
2 1695
2 1697
1 1698
1 1700
2 1701
1 1703
1 1704
2 1705
1 1706
1 1707
1 1708
2 1709
2 1710
1 1711
1 1712
1 1713
1 1714
1 1715
2 1716
1 1717
4 1718
3 1719
1 1720
1 1721
2 1722
1 1723
2 1724
1 1725
1 1726
1 1727
1 1728
2 1729
2 1730
2 1731
1 1732
3 1733
1 1736
2 1737
1 1738
2 1739
3 1740
1 1741
1 1743
2 1744
2 1745
1 1746
2 1749
1 1752
3 1753
1 1754
1 1755
1 1756
1 1757
1 1758
1 1760
3 1761
1 1764
1 1765
1 1766
2 1769
1 1774
2 1776
1 1779
1 1781
2 1782
1 1783
1 1785
2 1786
1 1787
1 1788
2 1789
2 1792
1 1793
1 1794
1 1795
1 1798
1 1799
3 1802
1 1803
1 1806
2 1808
2 1809
3 1810
1 1811
2 1812
1 1813
2 1814
1 1815
1 1817
1 1818
1 1819
1 1821
1 1822
2 1824
1 1825
1 1828
2 1829
1 1830
1 1832
2 1833
2 1834
3 1835
1 1836
2 1838
1 1839
1 1841
3 1842
1 1843
3 1844
1 1845
1 1846
2 1849
2 1850
1 1852
1 1853
1 1854
2 1855
1 1857
2 1858
1 1859
1 1860
1 1862
1 1863
1 1864
3 1867
2 1870
1 1873
2 1874
1 1875
1 1876
1 1878
1 1881
2 1883
1 1884
2 1885
1 1886
2 1887
1 1889
2 1890
2 1891
2 1892
1 1894
3 1895
5 1896
1 1898
3 1901
1 1902
4 1904
1 1905
1 1906
1 1907
2 1908
2 1910
2 1913
1 1916
2 1917
3 1918
1 1919
2 1921
4 1922
1 1924
3 1925
1 1926
2 1927
1 1928
1 1929
2 1931
1 1934
1 1935
1 1938
5 1940
1 1941
2 1942
1 1943
3 1944
3 1948
2 1950
2 1951
2 1952
1 1953
1 1955
1 1957
1 1958
2 1960
1 1961
2 1962
1 1963
2 1966
2 1967
3 1968
1 1971
1 1973
2 1977
2 1980
1 1981
1 1983
2 1984
4 1985
2 1986
1 1987
1 1988
2 1989
2 1990
2 1991
2 1992
1 1994
1 1996
2 1998
1 1999
1 2000
2 2001
1 2003
2 2004
2 2005
1 2006
1 2007
3 2008
1 2009
2 2010
1 2011
3 2012
2 2013
1 2016
2 2017
1 2018
1 2019
1 2020
2 2021
1 2022
1 2023
4 2024
2 2026
2 2027
1 2028
2 2029
1 2030
1 2031
1 2032
2 2033
2 2034
1 2037
1 2038
2 2039
1 2040
1 2042
1 2043
3 2046
1 2048
1 2049
2 2050
1 2052
2 2054
2 2055
1 2056
1 2057
1 2059
2 2060
1 2061
1 2062
3 2063
1 2064
1 2065
1 2066
1 2067
3 2068
6 2069
3 2071
2 2072
2 2073
1 2074
4 2075
1 2076
4 2077
1 2078
3 2079
1 2080
1 2081
2 2082
2 2083
2 2084
2 2085
1 2086
2 2088
2 2089
1 2090
2 2091
1 2093
1 2094
1 2095
4 2096
2 2097
1 2098
3 2099
2 2100
2 2101
1 2102
1 2104
2 2105
3 2106
1 2107
4 2108
3 2109
2 2110
1 2111
2 2113
1 2114
4 2115
5 2116
4 2117
3 2118
4 2119
4 2120
3 2123
2 2124
4 2126
1 2127
1 2128
2 2129
5 2130
3 2131
2 2132
3 2133
3 2134
1 2135
2 2136
1 2139
7 2140
2 2141
2 2142
4 2143
3 2144
3 2145
2 2147
4 2148
1 2149
1 2150
5 2151
1 2152
2 2153
2 2154
4 2155
7 2156
1 2157
6 2158
3 2159
1 2160
1 2161
2 2162
3 2163
5 2164
2 2165
3 2166
3 2167
3 2169
2 2170
2 2171
2 2172
5 2173
3 2174
1 2175
3 2176
3 2177
4 2178
6 2179
2 2180
6 2181
3 2182
8 2183
4 2184
3 2185
4 2186
5 2187
5 2188
4 2189
1 2190
3 2191
2 2192
2 2193
4 2194
8 2195
13 2196
9 2197
2 2198
5 2199
3 2200
8 2201
6 2202
7 2203
8 2204
4 2205
8 2206
10 2207
12 2208
7 2209
8 2210
9 2211
4 2212
4 2213
8 2214
9 2215
5 2216
9 2217
4 2218
14 2219
3 2220
11 2221
9 2222
10 2223
12 2224
9 2225
15 2226
12 2227
16 2228
8 2229
5 2230
14 2231
9 2232
7 2233
10 2234
7 2235
8 2236
13 2237
9 2238
21 2239
6 2240
9 2241
7 2242
14 2243
15 2244
7 2245
12 2246
17 2247
11 2248
18 2249
11 2250
15 2251
8 2252
12 2253
12 2254
11 2255
16 2256
9 2257
6 2258
16 2259
13 2260
9 2261
18 2262
7 2263
11 2264
21 2265
17 2266
16 2267
16 2268
10 2269
16 2270
21 2271
9 2272
10 2273
16 2274
14 2275
7 2276
18 2277
13 2278
14 2279
17 2280
18 2281
11 2282
16 2283
16 2284
10 2285
16 2286
14 2287
10 2288
18 2289
18 2290
21 2291
9 2292
11 2293
6 2294
16 2295
11 2296
8 2297
15 2298
10 2299
9 2300
9 2301
14 2302
14 2303
16 2304
9 2305
12 2306
12 2307
9 2308
16 2309
9 2310
9 2311
9 2312
7 2313
18 2314
15 2315
9 2316
13 2317
9 2318
11 2319
16 2320
6 2321
6 2322
11 2323
13 2324
18 2325
15 2326
15 2327
15 2328
15 2329
14 2330
7 2331
9 2332
18 2333
16 2334
16 2335
25 2336
12 2337
16 2338
14 2339
14 2340
26 2341
25 2342
23 2343
29 2344
10 2345
20 2346
22 2347
25 2348
39 2349
28 2350
36 2351
35 2352
21 2353
29 2354
38 2355
29 2356
30 2357
28 2358
39 2359
39 2360
27 2361
42 2362
23 2363
46 2364
40 2365
30 2366
31 2367
43 2368
37 2369
36 2370
28 2371
30 2372
29 2373
43 2374
31 2375
29 2376
37 2377
34 2378
26 2379
33 2380
34 2381
34 2382
36 2383
25 2384
28 2385
15 2386
33 2387
27 2388
31 2389
21 2390
19 2391
17 2392
12 2393
26 2394
18 2395
17 2396
15 2397
7 2398
11 2399
11 2400
17 2401
8 2402
11 2403
6 2404
7 2405
5 2406
9 2407
10 2408
16 2409
12 2410
9 2411
7 2412
7 2413
11 2414
6 2415
5 2416
4 2417
7 2418
4 2419
3 2420
10 2421
5 2422
5 2423
8 2424
7 2425
5 2426
4 2427
6 2428
3 2429
6 2430
4 2431
9 2432
8 2433
6 2434
6 2435
7 2436
4 2437
3 2438
6 2439
8 2440
5 2441
8 2442
12 2443
8 2444
5 2445
6 2446
10 2447
9 2448
5 2449
11 2450
9 2451
8 2452
6 2453
15 2454
12 2455
13 2456
13 2457
9 2458
14 2459
8 2460
17 2461
8 2462
10 2463
11 2464
12 2465
7 2466
12 2467
8 2468
11 2469
21 2470
11 2471
13 2472
13 2473
16 2474
20 2475
13 2476
11 2477
9 2478
12 2479
13 2480
13 2481
13 2482
12 2483
5 2484
13 2485
11 2486
8 2487
14 2488
8 2489
11 2490
12 2491
11 2492
8 2493
5 2494
6 2495
4 2496
5 2497
7 2498
5 2499
10 2500
5 2501
8 2502
1 2503
4 2504
2 2505
3 2506
6 2507
3 2508
1 2509
4 2510
1 2511
1 2512
6 2513
2 2515
1 2516
2 2517
2 2518
2 2519
4 2521
1 2522
4 2523
1 2524
2 2525
1 2526
4 2527
1 2529
2 2530
3 2531
1 2532
1 2533
3 2534
3 2535
2 2536
2 2537
3 2539
1 2540
4 2541
2 2542
2 2543
1 2544
1 2545
4 2546
1 2547
3 2548
3 2549
1 2550
1 2551
4 2553
1 2554
3 2555
4 2556
2 2557
2 2558
3 2559
3 2561
1 2562
4 2563
2 2564
2 2565
6 2566
3 2567
2 2568
5 2569
3 2570
6 2571
5 2572
5 2573
3 2574
3 2575
3 2576
6 2577
4 2578
3 2579
2 2580
3 2581
3 2582
2 2583
4 2584
2 2585
2 2586
7 2587
3 2588
5 2589
2 2590
5 2591
7 2592
6 2593
3 2594
8 2595
4 2596
3 2597
6 2598
7 2599
3 2600
8 2601
9 2602
8 2603
10 2604
5 2605
5 2606
8 2607
5 2608
3 2609
5 2610
8 2611
9 2612
6 2613
7 2614
9 2615
7 2616
7 2617
9 2618
5 2619
8 2620
5 2621
8 2622
6 2623
6 2624
5 2625
8 2626
5 2627
8 2628
6 2629
6 2630
3 2631
2 2632
4 2634
3 2635
4 2636
3 2637
6 2638
5 2639
2 2640
4 2641
4 2642
1 2643
4 2644
3 2645
5 2646
2 2647
1 2648
3 2649
3 2651
1 2652
2 2653
1 2654
4 2655
4 2656
3 2657
1 2658
1 2659
1 2660
2 2661
1 2664
1 2665
3 2668
1 2670
2 2671
1 2673
3 2674
1 2676
2 2678
1 2680
1 2682
1 2685
4 2686
2 2687
1 2689
1 2691
1 2693
1 2695
1 2696
1 2697
1 2704
1 2707
1 2711
1 2714
1 2716
1 2717
2 2719
1 2721
1 2727
1 2728
2 2731
1 2732
1 2734
1 2736
1 2744
1 2745
1 2746
1 2747
1 2753
1 2757
1 2763
2 2764
2 2773
1 2787
1 2799
1 2802
1 2803
1 2808
1 2811
1 2857
1 2858
1 2875
1 2887
1 2937
1 2942
1 2945
1 2951
1 2960
1 2978
1 2994
1 2996
1 3045
1 3057
1 3107
1 3145
1 3150
1 3169
2 3176
1 3178
1 3208
1 3261
1 3282
1 3322
1 3325
1 3451
1 3556
1 3589
1 3635
1 3668
1 3743
1 3818
1 3824
1 4609
1 4947
