2 1
1 2
1 6
1 7
1 9
1 15
1 20
1 23
1 24
3 25
1 26
1 27
2 28
1 29
2 31
2 32
1 35
1 37
1 42
1 45
2 48
1 51
2 53
2 55
2 56
2 57
1 58
1 59
3 62
3 63
1 64
3 65
1 66
2 68
2 69
1 71
3 73
2 76
1 77
3 78
1 79
1 81
1 83
1 84
5 86
1 87
2 88
1 89
2 90
1 92
2 93
1 94
2 95
1 97
2 99
1 100
4 101
1 102
2 103
2 104
1 105
3 106
3 107
2 108
5 109
4 110
6 111
2 112
4 113
4 114
1 115
5 116
3 117
4 118
2 119
2 120
2 121
3 123
1 127
1 129
2 130
2 131
3 132
1 134
1 135
3 136
1 137
1 138
2 139
1 141
3 142
1 143
1 144
1 146
2 147
2 148
1 149
2 150
3 151
1 152
3 153
2 154
4 155
1 156
3 157
2 158
1 160
6 162
3 163
1 164
1 165
1 166
4 170
2 171
2 172
3 173
2 174
1 175
6 176
4 177
2 178
4 180
3 181
4 182
1 183
2 184
2 185
5 186
4 187
7 188
2 189
8 190
3 191
5 192
7 193
7 194
2 195
6 196
11 197
10 198
8 199
5 200
6 201
6 202
3 203
3 204
2 205
4 206
3 208
6 209
2 210
2 211
4 212
3 213
3 214
1 215
7 216
1 217
6 218
1 219
6 220
1 221
4 222
1 223
3 224
1 225
2 226
3 227
2 228
4 229
4 230
1 231
2 232
3 233
3 234
6 235
3 236
4 237
4 238
7 239
8 240
6 241
14 242
12 243
11 244
13 245
8 246
12 247
7 248
4 249
7 250
9 251
10 252
7 253
9 254
7 255
6 256
4 257
5 258
8 259
6 260
4 261
6 262
2 263
9 264
5 265
7 266
3 267
8 268
6 269
7 270
10 271
2 272
3 273
7 274
4 275
3 276
6 277
2 278
1 279
3 280
4 281
3 282
6 283
5 284
4 285
5 286
3 287
4 288
4 289
5 290
2 291
5 292
4 293
3 294
1 295
4 296
5 297
4 298
2 299
5 300
2 301
7 302
3 303
7 304
4 305
5 306
3 307
2 308
4 309
9 310
6 311
4 312
7 313
9 314
6 315
4 316
7 317
6 318
4 319
15 320
7 321
9 322
6 323
7 324
5 325
10 326
17 327
13 328
9 329
5 330
4 331
8 332
6 333
10 334
7 335
11 336
9 337
6 338
6 339
18 340
6 341
7 342
11 343
6 344
4 345
13 346
8 347
10 348
10 349
16 350
11 351
12 352
15 353
8 354
10 355
8 356
12 357
19 358
15 359
10 360
19 361
12 362
8 363
14 364
15 365
11 366
11 367
11 368
11 369
8 370
7 371
5 372
9 373
10 374
11 375
7 376
8 377
7 378
10 379
8 380
14 381
7 382
7 383
16 384
17 385
13 386
16 387
14 388
9 389
16 390
14 391
11 392
12 393
11 394
12 395
10 396
16 397
11 398
15 399
24 400
22 401
24 402
22 403
28 404
19 405
28 406
27 407
17 408
16 409
31 410
29 411
26 412
32 413
26 414
27 415
36 416
27 417
33 418
40 419
44 420
42 421
35 422
47 423
49 424
57 425
53 426
75 427
64 428
76 429
68 430
76 431
106 432
104 433
91 434
87 435
108 436
99 437
86 438
105 439
83 440
79 441
69 442
53 443
59 444
41 445
44 446
30 447
23 448
34 449
11 450
17 451
19 452
3 453
10 454
14 455
4 456
9 457
4 458
4 459
1 460
7 461
6 462
1 463
1 464
4 465
3 466
6 467
11 468
5 469
1 470
1 471
4 472
6 473
2 474
1 475
4 476
5 477
3 479
4 480
4 481
5 482
3 483
1 484
1 485
5 486
6 487
5 488
6 489
5 490
6 491
9 492
4 493
2 494
8 495
7 496
6 497
11 498
5 499
8 500
8 501
9 502
9 503
6 504
10 505
2 506
8 507
9 508
10 509
6 510
9 511
7 512
6 513
3 514
3 515
5 516
5 517
5 518
10 519
5 520
4 521
1 522
3 523
5 524
2 525
4 526
2 527
2 528
3 529
5 530
4 531
5 532
3 533
2 534
1 535
3 536
2 537
2 538
5 539
1 540
2 542
4 543
4 544
2 545
2 546
4 547
1 548
4 549
3 550
1 551
1 553
1 554
4 555
4 556
5 557
2 558
5 559
1 560
4 561
1 562
4 563
4 564
4 565
4 566
5 567
5 568
6 569
2 570
4 571
6 572
5 573
7 574
7 575
3 576
3 577
4 578
5 579
7 580
7 581
1 582
3 583
5 584
4 585
3 586
4 587
5 588
3 589
3 590
4 591
3 592
4 593
4 594
4 595
8 596
4 597
3 598
3 599
3 600
2 602
3 603
4 604
3 605
3 606
3 607
3 608
3 609
1 610
2 611
3 612
3 613
4 614
4 615
3 616
2 617
4 618
6 620
5 621
2 622
1 623
3 626
1 627
2 628
8 629
1 630
2 631
6 632
1 633
4 634
5 635
1 636
2 637
2 638
1 639
4 640
5 641
2 642
4 643
3 644
3 645
3 646
4 647
5 648
3 649
3 650
3 651
3 652
1 653
3 654
5 655
1 656
4 657
4 658
4 659
4 660
3 661
2 662
4 663
3 664
6 665
7 666
4 667
7 668
3 669
7 670
6 671
5 672
11 673
8 674
7 675
9 676
9 677
8 678
14 679
11 680
13 681
10 682
5 683
8 684
9 685
6 686
6 687
5 688
7 689
9 690
8 691
11 692
11 693
2 694
7 695
3 696
8 697
1 698
8 699
11 700
4 701
2 702
4 703
2 704
3 705
9 706
5 707
2 708
3 709
4 710
4 711
6 712
4 713
3 714
4 715
6 716
5 717
1 718
5 719
10 720
1 721
5 722
3 723
8 724
5 725
4 726
5 727
6 728
3 729
6 730
8 731
3 732
9 733
9 734
9 735
3 736
7 737
17 738
13 739
6 740
9 741
17 742
8 743
8 744
9 745
15 746
10 747
17 748
10 749
11 750
10 751
13 752
8 753
7 754
12 755
8 756
6 757
7 758
11 759
3 760
11 761
8 762
10 763
8 764
10 765
5 766
6 767
7 768
6 769
7 770
7 771
5 772
9 773
13 774
10 775
6 776
10 777
8 778
4 779
6 780
6 781
6 782
5 783
5 784
4 785
4 786
4 787
3 788
7 789
9 790
4 791
6 792
5 793
3 794
1 795
3 796
7 797
3 798
5 799
8 800
9 801
6 802
4 803
2 804
3 805
5 806
9 807
7 808
8 809
3 810
2 811
4 812
9 813
5 814
6 815
4 816
4 817
3 818
2 819
5 820
5 821
5 822
1 823
6 824
1 825
5 826
2 827
1 828
3 829
5 830
4 832
3 833
2 834
5 835
2 836
1 837
3 838
1 839
1 840
3 841
2 842
5 843
1 844
3 845
6 846
5 847
3 848
4 849
3 850
4 851
4 852
4 853
5 854
4 855
9 856
3 857
3 858
4 859
5 860
4 861
4 862
3 863
2 864
6 865
3 866
4 867
6 868
1 869
1 870
2 871
5 872
1 873
5 875
1 876
5 877
2 878
3 879
5 880
4 881
4 882
4 883
2 884
2 885
4 886
4 887
3 888
4 889
4 890
4 891
1 892
4 894
2 895
4 896
4 897
4 898
5 899
1 900
1 901
3 902
3 903
3 904
4 905
6 906
3 907
4 908
8 909
4 910
5 911
3 912
4 913
2 914
2 915
1 916
4 917
4 918
1 919
3 920
2 921
2 922
1 923
1 924
3 926
2 927
4 928
3 929
1 930
6 931
2 932
3 933
1 934
6 935
1 936
2 937
2 938
4 939
3 940
4 941
1 942
4 943
1 944
3 945
5 946
3 947
4 948
4 949
4 950
5 951
7 952
5 953
1 954
5 955
8 956
2 957
7 959
11 960
7 961
8 962
10 963
8 964
5 965
2 966
8 967
7 968
1 969
3 970
9 971
2 972
3 973
5 974
9 975
5 976
2 977
6 978
10 979
4 980
7 981
6 983
3 984
1 985
2 986
2 987
7 988
3 989
3 990
3 991
3 992
1 993
1 994
3 995
3 996
2 997
2 998
1 999
4 1000
7 1001
5 1002
9 1003
4 1004
1 1005
4 1006
1 1007
1 1008
7 1009
4 1010
2 1011
6 1012
9 1013
3 1014
2 1015
3 1016
5 1017
2 1018
3 1019
5 1020
6 1021
4 1022
2 1023
11 1024
6 1025
3 1026
8 1027
5 1028
3 1029
3 1030
4 1031
9 1032
3 1033
4 1034
4 1035
4 1036
5 1037
2 1038
7 1039
4 1040
7 1041
3 1042
2 1043
4 1044
3 1045
3 1046
2 1048
1 1049
1 1050
5 1051
4 1052
5 1053
2 1054
3 1055
5 1056
1 1057
1 1058
3 1060
2 1061
4 1062
3 1063
4 1064
2 1065
2 1066
4 1067
3 1068
2 1069
4 1070
4 1071
4 1072
8 1073
3 1074
4 1075
2 1076
4 1077
5 1078
5 1079
5 1080
6 1081
1 1082
9 1083
8 1084
2 1085
3 1087
4 1088
4 1089
3 1090
6 1091
4 1092
1 1093
7 1094
3 1095
7 1096
5 1097
8 1098
5 1099
1 1100
5 1101
6 1102
2 1103
3 1104
7 1105
3 1106
7 1107
9 1108
5 1109
6 1110
8 1111
5 1112
6 1113
8 1114
3 1115
5 1116
2 1117
1 1118
12 1119
13 1120
8 1121
6 1122
15 1123
14 1124
10 1125
7 1126
11 1127
15 1128
12 1129
16 1130
14 1131
13 1132
22 1133
13 1134
16 1135
11 1136
16 1137
8 1138
13 1139
13 1140
16 1141
7 1142
18 1143
15 1144
16 1145
15 1146
9 1147
19 1148
15 1149
14 1150
22 1151
12 1152
10 1153
22 1154
10 1155
14 1156
8 1157
11 1158
8 1159
9 1160
6 1161
10 1162
12 1163
13 1164
10 1165
11 1166
6 1167
8 1168
11 1169
6 1170
9 1171
10 1172
13 1173
9 1174
7 1175
10 1176
16 1177
9 1178
9 1179
16 1180
5 1181
8 1182
9 1183
11 1184
10 1185
10 1186
12 1187
13 1188
16 1189
12 1190
13 1191
15 1192
15 1193
11 1194
10 1195
7 1196
16 1197
15 1198
12 1199
12 1200
18 1201
14 1202
12 1203
14 1204
11 1205
10 1206
14 1207
10 1208
12 1209
16 1210
17 1211
11 1212
13 1213
4 1214
10 1215
13 1216
7 1217
8 1218
14 1219
13 1220
14 1221
18 1222
6 1223
19 1224
17 1225
13 1226
12 1227
11 1228
17 1229
13 1230
12 1231
6 1232
20 1233
20 1234
14 1235
12 1236
24 1237
19 1238
17 1239
26 1240
15 1241
20 1242
18 1243
20 1244
31 1245
26 1246
16 1247
20 1248
26 1249
20 1250
24 1251
17 1252
25 1253
28 1254
32 1255
28 1256
25 1257
25 1258
37 1259
45 1260
39 1261
24 1262
37 1263
46 1264
37 1265
37 1266
34 1267
39 1268
36 1269
35 1270
48 1271
41 1272
42 1273
34 1274
44 1275
42 1276
44 1277
43 1278
57 1279
64 1280
54 1281
61 1282
76 1283
73 1284
63 1285
87 1286
87 1287
90 1288
75 1289
91 1290
80 1291
86 1292
87 1293
103 1294
89 1295
91 1296
73 1297
104 1298
93 1299
94 1300
131 1301
92 1302
101 1303
92 1304
78 1305
86 1306
103 1307
69 1308
85 1309
72 1310
73 1311
87 1312
67 1313
78 1314
56 1315
67 1316
69 1317
65 1318
68 1319
50 1320
54 1321
66 1322
57 1323
47 1324
50 1325
44 1326
45 1327
54 1328
51 1329
65 1330
46 1331
78 1332
63 1333
73 1334
78 1335
75 1336
87 1337
65 1338
67 1339
72 1340
81 1341
74 1342
73 1343
70 1344
99 1345
100 1346
83 1347
86 1348
87 1349
94 1350
73 1351
93 1352
89 1353
103 1354
105 1355
99 1356
77 1357
79 1358
82 1359
63 1360
74 1361
97 1362
73 1363
60 1364
73 1365
64 1366
56 1367
55 1368
52 1369
51 1370
47 1371
58 1372
55 1373
44 1374
46 1375
47 1376
44 1377
53 1378
39 1379
54 1380
58 1381
40 1382
35 1383
44 1384
45 1385
44 1386
38 1387
47 1388
44 1389
44 1390
40 1391
48 1392
51 1393
62 1394
60 1395
56 1396
53 1397
40 1398
65 1399
52 1400
61 1401
51 1402
65 1403
75 1404
91 1405
66 1406
81 1407
90 1408
77 1409
111 1410
99 1411
120 1412
108 1413
124 1414
142 1415
146 1416
138 1417
155 1418
137 1419
150 1420
177 1421
180 1422
205 1423
188 1424
195 1425
211 1426
205 1427
220 1428
202 1429
231 1430
197 1431
237 1432
225 1433
217 1434
207 1435
205 1436
172 1437
189 1438
180 1439
170 1440
191 1441
129 1442
144 1443
123 1444
134 1445
112 1446
99 1447
77 1448
86 1449
85 1450
62 1451
70 1452
51 1453
48 1454
34 1455
43 1456
32 1457
27 1458
28 1459
22 1460
11 1461
20 1462
17 1463
4 1464
11 1465
10 1466
8 1467
4 1468
2 1469
5 1470
4 1471
3 1472
6 1473
3 1474
4 1475
5 1476
1 1477
1 1479
3 1480
1 1481
4 1483
3 1487
1 1488
1 1489
1 1494
1 1498
1 1503
2 1505
1 1506
1 1508
1 1511
1 1514
1 1516
1 1524
1 1530
1 1538
1 1557
1 1562
1 1571
1 1601
1 1617
1 1620
1 1624
2 1629
1 1636
1 1638
1 1639
1 1640
1 1646
1 1648
1 1659
1 1661
1 1675
1 1677
1 1678
1 1680
1 1700
1 1702
1 1706
1 1707
1 1708
1 1715
1 1716
1 1720
2 1721
1 1725
1 1729
2 1733
1 1735
2 1736
1 1738
1 1740
1 1741
1 1742
1 1743
1 1746
1 1750
1 1751
1 1753
1 1759
1 1762
1 1763
3 1768
1 1769
1 1771
1 1773
1 1782
2 1792
1 1798
1 1803
1 1836
1 1842
1 1843
1 1844
2 1848
1 1849
1 1852
1 1854
1 1856
2 1857
1 1862
1 1864
1 1865
1 1867
1 1869
1 1870
2 1871
1 1876
2 1880
1 1881
1 1882
2 1883
1 1884
2 1885
1 1890
1 1891
1 1892
2 1893
2 1894
1 1895
2 1896
2 1899
1 1900
1 1901
1 1902
1 1903
1 1908
2 1911
1 1916
2 1927
1 1929
1 1938
1 1941
1 1949
1 1951
1 1970
1 1995
1 2037
1 2058
1 2065
1 2084
1 2101
1 2138
1 2140
1 2147
1 2154
1 2170
1 2171
1 2174
1 2194
1 2200
1 2201
1 2215
1 2226
1 2293
1 2328
1 2341
1 2344
1 2346
1 2369
1 2419
1 2474
1 2505
1 2566
1 2579
1 2610
1 2635
1 2695
1 2704
1 2711
1 2716
1 2747
1 2791
1 2813
1 2827
2 2874
1 3179
1 3282
1 3491
1 3497
1 3500
1 3571
1 3677
1 3763
1 3980
1 4071
