1 1
1 2
2 6
2 7
1 8
1 12
2 15
4 17
2 19
1 20
1 21
1 22
1 26
1 28
2 29
1 30
1 31
1 32
2 33
2 35
3 36
1 37
2 38
4 39
3 40
2 41
6 42
4 43
2 44
1 45
1 47
2 50
1 52
2 55
1 57
2 58
1 59
1 61
1 63
1 66
1 69
2 74
1 75
1 78
1 79
2 82
4 85
1 86
1 87
2 88
1 90
2 91
4 92
1 93
1 94
1 95
1 96
1 101
2 103
2 104
2 107
4 109
2 110
2 111
2 112
1 113
3 114
4 115
3 116
1 117
3 118
5 119
1 120
3 121
1 122
2 123
1 124
7 125
1 126
2 128
3 129
1 131
4 132
2 133
8 134
1 135
3 136
5 137
6 138
4 139
4 140
4 141
4 142
3 144
1 145
2 146
4 147
3 149
1 150
3 151
3 152
1 153
4 154
1 155
1 156
2 157
2 158
4 159
4 160
2 161
4 162
2 163
1 164
4 165
5 166
5 167
5 168
2 169
2 170
3 171
2 172
4 173
1 174
1 175
5 176
3 177
3 178
8 179
6 180
8 181
2 182
4 183
2 184
3 185
5 186
2 187
7 188
3 189
7 190
5 191
6 192
6 193
4 194
13 195
10 196
8 197
14 198
10 199
8 200
4 201
5 202
6 203
9 204
7 205
4 206
5 207
5 208
5 209
5 210
5 211
1 212
8 213
2 214
1 215
6 216
1 217
1 218
5 219
4 221
3 222
3 223
2 224
1 225
4 226
3 227
2 228
4 229
3 230
4 231
1 232
2 233
7 234
1 235
1 236
1 237
3 238
1 239
1 240
3 241
6 242
1 243
6 244
8 245
5 246
2 247
4 248
4 249
5 250
5 251
5 252
6 253
5 254
4 255
10 256
1 257
4 258
4 259
3 260
4 261
3 262
1 263
3 264
3 265
5 266
4 267
3 268
4 269
5 270
4 271
1 272
4 273
3 274
5 275
1 276
5 277
5 278
3 279
7 280
2 281
5 282
3 283
8 284
1 285
10 286
3 287
6 288
7 289
5 290
4 291
5 292
2 293
11 294
5 295
3 296
4 297
15 298
8 299
8 300
7 301
5 302
4 303
8 304
10 305
12 306
5 307
11 308
11 309
13 310
11 311
5 312
11 313
15 314
8 315
11 316
6 317
10 318
9 319
12 320
4 321
15 322
16 323
18 324
2 325
26 326
13 327
11 328
16 329
11 330
12 331
13 332
11 333
7 334
7 335
8 336
8 337
6 338
8 339
6 340
10 341
5 342
5 343
10 344
7 345
5 346
7 347
7 348
10 349
6 350
9 351
8 352
5 353
9 354
5 355
10 356
6 357
6 358
8 359
12 360
7 361
10 362
11 363
6 364
5 365
7 366
10 367
10 368
9 369
12 370
12 371
11 372
11 373
4 374
18 375
13 376
17 377
14 378
11 379
17 380
13 381
13 382
16 383
12 384
13 385
15 386
11 387
18 388
16 389
14 390
14 391
20 392
24 393
21 394
30 395
21 396
23 397
33 398
32 399
46 400
34 401
46 402
50 403
27 404
43 405
34 406
49 407
45 408
40 409
45 410
51 411
29 412
48 413
38 414
34 415
24 416
32 417
27 418
33 419
32 420
32 421
32 422
31 423
32 424
20 425
38 426
34 427
40 428
45 429
53 430
45 431
52 432
52 433
67 434
69 435
79 436
65 437
95 438
72 439
86 440
93 441
74 442
66 443
61 444
61 445
62 446
53 447
54 448
45 449
44 450
32 451
39 452
39 453
33 454
31 455
34 456
44 457
37 458
36 459
34 460
47 461
27 462
42 463
48 464
47 465
53 466
53 467
63 468
58 469
62 470
81 471
79 472
89 473
86 474
101 475
88 476
94 477
102 478
127 479
99 480
139 481
146 482
132 483
154 484
159 485
173 486
198 487
227 488
250 489
306 490
320 491
391 492
467 493
440 494
537 495
566 496
732 497
757 498
845 499
903 500
874 501
933 502
942 503
894 504
850 505
819 506
776 507
726 508
679 509
551 510
514 511
443 512
340 513
321 514
263 515
217 516
158 517
138 518
125 519
101 520
84 521
62 522
61 523
44 524
32 525
30 526
31 527
26 528
12 529
16 530
13 531
13 532
15 533
13 534
10 535
11 536
6 537
2 538
7 539
3 540
4 541
3 542
5 543
2 544
3 545
3 546
7 547
4 548
4 549
3 550
5 551
3 552
4 553
2 554
4 555
2 556
7 557
5 558
5 559
5 560
2 561
3 562
1 563
2 564
2 565
3 566
3 567
4 568
5 569
3 570
3 571
2 572
3 574
3 575
3 576
4 577
4 578
2 579
3 580
8 581
1 582
2 583
3 584
3 585
2 586
3 587
4 588
2 590
3 593
6 594
2 595
2 596
5 597
4 598
1 599
1 600
2 601
4 602
2 603
1 604
3 605
2 606
1 608
2 609
3 610
2 611
3 612
3 613
3 614
2 615
3 616
2 617
2 618
2 619
4 620
1 621
5 622
2 623
3 624
3 625
8 626
3 627
1 628
2 629
1 630
8 631
3 632
3 633
3 634
1 635
2 636
1 637
3 638
4 639
5 640
5 641
2 642
4 643
5 644
3 645
4 646
3 647
6 648
1 649
1 650
5 651
3 652
4 654
2 655
5 656
4 657
1 658
3 660
2 661
3 662
3 663
2 664
2 665
7 666
2 667
6 668
2 669
3 670
3 671
5 672
4 673
1 674
1 675
5 676
3 677
2 678
4 679
1 680
3 681
3 682
7 683
4 684
1 685
5 686
2 687
1 688
3 689
4 690
6 691
3 692
2 693
4 694
5 695
8 696
5 697
5 698
8 699
7 700
2 701
6 702
3 703
4 704
4 705
7 706
7 707
7 708
2 709
7 710
2 711
1 712
6 713
7 714
3 715
4 716
10 717
4 718
6 719
5 720
8 721
8 722
3 723
5 724
13 725
7 726
6 727
4 728
3 729
7 730
7 731
10 732
4 733
6 734
13 735
10 736
7 737
13 738
10 739
10 740
10 741
19 742
17 743
10 744
16 745
19 746
17 747
22 748
22 749
21 750
20 751
22 752
31 753
34 754
23 755
23 756
32 757
32 758
28 759
22 760
25 761
25 762
37 763
25 764
31 765
17 766
20 767
13 768
24 769
20 770
21 771
10 772
12 773
11 774
20 775
18 776
9 777
14 778
10 779
7 780
13 781
17 782
14 783
7 784
20 785
14 786
14 787
13 788
12 789
17 790
11 791
12 792
12 793
15 794
16 795
10 796
11 797
11 798
18 799
23 800
18 801
14 802
20 803
14 804
18 805
19 806
11 807
27 808
30 809
23 810
25 811
19 812
29 813
22 814
27 815
33 816
27 817
33 818
33 819
31 820
40 821
43 822
39 823
48 824
54 825
46 826
57 827
49 828
46 829
49 830
46 831
48 832
40 833
49 834
57 835
52 836
42 837
66 838
51 839
45 840
37 841
48 842
45 843
41 844
45 845
31 846
28 847
41 848
30 849
33 850
22 851
19 852
20 853
11 854
12 855
17 856
18 857
15 858
23 859
23 860
15 861
15 862
17 863
19 864
13 865
20 866
16 867
20 868
23 869
17 870
21 871
20 872
11 873
12 874
19 875
27 876
29 877
28 878
23 879
19 880
29 881
34 882
31 883
34 884
44 885
43 886
40 887
39 888
45 889
52 890
40 891
39 892
39 893
42 894
43 895
57 896
47 897
65 898
51 899
55 900
56 901
55 902
76 903
72 904
68 905
51 906
55 907
79 908
71 909
75 910
85 911
64 912
64 913
61 914
46 915
46 916
32 917
35 918
53 919
35 920
28 921
33 922
22 923
22 924
21 925
15 926
15 927
15 928
11 929
13 930
5 931
8 932
6 933
9 934
4 935
3 936
8 937
3 938
6 939
4 940
2 941
2 942
4 943
3 944
1 945
4 946
2 947
2 948
2 949
3 950
7 951
3 952
3 953
4 954
4 955
4 956
1 957
4 958
3 959
4 960
3 961
1 962
2 963
2 964
4 965
5 966
4 967
8 968
3 969
10 970
2 971
7 972
5 973
5 974
7 975
6 976
11 977
9 978
2 979
7 980
9 981
11 982
15 983
12 984
23 985
11 986
15 987
17 988
16 989
13 990
19 991
11 992
11 993
9 994
13 995
13 996
16 997
6 998
11 999
10 1000
11 1001
9 1002
13 1003
9 1004
8 1005
7 1006
11 1007
8 1008
6 1009
5 1010
5 1011
1 1012
1 1013
2 1014
5 1015
5 1016
2 1017
1 1019
4 1020
2 1021
3 1023
2 1024
2 1025
1 1026
2 1027
5 1028
3 1030
3 1031
4 1032
3 1033
2 1034
1 1035
1 1036
1 1037
2 1038
1 1039
7 1040
1 1041
3 1043
4 1044
1 1045
2 1048
2 1049
1 1051
2 1052
1 1053
3 1054
1 1055
3 1056
1 1057
2 1058
1 1059
3 1060
2 1061
2 1062
5 1063
4 1064
2 1066
4 1067
2 1068
2 1069
1 1070
2 1071
4 1072
2 1073
4 1074
1 1075
2 1076
3 1077
1 1078
3 1079
3 1080
3 1081
6 1082
1 1083
2 1084
4 1085
1 1086
1 1087
4 1088
4 1089
2 1090
5 1091
5 1092
4 1093
3 1094
3 1095
2 1096
3 1097
4 1098
5 1099
3 1100
4 1101
4 1102
3 1103
5 1104
2 1105
4 1106
7 1107
5 1108
5 1109
11 1110
6 1111
6 1112
7 1113
6 1114
9 1115
6 1116
7 1117
13 1118
14 1119
10 1120
5 1121
10 1122
11 1123
7 1124
13 1125
4 1126
4 1127
2 1128
4 1129
8 1130
7 1131
12 1132
7 1133
12 1134
8 1135
7 1136
8 1137
4 1138
3 1139
2 1140
6 1141
5 1142
2 1143
8 1144
4 1145
6 1146
4 1147
5 1148
3 1149
5 1150
6 1151
3 1152
6 1153
3 1154
7 1155
5 1156
5 1157
8 1158
6 1159
5 1160
3 1161
4 1162
5 1163
4 1165
5 1166
6 1167
4 1168
6 1169
6 1170
5 1171
6 1172
4 1173
4 1174
5 1175
7 1176
2 1177
4 1178
1 1179
6 1180
8 1181
3 1182
1 1183
2 1184
4 1185
3 1186
4 1187
3 1188
4 1189
3 1190
3 1191
1 1192
4 1193
4 1194
3 1197
1 1198
1 1199
1 1200
3 1201
2 1202
2 1203
2 1206
1 1207
2 1208
1 1209
1 1210
1 1212
3 1213
1 1214
1 1215
2 1216
4 1217
3 1219
2 1220
1 1221
1 1223
1 1225
1 1226
1 1231
1 1234
2 1240
1 1241
1 1242
2 1245
1 1246
1 1248
1 1252
1 1255
1 1256
1 1257
2 1259
1 1261
1 1263
1 1265
1 1266
2 1268
1 1271
1 1275
1 1276
1 1278
1 1280
3 1281
1 1283
2 1284
2 1287
1 1288
2 1289
1 1290
1 1293
3 1294
1 1296
1 1297
1 1303
1 1304
1 1306
1 1307
1 1308
1 1310
4 1311
2 1313
1 1315
1 1317
2 1318
2 1319
1 1320
2 1322
1 1323
2 1324
1 1325
2 1327
1 1328
1 1329
1 1330
1 1331
3 1332
1 1333
2 1334
1 1335
1 1336
2 1339
1 1341
1 1346
1 1349
1 1351
1 1352
1 1355
1 1356
1 1360
1 1363
3 1365
1 1366
2 1367
1 1368
2 1374
1 1377
2 1380
2 1381
1 1382
2 1383
1 1384
1 1387
3 1389
2 1394
1 1397
1 1400
2 1404
2 1405
1 1407
3 1408
2 1410
2 1413
2 1414
1 1415
1 1416
1 1417
1 1418
2 1420
2 1421
2 1422
1 1424
3 1425
4 1426
1 1427
1 1428
3 1429
1 1430
2 1432
1 1433
1 1434
2 1435
3 1436
3 1437
2 1438
1 1440
1 1441
2 1443
1 1444
3 1445
1 1447
1 1448
2 1449
1 1451
2 1452
3 1453
2 1454
1 1455
2 1456
1 1457
1 1459
1 1460
1 1461
1 1462
1 1463
1 1464
2 1465
2 1466
2 1467
1 1468
1 1470
3 1472
3 1473
2 1474
1 1475
1 1476
3 1477
3 1478
1 1480
1 1482
2 1483
5 1484
2 1485
3 1486
4 1487
5 1488
1 1489
1 1490
4 1491
1 1492
3 1493
4 1494
2 1495
8 1496
4 1497
2 1498
4 1499
2 1500
2 1501
5 1502
3 1503
3 1504
1 1505
1 1506
3 1507
3 1508
1 1509
1 1510
1 1511
2 1512
1 1513
4 1514
3 1515
1 1516
4 1517
2 1518
1 1519
1 1520
2 1522
1 1525
1 1527
2 1528
2 1529
1 1530
1 1532
1 1533
3 1534
1 1535
1 1536
3 1538
1 1539
1 1540
2 1543
1 1544
4 1545
1 1546
3 1549
3 1550
1 1551
2 1552
4 1554
1 1555
2 1556
3 1557
3 1558
3 1560
1 1561
1 1562
5 1563
2 1565
2 1566
5 1568
3 1569
2 1570
5 1571
4 1572
1 1573
1 1574
4 1576
3 1577
2 1578
1 1579
4 1581
2 1582
4 1583
4 1584
3 1585
6 1586
1 1587
1 1588
1 1589
1 1590
1 1593
1 1595
1 1597
4 1598
1 1599
1 1602
2 1603
1 1607
3 1608
1 1610
1 1611
1 1614
2 1617
1 1619
1 1623
3 1624
1 1625
2 1626
2 1628
1 1630
3 1631
2 1633
2 1634
1 1635
1 1636
2 1637
4 1638
2 1640
2 1641
3 1642
4 1644
1 1645
4 1646
1 1648
1 1649
1 1650
1 1652
1 1654
1 1655
1 1657
2 1658
1 1660
1 1663
3 1664
1 1665
1 1667
1 1671
2 1674
2 1679
1 1680
2 1681
2 1682
1 1684
3 1686
1 1687
1 1688
4 1692
1 1693
1 1694
3 1695
1 1698
2 1699
1 1700
3 1701
1 1702
4 1703
2 1704
1 1705
3 1706
1 1707
1 1708
3 1709
1 1710
5 1711
3 1712
2 1713
2 1714
3 1715
3 1716
3 1717
1 1718
3 1720
2 1721
2 1722
1 1723
6 1724
3 1725
6 1727
4 1728
3 1729
2 1730
2 1731
2 1732
4 1733
4 1734
3 1735
1 1736
2 1737
2 1738
4 1739
2 1740
2 1741
3 1742
3 1743
1 1745
3 1746
3 1747
3 1748
5 1749
2 1750
5 1751
4 1752
5 1753
1 1754
2 1755
5 1756
3 1757
4 1758
3 1759
1 1760
4 1761
7 1762
1 1763
4 1764
3 1765
5 1766
1 1767
6 1768
6 1769
5 1770
7 1771
4 1772
5 1773
6 1774
2 1775
8 1776
4 1777
5 1778
7 1779
4 1780
3 1781
7 1782
9 1783
5 1784
6 1785
3 1786
4 1787
8 1788
4 1789
7 1790
13 1791
4 1792
6 1793
7 1794
8 1795
6 1796
7 1797
14 1798
10 1799
7 1800
7 1801
7 1802
7 1803
11 1804
10 1805
4 1806
14 1807
13 1808
8 1809
7 1810
5 1811
12 1812
11 1813
8 1814
6 1815
9 1816
9 1817
9 1818
4 1819
11 1820
7 1821
9 1822
7 1823
3 1824
8 1825
10 1826
13 1827
14 1828
5 1829
10 1830
4 1831
7 1832
7 1833
5 1834
7 1835
7 1836
7 1837
6 1838
3 1839
5 1840
8 1841
7 1842
6 1843
9 1844
2 1845
8 1846
3 1847
6 1848
2 1849
3 1850
5 1851
4 1852
8 1853
5 1854
7 1855
5 1856
6 1857
10 1858
4 1859
8 1860
4 1861
10 1862
5 1863
6 1864
6 1865
4 1866
4 1867
10 1868
4 1869
12 1870
6 1871
11 1872
5 1873
9 1874
4 1875
7 1876
8 1877
11 1878
10 1879
10 1880
8 1881
13 1882
6 1883
6 1884
10 1885
10 1886
8 1887
7 1888
12 1889
9 1890
12 1891
8 1892
7 1893
8 1894
9 1895
9 1896
7 1897
8 1898
7 1899
12 1900
8 1901
8 1902
7 1903
17 1904
12 1905
17 1906
12 1907
11 1908
17 1909
6 1910
16 1911
17 1912
12 1913
8 1914
21 1915
19 1916
11 1917
19 1918
25 1919
12 1920
31 1921
14 1922
24 1923
24 1924
18 1925
28 1926
25 1927
16 1928
25 1929
34 1930
31 1931
24 1932
32 1933
35 1934
31 1935
29 1936
40 1937
46 1938
46 1939
44 1940
60 1941
57 1942
43 1943
53 1944
57 1945
47 1946
69 1947
54 1948
73 1949
65 1950
77 1951
80 1952
59 1953
82 1954
58 1955
65 1956
61 1957
80 1958
65 1959
68 1960
70 1961
69 1962
54 1963
65 1964
59 1965
56 1966
62 1967
62 1968
50 1969
50 1970
55 1971
60 1972
51 1973
38 1974
50 1975
47 1976
33 1977
32 1978
25 1979
20 1980
36 1981
17 1982
15 1983
21 1984
25 1985
13 1986
13 1987
9 1988
10 1989
9 1990
7 1991
10 1992
8 1993
12 1994
4 1995
7 1996
4 1997
6 1998
4 1999
5 2000
1 2001
1 2002
2 2003
4 2004
3 2005
3 2006
1 2007
2 2008
1 2009
1 2010
1 2011
1 2012
3 2015
2 2016
1 2018
2 2022
1 2023
2 2024
1 2027
1 2029
1 2034
1 2035
1 2036
1 2038
1 2040
1 2045
1 2046
1 2048
1 2053
2 2054
1 2056
1 2059
1 2063
2 2064
1 2065
1 2068
2 2076
2 2079
1 2080
3 2081
1 2082
1 2086
2 2087
1 2089
1 2090
1 2092
2 2098
2 2099
1 2103
3 2105
1 2106
1 2107
1 2109
1 2110
1 2113
2 2114
1 2115
1 2116
1 2117
1 2119
2 2120
1 2123
2 2125
1 2128
1 2129
1 2132
2 2135
1 2136
1 2137
2 2139
1 2140
1 2148
1 2151
1 2152
3 2154
2 2156
1 2159
1 2160
1 2161
2 2163
1 2164
1 2168
1 2169
1 2170
1 2175
1 2178
1 2180
3 2181
1 2185
1 2188
1 2191
1 2193
2 2196
1 2199
1 2201
2 2202
2 2205
2 2206
2 2209
3 2211
1 2212
2 2213
1 2216
2 2220
2 2224
1 2226
1 2228
1 2229
3 2230
4 2232
3 2233
1 2235
1 2236
1 2237
3 2238
3 2240
2 2241
1 2242
2 2243
1 2244
3 2245
1 2246
1 2247
2 2249
3 2250
2 2251
6 2252
2 2254
1 2255
2 2257
5 2258
2 2259
4 2260
4 2261
3 2262
5 2263
7 2264
5 2265
2 2266
1 2267
2 2268
2 2269
2 2270
5 2272
4 2273
4 2274
2 2275
3 2276
3 2277
1 2278
3 2279
1 2280
3 2281
3 2282
1 2284
3 2285
4 2286
1 2287
1 2288
2 2289
2 2290
3 2291
2 2292
1 2293
2 2295
1 2296
2 2297
3 2298
2 2299
3 2300
1 2301
1 2302
1 2303
2 2304
2 2305
6 2306
1 2308
1 2309
3 2310
3 2312
5 2316
2 2317
1 2318
1 2319
1 2321
1 2323
1 2325
4 2326
1 2327
2 2328
4 2331
2 2332
3 2333
1 2334
3 2335
2 2336
2 2337
1 2338
3 2340
1 2341
4 2342
4 2343
3 2344
4 2345
4 2346
1 2347
1 2349
2 2350
5 2351
1 2352
3 2354
4 2355
2 2356
3 2357
2 2358
3 2359
1 2360
2 2362
5 2363
2 2364
2 2365
5 2366
3 2367
5 2368
6 2369
3 2370
6 2371
3 2372
7 2373
4 2374
10 2375
1 2376
7 2377
3 2378
7 2379
5 2380
2 2381
5 2382
9 2383
11 2384
8 2385
6 2386
4 2387
7 2388
5 2389
9 2390
12 2391
15 2392
8 2393
9 2394
14 2395
7 2396
7 2397
10 2398
17 2399
9 2400
19 2401
19 2402
11 2403
15 2404
15 2405
11 2406
11 2407
12 2408
16 2409
13 2410
23 2411
11 2412
20 2413
11 2414
12 2415
17 2416
21 2417
18 2418
25 2419
34 2420
28 2421
27 2422
28 2423
18 2424
19 2425
29 2426
14 2427
31 2428
22 2429
22 2430
21 2431
15 2432
16 2433
17 2434
10 2435
17 2436
17 2437
20 2438
18 2439
23 2440
16 2441
7 2442
9 2443
21 2444
13 2445
10 2446
11 2447
12 2448
10 2449
8 2450
7 2451
8 2452
6 2453
7 2454
8 2455
6 2456
2 2457
7 2458
5 2459
5 2460
4 2461
3 2462
2 2463
4 2464
1 2465
3 2466
3 2467
4 2468
2 2469
3 2470
1 2471
2 2473
1 2474
2 2475
2 2476
2 2477
2 2478
1 2479
3 2483
3 2484
1 2485
1 2487
1 2488
3 2489
2 2490
1 2493
1 2494
2 2495
1 2496
2 2497
2 2498
1 2499
2 2501
2 2502
3 2505
1 2506
1 2508
2 2509
1 2510
1 2511
1 2512
2 2513
3 2515
1 2516
3 2517
1 2520
1 2521
1 2522
2 2523
1 2524
2 2526
3 2529
1 2530
2 2533
1 2536
3 2537
2 2538
1 2539
2 2540
1 2541
3 2542
3 2543
3 2544
1 2545
4 2546
2 2547
1 2548
1 2549
1 2551
1 2552
2 2553
1 2554
1 2555
3 2556
2 2557
3 2558
3 2560
5 2561
3 2562
2 2563
5 2564
8 2565
4 2566
4 2567
1 2568
4 2569
2 2570
3 2571
3 2572
5 2573
2 2574
2 2575
2 2576
5 2577
8 2578
5 2580
3 2581
2 2582
6 2583
8 2584
7 2585
2 2586
4 2587
5 2588
3 2589
3 2590
4 2591
7 2592
4 2593
4 2594
2 2595
5 2596
4 2597
2 2598
5 2599
4 2600
5 2601
5 2602
1 2604
2 2605
4 2606
2 2607
6 2608
3 2609
2 2610
2 2612
4 2613
3 2614
1 2615
2 2616
3 2617
4 2618
1 2619
5 2620
3 2624
1 2625
1 2626
1 2627
1 2635
1 2640
1 2641
3 2642
2 2643
1 2644
1 2646
2 2647
1 2654
1 2657
1 2659
1 2664
1 2666
1 2668
1 2673
1 2677
1 2685
1 2686
1 2688
1 2698
1 2701
1 2705
1 2709
1 2718
1 2719
2 2725
1 2730
1 2731
1 2738
2 2740
1 2744
1 2745
1 2746
1 2747
1 2749
2 2750
1 2751
1 2752
1 2753
1 2756
1 2757
1 2758
1 2760
1 2763
1 2766
2 2773
1 2776
1 2778
1 2781
1 2783
1 2793
1 2806
1 2815
1 2820
1 2829
1 2833
1 2846
1 2855
1 2880
1 2889
1 2890
1 2894
1 2896
1 2919
1 2920
1 2921
1 2924
1 2933
1 2942
1 2944
1 2968
1 2979
1 2980
1 2989
1 3001
1 3013
1 3020
1 3025
1 3027
1 3036
1 3053
1 3079
1 3089
1 3090
1 3102
1 3124
1 3128
1 3166
1 3187
1 3237
1 3242
1 3245
1 3273
1 3317
1 3341
1 3445
1 3472
1 3493
1 3512
1 3536
1 3559
1 3695
1 3727
1 3768
1 3830
1 3845
1 3860
1 3876
1 3895
1 3902
1 3954
1 3975
1 3982
1 3989
1 3992
1 3998
1 4014
1 4017
1 4026
2 4029
1 4036
1 4039
1 4050
1 4053
1 4054
3 4056
1 4068
2 4074
1 4077
1 4079
1 4080
1 4094
1 4095
1 4099
1 4101
1 4104
1 4106
1 4109
1 4114
1 4117
1 4124
1 4125
1 4126
2 4138
1 4165
1 4190
1 4268
1 4502
1 4800
1 4956
1 5008
1 5020
1 5091
1 5092
1 5104
