3 3
1 7
1 9
1 10
2 11
4 12
1 15
1 16
1 17
1 20
1 23
1 25
1 26
3 28
1 30
1 32
3 33
1 36
2 37
1 38
4 39
2 40
3 41
5 42
3 43
4 45
3 46
3 47
1 49
3 50
1 51
1 52
1 53
2 54
1 55
3 58
2 59
3 60
1 61
2 62
3 63
3 64
2 65
1 66
2 67
5 68
4 71
2 72
2 73
1 74
1 76
1 79
2 80
2 81
3 82
1 84
1 85
1 86
1 87
2 88
2 89
3 91
1 92
1 93
1 94
2 95
3 98
3 99
2 100
3 101
3 102
2 103
3 104
3 105
6 106
2 108
2 109
4 110
4 111
2 112
1 113
2 114
1 116
4 117
1 118
2 120
1 121
1 122
3 123
3 124
3 125
2 126
3 127
2 128
4 129
2 130
2 131
3 132
2 133
6 134
3 135
1 136
2 138
4 139
5 140
1 141
2 142
1 143
3 144
2 145
1 146
4 147
2 148
3 149
5 151
3 152
4 153
3 154
6 155
3 156
3 157
2 158
2 159
1 160
2 161
2 162
3 163
6 164
1 165
2 166
8 167
4 168
8 169
3 170
2 171
7 172
10 173
4 174
2 175
1 176
3 178
1 179
2 180
1 181
2 182
3 183
3 184
3 185
2 186
3 187
1 188
3 190
1 191
3 192
3 193
4 194
2 195
3 196
3 197
3 198
3 199
8 200
4 201
2 202
4 203
2 204
5 205
2 206
5 207
5 208
4 209
5 210
4 211
1 212
2 214
6 215
8 216
3 217
2 218
4 219
3 220
5 221
4 222
2 223
4 224
2 225
4 226
2 227
3 228
7 229
3 230
2 231
3 233
3 234
1 235
4 236
3 237
4 238
6 239
5 240
4 241
2 242
4 243
6 244
3 245
3 246
4 247
5 248
4 249
7 250
5 251
5 252
4 253
2 254
6 255
3 256
6 257
4 258
3 259
4 260
5 261
3 262
8 263
1 264
5 265
2 266
4 267
4 268
3 269
7 270
8 271
3 272
5 273
9 274
11 275
5 276
6 277
4 278
2 279
11 280
8 281
7 282
8 283
5 284
14 285
9 286
6 287
7 288
13 289
16 290
8 291
9 292
14 293
15 294
19 295
8 296
12 297
8 298
13 299
11 300
12 301
12 302
11 303
7 304
17 305
15 306
7 307
15 308
21 309
9 310
13 311
15 312
7 313
6 314
12 315
15 316
11 317
13 318
9 319
13 320
8 321
11 322
9 323
6 324
9 325
9 326
6 327
9 328
12 329
10 330
8 331
7 332
12 333
13 334
16 335
19 336
18 337
23 338
21 339
16 340
20 341
36 342
29 343
27 344
37 345
20 346
43 347
39 348
35 349
35 350
47 351
61 352
59 353
73 354
64 355
69 356
80 357
85 358
83 359
94 360
99 361
88 362
70 363
63 364
60 365
53 366
40 367
38 368
28 369
34 370
25 371
32 372
22 373
18 374
14 375
17 376
14 377
7 378
10 379
13 380
7 381
6 382
9 383
12 384
15 385
11 386
6 387
16 388
16 389
16 390
21 391
18 392
25 393
21 394
16 395
21 396
33 397
19 398
25 399
25 400
18 401
28 402
21 403
27 404
11 405
16 406
18 407
21 408
13 409
16 410
17 411
15 412
18 413
10 414
19 415
12 416
24 417
14 418
29 419
17 420
29 421
33 422
29 423
40 424
25 425
41 426
36 427
50 428
52 429
73 430
66 431
68 432
80 433
91 434
79 435
90 436
65 437
68 438
85 439
79 440
88 441
71 442
67 443
53 444
71 445
56 446
56 447
39 448
46 449
47 450
46 451
33 452
34 453
30 454
30 455
27 456
20 457
27 458
34 459
27 460
22 461
29 462
18 463
16 464
16 465
11 466
13 467
18 468
21 469
16 470
18 471
8 472
17 473
16 474
10 475
11 476
12 477
14 478
18 479
17 480
10 481
10 482
16 483
11 484
9 485
10 486
9 487
10 488
8 489
12 490
7 491
9 492
14 493
11 494
12 495
13 496
11 497
16 498
16 499
20 500
18 501
21 502
21 503
27 504
14 505
31 506
20 507
31 508
26 509
25 510
36 511
34 512
36 513
27 514
39 515
31 516
43 517
42 518
36 519
43 520
32 521
30 522
36 523
23 524
22 525
16 526
30 527
20 528
15 529
13 530
17 531
14 532
14 533
14 534
11 535
10 536
8 537
16 538
11 539
13 540
8 541
17 542
9 543
10 544
12 545
11 546
8 547
14 548
13 549
14 550
5 551
9 552
16 553
12 554
12 555
10 556
15 557
13 558
18 559
14 560
21 561
23 562
20 563
28 564
28 565
23 566
31 567
18 568
28 569
33 570
31 571
31 572
44 573
37 574
29 575
51 576
42 577
55 578
73 579
68 580
63 581
89 582
98 583
100 584
111 585
113 586
122 587
130 588
144 589
137 590
145 591
151 592
176 593
158 594
157 595
129 596
124 597
127 598
122 599
104 600
97 601
88 602
76 603
66 604
60 605
66 606
40 607
44 608
29 609
32 610
22 611
26 612
15 613
17 614
18 615
8 616
18 617
12 618
9 619
6 620
6 621
3 622
7 623
5 624
5 625
4 626
3 627
9 628
6 629
5 630
7 631
5 632
5 633
4 634
7 635
10 636
4 637
2 638
7 639
10 640
10 641
5 642
6 643
5 644
8 645
5 646
6 648
6 649
2 650
5 651
4 652
6 653
8 654
9 655
7 656
11 657
9 658
5 659
21 660
11 661
16 662
10 663
16 664
10 665
11 666
13 667
4 668
9 669
8 670
11 671
16 672
11 673
11 674
9 675
9 676
15 677
11 678
12 679
9 680
17 681
8 682
5 683
7 684
9 685
10 686
6 687
12 688
6 689
4 690
11 691
7 692
4 693
6 694
7 695
13 696
6 697
10 698
7 699
9 700
7 701
6 702
10 703
9 704
13 705
12 706
2 707
12 708
9 709
11 710
13 711
10 712
16 713
14 714
12 715
18 716
17 717
18 718
15 719
15 720
19 721
21 722
28 723
30 724
33 725
28 726
30 727
33 728
40 729
39 730
42 731
37 732
52 733
56 734
63 735
79 736
81 737
98 738
114 739
88 740
123 741
140 742
159 743
154 744
141 745
151 746
169 747
165 748
194 749
188 750
178 751
175 752
171 753
153 754
162 755
139 756
150 757
133 758
108 759
97 760
82 761
91 762
75 763
69 764
57 765
56 766
64 767
55 768
40 769
45 770
36 771
35 772
26 773
20 774
19 775
22 776
14 777
13 778
22 779
9 780
21 781
17 782
14 783
12 784
7 785
10 786
11 787
6 788
10 789
7 790
4 791
7 792
8 793
7 794
8 795
8 796
7 797
13 798
11 799
5 800
6 801
9 802
11 803
7 804
4 805
13 806
13 807
6 808
3 809
10 810
7 811
5 812
4 813
4 814
2 815
8 816
2 817
4 818
2 819
6 820
7 821
3 822
9 823
2 824
5 825
4 826
5 827
2 828
4 829
7 830
5 831
3 832
3 833
7 834
4 835
5 836
2 837
4 838
5 839
6 840
3 841
13 842
8 843
6 844
4 845
3 846
10 847
4 848
10 849
12 850
15 851
10 852
13 853
9 854
6 855
9 856
15 857
10 858
6 859
17 860
13 861
16 862
14 863
22 864
22 865
23 866
17 867
22 868
31 869
20 870
28 871
22 872
23 873
22 874
21 875
26 876
28 877
27 878
39 879
35 880
34 881
40 882
32 883
29 884
38 885
43 886
37 887
39 888
29 889
36 890
34 891
36 892
28 893
19 894
29 895
31 896
28 897
23 898
25 899
26 900
35 901
28 902
18 903
18 904
26 905
24 906
18 907
17 908
20 909
23 910
26 911
21 912
25 913
23 914
25 915
18 916
17 917
19 918
19 919
17 920
14 921
14 922
16 923
5 924
15 925
7 926
5 927
5 928
5 929
8 930
3 931
6 932
4 933
3 934
5 935
5 936
4 937
4 938
5 939
6 940
5 941
4 942
1 943
6 944
7 945
5 946
3 947
5 948
9 949
6 950
2 951
5 952
2 953
6 954
5 955
6 956
4 957
5 958
5 959
8 960
4 961
5 962
3 963
7 964
6 965
12 966
3 967
11 968
6 969
3 970
6 971
7 972
6 973
11 974
3 975
5 976
7 977
10 978
4 979
5 980
7 981
1 982
2 983
6 984
1 985
3 986
6 987
2 989
1 990
3 991
1 992
1 993
3 994
1 995
4 996
1 997
3 998
1 999
1 1000
1 1001
1 1002
1 1003
1 1005
1 1007
2 1008
2 1009
2 1012
2 1014
1 1015
5 1018
1 1020
1 1022
1 1023
1 1025
1 1027
1 1032
3 1033
3 1034
1 1035
2 1036
2 1037
1 1041
1 1043
1 1046
1 1048
1 1050
2 1051
1 1056
1 1057
1 1058
1 1059
1 1060
1 1061
1 1062
1 1063
1 1064
1 1068
1 1070
1 1072
3 1074
1 1075
2 1076
1 1081
1 1082
1 1083
2 1086
2 1087
1 1089
1 1090
1 1091
1 1092
2 1093
1 1094
2 1096
1 1098
1 1099
1 1100
1 1101
1 1102
3 1109
1 1110
1 1114
1 1116
2 1117
2 1118
3 1121
2 1123
2 1124
2 1125
2 1128
1 1130
2 1131
2 1132
1 1133
1 1134
1 1135
1 1137
1 1138
2 1139
1 1140
1 1141
2 1142
2 1143
2 1144
2 1145
1 1148
1 1149
1 1150
3 1151
3 1152
2 1153
1 1154
1 1155
1 1157
1 1159
1 1161
2 1163
2 1164
1 1166
1 1167
1 1168
1 1171
2 1173
1 1175
3 1176
1 1179
4 1181
1 1182
2 1183
2 1185
1 1186
1 1187
2 1189
2 1190
1 1191
1 1194
1 1196
1 1198
1 1199
2 1202
1 1203
2 1204
2 1205
1 1207
2 1210
2 1212
2 1216
4 1217
1 1218
3 1219
3 1221
1 1222
2 1223
4 1224
1 1225
1 1226
1 1227
1 1228
2 1229
2 1230
1 1231
2 1232
3 1233
3 1234
2 1235
2 1236
2 1238
4 1239
2 1240
1 1243
2 1244
1 1245
2 1246
1 1247
3 1248
4 1249
2 1250
2 1251
1 1252
1 1253
1 1255
5 1257
2 1258
2 1259
2 1260
5 1261
5 1262
3 1263
3 1264
5 1265
5 1266
2 1267
1 1268
4 1269
3 1270
3 1271
2 1272
5 1273
2 1274
5 1275
3 1276
4 1277
6 1278
5 1280
3 1281
4 1282
3 1283
1 1284
3 1285
3 1286
3 1288
2 1289
3 1290
2 1291
3 1292
2 1293
3 1294
2 1295
3 1296
3 1297
2 1298
3 1299
3 1300
1 1301
3 1302
3 1303
4 1304
7 1305
4 1306
4 1307
1 1308
4 1309
2 1310
2 1312
4 1313
5 1314
2 1315
1 1316
3 1317
1 1318
2 1320
1 1321
2 1322
2 1324
2 1328
3 1329
3 1330
4 1331
2 1332
1 1333
3 1334
2 1335
1 1336
1 1338
1 1339
1 1340
1 1341
1 1342
3 1343
2 1344
3 1345
3 1346
3 1347
1 1348
1 1349
1 1351
3 1352
1 1353
1 1354
1 1356
3 1357
2 1358
3 1359
2 1360
3 1361
4 1363
3 1364
1 1365
5 1366
2 1367
2 1368
1 1369
3 1370
4 1371
2 1372
1 1373
1 1374
6 1375
1 1376
3 1377
1 1378
4 1380
4 1381
3 1382
2 1383
4 1384
3 1385
2 1386
4 1387
2 1388
2 1389
4 1390
2 1391
3 1393
3 1394
3 1395
1 1396
3 1397
5 1398
3 1399
2 1400
2 1401
5 1402
2 1403
1 1404
2 1405
1 1406
1 1407
2 1408
3 1409
3 1410
7 1411
3 1412
4 1413
3 1414
3 1415
1 1416
3 1417
5 1418
3 1419
5 1420
4 1421
5 1422
2 1423
7 1424
6 1425
1 1426
2 1427
3 1428
5 1429
4 1430
2 1431
2 1432
3 1433
3 1434
2 1435
2 1436
4 1437
2 1438
4 1439
6 1440
6 1441
3 1442
4 1443
3 1444
4 1445
5 1446
5 1447
4 1448
2 1449
1 1450
4 1451
2 1452
3 1453
4 1454
7 1455
4 1456
3 1457
6 1458
2 1459
6 1460
2 1461
7 1462
2 1463
4 1464
1 1465
8 1466
1 1468
1 1469
5 1470
7 1471
3 1472
5 1473
1 1474
4 1475
2 1476
5 1477
5 1478
3 1479
1 1480
2 1481
2 1482
7 1483
3 1484
4 1485
7 1486
4 1487
5 1488
4 1489
9 1490
5 1491
6 1492
5 1493
6 1494
5 1495
3 1496
6 1497
11 1498
8 1499
10 1500
5 1501
12 1502
7 1503
9 1504
15 1505
13 1506
5 1507
11 1508
14 1509
10 1510
8 1511
14 1512
8 1513
13 1514
7 1515
10 1516
16 1517
15 1518
10 1519
11 1520
15 1521
11 1522
11 1523
10 1524
4 1525
11 1526
10 1527
12 1528
10 1529
9 1530
9 1531
11 1532
15 1533
11 1534
8 1535
12 1536
9 1537
7 1538
11 1539
9 1540
9 1541
15 1542
8 1543
10 1544
6 1545
11 1546
10 1547
8 1548
18 1549
16 1550
10 1551
16 1552
13 1553
10 1554
11 1555
18 1556
12 1557
16 1558
11 1559
16 1560
13 1561
14 1562
19 1563
13 1564
12 1565
15 1566
24 1567
11 1568
26 1569
23 1570
17 1571
22 1572
22 1573
24 1574
19 1575
12 1576
25 1577
30 1578
21 1579
25 1580
20 1581
20 1582
21 1583
22 1584
23 1585
25 1586
23 1587
15 1588
16 1589
25 1590
23 1591
28 1592
33 1593
34 1594
28 1595
24 1596
32 1597
40 1598
31 1599
47 1600
52 1601
54 1602
40 1603
45 1604
43 1605
47 1606
46 1607
39 1608
63 1609
62 1610
69 1611
59 1612
56 1613
81 1614
59 1615
70 1616
50 1617
45 1618
67 1619
83 1620
59 1621
57 1622
57 1623
59 1624
49 1625
58 1626
58 1627
52 1628
55 1629
49 1630
30 1631
31 1632
33 1633
26 1634
39 1635
26 1636
32 1637
23 1638
30 1639
23 1640
21 1641
30 1642
22 1643
21 1644
17 1645
16 1646
11 1647
9 1648
11 1649
8 1650
15 1651
12 1652
6 1653
8 1654
7 1655
2 1656
7 1657
7 1658
7 1659
8 1660
5 1661
6 1662
7 1663
3 1664
1 1665
1 1666
5 1667
4 1670
2 1671
1 1672
1 1673
3 1674
2 1676
2 1678
2 1680
1 1682
1 1683
2 1684
3 1685
3 1686
1 1687
1 1688
2 1690
1 1692
2 1697
2 1698
1 1699
3 1700
1 1701
1 1704
1 1707
1 1708
1 1709
1 1711
1 1712
2 1714
1 1715
2 1720
1 1721
1 1722
1 1723
3 1725
1 1726
1 1728
3 1731
1 1732
1 1734
3 1737
2 1739
1 1743
2 1744
2 1746
1 1747
1 1748
1 1749
1 1750
4 1751
2 1752
1 1755
2 1756
1 1758
1 1759
1 1760
2 1765
2 1766
1 1768
1 1769
1 1770
1 1773
2 1774
2 1775
1 1781
1 1782
1 1784
1 1785
1 1786
2 1790
2 1791
1 1792
1 1793
1 1796
1 1797
2 1798
1 1799
1 1800
2 1802
1 1803
1 1807
1 1808
1 1809
1 1810
1 1811
1 1812
2 1813
3 1814
1 1815
1 1816
1 1817
3 1818
1 1820
5 1823
1 1824
1 1825
2 1827
1 1828
2 1829
4 1830
2 1831
1 1832
1 1833
1 1835
2 1836
3 1839
2 1840
1 1841
3 1843
1 1844
5 1845
1 1847
2 1848
1 1850
6 1851
1 1852
1 1853
1 1854
3 1855
1 1856
3 1857
1 1858
3 1859
2 1860
4 1861
2 1862
3 1863
3 1864
6 1866
1 1867
4 1868
1 1869
2 1870
4 1871
3 1872
1 1873
5 1874
10 1876
3 1877
5 1878
1 1879
2 1880
5 1881
5 1882
1 1883
3 1884
4 1885
4 1886
7 1887
6 1888
4 1889
3 1890
6 1891
2 1892
11 1893
5 1894
5 1895
2 1896
1 1897
4 1898
2 1899
3 1900
6 1901
3 1902
3 1903
2 1905
2 1906
2 1907
6 1908
4 1909
3 1912
1 1913
3 1914
6 1915
3 1916
9 1918
3 1919
5 1920
5 1921
1 1922
1 1923
2 1924
3 1925
2 1926
1 1927
1 1928
2 1929
2 1930
2 1931
2 1932
3 1933
3 1934
4 1935
2 1936
1 1937
4 1939
3 1940
3 1941
4 1942
1 1943
1 1944
2 1945
2 1946
3 1948
2 1949
1 1950
5 1951
2 1953
6 1954
2 1956
2 1957
4 1958
3 1959
2 1960
4 1961
5 1962
1 1963
4 1964
4 1965
4 1966
3 1967
5 1968
3 1969
3 1970
3 1971
3 1972
8 1973
2 1974
7 1975
5 1976
1 1977
3 1978
7 1979
6 1980
10 1981
10 1982
4 1983
11 1984
12 1985
5 1986
8 1987
11 1988
10 1989
9 1990
11 1991
11 1992
4 1993
16 1994
13 1995
16 1996
19 1997
15 1998
16 1999
12 2000
21 2001
14 2002
20 2003
16 2004
16 2005
16 2006
17 2007
18 2008
19 2009
23 2010
17 2011
21 2012
21 2013
18 2014
26 2015
20 2016
18 2017
19 2018
16 2019
23 2020
24 2021
19 2022
18 2023
27 2024
9 2025
12 2026
15 2027
14 2028
12 2029
12 2030
12 2031
12 2032
14 2033
5 2034
10 2035
10 2036
7 2037
6 2038
7 2039
7 2040
6 2041
8 2042
3 2043
4 2044
7 2045
7 2046
8 2047
7 2048
9 2049
1 2050
9 2051
3 2052
2 2053
2 2054
3 2055
1 2056
4 2057
1 2058
3 2059
3 2060
2 2061
5 2062
3 2063
2 2064
5 2065
3 2066
1 2067
3 2068
3 2069
7 2070
1 2071
2 2072
7 2073
3 2074
2 2075
1 2077
5 2078
4 2079
2 2080
4 2081
3 2082
2 2083
4 2084
7 2085
3 2086
7 2087
4 2088
3 2089
4 2090
5 2091
6 2092
5 2093
5 2094
5 2095
2 2097
5 2098
2 2099
1 2100
2 2101
5 2102
3 2103
2 2104
2 2105
2 2106
5 2107
7 2108
3 2109
5 2111
2 2112
3 2113
4 2114
4 2115
2 2116
4 2117
3 2118
4 2119
1 2120
2 2121
2 2122
1 2123
4 2124
5 2125
3 2126
1 2127
2 2128
3 2129
1 2130
2 2131
3 2132
3 2133
4 2134
1 2135
5 2136
2 2137
3 2139
2 2141
2 2142
2 2143
1 2144
1 2145
2 2146
1 2147
2 2148
3 2149
3 2150
2 2151
4 2153
1 2154
5 2155
5 2156
2 2157
2 2158
2 2159
1 2160
1 2162
1 2163
2 2164
1 2165
2 2166
2 2168
2 2169
2 2170
1 2171
2 2172
2 2174
1 2175
1 2177
2 2178
1 2179
2 2181
1 2182
2 2184
1 2185
1 2186
1 2187
1 2190
1 2191
2 2192
1 2193
1 2195
1 2197
2 2199
1 2200
1 2203
1 2204
1 2206
1 2207
1 2208
1 2212
1 2217
1 2218
2 2219
1 2220
1 2222
1 2224
1 2225
2 2226
1 2227
1 2230
1 2233
1 2235
1 2237
1 2238
2 2246
1 2250
1 2253
1 2259
1 2261
2 2262
1 2263
2 2264
2 2265
2 2266
1 2270
1 2277
1 2282
1 2289
1 2290
2 2299
2 2302
1 2303
1 2306
1 2307
1 2308
2 2309
1 2310
2 2312
1 2314
2 2316
1 2317
1 2319
1 2320
1 2321
1 2322
1 2323
1 2328
1 2332
1 2334
1 2337
1 2339
1 2342
1 2343
1 2346
1 2347
1 2354
2 2357
1 2358
2 2359
2 2364
1 2365
2 2366
1 2371
2 2375
1 2376
1 2378
1 2380
1 2382
2 2384
1 2388
1 2389
3 2398
1 2399
1 2401
1 2402
1 2403
1 2408
1 2411
1 2412
1 2414
1 2415
1 2420
1 2421
2 2422
1 2429
1 2433
1 2434
4 2436
1 2437
3 2440
3 2443
1 2446
1 2448
2 2450
2 2451
1 2453
1 2454
3 2455
1 2456
1 2457
1 2460
1 2462
3 2463
1 2465
1 2470
1 2472
2 2473
2 2474
2 2475
2 2479
1 2480
1 2481
2 2482
3 2484
2 2486
2 2489
1 2490
1 2497
3 2498
2 2499
1 2500
1 2501
1 2502
1 2503
1 2507
1 2511
1 2512
1 2513
1 2515
2 2517
1 2520
1 2522
2 2523
2 2525
2 2527
1 2529
1 2531
2 2532
1 2534
1 2535
1 2536
1 2537
1 2541
1 2542
1 2544
2 2546
1 2547
2 2548
2 2549
1 2550
3 2551
2 2556
1 2557
1 2558
1 2560
1 2563
1 2565
1 2566
1 2569
1 2570
1 2572
1 2577
1 2578
1 2582
1 2586
2 2587
3 2588
1 2590
1 2591
1 2594
1 2599
1 2600
2 2602
2 2604
1 2607
2 2609
1 2611
4 2613
2 2617
1 2619
1 2620
1 2621
1 2624
1 2625
1 2627
2 2628
1 2631
1 2632
1 2635
2 2637
1 2640
1 2641
2 2643
2 2649
1 2652
1 2653
1 2654
3 2656
1 2659
2 2661
3 2662
1 2663
3 2665
1 2667
1 2669
1 2671
1 2672
2 2674
1 2677
1 2678
1 2679
1 2680
2 2681
1 2683
1 2685
3 2686
3 2687
1 2690
1 2692
2 2695
2 2696
2 2701
1 2704
1 2705
1 2707
2 2708
1 2709
1 2714
1 2715
2 2719
1 2721
1 2723
1 2725
1 2727
1 2730
1 2733
1 2736
1 2739
2 2741
1 2742
1 2743
1 2745
1 2753
2 2754
1 2757
1 2759
1 2760
1 2761
2 2763
1 2764
1 2765
1 2767
1 2768
1 2769
1 2770
1 2772
1 2773
2 2775
1 2776
1 2779
1 2781
1 2784
1 2787
1 2792
1 2793
3 2794
1 2795
3 2796
1 2798
2 2800
3 2801
2 2802
1 2803
2 2805
1 2806
1 2808
1 2810
1 2811
1 2813
1 2815
1 2818
1 2820
1 2822
3 2823
2 2824
1 2826
3 2828
1 2833
1 2834
4 2837
2 2839
3 2841
1 2845
1 2846
1 2847
1 2850
1 2851
2 2852
1 2853
1 2858
1 2859
1 2861
2 2863
1 2866
2 2869
1 2871
1 2872
1 2873
1 2874
1 2876
1 2881
1 2882
1 2885
1 2888
2 2892
3 2895
2 2896
1 2898
2 2899
1 2900
1 2901
2 2902
1 2904
1 2906
1 2907
2 2908
2 2913
1 2916
1 2917
2 2918
1 2919
1 2920
1 2921
1 2923
1 2924
2 2925
3 2927
1 2928
3 2929
1 2931
8 2933
2 2934
1 2936
1 2937
1 2940
3 2941
2 2943
2 2945
2 2946
1 2948
1 2949
1 2950
2 2952
1 2953
2 2954
1 2957
1 2958
2 2959
1 2961
1 2962
2 2963
1 2964
1 2966
2 2967
1 2968
3 2969
3 2970
3 2971
3 2977
2 2978
2 2979
1 2980
2 2981
4 2982
1 2983
1 2984
2 2986
2 2987
2 2988
2 2990
3 2991
2 2992
1 2993
1 2995
1 2996
2 2997
2 2998
3 2999
2 3001
2 3002
1 3003
4 3004
2 3005
3 3006
1 3007
2 3009
2 3010
2 3012
3 3013
1 3014
5 3015
5 3016
1 3017
3 3018
1 3019
2 3020
3 3021
6 3022
6 3023
2 3024
3 3025
2 3026
2 3027
5 3028
2 3029
6 3030
4 3031
5 3032
5 3033
3 3034
14 3035
3 3036
3 3037
5 3038
1 3039
1 3040
3 3041
6 3042
4 3043
3 3044
7 3045
1 3046
5 3047
4 3048
6 3049
8 3050
8 3051
5 3052
8 3053
12 3054
9 3055
6 3056
9 3057
10 3058
7 3059
7 3060
5 3061
10 3062
12 3063
12 3064
19 3065
11 3066
12 3067
13 3068
8 3069
7 3070
16 3071
11 3072
12 3073
19 3074
11 3075
22 3076
18 3077
17 3078
29 3079
11 3080
18 3081
17 3082
21 3083
25 3084
11 3085
28 3086
16 3087
17 3088
17 3089
8 3090
22 3091
20 3092
27 3093
28 3094
26 3095
19 3096
25 3097
33 3098
27 3099
33 3100
29 3101
15 3102
26 3103
20 3104
22 3105
20 3106
20 3107
13 3108
19 3109
12 3110
19 3111
20 3112
11 3113
15 3114
16 3115
12 3116
12 3117
20 3118
15 3119
8 3120
7 3121
10 3122
9 3123
12 3124
15 3125
12 3126
8 3127
6 3128
6 3129
6 3130
7 3131
6 3132
5 3133
6 3134
9 3135
4 3136
4 3137
4 3138
3 3139
3 3140
6 3141
6 3142
5 3143
3 3144
3 3145
2 3146
2 3147
5 3148
3 3150
3 3151
4 3152
2 3153
1 3154
3 3155
1 3156
4 3157
2 3158
3 3159
5 3161
3 3162
3 3163
2 3164
2 3165
7 3166
7 3167
1 3168
1 3169
2 3170
2 3171
3 3173
2 3174
5 3175
4 3176
2 3177
3 3178
2 3180
2 3181
4 3182
3 3183
1 3184
1 3185
1 3186
4 3187
2 3189
3 3190
1 3191
1 3192
3 3193
1 3194
2 3195
1 3196
1 3197
2 3198
4 3199
3 3200
4 3201
3 3202
3 3203
3 3204
3 3205
2 3206
3 3207
4 3208
6 3209
2 3210
4 3211
1 3212
2 3213
3 3214
3 3215
4 3216
2 3217
4 3218
5 3219
3 3220
2 3221
4 3222
2 3223
4 3224
3 3225
6 3227
3 3228
2 3229
3 3230
2 3231
4 3232
5 3233
5 3234
8 3235
3 3236
5 3237
8 3238
2 3239
7 3240
1 3241
1 3242
5 3243
4 3244
3 3245
2 3246
2 3247
2 3248
5 3249
3 3251
2 3253
2 3254
2 3255
1 3256
3 3257
2 3258
5 3259
4 3260
1 3261
7 3262
2 3263
3 3264
2 3265
1 3266
2 3267
2 3268
1 3269
1 3270
2 3272
2 3273
4 3275
1 3277
1 3279
2 3281
1 3282
1 3284
1 3285
2 3289
1 3295
2 3299
1 3304
1 3314
1 3317
2 3328
1 3329
1 3362
1 3363
1 3372
1 3373
1 3393
1 3395
1 3399
1 3411
1 3456
1 3459
1 3466
1 3470
1 3490
1 3507
1 3530
1 3536
2 3601
1 3615
1 3618
1 3620
1 3625
1 3639
1 3684
1 3776
1 3795
1 3827
1 3836
1 3924
1 4023
1 4061
1 4296
1 4479
1 4736
1 4839
1 4872
1 5206
