3 1
2 6
1 9
2 10
2 12
1 13
1 14
1 15
1 18
1 20
2 21
1 22
1 24
1 25
1 26
3 29
1 30
1 31
1 32
1 33
1 34
1 37
1 40
1 41
1 42
1 47
2 48
1 50
1 51
2 52
1 53
2 54
1 55
1 56
2 57
1 58
4 59
1 61
1 63
2 64
6 65
1 66
5 69
4 70
3 72
2 73
2 74
3 75
1 76
1 77
3 78
2 80
1 82
2 83
1 84
1 87
1 88
2 89
1 90
1 92
2 94
1 95
5 96
1 97
1 98
2 99
1 101
6 102
5 103
2 104
1 105
2 106
3 107
2 108
2 109
1 111
1 112
2 113
3 114
3 115
6 116
4 117
5 118
1 119
2 120
3 121
2 122
5 123
3 124
1 125
3 126
3 127
3 128
4 129
4 130
1 131
3 132
2 133
1 134
2 135
5 136
1 138
3 139
1 140
3 141
2 142
1 143
2 144
3 145
1 146
2 147
1 148
1 149
4 150
2 151
2 152
1 153
2 154
4 155
5 156
8 157
4 158
10 159
5 160
6 161
9 162
7 163
6 164
5 165
5 166
3 167
3 168
5 169
1 170
1 171
5 173
1 174
1 175
3 176
1 177
2 178
1 179
4 180
3 181
2 182
6 183
7 184
3 185
6 186
14 187
13 188
12 189
20 190
37 191
20 192
35 193
33 194
34 195
48 196
56 197
45 198
48 199
46 200
34 201
29 202
21 203
15 204
15 205
9 206
10 207
7 208
1 209
6 210
2 211
2 212
4 213
3 214
4 215
2 216
4 217
1 218
3 219
3 221
3 222
2 223
2 224
3 225
2 226
3 227
2 228
3 229
7 230
2 231
4 232
2 233
6 234
6 235
3 236
2 237
3 238
7 239
7 240
3 241
6 242
4 243
2 244
4 245
6 246
7 247
3 248
7 249
7 250
5 251
10 252
2 253
2 254
7 255
13 256
5 257
7 258
8 259
12 260
10 261
9 262
7 263
12 264
6 265
10 266
11 267
10 268
17 269
14 270
21 271
12 272
21 273
21 274
22 275
29 276
19 277
27 278
24 279
25 280
27 281
16 282
18 283
19 284
14 285
15 286
12 287
10 288
13 289
16 290
20 291
35 292
24 293
30 294
53 295
52 296
60 297
63 298
76 299
99 300
82 301
96 302
106 303
105 304
98 305
86 306
81 307
54 308
49 309
49 310
40 311
26 312
26 313
34 314
31 315
27 316
22 317
32 318
32 319
41 320
46 321
39 322
51 323
44 324
40 325
47 326
52 327
43 328
55 329
43 330
41 331
37 332
37 333
28 334
28 335
32 336
27 337
21 338
16 339
17 340
18 341
8 342
15 343
12 344
15 345
14 346
11 347
24 348
18 349
14 350
17 351
11 352
10 353
16 354
9 355
13 356
8 357
11 358
7 359
13 360
14 361
8 362
11 363
14 364
9 365
21 366
15 367
21 368
15 369
10 370
13 371
14 372
14 373
15 374
16 375
20 376
24 377
12 378
27 379
27 380
15 381
25 382
16 383
20 384
16 385
18 386
12 387
21 388
21 389
6 390
14 391
14 392
14 393
14 394
7 395
10 396
5 397
8 398
9 399
9 400
5 401
6 402
4 403
5 404
7 405
13 406
11 407
6 408
8 409
5 410
7 411
3 412
4 413
9 414
7 415
5 416
9 417
12 418
10 419
12 420
9 421
9 422
8 423
9 424
15 425
18 426
17 427
19 428
13 429
21 430
26 431
24 432
18 433
19 434
18 435
19 436
10 437
14 438
17 439
12 440
18 441
12 442
13 443
13 444
8 445
12 446
12 447
11 448
7 449
7 450
8 451
13 452
12 453
10 454
3 455
5 456
12 457
15 458
10 459
14 460
6 461
8 462
14 463
8 464
8 465
5 466
10 467
8 468
8 469
17 470
6 471
8 472
10 473
3 474
10 475
11 476
7 477
6 478
13 479
7 480
13 481
15 482
7 483
1 484
8 485
6 486
1 487
2 488
7 489
10 490
9 491
4 492
18 493
8 494
7 495
10 496
8 497
5 498
6 499
10 500
14 501
7 502
9 503
14 504
17 505
19 506
22 507
15 508
18 509
17 510
17 511
17 512
19 513
30 514
29 515
31 516
36 517
47 518
38 519
40 520
35 521
59 522
50 523
50 524
55 525
53 526
46 527
54 528
44 529
56 530
47 531
51 532
43 533
25 534
31 535
28 536
38 537
23 538
27 539
15 540
17 541
9 542
15 543
8 544
10 545
7 546
8 547
5 548
9 549
9 550
10 551
5 552
7 553
6 554
5 555
4 556
4 557
6 558
1 559
4 560
6 561
3 562
4 564
1 565
3 566
12 567
7 568
7 569
6 570
5 571
12 572
3 573
4 574
6 575
3 576
3 577
8 578
3 579
5 580
6 581
9 582
8 583
8 584
7 585
2 586
10 587
14 588
5 589
7 590
9 591
7 592
6 593
10 594
5 595
11 596
8 597
10 598
4 599
7 600
11 601
6 602
10 603
14 604
11 605
10 606
10 607
12 608
9 609
9 610
10 611
9 612
7 613
9 614
11 615
11 616
5 617
5 618
9 619
7 620
5 621
5 622
5 623
4 624
3 625
10 626
6 627
9 628
9 629
7 630
9 631
9 632
4 633
10 634
8 635
7 636
1 637
5 638
11 639
6 640
6 641
11 642
9 643
7 644
11 645
12 646
5 647
7 648
10 649
10 650
15 651
13 652
10 653
16 654
15 655
17 656
18 657
27 658
15 659
16 660
24 661
23 662
29 663
20 664
25 665
24 666
25 667
25 668
18 669
23 670
21 671
21 672
18 673
21 674
15 675
18 676
10 677
13 678
21 679
11 680
15 681
11 682
12 683
11 684
14 685
11 686
7 687
9 688
5 689
9 690
15 691
13 692
9 693
11 694
17 695
7 696
5 697
10 698
3 699
9 700
9 701
4 702
5 703
9 704
2 705
4 706
6 707
10 708
4 709
9 710
8 711
5 712
8 713
6 714
7 715
9 716
9 717
8 718
9 719
8 720
9 721
8 722
5 723
7 724
5 725
4 726
9 727
6 728
6 729
8 730
6 731
2 732
8 733
9 734
4 735
7 736
10 737
8 738
9 739
9 740
5 741
6 742
11 743
9 744
8 745
10 746
9 747
6 748
6 749
5 750
8 751
7 752
8 753
4 754
4 755
6 756
4 757
4 758
5 759
6 760
6 761
7 762
4 763
6 764
5 765
7 766
9 767
4 768
6 769
7 770
10 771
4 772
8 773
12 774
4 775
14 776
16 777
4 778
10 779
8 780
13 781
10 782
5 783
14 784
11 785
8 786
15 787
10 788
18 789
14 790
20 791
10 792
7 793
10 794
7 795
7 796
11 797
4 798
8 799
9 800
4 801
9 802
12 803
5 804
10 805
9 806
7 807
6 808
9 809
3 810
6 811
10 812
5 813
7 814
7 815
5 816
15 817
15 818
8 819
9 820
9 821
20 822
13 823
9 824
3 825
11 826
3 827
15 828
18 829
21 830
11 831
20 832
14 833
12 834
11 835
25 836
16 837
14 838
24 839
11 840
20 841
13 842
20 843
17 844
23 845
27 846
30 847
21 848
27 849
20 850
23 851
30 852
33 853
22 854
33 855
37 856
28 857
34 858
34 859
21 860
37 861
39 862
42 863
32 864
39 865
31 866
31 867
27 868
31 869
28 870
39 871
23 872
21 873
17 874
19 875
19 876
29 877
28 878
20 879
23 880
31 881
28 882
22 883
21 884
24 885
27 886
27 887
30 888
32 889
31 890
36 891
42 892
45 893
47 894
35 895
59 896
36 897
49 898
58 899
47 900
52 901
51 902
52 903
42 904
38 905
51 906
39 907
44 908
38 909
44 910
35 911
15 912
30 913
39 914
27 915
27 916
23 917
11 918
15 919
15 920
11 921
12 922
15 923
7 924
12 925
4 926
7 927
5 928
4 929
7 930
4 931
9 932
5 933
4 934
5 935
4 936
3 937
5 938
2 939
4 940
1 941
1 942
6 943
2 946
4 947
1 948
1 949
1 950
3 951
1 952
2 954
3 957
1 958
1 959
3 961
1 962
2 963
1 969
1 970
1 972
3 973
1 977
1 978
1 980
1 983
1 985
1 988
1 989
1 990
1 991
1 992
1 995
1 998
1 999
1 1000
2 1001
2 1002
2 1003
1 1004
2 1005
4 1006
2 1007
2 1008
2 1009
3 1011
1 1013
1 1016
1 1017
1 1018
2 1020
1 1021
3 1022
1 1023
2 1024
6 1025
5 1026
2 1027
3 1028
2 1029
1 1031
1 1032
4 1033
1 1036
1 1038
3 1039
3 1040
1 1041
3 1043
1 1044
4 1045
4 1046
2 1047
1 1048
4 1050
3 1051
4 1052
2 1055
2 1056
3 1057
2 1058
2 1059
3 1060
2 1061
3 1062
1 1063
3 1064
1 1065
4 1066
2 1067
3 1068
2 1069
1 1071
2 1072
3 1073
1 1074
1 1076
3 1077
2 1078
4 1079
3 1080
2 1081
1 1083
1 1085
2 1086
4 1087
1 1089
1 1090
2 1091
3 1092
1 1094
1 1095
1 1096
1 1098
1 1099
2 1100
2 1101
1 1102
5 1103
1 1104
2 1105
3 1106
1 1107
2 1108
3 1110
2 1111
1 1113
2 1114
4 1115
3 1117
1 1118
2 1119
2 1121
1 1122
2 1123
2 1124
2 1125
2 1126
2 1128
1 1130
1 1131
2 1132
2 1133
1 1134
5 1135
2 1136
2 1137
1 1138
3 1139
2 1140
3 1141
2 1143
2 1144
1 1145
2 1146
1 1147
3 1148
1 1149
3 1150
3 1151
1 1152
2 1153
3 1154
1 1155
1 1156
2 1157
4 1158
1 1159
6 1160
4 1161
4 1162
4 1163
3 1164
8 1165
4 1166
2 1167
4 1168
5 1169
2 1170
8 1171
5 1172
1 1173
9 1174
4 1175
11 1176
11 1177
6 1178
7 1179
7 1180
8 1181
12 1182
9 1183
13 1184
10 1185
10 1186
4 1187
6 1188
9 1189
12 1190
6 1191
11 1192
8 1193
11 1194
6 1195
6 1196
3 1197
4 1198
8 1199
3 1200
2 1201
6 1202
2 1203
4 1204
3 1205
4 1206
2 1207
5 1208
5 1209
2 1210
3 1211
4 1212
2 1213
1 1214
5 1215
2 1216
2 1218
3 1219
4 1220
2 1221
3 1222
4 1223
3 1224
5 1225
1 1226
1 1227
3 1228
1 1229
4 1231
1 1232
2 1233
2 1234
3 1235
1 1236
1 1237
5 1238
2 1239
5 1240
2 1241
5 1242
1 1243
2 1244
3 1245
2 1246
7 1247
4 1248
3 1249
3 1250
1 1251
2 1252
4 1253
7 1254
2 1255
4 1256
3 1257
4 1258
7 1259
2 1260
2 1261
5 1262
4 1263
10 1264
6 1265
5 1266
11 1267
5 1268
5 1269
10 1270
6 1271
9 1272
9 1273
6 1274
9 1275
11 1276
12 1277
9 1278
8 1279
17 1280
15 1281
22 1282
14 1283
16 1284
22 1285
19 1286
17 1287
26 1288
20 1289
23 1290
20 1291
16 1292
17 1293
22 1294
17 1295
11 1296
11 1297
17 1298
21 1299
12 1300
14 1301
22 1302
17 1303
15 1304
14 1305
12 1306
10 1307
11 1308
7 1309
16 1310
11 1311
3 1312
8 1313
8 1314
8 1315
8 1316
7 1317
7 1318
9 1319
5 1320
7 1321
7 1322
6 1323
9 1324
7 1325
3 1326
5 1327
5 1328
11 1329
5 1330
5 1331
2 1332
13 1333
3 1334
3 1335
2 1336
3 1337
4 1338
3 1339
3 1340
2 1341
3 1342
1 1343
3 1344
3 1345
2 1347
2 1348
2 1349
2 1350
5 1351
2 1352
5 1353
2 1355
4 1356
2 1357
6 1358
2 1359
4 1360
3 1362
2 1363
3 1364
4 1365
1 1366
1 1367
4 1368
1 1369
4 1370
3 1371
6 1372
4 1373
6 1374
2 1375
4 1376
2 1377
3 1378
3 1379
1 1380
2 1381
2 1382
3 1383
2 1384
2 1385
5 1386
2 1387
2 1388
5 1389
2 1391
5 1393
7 1394
4 1395
3 1397
3 1398
3 1399
9 1400
2 1401
1 1402
4 1404
2 1405
3 1406
2 1407
3 1408
3 1409
2 1410
1 1411
3 1413
1 1415
5 1416
1 1417
1 1418
3 1419
3 1420
1 1421
3 1424
1 1425
2 1426
1 1427
1 1428
2 1429
1 1430
3 1431
3 1432
1 1433
1 1434
1 1435
1 1436
3 1437
3 1440
2 1441
3 1442
1 1443
2 1444
5 1445
2 1447
1 1450
4 1451
2 1453
2 1454
1 1455
2 1457
3 1459
4 1462
3 1463
5 1464
4 1465
1 1466
4 1467
5 1468
1 1469
1 1470
5 1471
4 1472
1 1473
2 1474
4 1475
2 1476
4 1477
1 1478
1 1479
2 1480
3 1481
1 1482
2 1483
1 1484
3 1485
1 1486
3 1487
4 1488
3 1489
2 1490
1 1491
1 1492
2 1493
4 1494
3 1495
3 1497
1 1499
1 1500
1 1502
1 1503
1 1504
3 1505
1 1506
2 1507
1 1508
3 1509
1 1510
2 1511
4 1513
1 1515
1 1516
2 1517
1 1520
3 1521
2 1523
1 1525
2 1526
2 1527
3 1528
3 1529
1 1530
1 1531
2 1532
6 1533
2 1534
4 1535
2 1537
3 1538
2 1539
4 1540
5 1542
3 1543
1 1544
2 1545
1 1546
3 1547
1 1548
3 1549
2 1550
3 1551
3 1552
1 1553
2 1554
2 1555
2 1556
1 1557
2 1558
2 1560
3 1561
2 1563
3 1565
1 1567
2 1568
1 1569
1 1570
2 1571
2 1576
2 1577
2 1578
2 1579
2 1580
1 1581
1 1582
1 1584
1 1585
1 1587
1 1588
2 1589
2 1593
2 1594
3 1595
2 1596
1 1597
2 1598
2 1599
4 1600
1 1601
1 1602
3 1603
1 1604
1 1605
1 1606
1 1607
1 1608
3 1609
3 1610
3 1611
3 1612
1 1613
2 1614
3 1615
2 1616
1 1617
2 1618
1 1619
1 1620
2 1621
2 1622
3 1623
4 1624
1 1625
3 1626
3 1627
3 1628
3 1630
4 1631
4 1632
11 1633
2 1634
7 1635
7 1636
8 1637
6 1638
5 1639
4 1640
4 1641
5 1642
7 1643
9 1644
4 1645
6 1646
4 1647
3 1648
5 1649
2 1650
6 1651
2 1652
2 1653
3 1654
5 1655
6 1656
5 1657
3 1658
3 1659
2 1660
1 1661
4 1662
2 1664
2 1667
3 1668
2 1669
4 1673
1 1674
2 1675
1 1677
2 1678
1 1679
4 1680
2 1683
1 1685
2 1686
1 1690
2 1691
2 1696
2 1697
2 1700
3 1701
1 1702
1 1703
1 1705
1 1708
2 1709
1 1710
1 1711
3 1712
1 1714
2 1715
1 1717
2 1718
4 1719
4 1720
3 1721
3 1722
1 1724
2 1725
2 1727
2 1728
2 1729
2 1730
3 1732
3 1733
2 1734
1 1735
4 1736
1 1737
3 1738
1 1739
1 1740
1 1743
2 1745
4 1746
2 1747
1 1748
2 1749
2 1751
2 1752
2 1753
2 1756
3 1757
2 1758
2 1760
2 1762
2 1763
3 1764
3 1765
1 1766
2 1768
4 1769
1 1770
2 1772
1 1773
5 1774
2 1775
1 1776
2 1777
1 1778
2 1779
2 1780
1 1783
2 1784
4 1785
2 1786
2 1787
3 1789
3 1790
5 1791
1 1792
1 1794
3 1795
7 1796
3 1797
2 1798
3 1799
5 1800
1 1801
2 1802
2 1803
4 1804
4 1805
1 1806
1 1807
2 1808
3 1809
2 1810
1 1811
2 1812
1 1813
1 1815
4 1816
1 1817
3 1818
4 1819
5 1820
3 1821
2 1822
3 1825
3 1826
1 1827
5 1828
5 1829
3 1830
5 1831
5 1832
1 1833
4 1834
6 1835
3 1836
5 1837
1 1838
4 1839
3 1840
1 1841
4 1842
4 1843
2 1844
2 1845
4 1846
3 1847
3 1848
6 1849
2 1850
6 1851
3 1852
9 1853
6 1854
2 1855
4 1856
8 1857
8 1858
5 1859
8 1860
3 1862
7 1863
11 1864
9 1865
10 1866
6 1867
7 1868
8 1869
11 1870
15 1871
9 1872
15 1873
11 1874
5 1875
21 1876
16 1877
11 1878
8 1879
7 1880
19 1881
9 1882
8 1883
16 1884
12 1885
11 1886
8 1887
12 1888
11 1889
11 1890
11 1891
10 1892
10 1893
10 1894
13 1895
10 1896
13 1897
12 1898
12 1899
4 1900
4 1901
7 1902
3 1903
9 1904
7 1905
8 1906
8 1907
3 1908
8 1909
5 1910
6 1911
4 1912
4 1913
5 1914
6 1915
2 1916
2 1917
2 1918
3 1919
2 1920
4 1921
3 1922
4 1923
3 1924
2 1925
4 1926
2 1927
4 1928
8 1929
1 1930
4 1931
3 1932
2 1933
1 1934
1 1935
1 1936
3 1937
3 1938
1 1939
6 1940
3 1941
1 1942
5 1943
1 1944
1 1946
4 1947
3 1948
6 1949
4 1950
3 1951
1 1952
1 1953
2 1955
2 1956
4 1957
3 1958
4 1959
5 1960
5 1961
7 1962
3 1963
3 1964
4 1965
2 1966
1 1967
3 1968
2 1969
5 1970
2 1971
6 1972
3 1973
2 1974
1 1975
3 1976
3 1977
3 1978
2 1979
5 1981
4 1982
7 1983
3 1984
6 1985
1 1986
3 1987
4 1989
1 1990
3 1991
2 1992
1 1993
1 1994
2 1995
3 1996
1 1997
1 1998
4 2001
1 2004
1 2005
1 2006
1 2007
1 2008
1 2009
1 2011
1 2016
1 2017
1 2019
1 2020
1 2022
4 2024
2 2026
1 2030
1 2031
1 2033
2 2034
4 2035
1 2037
1 2040
2 2043
1 2045
1 2046
1 2047
1 2048
1 2050
2 2051
1 2052
2 2055
2 2056
3 2057
1 2060
2 2062
3 2063
6 2064
4 2065
2 2066
2 2067
1 2068
5 2069
2 2070
1 2071
1 2072
1 2073
1 2074
3 2075
1 2076
1 2078
2 2079
1 2080
1 2082
2 2083
2 2084
1 2085
3 2086
3 2088
3 2089
1 2090
1 2093
1 2094
1 2095
2 2096
2 2097
1 2098
1 2099
1 2100
2 2101
1 2103
2 2105
4 2106
2 2107
1 2108
1 2109
2 2110
2 2111
1 2112
1 2113
3 2114
2 2116
1 2119
1 2121
2 2122
1 2124
3 2126
1 2128
1 2129
2 2130
1 2132
2 2133
2 2135
2 2136
1 2137
1 2138
1 2139
1 2140
4 2141
1 2142
2 2144
3 2145
3 2147
1 2148
2 2149
1 2150
3 2151
2 2153
1 2154
3 2156
4 2157
3 2158
1 2159
1 2160
1 2161
4 2162
3 2163
3 2164
5 2165
2 2166
1 2167
5 2168
4 2169
2 2170
1 2171
1 2172
5 2174
1 2175
5 2176
5 2177
3 2178
3 2179
3 2180
2 2181
4 2182
4 2183
5 2184
3 2185
3 2186
2 2187
4 2188
4 2189
3 2190
4 2191
3 2192
4 2193
6 2194
2 2195
4 2196
5 2197
3 2198
4 2199
6 2200
5 2201
3 2202
1 2203
4 2204
3 2205
6 2206
4 2207
5 2208
7 2209
4 2210
3 2211
4 2212
2 2213
2 2214
3 2216
3 2217
7 2218
3 2219
4 2220
4 2221
4 2222
6 2223
4 2224
1 2225
1 2226
3 2227
2 2228
5 2229
6 2231
5 2232
4 2233
3 2234
4 2235
4 2236
4 2237
3 2238
3 2239
1 2240
1 2241
4 2242
2 2243
5 2244
3 2245
1 2246
5 2247
4 2248
3 2249
7 2250
4 2251
5 2252
2 2253
2 2254
2 2255
2 2256
3 2257
2 2258
5 2259
4 2260
2 2261
1 2262
6 2263
3 2264
8 2265
5 2266
2 2267
2 2268
5 2269
10 2270
5 2271
5 2272
5 2273
3 2274
3 2275
2 2276
5 2277
3 2278
6 2279
3 2280
9 2281
3 2282
3 2283
5 2284
8 2285
2 2286
8 2287
6 2288
6 2289
8 2290
6 2291
7 2292
8 2293
6 2294
3 2295
7 2296
5 2297
6 2298
6 2299
13 2300
7 2301
3 2302
4 2303
6 2304
4 2305
7 2306
4 2307
6 2308
3 2309
5 2310
6 2311
4 2312
6 2313
4 2314
10 2315
12 2316
4 2317
4 2318
6 2319
5 2320
6 2321
7 2322
5 2323
5 2324
4 2326
3 2327
8 2328
3 2329
9 2330
8 2331
3 2332
2 2333
6 2334
3 2335
10 2336
5 2337
3 2338
4 2339
3 2340
4 2341
5 2342
8 2343
3 2344
6 2345
3 2346
5 2347
8 2348
6 2349
10 2350
3 2351
8 2352
8 2353
8 2354
11 2355
8 2356
9 2357
7 2358
9 2359
9 2360
14 2361
9 2362
7 2363
13 2364
13 2365
11 2366
12 2367
7 2368
12 2369
13 2370
13 2371
18 2372
8 2373
12 2374
18 2375
16 2376
18 2377
15 2378
15 2379
20 2380
15 2381
10 2382
15 2383
17 2384
27 2385
14 2386
21 2387
28 2388
31 2389
17 2390
25 2391
28 2392
19 2393
22 2394
25 2395
29 2396
29 2397
25 2398
33 2399
34 2400
25 2401
19 2402
32 2403
30 2404
31 2405
30 2406
21 2407
32 2408
29 2409
24 2410
36 2411
23 2412
20 2413
19 2414
18 2415
28 2416
22 2417
16 2418
16 2419
17 2420
18 2421
14 2422
24 2423
18 2424
10 2425
14 2426
7 2427
12 2428
8 2429
7 2430
9 2431
5 2432
10 2433
9 2434
3 2435
7 2436
2 2437
9 2438
4 2439
3 2440
3 2441
3 2442
5 2443
6 2444
2 2445
2 2446
4 2448
5 2449
3 2450
1 2452
3 2454
2 2456
2 2459
3 2460
1 2461
2 2466
3 2467
1 2473
1 2475
2 2482
1 2490
2 2491
1 2496
1 2498
2 2499
1 2502
2 2503
1 2505
1 2506
1 2510
1 2515
2 2518
2 2521
1 2525
1 2528
1 2529
2 2530
1 2531
2 2532
1 2534
1 2537
1 2539
2 2543
1 2544
1 2546
1 2547
1 2548
2 2549
1 2551
1 2554
3 2558
2 2559
1 2561
2 2562
1 2564
1 2568
2 2569
1 2571
1 2572
1 2578
1 2579
3 2580
1 2588
1 2589
1 2591
2 2593
1 2595
1 2597
1 2599
1 2601
1 2602
1 2603
1 2604
2 2605
1 2606
1 2607
1 2608
2 2610
2 2611
3 2612
1 2613
1 2614
1 2615
2 2616
2 2617
2 2619
2 2620
1 2621
1 2622
1 2624
1 2625
1 2626
1 2629
1 2630
2 2631
4 2632
1 2635
3 2636
2 2637
1 2639
1 2640
1 2643
1 2644
2 2645
1 2646
1 2647
1 2648
6 2649
2 2650
1 2651
1 2653
2 2654
4 2656
2 2657
2 2660
1 2662
5 2663
1 2665
1 2666
2 2667
2 2669
2 2671
1 2672
1 2673
2 2675
3 2676
1 2677
4 2678
2 2679
1 2680
2 2681
1 2682
1 2683
1 2684
2 2686
1 2687
2 2688
3 2689
1 2690
2 2691
2 2693
3 2694
1 2695
2 2696
5 2697
2 2698
3 2699
2 2700
3 2701
1 2702
1 2703
3 2704
1 2705
3 2706
1 2708
4 2709
1 2710
3 2711
3 2712
2 2713
1 2714
2 2715
3 2717
2 2718
4 2719
1 2720
2 2721
2 2722
4 2723
1 2724
1 2725
3 2726
1 2728
1 2730
1 2731
1 2732
2 2733
1 2738
1 2739
5 2742
2 2743
4 2745
1 2746
2 2747
2 2748
2 2749
2 2750
1 2751
1 2753
3 2754
1 2755
2 2757
1 2758
1 2759
1 2760
1 2762
1 2763
1 2764
2 2765
2 2768
1 2769
4 2771
3 2772
2 2773
1 2774
1 2775
2 2776
3 2777
1 2778
1 2779
1 2780
1 2783
4 2784
1 2785
3 2786
5 2787
1 2788
1 2789
4 2790
1 2791
4 2792
2 2793
1 2795
2 2796
5 2797
3 2798
5 2799
1 2800
2 2801
1 2802
2 2804
2 2805
2 2806
6 2807
2 2808
2 2809
3 2810
3 2811
2 2812
3 2813
4 2815
3 2816
4 2817
3 2818
6 2819
1 2820
2 2821
3 2822
4 2823
3 2824
1 2825
5 2826
5 2827
2 2829
1 2830
3 2831
4 2832
3 2833
4 2834
4 2835
2 2836
3 2837
5 2838
2 2839
2 2840
2 2841
1 2842
4 2843
2 2844
3 2845
2 2846
2 2847
3 2848
4 2849
2 2850
6 2851
2 2852
4 2853
7 2854
3 2855
7 2856
4 2857
4 2858
4 2859
3 2860
5 2861
4 2862
5 2863
6 2864
3 2865
4 2866
6 2867
3 2868
7 2869
7 2870
2 2871
8 2872
1 2873
4 2874
5 2875
12 2876
5 2877
7 2878
11 2879
3 2880
4 2881
3 2882
3 2883
10 2884
5 2885
7 2886
12 2887
7 2888
12 2889
7 2890
9 2891
10 2892
7 2893
10 2894
5 2895
14 2896
8 2897
5 2898
6 2899
9 2900
9 2901
6 2902
11 2903
14 2904
8 2905
10 2906
11 2907
9 2908
7 2909
15 2910
6 2911
11 2912
18 2913
10 2914
16 2915
16 2916
18 2917
15 2918
14 2919
12 2920
15 2921
19 2922
17 2923
14 2924
12 2925
22 2926
17 2927
23 2928
18 2929
24 2930
25 2931
23 2932
19 2933
17 2934
17 2935
26 2936
16 2937
26 2938
18 2939
13 2940
23 2941
23 2942
23 2943
17 2944
20 2945
20 2946
27 2947
28 2948
16 2949
11 2950
22 2951
14 2952
23 2953
18 2954
14 2955
11 2956
18 2957
13 2958
9 2959
14 2960
8 2961
14 2962
8 2963
13 2964
13 2965
13 2966
11 2967
7 2968
12 2969
11 2970
5 2971
8 2972
11 2973
5 2974
3 2975
7 2976
3 2977
9 2978
3 2979
3 2980
4 2981
2 2982
5 2983
7 2984
2 2985
7 2986
3 2987
2 2989
2 2992
1 2994
2 2996
3 2998
3 2999
1 3000
1 3001
1 3002
2 3003
2 3005
1 3008
2 3009
1 3010
1 3012
1 3014
1 3017
1 3019
2 3023
2 3024
1 3025
2 3028
1 3030
1 3032
1 3042
1 3052
1 3054
2 3059
1 3060
1 3063
1 3064
1 3067
2 3079
1 3111
1 3118
1 3122
1 3137
1 3152
1 3153
1 3156
1 3178
1 3190
1 3200
1 3201
1 3202
1 3204
1 3220
1 3233
1 3236
1 3238
1 3245
1 3248
2 3249
1 3250
1 3253
1 3254
1 3257
1 3261
1 3267
1 3268
2 3270
1 3281
2 3282
1 3283
1 3286
1 3287
1 3298
2 3300
1 3303
1 3309
1 3310
1 3314
1 3315
1 3316
1 3318
1 3319
2 3326
1 3327
1 3329
1 3339
1 3346
1 3350
2 3351
1 3361
1 3363
1 3367
1 3385
1 3386
1 3388
1 3389
1 3390
2 3392
1 3396
1 3398
2 3400
1 3403
2 3406
2 3409
1 3412
1 3421
2 3425
2 3426
1 3430
1 3435
1 3436
2 3437
2 3439
1 3441
1 3442
1 3443
1 3445
3 3447
1 3450
3 3451
1 3453
1 3455
1 3456
1 3460
1 3462
1 3467
2 3469
2 3470
1 3472
2 3473
1 3474
1 3478
2 3479
2 3481
1 3482
3 3483
2 3485
2 3488
6 3489
1 3491
3 3492
3 3493
4 3494
1 3495
1 3496
2 3497
2 3498
2 3499
1 3500
3 3501
3 3502
1 3503
2 3504
1 3505
1 3507
3 3508
1 3509
1 3510
2 3511
2 3512
2 3513
3 3514
2 3515
3 3516
4 3517
1 3518
1 3519
1 3520
2 3521
2 3522
1 3523
6 3524
2 3525
2 3526
2 3527
4 3528
2 3529
1 3530
2 3531
6 3532
3 3533
5 3534
1 3535
1 3536
3 3537
2 3538
2 3539
2 3540
6 3541
4 3542
5 3543
7 3544
2 3545
4 3546
2 3547
4 3548
7 3550
3 3551
3 3552
5 3553
3 3554
7 3555
1 3556
3 3557
4 3558
4 3559
5 3560
1 3561
3 3562
3 3563
2 3564
3 3565
1 3566
3 3567
2 3568
1 3569
4 3570
3 3571
2 3572
1 3573
3 3574
3 3575
2 3577
5 3578
2 3580
2 3581
2 3582
4 3583
1 3584
1 3587
1 3588
1 3589
3 3590
2 3592
1 3593
2 3594
1 3595
1 3597
1 3600
1 3601
2 3602
1 3603
1 3604
2 3605
1 3606
1 3609
1 3610
1 3611
1 3617
1 3619
1 3621
1 3623
1 3638
1 3642
1 3645
1 3651
1 3654
1 3679
2 3694
1 3700
1 3722
1 3724
1 3728
1 3735
1 3737
1 3774
1 3775
1 3781
1 3786
1 3826
1 3839
1 3856
1 3861
1 3882
1 3894
1 3912
1 3931
1 3950
1 4024
1 4035
1 4039
2 4053
1 4057
1 4089
2 4103
1 4104
1 4105
1 4127
1 4133
1 4138
1 4141
1 4145
1 4148
1 4150
1 4170
1 4191
1 4201
1 4203
1 4231
1 4242
1 4255
1 4256
1 4257
1 4265
1 4272
1 4283
1 4284
1 4285
1 4288
1 4291
1 4293
1 4296
1 4298
1 4301
1 4302
1 4311
1 4319
1 4320
1 4330
1 4333
1 4334
1 4336
3 4337
1 4340
1 4341
1 4342
1 4344
1 4349
1 4350
1 4351
1 4362
1 4367
2 4369
1 4370
2 4372
1 4374
2 4378
1 4380
1 4382
1 4388
1 4399
1 4420
2 4470
1 4490
1 4517
1 4550
1 4551
1 4557
1 4599
1 4626
2 4652
1 4660
1 4662
1 4678
2 4683
1 4700
1 4743
1 4805
1 4812
1 4821
1 4897
1 4927
1 4951
1 5015
1 5039
1 5094
1 5126
1 5135
1 5139
1 5145
1 5147
1 5148
1 5157
1 5161
1 5167
1 5168
1 5209
1 5230
1 5436
1 5469
1 5515
1 5533
1 5534
1 5538
1 5544
1 5545
2 5557
1 5593
1 6447
