1 1
1 2
1 3
3 5
4 6
1 8
1 11
2 12
5 13
2 14
2 16
5 17
2 18
8 19
3 20
2 21
3 22
1 24
4 25
4 26
5 27
4 28
1 29
4 30
1 31
1 32
2 33
2 34
2 35
3 36
1 37
2 38
2 39
1 41
2 42
3 44
3 45
2 46
1 47
1 48
2 49
4 50
2 51
1 52
2 53
3 54
5 55
3 56
2 57
3 58
1 59
3 60
1 61
2 62
2 63
3 64
6 66
3 67
1 68
1 69
1 70
2 71
6 72
3 73
2 74
1 75
4 77
4 78
2 80
3 81
2 82
1 83
2 84
2 85
3 86
3 87
3 88
4 89
4 90
4 91
7 92
7 93
10 94
8 95
7 96
7 97
3 98
9 99
3 100
6 101
4 102
2 103
3 104
3 105
6 106
3 107
2 108
9 109
6 110
8 111
6 112
11 113
11 114
6 115
9 116
8 117
10 118
8 119
8 120
3 121
3 122
7 123
4 124
7 125
5 126
7 127
6 128
6 129
6 130
6 131
7 132
7 133
5 134
3 135
4 136
7 137
10 138
10 139
6 140
10 141
6 142
10 143
8 144
9 145
9 146
6 147
8 148
7 149
13 150
12 151
6 152
5 153
10 154
6 155
9 156
6 157
11 158
5 159
7 160
3 161
7 162
2 163
10 164
8 165
6 166
4 167
7 168
7 169
6 170
8 171
3 172
2 173
7 174
9 175
8 176
2 177
10 178
7 179
5 180
9 181
11 182
12 183
6 184
12 185
12 186
9 187
16 188
19 189
15 190
15 191
9 192
12 193
12 194
9 195
10 196
9 197
11 198
12 199
18 200
13 201
17 202
17 203
25 204
17 205
25 206
28 207
28 208
32 209
25 210
31 211
38 212
32 213
36 214
34 215
33 216
33 217
44 218
35 219
44 220
53 221
51 222
53 223
76 224
83 225
79 226
116 227
109 228
121 229
144 230
165 231
177 232
179 233
190 234
153 235
142 236
130 237
90 238
87 239
85 240
57 241
72 242
49 243
41 244
42 245
49 246
43 247
43 248
53 249
55 250
55 251
75 252
71 253
78 254
81 255
75 256
88 257
73 258
55 259
54 260
53 261
32 262
30 263
20 264
23 265
16 266
19 267
15 268
23 269
19 270
11 271
18 272
21 273
19 274
13 275
15 276
7 277
10 278
10 279
13 280
10 281
12 282
12 283
14 284
10 285
12 286
13 287
10 288
14 289
11 290
10 291
22 292
10 293
9 294
10 295
17 296
11 297
8 298
15 299
13 300
18 301
21 302
17 303
22 304
33 305
14 306
26 307
23 308
17 309
21 310
20 311
34 312
18 313
23 314
27 315
29 316
20 317
28 318
31 319
22 320
38 321
32 322
25 323
34 324
33 325
33 326
29 327
31 328
35 329
28 330
29 331
37 332
30 333
33 334
34 335
38 336
42 337
35 338
48 339
34 340
36 341
44 342
34 343
40 344
40 345
36 346
37 347
37 348
44 349
40 350
35 351
43 352
42 353
62 354
50 355
64 356
80 357
90 358
112 359
116 360
150 361
150 362
166 363
200 364
199 365
231 366
247 367
246 368
263 369
212 370
245 371
180 372
182 373
125 374
120 375
110 376
101 377
92 378
69 379
75 380
50 381
57 382
39 383
33 384
48 385
38 386
31 387
18 388
27 389
19 390
23 391
23 392
20 393
17 394
15 395
13 396
23 397
20 398
11 399
12 400
19 401
14 402
13 403
21 404
16 405
28 406
27 407
28 408
20 409
35 410
22 411
48 412
40 413
48 414
33 415
48 416
61 417
65 418
54 419
68 420
76 421
68 422
69 423
75 424
98 425
91 426
99 427
98 428
91 429
91 430
88 431
80 432
96 433
86 434
96 435
86 436
75 437
76 438
57 439
66 440
64 441
38 442
50 443
47 444
44 445
29 446
32 447
18 448
31 449
26 450
22 451
28 452
19 453
19 454
19 455
18 456
18 457
17 458
13 459
19 460
18 461
20 462
26 463
27 464
14 465
38 466
43 467
39 468
37 469
28 470
30 471
43 472
23 473
41 474
28 475
30 476
48 477
29 478
28 479
42 480
24 481
29 482
19 483
21 484
17 485
17 486
9 487
15 488
10 489
9 490
7 491
5 492
8 493
6 494
3 495
8 496
6 497
8 498
4 499
5 500
11 501
8 502
8 503
13 504
11 505
8 506
7 507
10 508
16 509
15 510
6 511
16 512
18 513
20 514
19 515
22 516
22 517
33 518
26 519
27 520
41 521
47 522
36 523
46 524
48 525
41 526
35 527
63 528
56 529
62 530
72 531
70 532
93 533
81 534
81 535
79 536
88 537
90 538
79 539
87 540
89 541
67 542
81 543
56 544
59 545
42 546
45 547
31 548
35 549
25 550
25 551
17 552
18 553
22 554
12 555
11 556
12 557
10 558
9 559
7 560
5 561
9 562
10 563
11 564
11 565
7 566
8 567
15 568
6 569
5 570
7 571
11 572
3 573
8 574
8 575
10 576
3 577
7 578
4 579
8 580
6 581
15 582
4 583
4 584
6 585
3 586
11 587
4 588
7 589
2 590
3 591
3 592
8 593
3 594
4 595
5 596
5 597
3 598
7 599
4 600
2 601
3 602
1 604
3 605
3 606
2 607
4 608
2 609
5 610
3 611
3 614
2 615
5 616
4 617
3 618
1 619
4 620
4 621
4 622
5 623
5 624
6 625
5 626
7 627
4 628
4 629
6 630
4 631
3 632
2 633
3 634
6 635
5 636
9 637
5 638
6 639
6 640
4 641
6 642
8 643
7 644
4 645
5 646
7 647
5 648
8 649
11 650
10 651
6 652
14 653
11 654
11 655
8 656
12 657
10 658
18 659
9 660
19 661
6 662
2 663
15 664
6 665
8 666
13 667
15 668
12 669
12 670
9 671
12 672
16 673
10 674
2 675
4 676
13 677
7 678
6 679
7 680
4 681
1 682
9 683
7 684
10 685
6 686
5 687
6 688
4 689
7 690
5 691
5 692
7 693
4 694
5 695
4 696
9 697
9 698
3 699
3 700
4 701
7 702
6 703
2 704
4 705
1 706
1 707
7 708
5 709
1 710
2 711
5 712
4 713
1 714
4 715
1 716
6 717
2 718
4 719
4 720
6 721
6 722
8 723
5 724
4 725
6 726
4 727
6 728
4 729
6 730
4 731
5 732
2 733
4 734
5 735
10 736
8 737
11 738
4 739
7 740
8 741
5 742
8 743
9 744
10 745
10 746
19 747
10 748
15 749
13 750
14 751
11 752
7 753
20 754
13 755
17 756
16 757
15 758
18 759
3 760
8 761
11 762
6 763
13 764
4 765
4 766
10 767
8 768
7 769
7 770
6 771
8 772
3 773
4 774
2 775
5 776
4 777
5 778
2 779
4 780
2 781
3 782
1 783
4 784
4 785
3 786
2 787
7 788
3 789
1 790
2 791
4 792
1 793
4 794
5 795
5 796
5 797
5 798
6 799
4 801
3 802
8 803
5 804
8 805
4 806
5 807
3 808
2 809
7 810
2 811
3 812
8 813
5 814
8 815
1 816
2 817
3 818
6 819
9 820
6 821
5 822
7 823
9 824
6 825
12 826
13 827
11 828
11 829
10 830
12 831
9 832
20 833
9 834
15 835
11 836
15 837
10 838
13 839
10 840
15 841
12 842
11 843
12 844
11 845
15 846
10 847
10 848
7 849
6 850
3 851
10 852
6 853
8 854
5 855
6 856
4 857
6 858
4 859
4 860
2 861
2 862
5 863
4 864
5 865
5 866
2 867
6 868
5 869
5 870
2 871
6 872
2 873
6 874
4 875
7 876
4 877
9 878
6 879
7 880
3 881
5 882
6 883
7 884
1 885
3 886
5 887
2 888
3 889
6 890
4 891
3 892
3 893
8 894
1 895
4 896
4 897
2 898
3 900
6 901
2 902
2 903
3 905
3 906
7 907
2 908
6 909
7 910
3 911
6 912
5 913
3 914
2 915
6 916
2 917
6 918
6 919
2 920
4 921
5 922
2 923
6 924
8 925
5 926
4 927
5 928
9 929
5 930
4 931
2 932
8 933
3 934
7 935
7 936
5 937
7 938
4 939
8 940
5 941
7 942
6 943
9 944
10 945
4 946
5 947
12 948
12 949
12 950
8 951
10 952
7 953
7 954
6 955
7 956
5 957
3 958
12 959
3 960
9 961
6 962
8 963
11 964
5 965
5 966
2 967
1 968
4 969
6 970
7 971
10 972
7 973
4 974
7 975
8 976
7 977
4 978
4 979
7 980
5 981
5 982
6 983
6 984
7 985
7 986
8 987
10 988
10 989
5 990
4 991
5 992
7 993
9 994
6 995
5 996
4 997
8 998
7 999
5 1000
6 1001
5 1002
7 1003
9 1004
3 1005
8 1006
7 1007
8 1008
4 1009
13 1010
14 1011
12 1012
12 1013
10 1014
14 1015
16 1016
14 1017
14 1018
15 1019
18 1020
18 1021
10 1022
16 1023
16 1024
16 1025
14 1026
17 1027
15 1028
14 1029
14 1030
20 1031
20 1032
20 1033
26 1034
23 1035
16 1036
20 1037
22 1038
12 1039
14 1040
23 1041
28 1042
25 1043
19 1044
33 1045
27 1046
38 1047
28 1048
30 1049
34 1050
23 1051
39 1052
38 1053
39 1054
25 1055
40 1056
30 1057
29 1058
26 1059
42 1060
25 1061
31 1062
36 1063
42 1064
32 1065
31 1066
35 1067
46 1068
34 1069
36 1070
36 1071
30 1072
37 1073
32 1074
49 1075
39 1076
37 1077
38 1078
51 1079
54 1080
52 1081
55 1082
61 1083
62 1084
90 1085
58 1086
66 1087
87 1088
85 1089
102 1090
112 1091
85 1092
117 1093
114 1094
111 1095
113 1096
125 1097
134 1098
123 1099
97 1100
115 1101
104 1102
106 1103
118 1104
99 1105
110 1106
74 1107
74 1108
86 1109
74 1110
54 1111
61 1112
45 1113
46 1114
40 1115
34 1116
34 1117
37 1118
29 1119
20 1120
15 1121
16 1122
12 1123
24 1124
13 1125
8 1126
10 1127
8 1128
7 1129
3 1130
6 1131
4 1132
2 1133
3 1134
6 1135
1 1136
4 1137
9 1138
3 1139
9 1140
8 1141
6 1142
6 1143
4 1144
3 1145
8 1146
8 1147
1 1148
7 1149
8 1150
7 1151
7 1152
10 1153
5 1154
3 1155
4 1156
7 1157
5 1158
5 1159
9 1160
6 1161
6 1162
5 1163
8 1164
6 1165
6 1166
15 1167
11 1168
9 1169
10 1170
14 1171
9 1172
16 1173
10 1174
7 1175
14 1176
15 1177
18 1178
17 1179
13 1180
11 1181
8 1182
18 1183
15 1184
19 1185
24 1186
12 1187
7 1188
14 1189
14 1190
19 1191
14 1192
7 1193
17 1194
10 1195
8 1196
7 1197
8 1198
10 1199
9 1200
7 1201
2 1202
7 1203
4 1204
4 1205
6 1206
9 1207
2 1208
2 1209
3 1210
3 1211
5 1212
2 1213
4 1214
3 1215
1 1217
1 1218
4 1219
1 1220
3 1221
4 1222
2 1223
6 1224
5 1225
4 1226
4 1227
5 1228
4 1229
4 1230
3 1231
3 1232
1 1234
1 1235
1 1236
4 1237
3 1238
3 1239
2 1240
1 1241
6 1242
1 1243
2 1244
3 1245
3 1246
3 1247
4 1248
6 1249
2 1250
6 1251
4 1252
4 1254
6 1255
1 1256
3 1257
4 1258
4 1259
11 1260
3 1261
5 1262
5 1263
2 1264
5 1265
6 1266
2 1267
4 1268
5 1269
7 1270
4 1271
6 1272
3 1273
10 1274
4 1275
4 1276
5 1277
5 1278
4 1279
14 1280
7 1281
6 1282
4 1283
6 1284
5 1285
2 1286
10 1287
7 1288
7 1289
3 1290
10 1291
3 1292
8 1293
6 1294
10 1295
5 1296
5 1297
4 1298
2 1299
7 1300
2 1301
3 1302
3 1303
5 1304
1 1305
2 1306
4 1308
4 1309
2 1310
1 1311
2 1312
3 1313
2 1314
2 1316
3 1317
3 1318
3 1319
3 1320
2 1321
1 1323
3 1324
1 1325
1 1326
3 1328
1 1329
1 1331
1 1332
2 1333
1 1334
3 1335
1 1336
1 1338
2 1339
1 1340
1 1341
3 1342
1 1343
1 1345
4 1346
1 1347
2 1350
2 1351
2 1352
1 1354
1 1355
1 1356
4 1357
4 1358
4 1359
3 1360
3 1361
3 1365
1 1366
1 1367
2 1368
5 1369
3 1370
2 1371
2 1372
2 1373
1 1374
4 1375
3 1376
4 1377
6 1378
1 1379
4 1380
4 1381
7 1382
4 1383
5 1384
2 1385
6 1386
11 1387
8 1388
6 1389
7 1390
8 1391
7 1392
10 1393
9 1394
5 1395
8 1396
12 1397
7 1398
13 1399
10 1400
10 1401
5 1402
8 1403
6 1404
10 1405
6 1406
8 1407
6 1408
6 1409
10 1410
11 1411
3 1412
9 1413
3 1414
8 1415
5 1416
4 1417
6 1418
3 1419
7 1420
5 1421
4 1422
3 1423
2 1424
6 1425
4 1426
5 1427
4 1428
3 1429
2 1430
2 1431
3 1432
1 1433
6 1434
3 1435
4 1436
3 1437
5 1438
5 1439
4 1440
5 1441
4 1442
1 1443
6 1444
2 1445
5 1446
5 1447
1 1448
1 1449
3 1450
5 1451
4 1452
1 1453
4 1454
3 1455
2 1456
4 1457
1 1458
1 1459
4 1460
4 1461
4 1462
2 1463
2 1464
1 1465
3 1466
1 1468
3 1469
2 1470
2 1471
7 1472
2 1473
2 1474
4 1475
2 1476
1 1477
1 1478
3 1479
4 1481
1 1482
1 1485
3 1486
3 1489
3 1491
2 1492
1 1494
4 1495
1 1497
2 1498
1 1500
2 1502
3 1503
2 1504
1 1505
2 1506
1 1510
1 1511
1 1515
1 1516
3 1517
2 1519
3 1520
2 1521
1 1522
5 1523
2 1524
1 1525
2 1527
3 1528
1 1529
4 1531
1 1534
3 1535
2 1536
1 1540
1 1541
1 1542
3 1544
1 1545
2 1546
2 1547
1 1548
1 1549
1 1550
4 1552
2 1553
5 1554
1 1555
2 1558
3 1559
3 1560
3 1562
3 1563
2 1564
2 1565
5 1566
2 1567
1 1568
3 1569
7 1570
4 1571
1 1572
1 1573
1 1574
5 1575
3 1576
1 1577
2 1578
2 1579
4 1580
3 1581
3 1582
2 1583
3 1584
3 1585
3 1586
2 1587
3 1588
1 1589
2 1590
1 1591
6 1592
2 1593
1 1594
2 1595
3 1596
3 1597
4 1598
3 1599
6 1600
2 1601
3 1602
11 1603
5 1604
4 1605
11 1606
5 1607
5 1608
3 1609
5 1610
1 1611
5 1612
4 1613
7 1614
2 1615
2 1616
4 1617
5 1618
4 1619
8 1620
5 1621
9 1622
4 1623
9 1624
3 1625
4 1626
3 1627
7 1628
7 1629
7 1630
7 1631
11 1632
3 1633
11 1634
7 1635
10 1636
6 1637
7 1638
6 1639
5 1640
4 1641
11 1642
10 1643
5 1644
3 1645
4 1646
8 1647
6 1648
9 1649
6 1650
6 1651
10 1652
8 1653
5 1654
7 1655
4 1656
6 1657
6 1658
8 1659
7 1660
9 1661
6 1662
7 1663
6 1664
4 1665
4 1666
3 1667
12 1668
7 1669
9 1670
8 1671
6 1672
2 1673
8 1674
5 1675
9 1676
5 1677
9 1678
7 1679
3 1680
7 1681
4 1682
12 1683
4 1685
7 1686
8 1687
7 1688
9 1689
3 1690
10 1691
12 1692
6 1693
9 1694
14 1695
8 1696
10 1697
11 1698
19 1699
14 1700
20 1701
18 1702
12 1703
28 1704
24 1705
23 1706
15 1707
11 1708
31 1709
27 1710
28 1711
19 1712
40 1713
28 1714
34 1715
32 1716
35 1717
39 1718
33 1719
36 1720
41 1721
55 1722
48 1723
38 1724
36 1725
34 1726
28 1727
41 1728
45 1729
39 1730
55 1731
35 1732
45 1733
36 1734
58 1735
38 1736
45 1737
32 1738
41 1739
33 1740
28 1741
39 1742
25 1743
29 1744
31 1745
27 1746
28 1747
27 1748
17 1749
20 1750
23 1751
20 1752
26 1753
17 1754
22 1755
17 1756
16 1757
11 1758
7 1759
16 1760
13 1761
12 1762
14 1763
8 1764
13 1765
13 1766
17 1767
9 1768
15 1769
12 1770
13 1771
9 1772
9 1773
11 1774
6 1775
7 1776
8 1777
9 1778
5 1779
5 1780
6 1781
7 1782
3 1783
6 1784
10 1785
5 1786
6 1787
5 1788
6 1789
4 1790
8 1791
6 1792
3 1793
3 1794
2 1795
6 1796
3 1797
6 1798
2 1799
6 1800
2 1801
4 1802
1 1803
1 1804
4 1805
2 1806
2 1807
5 1808
3 1809
2 1810
2 1811
6 1812
1 1813
3 1814
2 1815
3 1816
5 1817
4 1818
1 1819
1 1820
5 1821
4 1822
3 1823
5 1824
1 1825
1 1826
1 1827
4 1828
3 1829
2 1830
2 1831
4 1832
4 1833
6 1834
1 1835
6 1837
5 1838
3 1839
7 1840
6 1841
1 1842
1 1843
3 1844
2 1845
3 1846
4 1847
4 1848
1 1849
1 1850
1 1851
3 1852
3 1853
4 1854
5 1855
3 1856
1 1857
6 1858
6 1859
1 1860
4 1861
3 1862
1 1863
5 1864
2 1865
2 1866
2 1867
2 1868
4 1869
1 1870
3 1871
1 1872
3 1873
2 1874
1 1875
1 1876
5 1877
1 1878
6 1879
4 1880
3 1881
4 1882
2 1883
9 1884
9 1885
7 1886
12 1887
6 1888
7 1889
8 1890
9 1891
3 1892
5 1893
8 1894
7 1895
4 1896
11 1897
8 1898
11 1899
9 1900
10 1901
12 1902
8 1903
15 1904
17 1905
17 1906
13 1907
14 1908
19 1909
21 1910
15 1911
21 1912
19 1913
28 1914
24 1915
26 1916
29 1917
15 1918
25 1919
28 1920
25 1921
24 1922
27 1923
20 1924
19 1925
18 1926
21 1927
21 1928
18 1929
21 1930
20 1931
20 1932
15 1933
19 1934
15 1935
17 1936
10 1937
20 1938
16 1939
6 1940
12 1941
9 1942
13 1943
5 1944
3 1945
15 1946
4 1947
13 1948
5 1949
6 1950
4 1951
4 1952
4 1953
8 1954
5 1955
2 1956
2 1957
4 1958
2 1959
4 1960
2 1961
3 1962
3 1965
2 1966
1 1968
1 1969
1 1971
1 1974
1 1978
1 1980
1 1981
1 1983
2 1984
1 1995
1 2002
1 2009
1 2010
1 2015
1 2020
1 2041
1 2042
1 2044
1 2062
2 2064
1 2072
1 2092
1 2100
1 2126
1 2132
1 2169
1 2181
1 2183
1 2195
1 2197
1 2223
1 2226
1 2240
1 2244
1 2252
1 2274
1 2279
1 2291
1 2295
1 2312
1 2331
1 2377
1 2384
1 2385
1 2402
2 2462
1 2469
1 2471
1 2478
1 2485
1 2493
1 2497
1 2498
1 2502
1 2508
1 2518
1 2520
1 2530
1 2553
1 2563
1 2565
1 2575
1 2583
1 2585
1 2588
1 2590
1 2591
1 2592
1 2601
1 2603
1 2605
1 2610
3 2614
1 2616
2 2622
3 2623
2 2624
1 2626
1 2630
3 2632
1 2633
1 2635
2 2637
2 2638
1 2643
1 2644
1 2645
2 2646
1 2649
1 2650
4 2651
1 2653
1 2654
2 2655
2 2657
2 2658
1 2659
1 2663
1 2669
1 2686
1 2700
1 2715
1 2736
1 2759
1 2768
1 2773
1 2778
1 2786
1 2828
1 2839
1 2849
1 2882
1 2888
1 2908
1 2924
1 2927
1 2931
1 2936
1 2944
1 2976
1 3029
1 3050
1 3053
1 3058
1 3073
1 3102
1 3260
1 3390
1 3597
1 3657
1 4041
1 4431
