1 4
1 5
2 10
1 13
1 19
1 20
1 22
1 23
1 25
1 29
1 31
1 37
1 41
2 47
1 54
1 58
1 63
1 67
2 70
1 74
1 76
1 82
1 83
1 85
1 88
2 89
1 92
1 94
1 95
1 97
2 98
1 100
2 102
1 104
1 106
1 111
1 114
3 115
1 116
1 117
1 118
1 120
1 121
1 122
1 124
1 125
2 128
1 129
1 132
1 137
2 138
1 139
1 143
1 146
1 147
1 148
1 149
1 150
2 153
1 154
1 157
3 158
1 163
1 164
1 167
4 168
3 169
3 171
1 172
1 173
1 177
1 178
2 180
2 181
2 182
1 183
3 184
3 185
2 186
1 187
2 188
5 191
2 192
2 195
2 197
4 200
2 201
1 202
3 203
1 204
3 205
5 206
2 207
2 208
3 209
7 210
3 211
7 212
2 213
3 214
6 215
3 216
2 217
4 218
6 219
3 220
5 221
5 222
9 223
5 224
6 225
3 226
8 227
6 228
13 229
10 230
8 231
17 232
17 233
18 234
20 235
11 236
9 237
14 238
9 239
7 240
3 241
5 242
2 243
2 244
5 245
3 246
3 247
2 248
2 249
3 250
1 251
7 252
8 253
11 254
8 255
9 256
8 257
3 258
2 259
8 260
5 261
1 262
1 264
5 265
3 266
2 269
1 270
2 271
2 272
1 273
1 274
1 275
1 276
1 277
3 278
1 279
1 280
1 281
1 282
3 283
1 284
1 285
1 286
1 287
2 288
1 289
3 290
1 291
4 294
3 295
2 296
1 297
1 298
2 300
4 301
1 302
1 303
3 304
2 305
4 306
2 307
1 309
5 310
2 311
4 312
2 314
1 315
1 316
1 317
4 318
1 319
3 320
4 322
5 324
5 325
6 326
2 327
5 328
4 330
7 331
6 332
5 333
3 334
3 335
4 336
5 337
1 338
4 339
4 340
3 341
3 342
2 343
4 344
2 345
6 346
3 347
7 348
1 349
1 350
2 351
5 352
6 353
3 354
5 355
11 356
2 357
8 358
4 359
10 360
8 361
9 362
9 363
12 364
13 365
17 366
13 367
17 368
11 369
6 370
10 371
8 372
9 373
10 374
9 375
5 376
5 377
10 378
7 379
3 380
4 381
3 382
3 383
5 384
6 385
5 386
2 387
2 388
6 389
4 390
2 391
1 392
1 393
1 394
4 395
3 396
2 397
1 398
1 399
3 402
2 403
1 405
2 406
1 407
1 408
1 409
1 410
1 412
1 413
3 414
2 415
2 416
1 417
5 418
2 419
4 420
5 421
2 422
3 423
5 424
8 425
6 426
1 427
6 428
5 429
1 430
1 431
4 432
2 433
4 434
8 435
4 436
2 437
3 438
2 439
1 440
4 441
1 442
1 443
2 444
4 445
4 446
1 447
2 450
2 451
2 452
1 453
2 454
1 457
1 458
1 459
2 461
1 465
2 466
1 467
2 469
1 470
2 471
2 472
1 473
1 474
1 477
1 478
2 479
3 480
2 481
2 482
4 483
1 484
1 485
1 487
1 488
1 489
1 493
1 494
1 495
2 496
1 497
1 498
1 501
2 503
3 504
1 505
3 506
1 508
1 509
2 510
4 511
2 512
1 513
3 516
4 517
1 518
1 519
3 520
2 521
3 522
4 523
2 524
5 525
6 526
3 527
3 528
6 529
4 530
3 531
3 533
2 534
5 535
5 536
3 537
11 538
1 539
5 540
5 541
7 542
3 543
2 545
1 546
4 547
3 548
2 550
1 551
1 553
1 554
2 555
2 556
1 557
1 558
2 559
1 560
3 561
1 563
1 565
3 566
2 567
3 568
2 569
1 571
3 572
1 573
2 577
2 579
1 583
1 585
1 587
1 591
2 592
2 596
1 605
2 606
3 607
2 608
1 610
1 611
4 612
1 613
1 614
1 616
1 621
2 622
1 623
1 624
1 626
1 627
1 629
1 631
1 632
1 633
2 634
2 635
2 638
1 640
1 647
1 649
1 652
1 653
1 655
1 656
2 657
1 658
3 659
2 663
2 665
2 666
2 668
1 669
4 670
1 672
2 673
3 675
2 678
2 679
2 680
1 681
1 682
3 683
1 685
2 686
1 687
1 690
1 691
2 692
1 693
1 695
2 696
2 697
1 698
3 700
2 701
1 705
1 706
1 707
3 708
1 709
1 710
3 711
1 712
1 713
1 714
1 717
2 719
2 721
1 722
2 723
2 728
1 730
1 731
1 734
1 735
2 736
1 738
2 739
1 740
4 741
1 742
1 744
2 745
3 746
1 749
3 750
1 752
1 753
4 754
2 756
2 758
4 760
2 761
1 762
2 764
3 766
1 767
1 768
2 769
2 770
3 772
1 773
1 774
3 775
2 776
1 779
1 780
1 785
2 786
3 789
2 790
3 795
1 796
1 797
3 799
1 802
1 803
2 806
1 807
2 808
1 809
1 810
4 813
1 816
1 817
1 818
1 819
2 820
3 821
1 823
1 825
1 826
3 829
1 830
1 831
1 832
1 833
3 834
1 836
2 837
1 841
2 842
3 843
1 844
2 845
2 847
1 849
2 852
1 854
1 855
2 857
1 858
1 859
1 860
1 862
1 863
2 865
1 866
1 868
1 871
1 872
1 873
1 875
1 878
1 880
1 881
2 882
1 884
1 886
5 888
3 890
2 891
1 892
2 893
1 894
1 895
1 896
2 899
1 900
1 902
1 904
3 905
3 906
2 907
1 910
1 911
1 912
1 914
2 915
4 916
1 918
4 919
4 920
4 921
1 924
3 925
2 926
2 927
3 928
1 929
1 930
1 931
4 932
5 933
1 936
1 937
1 938
1 939
2 940
1 941
3 943
5 944
3 945
2 946
2 947
2 948
3 949
5 950
2 951
2 952
2 953
5 954
2 955
1 956
1 957
7 958
5 959
4 960
4 961
4 964
2 965
3 966
2 967
1 968
4 969
2 970
2 973
1 974
1 975
1 977
2 978
1 979
2 980
2 982
3 983
2 985
1 986
1 988
2 989
2 990
4 991
2 992
3 993
2 995
2 996
1 997
5 998
2 999
5 1000
6 1001
7 1003
3 1004
2 1005
2 1006
5 1007
3 1008
3 1009
3 1010
8 1011
5 1012
2 1013
2 1014
6 1015
1 1016
2 1017
5 1018
2 1019
5 1020
2 1021
3 1022
1 1023
2 1024
7 1025
5 1026
1 1027
3 1028
9 1029
7 1030
4 1031
5 1032
8 1033
6 1034
3 1035
8 1036
5 1037
6 1038
10 1039
11 1040
12 1041
6 1042
12 1043
9 1044
8 1045
9 1046
15 1047
11 1048
12 1049
11 1050
8 1051
13 1052
12 1053
15 1054
6 1055
17 1056
15 1057
8 1058
9 1059
18 1060
33 1061
11 1062
10 1063
14 1064
13 1065
22 1066
9 1067
15 1068
15 1069
13 1070
12 1071
14 1072
15 1073
16 1074
15 1075
16 1076
17 1077
17 1078
18 1079
25 1080
16 1081
20 1082
28 1083
21 1084
30 1085
27 1086
27 1087
27 1088
37 1089
44 1090
26 1091
40 1092
39 1093
49 1094
53 1095
53 1096
49 1097
54 1098
54 1099
29 1100
58 1101
55 1102
36 1103
35 1104
38 1105
32 1106
39 1107
32 1108
39 1109
31 1110
37 1111
32 1112
23 1113
28 1114
18 1115
22 1116
19 1117
10 1118
12 1119
12 1120
7 1121
8 1122
7 1123
6 1124
4 1125
3 1126
8 1127
5 1128
3 1129
6 1130
3 1131
2 1132
5 1133
4 1134
2 1135
2 1136
1 1137
3 1139
3 1140
3 1141
1 1142
3 1143
4 1145
3 1146
2 1147
1 1148
2 1149
2 1151
3 1152
1 1153
3 1154
1 1156
4 1157
3 1158
1 1159
2 1160
3 1161
3 1162
2 1163
5 1164
1 1165
2 1166
2 1167
1 1168
3 1169
2 1170
4 1171
6 1172
1 1173
2 1174
5 1175
4 1176
5 1177
2 1178
2 1179
3 1180
5 1181
7 1182
4 1183
8 1185
7 1186
5 1187
8 1188
5 1189
7 1190
5 1191
9 1192
4 1193
4 1194
5 1195
5 1196
6 1197
3 1198
3 1199
1 1200
2 1201
3 1202
7 1203
2 1204
4 1205
2 1206
1 1209
2 1210
2 1212
1 1213
4 1215
1 1216
1 1218
3 1221
2 1222
2 1223
2 1230
1 1232
1 1237
1 1239
2 1240
1 1241
1 1242
2 1244
2 1245
1 1249
1 1250
1 1251
1 1252
1 1253
1 1254
1 1255
1 1256
2 1259
3 1266
1 1268
3 1269
1 1271
2 1274
1 1276
1 1277
3 1278
1 1282
1 1283
2 1284
1 1287
3 1293
1 1294
1 1296
2 1298
1 1299
1 1300
1 1301
1 1302
2 1303
1 1305
1 1306
2 1308
1 1309
2 1310
1 1312
1 1314
1 1315
2 1322
2 1323
1 1325
1 1327
1 1328
1 1329
1 1333
1 1334
1 1337
1 1339
1 1342
3 1343
2 1345
2 1346
1 1347
2 1348
1 1349
1 1350
2 1351
1 1352
1 1353
1 1354
1 1355
1 1357
2 1358
4 1360
3 1361
1 1363
1 1364
1 1365
1 1366
2 1367
1 1369
1 1371
1 1372
1 1374
1 1375
1 1376
2 1377
2 1379
2 1381
1 1382
1 1383
4 1384
1 1385
3 1386
1 1387
2 1388
2 1389
2 1392
2 1393
2 1394
2 1397
2 1398
5 1400
1 1402
3 1405
1 1406
2 1407
2 1408
3 1409
1 1410
2 1411
2 1412
1 1413
1 1414
1 1415
2 1416
3 1417
1 1418
2 1421
2 1423
1 1424
1 1426
1 1427
1 1428
1 1429
1 1433
2 1434
1 1435
2 1438
1 1440
2 1441
3 1442
1 1445
1 1446
2 1447
1 1448
1 1449
2 1450
1 1451
1 1454
2 1455
1 1457
1 1458
3 1459
1 1460
2 1461
3 1462
1 1463
2 1465
1 1466
1 1467
2 1468
1 1470
1 1474
1 1475
3 1476
3 1477
1 1480
1 1481
1 1483
1 1485
3 1486
3 1488
1 1491
1 1492
1 1493
2 1495
1 1496
3 1497
1 1498
1 1500
2 1503
1 1507
1 1508
1 1509
1 1513
1 1514
1 1516
1 1517
1 1518
1 1519
1 1520
2 1524
1 1525
1 1526
1 1527
2 1528
2 1529
1 1530
1 1531
1 1532
2 1533
2 1534
2 1536
1 1537
2 1538
3 1539
2 1540
1 1542
1 1543
2 1544
2 1545
3 1546
1 1547
1 1548
4 1550
4 1551
1 1552
1 1553
1 1556
2 1558
3 1560
1 1561
1 1562
2 1566
3 1567
1 1569
1 1572
1 1573
4 1575
1 1576
2 1577
1 1578
3 1579
3 1581
3 1582
3 1584
3 1585
3 1586
1 1587
3 1588
2 1589
3 1590
2 1591
3 1592
3 1593
5 1594
4 1595
2 1596
3 1597
3 1598
5 1599
6 1600
2 1601
3 1602
4 1603
5 1604
4 1605
3 1606
4 1607
2 1608
6 1609
3 1610
6 1611
1 1612
5 1613
1 1614
4 1615
6 1616
1 1617
4 1618
3 1619
3 1620
2 1621
2 1622
9 1623
6 1624
4 1625
6 1626
5 1627
3 1628
2 1629
8 1630
5 1631
4 1632
3 1633
7 1634
4 1635
2 1636
6 1637
2 1638
5 1639
9 1640
5 1641
7 1642
6 1643
7 1644
9 1645
8 1646
8 1647
5 1648
5 1649
3 1650
7 1651
7 1652
5 1653
4 1654
9 1655
5 1656
5 1657
7 1658
1 1660
7 1661
6 1662
3 1663
7 1664
7 1665
8 1666
5 1667
7 1668
1 1669
5 1670
6 1671
4 1672
6 1673
2 1674
5 1675
5 1676
3 1677
2 1678
6 1679
3 1680
3 1681
7 1682
5 1683
5 1684
7 1685
10 1686
6 1687
8 1688
15 1689
10 1690
9 1691
7 1692
8 1693
15 1694
11 1695
18 1696
15 1697
13 1698
8 1699
14 1700
10 1701
13 1702
11 1703
13 1704
20 1705
13 1706
27 1707
26 1708
25 1709
31 1710
18 1711
20 1712
18 1713
33 1714
37 1715
27 1716
33 1717
38 1718
31 1719
35 1720
33 1721
39 1722
33 1723
34 1724
30 1725
27 1726
37 1727
34 1728
36 1729
30 1730
40 1731
43 1732
44 1733
49 1734
33 1735
30 1736
27 1737
19 1738
37 1739
23 1740
20 1741
31 1742
16 1743
27 1744
26 1745
26 1746
26 1747
25 1748
23 1749
22 1750
8 1751
23 1752
6 1753
17 1754
12 1755
13 1756
10 1757
15 1758
10 1759
13 1760
9 1761
13 1762
12 1763
6 1764
9 1765
5 1766
12 1767
6 1768
11 1769
4 1770
7 1771
9 1772
4 1773
9 1774
6 1775
9 1776
4 1777
2 1778
7 1779
4 1780
5 1781
4 1782
6 1783
6 1784
5 1785
5 1786
2 1787
1 1788
4 1789
1 1790
4 1791
4 1792
1 1793
3 1794
1 1796
1 1797
2 1798
2 1799
2 1800
3 1801
1 1802
3 1803
2 1805
5 1806
6 1808
2 1809
1 1810
5 1811
1 1812
2 1813
3 1814
1 1815
3 1816
3 1817
1 1818
1 1819
2 1820
3 1821
1 1822
1 1823
2 1824
5 1827
2 1828
2 1829
1 1830
4 1831
1 1832
2 1833
1 1834
1 1835
2 1836
1 1839
2 1841
1 1842
4 1843
1 1844
1 1845
1 1846
3 1848
3 1849
1 1852
2 1854
3 1855
3 1856
3 1857
3 1858
2 1859
1 1860
2 1861
1 1863
3 1864
4 1865
2 1866
4 1867
2 1869
2 1870
1 1872
1 1873
2 1874
1 1875
1 1876
2 1877
1 1878
4 1880
3 1881
5 1882
2 1883
3 1884
3 1885
4 1887
4 1888
5 1889
4 1890
7 1891
4 1892
3 1893
3 1894
6 1895
2 1896
5 1897
3 1898
5 1899
10 1900
8 1901
4 1902
8 1903
6 1904
10 1905
8 1906
13 1907
6 1908
10 1909
11 1910
13 1911
11 1912
10 1913
16 1914
9 1915
17 1916
9 1917
13 1918
11 1919
13 1920
16 1921
16 1922
13 1923
14 1924
10 1925
13 1926
16 1927
20 1928
13 1929
15 1930
19 1931
19 1932
10 1933
7 1934
11 1935
14 1936
8 1937
14 1938
11 1939
5 1940
3 1941
13 1942
1 1943
5 1944
3 1945
8 1946
6 1947
3 1948
4 1949
4 1950
3 1951
4 1952
7 1953
3 1954
3 1955
2 1956
1 1957
1 1958
2 1959
2 1960
1 1962
1 1963
2 1967
2 1969
2 1970
1 1974
2 1980
1 1981
2 1986
1 1987
1 1990
1 1994
1 2036
1 2037
1 2040
1 2057
1 2112
1 2146
2 2147
1 2166
1 2181
1 2182
1 2224
1 2238
1 2262
1 2321
1 2329
1 2392
1 2418
1 2444
1 2452
1 2472
1 2481
1 2499
1 2559
1 2590
1 2642
1 2650
1 2661
1 2718
1 2777
1 2779
1 2885
1 2890
1 2976
1 2993
1 3013
1 3065
1 3170
1 3206
1 3235
1 3282
1 3417
1 3500
1 3543
1 3631
1 3674
1 4478
1 5388
