2 1
1 3
1 4
3 5
2 6
2 7
2 9
1 10
1 12
2 13
1 15
1 16
1 17
2 18
2 19
1 24
3 26
1 27
1 28
1 29
1 30
3 31
3 32
1 33
1 34
4 35
3 36
1 37
5 39
3 41
4 42
1 43
4 44
4 45
2 46
2 47
6 48
1 49
4 50
3 52
4 53
2 54
4 56
2 57
3 58
1 60
1 61
2 62
2 63
4 64
2 65
3 66
2 68
2 69
5 70
1 71
4 74
2 75
2 76
2 77
2 78
2 79
2 80
2 81
2 82
4 83
3 84
1 85
3 86
1 87
2 88
3 90
5 91
4 92
3 93
5 94
4 95
5 96
5 97
2 98
4 99
2 100
2 101
1 102
2 103
1 104
2 105
2 106
6 107
4 109
5 110
2 111
1 112
3 113
3 114
5 115
3 116
3 117
8 118
2 119
4 120
1 121
5 122
5 123
4 124
1 125
4 126
2 127
5 128
2 129
5 130
1 132
4 133
3 134
2 135
3 136
3 137
5 138
6 139
6 140
1 141
4 142
4 143
7 144
3 145
6 146
3 147
4 148
5 149
4 150
5 151
2 152
2 153
5 154
5 155
2 156
4 157
5 158
2 159
5 160
4 161
1 162
4 163
4 165
2 166
3 167
3 168
1 169
3 170
3 171
7 172
4 173
3 174
5 175
3 176
4 177
5 178
2 179
10 180
2 181
7 182
7 183
8 184
2 185
10 186
4 187
5 188
3 189
6 190
6 191
3 192
6 193
4 194
6 195
2 196
3 197
5 198
7 199
4 200
4 202
7 203
10 204
8 205
6 206
9 207
12 208
5 209
7 210
5 211
13 212
12 213
7 214
20 215
10 216
9 217
18 218
9 219
11 220
15 221
10 222
20 223
20 224
28 225
19 226
15 227
28 228
23 229
42 230
31 231
36 232
33 233
31 234
39 235
29 236
29 237
33 238
19 239
20 240
19 241
9 242
17 243
10 244
7 245
8 246
15 247
12 248
14 249
16 250
14 251
21 252
15 253
20 254
14 255
19 256
19 257
10 258
12 259
16 260
7 261
10 262
7 263
5 264
5 265
7 266
6 267
4 268
5 269
10 270
5 271
5 272
6 273
2 274
1 275
3 276
2 277
5 278
5 279
5 280
8 281
2 282
9 283
1 284
5 285
6 286
4 287
4 288
9 289
8 290
3 291
2 292
4 293
6 294
8 295
5 296
3 297
7 298
9 299
3 300
6 301
3 302
2 303
5 304
4 305
8 306
10 307
8 308
15 309
10 310
8 311
14 312
9 313
8 314
12 315
8 316
6 317
16 318
19 319
17 320
9 321
15 322
18 323
11 324
5 325
8 326
13 327
11 328
10 329
17 330
15 331
17 332
8 333
12 334
9 335
8 336
9 337
10 338
8 339
11 340
13 341
9 342
6 343
10 344
7 345
10 346
9 347
10 348
8 349
3 350
14 351
9 352
12 353
9 354
13 355
20 356
23 357
11 358
22 359
29 360
35 361
33 362
40 363
36 364
37 365
51 366
47 367
52 368
63 369
43 370
45 371
40 372
37 373
26 374
39 375
19 376
19 377
25 378
18 379
18 380
17 381
15 382
14 383
15 384
11 385
6 386
9 387
14 388
7 389
6 390
2 391
1 392
5 393
3 394
7 395
3 396
6 397
4 398
7 399
2 400
8 401
4 402
7 403
4 404
6 405
5 406
6 407
10 408
12 409
11 410
6 411
8 412
10 413
7 414
7 415
9 416
6 417
7 418
12 419
5 420
9 421
15 422
11 423
11 424
12 425
10 426
19 427
19 428
15 429
23 430
16 431
15 432
16 433
19 434
9 435
14 436
16 437
19 438
15 439
11 440
12 441
10 442
9 443
8 444
7 445
7 446
5 447
8 448
3 449
7 450
7 451
4 452
6 453
2 454
3 455
5 456
1 457
4 458
4 459
3 460
7 461
2 462
4 463
7 464
4 465
4 466
3 468
5 469
6 470
1 471
4 472
8 473
7 474
4 475
6 476
4 477
3 478
7 479
6 480
1 481
8 482
3 483
4 484
8 485
2 486
6 487
2 488
4 489
4 490
4 491
6 492
1 493
7 494
3 495
2 496
5 497
7 498
5 499
2 500
1 501
4 502
8 503
9 504
8 505
5 506
6 507
5 508
6 509
8 510
11 511
10 512
9 513
9 514
10 515
11 516
12 517
22 518
8 519
15 520
11 521
15 522
14 523
9 524
24 525
14 526
24 527
23 528
30 529
30 530
28 531
28 532
18 533
29 534
36 535
28 536
35 537
29 538
31 539
43 540
21 541
28 542
26 543
26 544
37 545
18 546
19 547
20 548
8 549
20 550
7 551
7 552
9 553
6 554
5 555
6 556
5 558
8 559
3 560
3 561
7 562
4 563
2 564
4 565
6 566
8 567
3 568
7 569
1 570
5 571
4 572
7 573
4 574
3 575
7 576
2 577
5 578
5 579
2 580
1 581
3 582
4 583
6 584
3 585
4 586
4 587
4 588
4 589
4 590
4 591
5 592
6 593
4 594
5 595
9 596
5 597
2 598
4 599
3 600
2 601
4 602
2 603
6 604
5 605
1 606
2 607
7 608
4 609
3 610
2 611
5 612
6 613
5 614
2 615
3 616
2 617
2 618
8 619
4 620
2 621
5 622
5 623
5 624
3 625
4 626
2 627
4 629
4 630
3 631
4 632
2 633
2 634
4 635
7 636
4 637
5 638
4 639
2 640
4 641
4 642
3 643
5 644
3 645
3 646
4 647
2 648
4 649
8 650
4 651
5 652
5 653
3 654
5 655
5 656
6 657
10 658
4 659
11 660
8 661
9 662
6 663
2 664
4 665
4 666
8 667
5 668
5 669
6 670
5 671
6 672
5 673
6 674
7 675
4 676
6 677
8 678
3 679
6 680
5 681
3 682
3 683
2 684
3 685
4 686
3 687
2 688
3 689
5 690
4 691
7 692
8 693
2 694
4 695
6 696
2 697
3 698
5 699
6 700
4 701
1 702
1 703
4 704
5 705
3 706
6 707
2 708
4 709
2 710
9 711
5 712
5 713
1 714
3 715
4 716
2 717
5 718
6 719
2 720
7 721
5 722
4 723
5 724
3 725
6 726
3 727
7 728
4 729
8 730
4 731
4 732
5 733
7 734
6 735
4 737
3 738
4 739
7 740
7 741
5 742
7 743
6 744
7 745
14 746
8 747
3 748
7 749
6 750
9 751
11 752
9 753
12 754
8 755
14 756
8 757
7 758
6 759
14 760
7 761
11 762
7 763
8 764
8 765
2 766
5 767
6 768
11 769
7 770
6 771
4 773
7 774
4 775
5 776
2 777
8 778
4 779
3 780
3 781
4 782
4 783
1 784
3 785
2 786
2 787
4 788
4 789
1 790
3 791
3 792
1 793
3 794
5 795
5 796
4 797
5 798
1 799
11 800
2 801
2 802
5 803
5 804
5 805
4 806
5 807
5 808
4 809
3 810
4 811
1 812
5 813
2 814
6 815
3 816
4 817
2 818
9 819
4 820
5 821
6 822
4 823
5 824
6 825
10 826
7 827
7 828
5 829
7 830
7 831
6 832
10 833
10 834
9 835
7 836
13 837
7 838
5 839
9 840
5 841
3 842
13 843
6 844
7 845
4 846
5 847
12 848
4 849
8 850
3 851
6 852
5 853
1 854
3 855
3 856
3 857
2 858
9 859
6 860
4 861
3 862
1 863
5 864
3 865
4 866
7 867
5 869
5 870
1 871
2 872
2 873
5 874
4 875
3 876
1 877
9 878
7 879
4 880
5 881
4 882
2 883
5 884
8 885
4 886
6 887
6 888
7 889
9 890
5 891
3 892
4 893
1 894
7 895
7 896
4 897
5 898
11 899
4 900
6 901
6 902
5 903
6 904
7 905
7 906
6 907
8 908
6 909
4 910
2 911
6 912
6 913
10 914
10 915
5 916
4 917
10 918
5 919
5 920
10 921
7 922
3 923
4 924
8 925
7 926
10 927
6 928
15 929
9 930
9 931
8 932
10 933
7 934
8 935
11 936
14 937
11 938
12 939
5 940
8 941
8 942
10 943
15 944
8 945
15 946
10 947
11 948
11 949
6 950
19 951
9 952
8 953
10 954
10 955
12 956
19 957
2 958
15 959
7 960
18 961
11 962
11 963
13 964
19 965
6 966
5 967
11 968
14 969
6 970
6 971
6 972
13 973
7 974
11 975
8 976
11 977
8 978
6 979
9 980
10 981
5 982
10 983
8 984
9 985
13 986
9 987
10 988
20 989
8 990
10 991
10 992
10 993
16 994
15 995
8 996
12 997
10 998
7 999
12 1000
11 1001
7 1002
9 1003
11 1004
13 1005
9 1006
22 1007
19 1008
10 1009
20 1010
21 1011
17 1012
21 1013
13 1014
15 1015
18 1016
13 1017
17 1018
14 1019
23 1020
22 1021
16 1022
26 1023
22 1024
17 1025
41 1026
33 1027
27 1028
38 1029
26 1030
41 1031
28 1032
33 1033
37 1034
39 1035
35 1036
29 1037
39 1038
46 1039
35 1040
45 1041
51 1042
40 1043
52 1044
59 1045
57 1046
60 1047
62 1048
71 1049
71 1050
75 1051
86 1052
69 1053
71 1054
88 1055
71 1056
76 1057
68 1058
77 1059
63 1060
79 1061
87 1062
79 1063
87 1064
81 1065
70 1066
67 1067
88 1068
72 1069
75 1070
96 1071
60 1072
84 1073
79 1074
90 1075
76 1076
95 1077
79 1078
109 1079
100 1080
130 1081
106 1082
132 1083
135 1084
157 1085
165 1086
169 1087
143 1088
205 1089
214 1090
235 1091
240 1092
250 1093
260 1094
260 1095
256 1096
278 1097
280 1098
289 1099
257 1100
251 1101
243 1102
239 1103
265 1104
204 1105
215 1106
203 1107
189 1108
173 1109
156 1110
138 1111
128 1112
138 1113
113 1114
76 1115
80 1116
76 1117
53 1118
47 1119
52 1120
45 1121
44 1122
28 1123
25 1124
31 1125
25 1126
15 1127
16 1128
15 1129
17 1130
10 1131
15 1132
15 1133
16 1134
14 1135
12 1136
15 1137
8 1138
15 1139
8 1140
11 1141
8 1142
11 1143
9 1144
12 1145
10 1146
11 1147
13 1148
10 1149
13 1150
11 1151
8 1152
13 1153
7 1154
12 1155
18 1156
7 1157
12 1158
15 1159
17 1160
20 1161
14 1162
13 1163
19 1164
15 1165
18 1166
21 1167
17 1168
20 1169
24 1170
21 1171
23 1172
22 1173
17 1174
25 1175
25 1176
22 1177
27 1178
28 1179
29 1180
34 1181
30 1182
37 1183
31 1184
29 1185
38 1186
33 1187
27 1188
24 1189
30 1190
24 1191
30 1192
20 1193
29 1194
19 1195
17 1196
21 1197
28 1198
15 1199
15 1200
28 1201
9 1202
15 1203
13 1204
6 1205
16 1206
5 1207
6 1208
10 1209
6 1210
6 1211
11 1212
7 1213
8 1214
7 1215
3 1216
9 1217
3 1218
3 1219
2 1220
7 1221
5 1222
4 1223
3 1224
4 1225
6 1226
3 1227
2 1228
5 1229
2 1230
2 1231
4 1232
6 1233
4 1234
6 1235
2 1236
5 1237
5 1238
4 1239
4 1240
3 1241
7 1242
6 1243
9 1244
2 1245
4 1246
6 1247
6 1248
4 1249
5 1250
3 1251
10 1252
5 1253
5 1254
8 1255
7 1256
3 1257
6 1258
5 1259
10 1260
7 1261
8 1262
4 1263
3 1264
9 1265
3 1266
5 1267
7 1268
7 1269
6 1270
6 1271
10 1272
6 1273
3 1274
5 1275
4 1276
6 1277
5 1278
6 1279
5 1280
13 1281
6 1282
6 1283
3 1284
8 1285
9 1286
9 1287
5 1288
6 1289
6 1290
3 1291
6 1292
3 1293
4 1294
6 1295
5 1296
8 1297
4 1298
6 1299
7 1300
3 1301
2 1302
6 1303
6 1304
2 1305
5 1306
1 1307
5 1308
4 1309
5 1310
2 1311
6 1312
5 1313
2 1314
5 1315
2 1316
3 1317
4 1318
2 1319
2 1320
1 1321
5 1322
6 1324
7 1325
1 1326
5 1328
3 1329
5 1330
5 1331
2 1332
2 1333
1 1334
5 1335
4 1336
4 1338
3 1339
3 1340
2 1341
4 1342
1 1343
4 1344
2 1345
5 1346
3 1347
5 1348
6 1349
5 1350
3 1351
4 1352
6 1353
4 1354
3 1355
3 1356
2 1357
5 1358
4 1359
4 1360
5 1361
1 1362
3 1363
2 1364
4 1365
3 1366
2 1367
6 1368
3 1369
1 1370
3 1371
2 1372
4 1373
8 1374
6 1375
13 1376
7 1377
7 1378
7 1379
4 1380
2 1381
3 1382
8 1383
11 1384
4 1385
10 1386
4 1387
4 1388
9 1389
8 1390
11 1391
8 1392
6 1393
6 1394
11 1395
5 1396
5 1397
14 1398
12 1399
11 1400
8 1401
8 1402
15 1403
7 1404
7 1405
6 1406
7 1407
10 1408
7 1409
4 1410
6 1411
3 1412
7 1413
7 1414
3 1415
4 1416
3 1417
6 1418
7 1419
5 1420
4 1421
1 1422
3 1423
5 1424
4 1425
6 1426
4 1427
2 1428
3 1429
4 1430
3 1431
2 1432
8 1433
4 1434
5 1435
5 1436
3 1437
6 1438
1 1439
5 1440
4 1441
10 1442
4 1443
6 1444
5 1445
1 1446
6 1447
7 1448
10 1449
9 1450
5 1451
2 1452
1 1453
5 1454
4 1455
4 1456
5 1457
7 1458
8 1459
1 1460
8 1461
9 1462
5 1463
8 1464
7 1465
3 1466
5 1467
5 1468
9 1469
5 1470
6 1471
6 1472
7 1473
8 1474
5 1475
3 1476
3 1477
3 1478
6 1479
5 1480
5 1481
4 1482
4 1483
3 1484
2 1485
3 1486
4 1487
6 1488
6 1489
3 1490
6 1491
2 1492
2 1493
4 1494
5 1495
3 1496
3 1497
3 1498
2 1499
4 1500
1 1501
1 1502
2 1503
2 1504
8 1505
5 1506
3 1507
5 1509
2 1510
4 1511
3 1512
3 1513
4 1514
6 1515
5 1516
2 1517
8 1518
2 1519
2 1520
5 1521
7 1522
2 1523
1 1524
1 1525
1 1526
3 1527
2 1528
2 1529
3 1530
6 1531
8 1532
3 1533
4 1534
3 1535
7 1536
5 1537
3 1538
5 1539
3 1540
4 1541
2 1542
2 1543
5 1544
3 1545
6 1546
7 1547
4 1548
6 1549
6 1550
7 1551
4 1552
8 1553
5 1554
5 1555
4 1556
2 1557
4 1558
6 1559
10 1560
3 1561
7 1562
3 1563
7 1564
6 1565
7 1566
6 1567
6 1568
10 1569
2 1570
6 1571
6 1572
2 1573
10 1574
7 1575
4 1576
13 1577
8 1578
7 1579
8 1580
18 1581
10 1582
6 1583
5 1584
9 1585
8 1586
11 1587
8 1588
9 1589
16 1590
8 1591
18 1592
14 1593
10 1594
16 1595
15 1596
12 1597
17 1598
11 1599
15 1600
10 1601
11 1602
21 1603
17 1604
17 1605
15 1606
15 1607
14 1608
16 1609
22 1610
17 1611
10 1612
13 1613
19 1614
20 1615
8 1616
19 1617
13 1618
12 1619
17 1620
15 1621
21 1622
13 1623
15 1624
19 1625
15 1626
20 1627
21 1628
18 1629
8 1630
17 1631
19 1632
24 1633
18 1634
21 1635
23 1636
16 1637
26 1638
19 1639
29 1640
18 1641
18 1642
20 1643
19 1644
31 1645
23 1646
19 1647
24 1648
26 1649
23 1650
17 1651
29 1652
16 1653
17 1654
18 1655
11 1656
22 1657
25 1658
19 1659
21 1660
14 1661
19 1662
19 1663
20 1664
23 1665
17 1666
20 1667
22 1668
19 1669
14 1670
16 1671
19 1672
17 1673
29 1674
18 1675
12 1676
18 1677
33 1678
23 1679
33 1680
24 1681
33 1682
32 1683
25 1684
25 1685
22 1686
38 1687
31 1688
28 1689
39 1690
49 1691
47 1692
35 1693
51 1694
53 1695
52 1696
45 1697
67 1698
58 1699
58 1700
79 1701
79 1702
77 1703
75 1704
78 1705
78 1706
91 1707
88 1708
98 1709
113 1710
93 1711
118 1712
116 1713
135 1714
108 1715
137 1716
121 1717
133 1718
143 1719
138 1720
134 1721
141 1722
160 1723
160 1724
136 1725
146 1726
153 1727
158 1728
143 1729
166 1730
145 1731
153 1732
150 1733
160 1734
159 1735
154 1736
131 1737
124 1738
126 1739
109 1740
122 1741
115 1742
112 1743
115 1744
94 1745
100 1746
86 1747
84 1748
80 1749
94 1750
71 1751
80 1752
77 1753
66 1754
75 1755
58 1756
63 1757
66 1758
48 1759
43 1760
52 1761
44 1762
44 1763
43 1764
39 1765
38 1766
46 1767
53 1768
37 1769
41 1770
40 1771
36 1772
29 1773
31 1774
23 1775
19 1776
21 1777
23 1778
21 1779
17 1780
22 1781
25 1782
24 1783
10 1784
19 1785
18 1786
21 1787
8 1788
19 1789
9 1790
12 1791
7 1792
10 1793
12 1794
6 1795
18 1796
9 1797
9 1798
13 1799
15 1800
7 1801
6 1802
10 1803
12 1804
12 1805
12 1806
9 1807
8 1808
6 1809
2 1810
8 1811
5 1812
11 1813
4 1814
8 1815
6 1816
9 1817
9 1818
6 1819
9 1820
8 1821
6 1822
7 1823
5 1824
6 1825
2 1826
7 1827
5 1828
3 1829
5 1830
6 1831
6 1832
2 1833
2 1834
5 1835
9 1836
10 1837
8 1838
7 1839
9 1840
10 1841
5 1842
6 1843
9 1844
8 1845
7 1846
9 1847
7 1848
3 1849
5 1850
7 1851
8 1852
13 1853
7 1854
7 1855
6 1856
9 1857
7 1858
4 1859
11 1860
10 1861
8 1862
8 1863
5 1864
4 1865
7 1866
7 1867
15 1868
11 1869
5 1870
8 1871
8 1872
9 1873
7 1874
11 1875
9 1876
11 1877
7 1878
12 1879
9 1880
14 1881
11 1882
11 1883
12 1884
11 1885
10 1886
14 1887
17 1888
16 1889
17 1890
18 1891
19 1892
29 1893
25 1894
20 1895
28 1896
23 1897
28 1898
43 1899
22 1900
34 1901
37 1902
38 1903
41 1904
44 1905
35 1906
45 1907
46 1908
58 1909
48 1910
58 1911
61 1912
66 1913
65 1914
55 1915
53 1916
88 1917
74 1918
66 1919
82 1920
69 1921
68 1922
75 1923
78 1924
57 1925
74 1926
70 1927
72 1928
64 1929
64 1930
54 1931
57 1932
53 1933
49 1934
57 1935
41 1936
39 1937
47 1938
38 1939
47 1940
34 1941
36 1942
22 1943
31 1944
17 1945
23 1946
19 1947
23 1948
10 1949
19 1950
14 1951
9 1952
15 1953
14 1954
8 1955
5 1956
7 1957
8 1958
5 1959
7 1960
8 1961
2 1962
3 1963
2 1964
3 1965
4 1966
3 1967
1 1968
5 1969
3 1971
1 1972
1 1973
3 1974
1 1975
2 1977
3 1978
1 1980
1 1981
2 1982
1 1983
1 1984
1 1986
2 1988
1 1991
2 1992
1 1993
1 2014
1 2016
1 2023
1 2025
1 2034
1 2035
2 2039
1 2040
1 2047
1 2066
1 2071
1 2075
1 2077
1 2078
1 2081
1 2091
1 2103
1 2109
1 2115
2 2119
1 2122
1 2125
1 2143
1 2144
1 2147
1 2152
1 2153
1 2164
1 2177
1 2192
1 2194
1 2204
1 2211
1 2212
1 2221
1 2227
1 2229
1 2231
1 2234
2 2235
1 2238
1 2245
1 2250
1 2256
1 2260
1 2267
1 2283
1 2285
1 2290
1 2293
1 2296
1 2305
1 2307
1 2309
1 2311
1 2316
1 2318
2 2319
2 2326
1 2329
1 2331
1 2340
1 2341
1 2342
1 2346
1 2349
1 2353
1 2354
1 2357
1 2365
1 2368
1 2373
1 2383
1 2385
1 2387
1 2388
1 2392
1 2399
1 2405
1 2406
1 2413
1 2435
1 2454
1 2462
1 2475
1 2481
1 2495
1 2504
1 2519
2 2520
1 2521
1 2522
1 2534
1 2537
1 2540
1 2541
1 2545
2 2548
1 2551
1 2555
1 2556
1 2560
2 2562
2 2563
1 2570
1 2571
1 2580
1 2584
2 2587
1 2588
1 2593
3 2595
1 2599
2 2601
2 2602
1 2603
2 2604
2 2605
1 2608
1 2609
2 2610
1 2611
2 2612
1 2613
2 2616
2 2617
2 2619
1 2620
2 2621
1 2622
1 2624
1 2625
2 2626
3 2627
1 2629
1 2630
3 2632
2 2633
2 2634
4 2636
2 2637
1 2639
2 2640
3 2641
3 2642
2 2643
2 2646
1 2647
1 2648
2 2649
2 2650
1 2653
1 2654
1 2655
3 2657
1 2659
1 2660
1 2661
1 2662
1 2665
1 2667
1 2668
1 2670
1 2671
1 2677
1 2686
1 2691
1 2697
1 2698
1 2700
1 2705
1 2707
1 2726
1 2727
1 2728
1 2737
1 2763
1 2768
1 2776
1 2799
1 2812
1 2814
1 2825
1 2829
1 2834
1 2855
1 2862
1 2870
1 2871
1 2884
1 2889
1 2890
1 2900
1 2911
1 2915
1 2924
1 2927
1 2939
1 2940
1 2946
1 2947
1 2951
1 2964
1 2965
1 2966
1 2968
1 2971
1 2972
1 2975
1 2977
1 2981
1 2987
1 2993
1 2994
1 2995
1 2996
1 3001
1 3002
1 3004
1 3005
1 3008
1 3016
1 3026
1 3030
1 3043
2 3077
1 3108
1 3119
1 3130
1 3147
1 3162
1 3170
1 3186
1 3204
1 3210
1 3215
1 3237
1 3240
1 3264
1 3400
1 3406
1 3434
1 3439
1 3445
1 3448
1 3501
1 3517
1 3519
1 3547
1 3648
1 3772
1 3773
1 3792
1 3851
1 4140
1 4192
1 4229
1 4298
1 4407
