3 1
1 2
2 3
1 4
2 5
1 6
1 11
3 13
3 14
1 15
2 16
3 18
1 19
3 20
2 21
2 22
1 25
2 30
1 31
2 32
3 34
3 36
2 37
1 38
1 39
2 40
1 42
1 43
1 44
2 46
2 48
1 49
3 51
1 52
1 53
1 54
2 55
1 56
2 57
2 59
3 60
2 61
1 62
1 64
1 65
5 66
1 67
4 69
2 70
3 71
3 72
3 73
3 74
3 75
7 76
4 77
5 78
3 79
3 80
3 81
2 82
7 83
6 85
4 86
5 87
1 88
4 89
2 90
1 91
3 92
7 93
4 94
4 95
3 96
6 97
3 98
8 99
1 100
5 101
2 102
4 103
8 104
3 105
5 106
4 107
2 108
5 109
3 110
8 111
3 112
2 113
6 114
6 115
6 116
4 117
7 118
6 119
9 120
2 121
6 122
8 123
4 124
7 125
3 126
8 127
4 128
4 129
4 130
4 132
3 133
5 134
4 135
7 136
4 137
6 138
5 139
4 140
12 141
6 142
5 143
6 144
5 145
4 146
5 147
8 148
8 149
6 150
7 151
7 152
10 153
9 154
6 155
13 156
7 157
5 158
6 159
13 160
15 161
8 162
8 163
9 164
7 165
11 166
4 167
5 168
7 169
10 170
3 171
4 172
5 173
8 174
7 175
6 176
7 177
3 178
6 179
8 180
7 181
8 182
11 183
12 184
13 185
11 186
15 187
14 188
28 189
33 190
47 191
51 192
58 193
58 194
82 195
66 196
72 197
68 198
62 199
51 200
51 201
41 202
34 203
22 204
21 205
16 206
19 207
15 208
13 209
11 210
8 211
18 212
12 213
17 214
13 215
19 216
9 217
9 218
19 219
12 220
26 221
12 222
13 223
15 224
17 225
21 226
14 227
10 228
18 229
14 230
19 231
19 232
13 233
27 234
25 235
17 236
17 237
11 238
15 239
15 240
12 241
13 242
9 243
14 244
12 245
7 246
19 247
9 248
11 249
13 250
19 251
13 252
22 253
24 254
18 255
21 256
15 257
18 258
16 259
14 260
15 261
18 262
20 263
17 264
20 265
12 266
9 267
22 268
18 269
14 270
14 271
18 272
16 273
17 274
10 275
15 276
22 277
20 278
24 279
23 280
15 281
18 282
23 283
17 284
18 285
19 286
26 287
21 288
24 289
38 290
40 291
29 292
46 293
40 294
47 295
54 296
72 297
67 298
75 299
80 300
65 301
80 302
89 303
97 304
90 305
80 306
87 307
78 308
58 309
65 310
50 311
61 312
56 313
52 314
33 315
50 316
36 317
38 318
37 319
45 320
55 321
58 322
57 323
61 324
64 325
64 326
81 327
72 328
60 329
71 330
77 331
73 332
76 333
50 334
51 335
52 336
46 337
48 338
40 339
47 340
36 341
35 342
31 343
23 344
41 345
32 346
42 347
55 348
44 349
50 350
48 351
47 352
51 353
37 354
36 355
53 356
47 357
34 358
49 359
28 360
45 361
46 362
70 363
46 364
55 365
57 366
70 367
67 368
73 369
59 370
69 371
62 372
60 373
63 374
73 375
63 376
68 377
67 378
75 379
61 380
62 381
56 382
53 383
49 384
57 385
48 386
52 387
46 388
35 389
27 390
38 391
41 392
40 393
36 394
49 395
40 396
40 397
48 398
43 399
51 400
40 401
43 402
54 403
49 404
58 405
57 406
73 407
55 408
74 409
63 410
71 411
80 412
79 413
73 414
77 415
94 416
90 417
102 418
104 419
136 420
119 421
146 422
168 423
202 424
222 425
240 426
244 427
329 428
352 429
367 430
427 431
461 432
503 433
488 434
552 435
581 436
537 437
550 438
525 439
507 440
451 441
447 442
362 443
339 444
299 445
251 446
234 447
201 448
162 449
144 450
110 451
123 452
110 453
103 454
103 455
123 456
110 457
106 458
122 459
128 460
125 461
131 462
110 463
114 464
113 465
108 466
105 467
110 468
107 469
80 470
92 471
84 472
66 473
59 474
54 475
59 476
60 477
42 478
51 479
51 480
38 481
44 482
47 483
49 484
45 485
53 486
45 487
48 488
59 489
48 490
50 491
61 492
62 493
64 494
60 495
70 496
62 497
67 498
92 499
91 500
96 501
86 502
89 503
89 504
90 505
87 506
120 507
97 508
122 509
122 510
132 511
136 512
153 513
124 514
171 515
177 516
169 517
140 518
156 519
157 520
160 521
157 522
130 523
112 524
130 525
113 526
129 527
110 528
118 529
129 530
108 531
101 532
84 533
81 534
82 535
66 536
55 537
53 538
45 539
30 540
28 541
33 542
18 543
27 544
20 545
22 546
22 547
14 548
17 549
10 550
7 551
14 552
14 553
12 554
4 555
7 556
10 557
10 558
14 559
13 560
8 561
3 562
8 563
4 564
9 565
12 566
8 567
7 568
10 569
7 570
7 571
8 572
7 573
5 574
13 575
6 576
10 577
11 578
9 579
10 580
11 581
11 582
15 583
9 584
14 585
12 586
15 587
11 588
23 589
16 590
14 591
16 592
18 593
19 594
13 595
18 596
10 597
18 598
20 599
11 600
32 601
20 602
21 603
30 604
18 605
17 606
18 607
22 608
26 609
17 610
17 611
30 612
14 613
15 614
14 615
12 616
12 617
11 618
12 619
14 620
11 621
6 622
11 623
3 624
9 625
8 626
4 627
5 628
10 629
8 630
10 631
4 632
12 633
10 634
11 635
8 636
16 637
10 638
9 639
14 640
9 641
10 642
14 643
14 644
12 645
10 646
19 647
18 648
16 649
17 650
10 651
15 652
15 653
23 654
28 655
27 656
28 657
36 658
45 659
29 660
29 661
40 662
25 663
31 664
24 665
37 666
27 667
32 668
27 669
24 670
30 671
26 672
25 673
22 674
20 675
27 676
23 677
28 678
22 679
20 680
23 681
26 682
25 683
21 684
21 685
16 686
18 687
16 688
16 689
17 690
18 691
18 692
17 693
11 694
18 695
17 696
21 697
11 698
10 699
7 700
14 701
13 702
13 703
10 704
9 705
6 706
9 707
4 708
5 709
7 710
7 711
8 712
5 713
10 714
6 715
8 716
6 717
16 718
6 719
9 720
9 721
8 722
13 723
6 724
9 725
10 726
7 727
9 728
8 729
6 730
11 731
18 732
11 733
12 734
9 735
9 736
15 737
14 738
15 739
13 740
16 741
15 742
19 743
10 744
9 745
9 746
14 747
10 748
16 749
14 750
20 751
13 752
7 753
16 754
10 755
16 756
14 757
11 758
11 759
10 760
5 761
4 762
13 763
7 764
9 765
10 766
12 767
9 768
12 769
7 770
9 771
7 772
15 773
8 774
13 775
12 776
13 777
12 778
9 779
17 780
16 781
16 782
14 783
18 784
20 785
17 786
15 787
13 788
15 789
16 790
13 791
17 792
14 793
18 794
14 795
16 796
8 797
8 798
8 799
9 800
9 801
12 802
12 803
7 804
15 805
8 806
8 807
12 808
9 809
6 810
8 811
9 812
4 813
10 814
5 815
7 816
14 817
10 818
11 819
13 820
9 821
9 822
10 823
9 824
16 825
11 826
11 827
13 828
17 829
14 830
12 831
10 832
21 833
12 834
20 835
15 836
16 837
22 838
13 839
19 840
26 841
20 842
17 843
14 844
22 845
26 846
19 847
16 848
33 849
27 850
29 851
24 852
25 853
29 854
26 855
41 856
32 857
33 858
30 859
37 860
34 861
37 862
28 863
30 864
32 865
33 866
33 867
31 868
37 869
25 870
24 871
30 872
18 873
20 874
21 875
19 876
17 877
25 878
18 879
15 880
23 881
25 882
21 883
16 884
19 885
22 886
14 887
27 888
22 889
37 890
40 891
35 892
35 893
52 894
50 895
45 896
48 897
58 898
45 899
55 900
51 901
51 902
41 903
54 904
53 905
47 906
51 907
54 908
35 909
32 910
34 911
43 912
25 913
25 914
25 915
17 916
18 917
19 918
22 919
12 920
15 921
7 922
12 923
9 924
12 925
7 926
6 927
6 928
4 929
5 930
2 931
2 932
4 933
1 934
1 935
5 936
7 938
5 939
3 940
1 941
1 942
2 943
3 944
3 945
3 946
3 947
1 948
1 949
1 950
1 951
5 952
4 954
5 955
2 956
1 957
2 958
3 959
3 960
4 961
1 962
4 963
3 964
4 965
2 966
2 967
1 968
4 969
2 970
4 971
2 972
3 973
4 974
2 975
3 976
5 977
1 978
3 979
1 980
1 981
1 982
3 983
6 984
1 985
2 986
2 987
2 988
1 989
4 991
3 992
3 993
2 994
2 995
3 996
1 997
3 998
4 1000
2 1002
2 1003
2 1004
1 1006
1 1009
2 1010
1 1011
4 1012
2 1013
1 1014
1 1016
1 1017
2 1018
3 1019
1 1020
2 1021
2 1022
1 1023
1 1026
2 1027
1 1029
1 1030
1 1031
1 1032
2 1033
1 1034
1 1035
3 1036
1 1039
1 1040
3 1041
1 1042
1 1043
3 1044
1 1045
2 1046
3 1047
3 1048
3 1049
6 1050
3 1051
2 1053
2 1054
2 1055
1 1056
6 1057
2 1058
6 1059
2 1060
2 1061
6 1062
4 1063
4 1064
4 1065
1 1067
2 1068
5 1069
5 1070
2 1071
5 1072
1 1073
5 1074
4 1075
8 1076
4 1077
4 1078
5 1079
3 1080
4 1082
4 1083
1 1084
3 1085
3 1086
6 1087
2 1088
4 1089
3 1090
3 1091
2 1092
6 1093
10 1094
6 1095
6 1096
5 1097
4 1098
6 1099
5 1100
4 1101
4 1102
3 1103
6 1104
5 1105
3 1106
3 1107
4 1108
4 1109
6 1110
5 1111
1 1112
7 1113
3 1114
2 1115
1 1116
4 1117
5 1118
2 1119
2 1120
4 1121
4 1122
2 1123
3 1124
3 1125
4 1127
3 1128
1 1130
3 1131
2 1132
2 1133
3 1134
2 1135
2 1137
2 1138
1 1139
3 1140
4 1141
1 1142
1 1143
3 1144
5 1145
2 1146
3 1147
5 1148
4 1149
4 1151
1 1152
2 1153
4 1154
5 1155
3 1156
2 1157
1 1158
3 1159
3 1160
1 1161
1 1162
6 1163
2 1164
5 1165
3 1166
5 1167
4 1168
5 1169
6 1170
2 1171
12 1172
9 1173
3 1174
7 1175
12 1176
10 1177
8 1178
9 1179
5 1180
14 1181
6 1182
4 1183
12 1184
13 1185
7 1186
17 1187
13 1188
13 1189
11 1190
10 1191
11 1192
10 1193
15 1194
9 1195
12 1196
14 1197
10 1198
4 1199
13 1200
9 1201
6 1202
15 1203
7 1204
4 1205
7 1206
5 1207
4 1208
4 1209
6 1210
1 1211
10 1212
3 1213
7 1214
5 1215
6 1216
4 1217
3 1218
2 1219
2 1220
1 1221
2 1222
3 1223
3 1224
3 1225
3 1226
3 1227
2 1228
1 1229
1 1230
1 1231
6 1232
2 1233
2 1234
2 1235
3 1236
4 1237
3 1238
3 1239
3 1240
3 1241
4 1242
5 1243
7 1244
3 1245
1 1246
4 1247
1 1248
1 1249
1 1250
1 1251
1 1252
4 1253
4 1254
5 1255
6 1256
5 1257
3 1258
3 1259
4 1260
3 1262
6 1263
5 1264
7 1265
12 1266
8 1267
6 1268
4 1269
5 1270
6 1271
10 1272
5 1273
5 1274
9 1275
12 1276
14 1277
12 1278
15 1279
16 1280
10 1281
17 1282
12 1283
15 1284
21 1285
29 1286
18 1287
19 1288
13 1289
19 1290
18 1291
21 1292
25 1293
14 1294
14 1295
23 1296
21 1297
19 1298
29 1299
17 1300
20 1301
24 1302
16 1303
12 1304
23 1305
17 1306
12 1307
19 1308
17 1309
11 1310
12 1311
16 1312
10 1313
5 1314
6 1315
9 1316
9 1317
9 1318
8 1319
2 1320
11 1321
10 1322
8 1323
7 1324
6 1325
5 1326
3 1327
6 1328
6 1329
5 1330
3 1331
6 1332
7 1333
2 1334
4 1335
4 1336
3 1337
6 1338
2 1339
4 1340
3 1341
4 1342
7 1343
7 1344
1 1345
3 1346
3 1347
1 1348
7 1349
2 1350
2 1351
5 1352
1 1353
2 1354
4 1355
2 1356
3 1357
1 1358
2 1359
2 1360
2 1361
1 1362
4 1363
2 1364
2 1365
5 1367
2 1369
2 1370
3 1371
1 1372
3 1373
2 1374
1 1375
3 1376
1 1377
4 1378
5 1379
2 1380
3 1381
6 1382
4 1383
6 1385
2 1386
10 1387
3 1388
2 1389
2 1390
1 1391
5 1392
4 1393
4 1394
2 1395
2 1396
2 1397
2 1398
3 1399
3 1400
4 1401
4 1402
4 1403
1 1404
5 1405
1 1406
2 1407
3 1408
7 1409
2 1410
2 1412
2 1413
1 1414
5 1415
2 1416
1 1417
2 1418
4 1419
1 1420
2 1421
3 1422
4 1424
1 1426
2 1427
1 1428
2 1429
5 1430
2 1432
5 1433
3 1434
3 1436
2 1437
5 1438
2 1439
7 1440
6 1441
4 1443
3 1444
3 1445
1 1446
5 1447
2 1448
4 1450
1 1451
3 1452
3 1453
1 1454
1 1456
2 1457
3 1458
2 1459
3 1460
7 1461
4 1462
4 1463
6 1464
1 1465
2 1466
1 1467
2 1468
1 1469
3 1470
3 1471
3 1472
3 1473
6 1474
2 1475
3 1476
3 1477
4 1478
4 1479
5 1480
5 1481
4 1482
4 1483
2 1484
3 1485
2 1486
3 1487
1 1488
2 1489
2 1490
1 1492
3 1493
5 1494
2 1495
1 1496
2 1498
4 1499
2 1500
4 1501
2 1502
1 1503
3 1504
4 1505
3 1506
1 1507
2 1508
8 1509
4 1510
3 1511
2 1512
2 1513
1 1514
1 1515
4 1516
2 1517
6 1518
4 1519
5 1520
7 1521
4 1522
3 1523
7 1524
5 1525
7 1526
8 1527
3 1528
8 1529
6 1530
13 1531
9 1532
7 1533
9 1534
5 1535
10 1536
8 1537
7 1538
7 1539
7 1540
11 1541
12 1542
8 1543
2 1544
4 1545
7 1546
5 1547
9 1548
6 1549
6 1550
4 1551
4 1552
2 1553
4 1554
7 1555
5 1556
3 1557
5 1558
5 1559
3 1560
8 1561
1 1562
5 1563
6 1564
5 1565
5 1566
3 1568
4 1569
2 1570
2 1571
4 1572
2 1573
6 1574
4 1575
3 1576
5 1577
1 1578
4 1579
3 1580
4 1581
1 1582
1 1583
3 1584
1 1585
1 1587
1 1588
2 1590
1 1591
1 1592
2 1596
2 1597
1 1599
2 1600
3 1601
1 1602
1 1603
2 1604
2 1605
1 1606
3 1607
6 1608
2 1609
2 1610
2 1611
3 1612
4 1613
4 1614
3 1615
1 1616
1 1617
2 1619
2 1620
2 1621
2 1622
1 1623
3 1624
3 1625
3 1626
6 1628
3 1629
9 1630
5 1631
3 1632
3 1633
5 1634
1 1635
1 1637
3 1638
4 1639
7 1640
5 1641
2 1642
1 1643
3 1644
4 1645
1 1647
6 1648
2 1649
3 1650
5 1651
3 1652
5 1653
4 1654
8 1655
2 1656
7 1657
4 1660
4 1661
1 1662
3 1663
1 1664
1 1665
4 1666
2 1668
3 1669
2 1671
2 1673
3 1674
1 1675
1 1676
2 1677
1 1683
1 1685
2 1687
1 1688
1 1690
1 1692
1 1693
1 1694
1 1696
1 1698
4 1699
2 1700
1 1702
2 1703
2 1704
1 1705
2 1707
1 1709
2 1712
2 1713
3 1715
2 1716
1 1718
1 1719
5 1720
3 1721
2 1722
5 1723
2 1724
1 1725
2 1726
4 1727
2 1728
4 1729
2 1730
1 1731
1 1732
1 1733
3 1734
3 1735
2 1736
1 1737
2 1738
1 1739
2 1740
4 1741
2 1742
2 1743
2 1745
4 1746
1 1747
1 1749
2 1750
4 1752
1 1754
2 1755
1 1757
4 1758
2 1759
4 1760
1 1761
4 1762
3 1763
3 1764
2 1765
1 1766
1 1767
1 1768
2 1769
4 1770
4 1771
3 1772
7 1774
1 1776
3 1777
5 1778
5 1779
6 1780
5 1781
3 1782
5 1783
3 1784
6 1785
3 1786
4 1787
5 1788
2 1789
3 1790
2 1792
4 1793
2 1794
3 1795
2 1796
5 1797
4 1798
1 1799
3 1800
2 1801
2 1802
2 1803
4 1804
2 1805
2 1807
1 1809
3 1810
1 1811
1 1812
2 1814
1 1816
1 1818
1 1819
1 1821
1 1822
1 1824
2 1825
1 1826
1 1827
2 1828
1 1829
2 1831
1 1834
4 1836
2 1839
1 1840
2 1843
3 1845
1 1846
1 1847
1 1848
1 1851
1 1852
1 1853
3 1856
1 1857
2 1859
1 1862
3 1863
1 1864
1 1865
3 1866
3 1867
3 1868
1 1869
2 1870
3 1871
1 1872
2 1873
2 1874
1 1875
3 1876
2 1877
2 1879
4 1881
3 1882
2 1883
6 1884
3 1885
1 1886
4 1887
4 1888
5 1889
2 1890
1 1891
3 1892
1 1893
4 1894
3 1895
5 1896
2 1897
3 1898
4 1899
1 1901
2 1902
2 1903
2 1904
2 1905
1 1906
4 1907
2 1908
3 1909
2 1910
2 1912
2 1913
2 1914
2 1915
4 1916
1 1918
1 1919
2 1920
2 1921
2 1922
1 1923
1 1924
2 1926
2 1927
1 1928
1 1929
4 1930
2 1931
1 1932
2 1934
2 1935
4 1936
1 1938
1 1939
1 1940
1 1941
3 1942
2 1943
3 1944
2 1945
2 1946
1 1947
3 1949
2 1950
1 1951
2 1952
1 1954
1 1955
3 1956
2 1959
1 1960
2 1961
1 1963
2 1964
2 1965
1 1969
2 1970
1 1972
3 1973
1 1974
1 1975
3 1976
2 1977
2 1978
1 1979
2 1980
1 1981
2 1982
3 1983
1 1984
3 1986
2 1987
1 1988
1 1990
1 1992
1 1993
3 1996
2 1997
1 2003
1 2004
1 2005
2 2009
1 2013
1 2020
2 2022
1 2026
1 2027
1 2039
1 2042
1 2043
1 2049
1 2053
2 2059
1 2060
1 2062
1 2063
1 2065
1 2067
1 2070
1 2074
1 2076
1 2077
1 2081
1 2082
1 2083
1 2088
2 2093
2 2095
1 2096
2 2099
2 2103
2 2106
1 2112
1 2113
1 2114
2 2122
1 2125
1 2129
1 2137
1 2139
1 2140
1 2145
1 2146
2 2147
1 2151
1 2153
1 2156
1 2157
1 2161
1 2163
1 2164
1 2165
1 2167
1 2168
2 2174
1 2176
1 2178
1 2179
1 2184
1 2188
1 2189
2 2195
1 2198
1 2199
1 2204
2 2205
1 2211
3 2213
2 2215
2 2216
1 2221
2 2223
1 2225
1 2226
3 2227
1 2228
1 2229
1 2230
2 2231
2 2232
1 2233
1 2234
1 2235
3 2237
1 2238
1 2239
2 2240
1 2241
1 2242
1 2243
1 2244
2 2245
2 2246
1 2248
1 2250
2 2252
1 2253
1 2254
2 2255
1 2256
3 2257
1 2259
2 2260
2 2262
2 2264
1 2265
1 2267
2 2268
1 2269
1 2272
2 2273
1 2274
2 2275
1 2277
2 2280
1 2281
1 2282
1 2283
1 2284
2 2285
2 2286
2 2287
3 2288
1 2289
1 2290
1 2291
1 2292
1 2293
1 2294
2 2295
2 2296
1 2297
4 2298
1 2299
6 2300
3 2301
2 2302
2 2303
1 2304
2 2305
3 2307
4 2308
2 2309
1 2310
2 2311
3 2312
3 2313
2 2314
2 2315
2 2316
5 2317
3 2319
2 2322
2 2323
1 2324
3 2326
1 2327
2 2328
2 2330
3 2331
2 2332
1 2334
2 2335
1 2336
1 2337
2 2339
3 2340
4 2342
3 2343
4 2345
3 2346
3 2347
2 2348
2 2350
2 2351
1 2353
4 2354
2 2355
4 2356
3 2357
5 2358
1 2359
2 2360
2 2361
4 2362
2 2363
2 2364
4 2365
1 2366
3 2367
5 2368
4 2369
4 2370
6 2371
7 2372
2 2373
4 2374
4 2375
2 2376
4 2377
4 2378
11 2379
3 2380
8 2381
6 2382
3 2383
12 2384
7 2385
6 2386
7 2387
9 2388
11 2389
9 2390
9 2391
7 2392
10 2393
9 2394
13 2395
7 2396
5 2397
10 2398
10 2399
8 2400
6 2401
10 2402
14 2403
12 2404
9 2405
8 2406
7 2407
7 2408
11 2409
10 2410
9 2411
9 2412
3 2413
7 2414
5 2415
8 2416
6 2417
8 2418
8 2419
10 2420
9 2421
4 2422
5 2423
4 2424
5 2425
2 2426
3 2427
7 2429
4 2430
2 2431
3 2432
2 2433
3 2434
4 2435
4 2437
2 2438
1 2439
2 2440
2 2441
1 2442
1 2446
1 2450
1 2451
1 2452
1 2454
1 2455
1 2457
1 2458
1 2461
1 2464
1 2470
2 2471
1 2474
1 2480
2 2485
1 2486
1 2493
1 2506
1 2510
1 2517
1 2522
1 2527
1 2528
1 2537
1 2544
1 2549
2 2558
1 2565
1 2571
1 2574
1 2581
1 2585
1 2590
1 2597
1 2598
1 2603
1 2608
1 2612
1 2613
1 2616
1 2620
2 2623
1 2625
1 2639
1 2641
1 2643
1 2646
2 2650
2 2653
1 2654
1 2663
1 2664
1 2665
2 2666
1 2669
1 2672
2 2673
2 2677
1 2678
3 2679
2 2680
1 2681
1 2682
1 2683
1 2685
1 2689
1 2690
1 2692
1 2696
1 2698
1 2700
1 2701
1 2702
1 2703
2 2705
2 2708
1 2709
1 2710
2 2711
2 2712
1 2713
2 2717
1 2719
3 2720
1 2722
1 2724
1 2725
1 2726
1 2728
1 2729
1 2732
1 2733
2 2734
1 2735
2 2738
2 2739
1 2740
1 2744
1 2746
1 2748
1 2751
1 2756
3 2761
1 2762
1 2771
1 2773
2 2774
1 2776
1 2777
1 2780
1 2784
1 2785
1 2788
3 2791
1 2793
2 2794
1 2796
1 2797
1 2800
1 2801
1 2802
1 2803
2 2807
1 2811
2 2813
1 2817
1 2819
1 2820
1 2823
1 2824
1 2825
2 2827
2 2828
1 2829
1 2830
1 2831
1 2834
1 2835
1 2836
1 2837
2 2841
2 2843
1 2844
1 2845
3 2847
1 2848
1 2851
1 2852
2 2853
1 2854
1 2855
1 2856
1 2857
1 2858
1 2859
1 2860
3 2861
3 2862
1 2864
1 2866
1 2867
2 2868
3 2869
2 2870
2 2872
1 2874
2 2875
2 2876
1 2877
2 2879
2 2881
1 2883
3 2884
6 2885
2 2887
2 2889
3 2890
2 2891
4 2892
3 2893
2 2895
4 2896
2 2897
3 2899
3 2900
4 2902
1 2903
2 2904
1 2905
3 2906
4 2908
1 2909
5 2910
5 2911
6 2912
4 2913
4 2914
4 2915
6 2916
6 2917
5 2918
5 2919
6 2920
6 2921
5 2922
6 2923
5 2924
3 2925
6 2926
4 2927
6 2928
4 2929
5 2930
5 2931
3 2932
2 2933
5 2934
5 2935
7 2936
9 2938
6 2939
6 2940
3 2941
9 2942
8 2943
4 2944
7 2945
5 2946
4 2947
4 2948
6 2949
5 2950
8 2951
5 2952
5 2953
3 2954
5 2955
9 2956
6 2957
5 2958
4 2960
3 2961
7 2962
3 2963
2 2964
3 2965
3 2966
5 2967
3 2968
1 2969
4 2970
3 2972
3 2973
2 2974
1 2975
3 2976
2 2978
1 2979
3 2980
1 2981
1 2982
3 2984
1 2989
1 2990
1 2992
3 2993
2 2997
1 3000
1 3006
1 3007
1 3024
1 3025
1 3041
1 3057
2 3065
1 3084
1 3094
1 3095
1 3108
1 3123
1 3158
1 3186
1 3193
1 3198
1 3199
1 3227
1 3244
1 3309
1 3314
1 3344
1 3355
1 3358
1 3366
1 3451
1 3467
1 3482
1 3513
2 3520
1 3532
1 3540
1 3562
1 3571
1 3610
1 3677
1 3698
1 3745
1 3772
1 3783
1 3917
1 3948
1 4039
1 4056
1 4063
1 4069
1 4082
1 4086
1 4127
1 4145
1 4152
1 4168
1 4179
1 4181
1 4208
1 4220
1 4224
1 4285
1 4303
1 4344
2 4364
1 4372
1 4383
1 4387
1 4389
1 4414
1 4417
1 4464
1 4531
1 4668
1 4801
1 4974
1 4987
1 5139
1 5196
1 5377
1 5490
1 5524
1 5542
1 5571
1 5585
1 5818
