1 1
1 3
2 4
1 5
3 7
1 9
1 10
1 11
1 12
2 13
1 15
1 16
1 17
1 19
1 20
2 23
1 24
2 26
1 27
2 32
1 35
1 36
4 38
1 39
1 41
2 45
1 46
1 48
1 49
1 50
1 51
4 52
1 54
1 55
2 57
4 59
1 61
1 62
3 65
1 66
1 67
1 68
3 69
1 70
2 71
1 73
1 74
3 76
1 78
2 79
2 80
3 81
1 82
5 83
2 84
4 85
2 86
2 87
1 88
3 89
3 90
1 91
2 92
2 93
3 94
1 95
1 96
2 97
5 98
2 99
1 100
4 101
2 102
1 104
1 105
3 106
3 108
4 109
2 110
3 111
2 112
2 113
3 114
3 115
2 116
3 117
1 118
3 119
4 120
4 121
2 122
6 123
1 124
3 125
2 126
5 127
3 128
3 129
6 130
1 131
4 132
4 133
3 134
2 136
3 137
8 138
2 139
2 140
4 141
1 142
1 143
2 145
3 146
3 147
3 148
7 149
4 150
2 151
7 152
5 153
8 154
2 155
8 156
4 157
4 158
4 159
3 160
3 161
2 162
3 163
1 164
2 165
5 166
4 167
2 168
4 169
5 170
5 171
3 172
2 173
10 174
5 175
4 176
1 177
2 178
7 179
8 180
5 181
2 182
5 183
3 184
2 185
2 186
2 187
7 188
3 190
5 191
4 192
3 193
5 194
4 195
3 196
8 197
2 198
6 199
5 200
4 201
3 202
5 203
6 204
2 205
3 206
5 207
2 208
4 209
2 210
3 211
4 212
3 213
7 214
3 215
4 216
7 217
4 218
1 219
2 220
2 221
5 222
4 223
3 224
6 225
4 226
5 227
8 228
13 229
16 230
20 231
22 232
14 233
29 234
35 235
32 236
37 237
36 238
34 239
33 240
27 241
38 242
24 243
23 244
13 245
18 246
12 247
7 248
8 249
14 250
6 251
12 252
7 253
4 254
15 255
15 256
13 257
10 258
20 259
19 260
20 261
22 262
19 263
21 264
15 265
19 266
22 267
14 268
16 269
19 270
9 271
15 272
17 273
7 274
12 275
8 276
10 277
7 278
8 279
5 280
7 281
6 282
1 283
4 284
5 285
5 286
5 287
8 288
10 289
5 290
7 291
9 292
6 293
14 294
12 295
8 296
11 297
12 298
11 299
9 300
8 301
9 302
4 303
5 304
9 305
6 306
6 307
7 308
6 309
4 310
5 311
1 312
7 313
9 314
1 315
8 316
4 317
4 318
5 319
4 320
6 321
13 322
7 323
9 324
4 325
7 326
7 327
9 328
9 329
12 330
7 331
6 332
4 333
5 334
7 335
8 336
7 337
7 338
3 339
2 340
7 341
5 342
4 343
4 344
11 345
12 346
8 347
7 348
15 349
7 350
5 351
6 352
11 353
9 354
13 355
7 356
12 357
13 358
12 359
13 360
11 361
15 362
9 363
18 364
17 365
12 366
9 367
16 368
13 369
17 370
17 371
28 372
28 373
20 374
19 375
15 376
16 377
19 378
12 379
26 380
18 381
10 382
27 383
23 384
12 385
16 386
13 387
7 388
8 389
9 390
9 391
6 392
9 393
11 394
10 395
7 396
6 397
5 398
13 399
15 400
9 401
6 402
9 403
6 404
9 405
17 406
11 407
23 408
20 409
22 410
27 411
24 412
28 413
38 414
38 415
35 416
44 417
59 418
48 419
59 420
64 421
68 422
57 423
86 424
74 425
73 426
74 427
63 428
53 429
57 430
38 431
46 432
39 433
28 434
31 435
21 436
23 437
24 438
18 439
20 440
11 441
11 442
15 443
6 444
10 445
5 446
10 447
6 448
7 449
5 450
12 451
6 452
6 453
6 454
10 455
7 456
9 457
5 458
6 459
9 460
2 461
3 462
9 463
7 464
4 465
4 466
6 467
5 468
5 469
9 470
6 471
6 472
10 473
8 474
10 475
10 476
10 477
10 478
5 479
16 480
12 481
7 482
11 483
10 484
8 485
12 486
13 487
17 488
10 489
14 490
7 491
8 492
12 493
8 494
11 495
6 496
12 497
8 498
7 499
10 500
11 501
8 502
12 503
7 504
10 505
12 506
11 507
12 508
8 509
11 510
13 511
10 512
17 513
24 514
22 515
26 516
26 517
35 518
34 519
46 520
58 521
52 522
46 523
51 524
60 525
87 526
100 527
90 528
106 529
86 530
95 531
107 532
91 533
83 534
74 535
89 536
56 537
51 538
62 539
51 540
25 541
34 542
44 543
30 544
26 545
26 546
19 547
17 548
16 549
11 550
15 551
4 552
7 553
9 554
6 555
10 556
6 557
7 558
5 559
5 560
3 561
6 562
2 563
3 564
6 565
5 566
3 567
6 568
11 569
5 570
3 571
2 572
4 573
6 574
7 575
8 576
8 577
3 578
4 579
6 580
1 581
6 582
3 583
5 584
2 585
9 586
5 587
6 588
9 589
4 590
8 591
6 592
6 593
9 594
7 595
5 596
8 597
9 598
4 599
14 600
11 601
7 602
10 603
9 604
12 605
6 606
10 607
12 608
7 609
7 610
4 611
11 612
7 613
10 614
12 615
8 616
13 617
6 618
11 619
11 620
11 621
14 622
16 623
9 624
15 625
11 626
16 627
11 628
16 629
10 630
10 631
13 632
13 633
11 634
16 635
7 636
6 637
17 638
17 639
16 640
14 641
16 642
17 643
22 644
24 645
17 646
23 647
18 648
24 649
29 650
30 651
39 652
21 653
29 654
38 655
26 656
31 657
36 658
38 659
37 660
47 661
40 662
55 663
44 664
48 665
41 666
45 667
55 668
51 669
39 670
45 671
64 672
42 673
53 674
40 675
53 676
34 677
46 678
53 679
53 680
58 681
59 682
63 683
69 684
58 685
86 686
71 687
71 688
71 689
76 690
60 691
70 692
66 693
65 694
51 695
49 696
60 697
55 698
42 699
43 700
26 701
24 702
27 703
23 704
14 705
24 706
11 707
21 708
18 709
20 710
7 711
11 712
13 713
7 714
15 715
12 716
6 717
5 718
7 719
6 720
8 721
4 722
12 723
6 724
5 725
14 726
21 727
9 728
11 729
13 730
3 731
17 732
9 733
9 734
13 735
10 736
12 737
19 738
14 739
16 740
13 741
14 742
14 743
16 744
20 745
21 746
14 747
14 748
18 749
18 750
22 751
19 752
19 753
18 754
15 755
18 756
25 757
19 758
17 759
22 760
18 761
15 762
17 763
20 764
15 765
19 766
28 767
25 768
20 769
18 770
21 771
18 772
23 773
18 774
28 775
22 776
39 777
32 778
31 779
38 780
37 781
56 782
48 783
68 784
49 785
61 786
71 787
84 788
82 789
90 790
114 791
105 792
89 793
115 794
116 795
126 796
138 797
119 798
117 799
152 800
124 801
113 802
103 803
126 804
96 805
101 806
80 807
70 808
74 809
60 810
45 811
68 812
54 813
45 814
53 815
40 816
59 817
42 818
42 819
44 820
60 821
40 822
36 823
57 824
50 825
50 826
47 827
51 828
39 829
48 830
56 831
45 832
44 833
39 834
43 835
51 836
56 837
41 838
52 839
43 840
51 841
47 842
38 843
42 844
42 845
46 846
40 847
49 848
59 849
48 850
56 851
44 852
77 853
82 854
78 855
67 856
70 857
100 858
93 859
97 860
98 861
124 862
127 863
119 864
124 865
118 866
157 867
148 868
141 869
161 870
183 871
192 872
163 873
172 874
175 875
146 876
165 877
146 878
163 879
151 880
153 881
160 882
152 883
154 884
158 885
128 886
154 887
143 888
151 889
125 890
124 891
131 892
112 893
110 894
103 895
105 896
84 897
109 898
103 899
83 900
78 901
68 902
69 903
50 904
46 905
52 906
42 907
48 908
40 909
37 910
30 911
27 912
27 913
24 914
20 915
23 916
18 917
8 918
22 919
19 920
12 921
10 922
7 923
12 924
6 925
9 926
10 927
10 928
5 929
4 930
3 931
5 932
4 933
6 934
5 935
5 936
3 937
4 938
3 939
8 940
4 941
3 944
1 945
1 946
1 947
2 948
1 949
1 950
2 952
1 953
1 954
1 955
2 956
3 958
1 959
3 960
3 961
1 962
1 963
2 964
2 966
1 967
1 968
2 969
1 970
2 971
3 972
4 973
1 974
2 975
1 978
4 979
1 980
4 981
3 982
2 983
5 984
6 985
3 986
5 987
4 988
1 989
3 990
2 991
2 992
3 993
2 995
2 996
2 997
2 998
1 999
1 1000
1 1001
1 1002
3 1003
1 1005
3 1006
3 1007
1 1009
1 1010
2 1011
1 1012
2 1015
1 1016
1 1017
1 1018
2 1021
1 1022
1 1023
4 1024
1 1025
3 1026
1 1027
3 1028
1 1029
2 1032
1 1033
2 1034
2 1035
2 1036
2 1037
1 1038
2 1040
1 1041
3 1042
2 1043
1 1044
5 1045
4 1046
2 1047
1 1048
4 1049
3 1050
2 1051
2 1052
2 1053
1 1054
2 1055
5 1056
3 1057
2 1058
2 1059
3 1060
2 1061
4 1063
3 1064
3 1065
4 1066
4 1067
2 1068
5 1069
2 1070
4 1071
1 1072
1 1073
2 1074
2 1075
3 1076
3 1077
3 1078
2 1079
1 1080
5 1081
2 1082
3 1083
4 1084
4 1086
3 1087
2 1088
4 1089
2 1090
2 1092
1 1093
3 1094
1 1095
1 1096
2 1097
2 1098
3 1099
3 1100
2 1101
3 1102
6 1103
4 1104
3 1105
2 1108
6 1109
1 1110
3 1111
5 1112
6 1113
4 1114
4 1115
5 1116
1 1117
4 1118
2 1119
5 1120
10 1121
1 1122
2 1123
3 1124
6 1125
7 1126
9 1127
6 1128
8 1129
5 1130
6 1131
5 1132
8 1133
7 1134
4 1135
6 1136
4 1137
10 1138
6 1139
8 1140
4 1141
6 1142
3 1143
4 1144
7 1145
9 1146
10 1147
5 1148
3 1149
6 1150
7 1151
2 1152
5 1153
6 1154
3 1155
6 1156
5 1157
6 1158
7 1159
6 1160
4 1161
3 1162
7 1163
6 1164
8 1165
9 1166
9 1167
7 1168
7 1169
5 1170
4 1171
8 1172
9 1173
5 1174
1 1175
7 1176
6 1177
11 1178
9 1179
11 1180
6 1181
9 1182
13 1183
7 1184
12 1185
5 1186
8 1187
7 1188
8 1189
13 1190
9 1191
11 1192
10 1193
6 1194
12 1195
8 1196
12 1197
13 1198
14 1199
15 1200
18 1201
9 1202
18 1203
20 1204
18 1205
18 1206
14 1207
21 1208
18 1209
19 1210
23 1211
24 1212
17 1213
28 1214
21 1215
20 1216
24 1217
23 1218
21 1219
24 1220
29 1221
34 1222
27 1223
42 1224
36 1225
35 1226
32 1227
47 1228
39 1229
35 1230
55 1231
37 1232
51 1233
44 1234
49 1235
40 1236
50 1237
43 1238
58 1239
40 1240
46 1241
42 1242
49 1243
42 1244
45 1245
52 1246
51 1247
55 1248
46 1249
44 1250
33 1251
37 1252
28 1253
31 1254
34 1255
36 1256
32 1257
26 1258
32 1259
23 1260
28 1261
22 1262
27 1263
25 1264
23 1265
16 1266
14 1267
29 1268
19 1269
19 1270
13 1271
14 1272
29 1273
28 1274
22 1275
31 1276
17 1277
18 1278
20 1279
30 1280
20 1281
16 1282
20 1283
22 1284
21 1285
27 1286
23 1287
21 1288
19 1289
21 1290
26 1291
19 1292
12 1293
22 1294
12 1295
14 1296
20 1297
17 1298
22 1299
9 1300
8 1301
12 1302
12 1303
7 1304
12 1305
11 1306
9 1307
7 1308
9 1309
5 1310
9 1311
10 1312
8 1313
3 1314
6 1315
9 1316
12 1317
12 1318
10 1319
11 1320
5 1321
7 1322
11 1323
8 1324
14 1325
20 1326
12 1327
10 1328
10 1329
17 1330
13 1331
16 1332
17 1333
14 1334
14 1335
15 1336
12 1337
17 1338
19 1339
24 1340
23 1341
28 1342
29 1343
29 1344
21 1345
32 1346
25 1347
31 1348
28 1349
37 1350
32 1351
25 1352
48 1353
34 1354
28 1355
30 1356
29 1357
30 1358
53 1359
34 1360
36 1361
53 1362
43 1363
39 1364
32 1365
39 1366
34 1367
34 1368
30 1369
35 1370
27 1371
32 1372
25 1373
24 1374
11 1375
24 1376
21 1377
15 1378
12 1379
16 1380
19 1381
20 1382
10 1383
13 1384
17 1385
17 1386
16 1387
17 1388
14 1389
10 1390
7 1391
17 1392
12 1393
12 1394
5 1395
16 1396
9 1397
13 1398
9 1399
9 1400
12 1401
11 1402
8 1403
10 1404
11 1405
9 1406
11 1407
14 1408
10 1409
9 1410
13 1411
16 1412
20 1413
12 1414
8 1415
12 1416
12 1417
13 1418
14 1419
10 1420
17 1421
23 1422
14 1423
15 1424
16 1425
17 1426
19 1427
23 1428
20 1429
23 1430
17 1431
33 1432
15 1433
20 1434
18 1435
26 1436
21 1437
15 1438
29 1439
28 1440
11 1441
24 1442
11 1443
13 1444
15 1445
23 1446
20 1447
18 1448
23 1449
24 1450
16 1451
13 1452
14 1453
13 1454
21 1455
14 1456
26 1457
17 1458
22 1459
18 1460
10 1461
16 1462
18 1463
21 1464
14 1465
10 1466
21 1467
20 1468
14 1469
12 1470
23 1471
22 1472
13 1473
16 1474
13 1475
16 1476
24 1477
24 1478
35 1479
22 1480
37 1481
20 1482
28 1483
30 1484
28 1485
28 1486
18 1487
20 1488
19 1489
22 1490
29 1491
30 1492
24 1493
22 1494
22 1495
16 1496
25 1497
26 1498
26 1499
29 1500
10 1501
16 1502
14 1503
13 1504
14 1505
12 1506
16 1507
6 1508
17 1509
6 1510
14 1511
6 1512
18 1513
10 1514
6 1515
9 1516
7 1517
6 1518
7 1519
9 1520
6 1521
4 1522
4 1523
6 1524
3 1525
5 1526
1 1527
7 1528
3 1529
5 1530
3 1531
1 1532
1 1533
4 1534
2 1535
4 1536
2 1537
2 1538
2 1539
3 1540
4 1541
5 1542
2 1543
1 1544
1 1545
2 1546
1 1547
1 1548
4 1550
1 1552
3 1553
3 1554
2 1555
1 1556
1 1557
4 1558
3 1559
3 1560
2 1561
4 1562
2 1563
4 1564
1 1565
1 1566
2 1567
4 1568
5 1569
2 1570
4 1571
3 1572
5 1573
4 1574
3 1575
2 1576
6 1577
1 1578
5 1579
1 1580
1 1581
4 1582
5 1583
2 1584
2 1586
5 1587
3 1588
2 1589
3 1590
2 1591
1 1592
7 1593
5 1594
5 1595
2 1596
5 1597
7 1598
5 1599
5 1600
2 1601
5 1602
4 1603
10 1604
1 1605
9 1606
1 1607
4 1608
4 1609
3 1610
3 1611
8 1612
4 1613
3 1614
3 1615
1 1616
1 1617
3 1618
2 1619
5 1620
4 1621
2 1622
7 1623
2 1624
3 1625
3 1626
4 1627
3 1629
2 1630
3 1631
2 1632
1 1633
1 1634
4 1635
4 1636
3 1637
1 1638
1 1639
4 1641
3 1642
3 1644
1 1645
2 1647
2 1648
3 1650
1 1651
1 1652
4 1654
2 1656
3 1657
1 1658
2 1659
2 1660
2 1661
2 1662
1 1664
5 1666
4 1667
2 1668
4 1669
2 1670
1 1672
3 1674
1 1675
1 1677
2 1678
3 1679
3 1681
1 1682
2 1683
2 1684
2 1685
3 1686
5 1687
4 1688
7 1689
2 1690
5 1691
5 1692
3 1693
1 1694
3 1695
2 1696
2 1697
2 1698
6 1699
1 1700
5 1701
4 1702
9 1703
4 1704
3 1705
5 1706
3 1707
4 1708
4 1709
2 1710
6 1711
1 1712
6 1713
5 1714
4 1715
9 1716
6 1717
5 1718
2 1719
5 1720
7 1721
6 1722
5 1723
3 1724
2 1725
4 1726
2 1727
4 1728
3 1729
3 1730
3 1731
2 1732
3 1733
7 1734
4 1735
4 1736
3 1737
4 1738
3 1739
2 1740
2 1741
1 1743
3 1744
1 1745
3 1747
3 1748
1 1749
2 1750
2 1752
1 1753
1 1755
3 1756
1 1759
2 1762
1 1763
1 1764
1 1766
1 1770
1 1771
1 1772
1 1774
2 1776
2 1777
2 1778
1 1779
1 1781
1 1782
1 1784
2 1786
1 1788
3 1789
2 1790
1 1791
2 1792
1 1793
3 1796
2 1797
2 1798
1 1799
1 1800
1 1802
2 1803
3 1804
2 1806
2 1807
1 1808
1 1809
1 1810
2 1811
1 1812
1 1813
1 1814
3 1816
1 1817
1 1818
1 1819
1 1820
1 1821
2 1823
1 1824
1 1825
2 1826
2 1827
2 1828
3 1830
2 1831
2 1832
3 1833
1 1834
1 1837
3 1838
2 1839
1 1840
4 1841
2 1842
1 1843
1 1844
1 1845
4 1846
2 1847
1 1848
2 1849
1 1850
1 1852
3 1853
2 1854
3 1855
1 1856
3 1857
4 1858
4 1859
1 1862
2 1863
2 1864
3 1865
1 1866
2 1867
5 1868
5 1869
2 1870
3 1871
1 1872
1 1873
1 1874
5 1875
4 1876
2 1877
1 1878
3 1879
6 1880
6 1881
3 1882
2 1884
5 1885
2 1886
4 1887
6 1888
2 1889
2 1890
2 1891
6 1892
6 1893
4 1894
3 1895
2 1896
7 1897
7 1898
3 1899
3 1900
5 1901
2 1902
3 1903
4 1904
4 1905
4 1906
6 1907
1 1908
3 1909
5 1910
7 1911
3 1912
5 1913
5 1914
2 1915
1 1916
3 1917
2 1918
2 1919
6 1920
3 1921
3 1922
1 1923
2 1924
9 1925
1 1926
1 1927
5 1928
3 1929
6 1930
7 1931
1 1932
5 1933
5 1934
6 1935
4 1936
6 1937
4 1938
4 1939
8 1940
5 1941
4 1942
8 1943
4 1944
5 1945
3 1946
4 1947
4 1948
8 1949
5 1950
6 1951
5 1952
2 1953
3 1954
5 1955
8 1956
1 1957
7 1958
5 1959
6 1960
4 1961
6 1962
6 1963
4 1964
5 1965
5 1966
7 1967
5 1968
7 1969
8 1970
5 1971
4 1972
12 1973
6 1974
13 1975
9 1976
8 1977
10 1978
11 1979
9 1980
6 1981
8 1982
11 1983
9 1984
11 1985
10 1986
7 1987
10 1988
14 1989
11 1990
12 1991
11 1992
7 1993
10 1994
12 1995
16 1996
9 1997
18 1998
9 1999
14 2000
13 2001
9 2002
17 2003
13 2004
18 2005
14 2006
8 2007
11 2008
16 2009
7 2010
13 2011
13 2012
9 2013
9 2014
14 2015
12 2016
19 2017
7 2018
10 2019
11 2020
4 2021
7 2022
9 2023
11 2024
4 2025
2 2026
6 2027
11 2028
8 2029
7 2030
10 2031
3 2032
3 2033
7 2034
1 2035
6 2036
6 2037
4 2038
4 2039
1 2040
8 2041
6 2042
6 2043
5 2045
6 2046
6 2047
4 2048
8 2049
7 2050
6 2051
3 2052
12 2053
10 2054
5 2055
9 2056
4 2057
9 2058
6 2059
3 2060
6 2061
6 2062
6 2063
5 2064
6 2065
7 2066
4 2067
3 2068
5 2069
3 2070
7 2071
8 2072
6 2073
6 2074
3 2075
8 2076
7 2077
14 2078
4 2079
10 2080
7 2081
7 2082
11 2083
9 2084
9 2085
11 2086
3 2087
4 2088
10 2089
4 2090
11 2091
7 2092
8 2093
7 2094
13 2095
18 2096
12 2097
8 2098
11 2099
12 2100
14 2101
11 2102
15 2103
16 2104
22 2105
23 2106
17 2107
18 2108
17 2109
11 2110
20 2111
20 2112
17 2113
16 2114
28 2115
21 2116
36 2117
28 2118
15 2119
31 2120
30 2121
28 2122
23 2123
32 2124
32 2125
52 2126
39 2127
46 2128
43 2129
36 2130
38 2131
37 2132
43 2133
36 2134
43 2135
45 2136
51 2137
67 2138
49 2139
52 2140
59 2141
50 2142
52 2143
56 2144
60 2145
48 2146
47 2147
54 2148
44 2149
66 2150
61 2151
41 2152
48 2153
51 2154
46 2155
46 2156
41 2157
41 2158
46 2159
43 2160
35 2161
39 2162
35 2163
37 2164
40 2165
33 2166
33 2167
22 2168
30 2169
27 2170
30 2171
21 2172
21 2173
17 2174
17 2175
17 2176
11 2177
12 2178
12 2179
13 2180
9 2181
8 2182
9 2183
7 2184
5 2185
7 2186
6 2187
8 2188
5 2189
1 2190
3 2191
6 2192
3 2193
3 2194
3 2195
5 2196
2 2197
1 2198
3 2199
4 2200
2 2202
2 2204
2 2205
1 2206
2 2207
1 2208
2 2209
3 2210
1 2211
1 2213
3 2216
1 2224
2 2227
1 2237
3 2241
1 2258
2 2260
1 2264
1 2273
1 2280
1 2295
1 2297
1 2307
1 2311
1 2313
1 2318
1 2336
1 2337
2 2340
1 2341
1 2344
1 2352
1 2353
1 2372
1 2375
1 2378
1 2393
1 2398
1 2406
1 2409
1 2412
1 2414
2 2421
1 2434
1 2437
1 2453
1 2454
1 2457
1 2470
1 2483
1 2484
2 2494
1 2511
1 2523
1 2529
1 2530
1 2531
1 2533
1 2537
1 2538
1 2547
1 2548
1 2550
4 2551
2 2552
1 2557
1 2561
1 2574
1 2575
1 2579
1 2583
1 2591
1 2597
1 2608
1 2615
2 2618
1 2623
1 2625
1 2630
1 2633
1 2638
1 2643
1 2650
1 2652
1 2653
1 2668
1 2671
1 2675
1 2676
1 2677
1 2679
1 2680
1 2683
1 2688
1 2689
1 2696
1 2700
2 2701
1 2710
1 2718
1 2720
1 2721
4 2722
1 2728
1 2732
1 2733
1 2734
2 2744
1 2745
1 2747
1 2760
1 2761
1 2765
1 2766
1 2767
2 2770
1 2789
1 2791
1 2793
1 2808
1 2812
1 2817
1 2822
1 2823
1 2835
1 2846
1 2864
1 2868
1 2881
1 2894
1 2913
1 2973
1 2996
1 3019
1 3047
1 3060
1 3074
1 3097
1 3171
1 3183
1 3191
1 3195
1 3236
1 3265
1 3273
1 3343
1 3359
1 3362
1 3363
2 3383
1 3398
1 3402
1 3410
1 3500
1 3501
1 3529
1 3616
1 3641
1 3657
1 3701
1 3708
1 3752
1 3858
1 3928
1 3941
1 4334
1 4338
1 4351
1 4419
1 4453
1 4457
1 4738
1 5200
1 6271
