2 1
1 10
1 17
1 21
2 35
1 36
2 39
1 40
1 44
1 45
1 46
2 49
1 54
1 57
2 58
1 61
2 64
1 68
2 69
1 70
2 71
1 78
1 81
3 82
2 83
3 85
1 87
2 92
1 93
1 96
2 98
2 99
2 100
1 101
2 102
1 103
2 104
1 106
1 107
2 108
3 109
1 110
1 111
1 114
2 115
1 117
2 118
1 119
2 120
1 121
2 123
1 128
1 129
1 132
1 137
1 138
1 139
2 140
1 141
1 142
2 144
2 145
1 146
2 148
1 150
1 151
1 152
3 155
1 156
5 157
2 159
3 160
1 161
2 162
2 163
1 164
3 165
2 166
2 169
1 172
1 173
3 174
3 175
1 176
2 177
2 178
2 179
3 181
1 184
5 185
3 186
1 187
4 188
3 189
5 190
4 191
5 192
4 193
3 194
13 195
6 196
8 197
6 198
4 199
5 200
5 201
8 202
4 203
3 204
3 205
3 206
3 207
1 209
5 210
4 211
2 213
3 214
5 216
2 217
3 218
4 219
1 220
2 221
1 223
2 224
4 225
4 226
3 227
3 228
1 229
1 230
3 231
2 232
2 233
2 234
1 235
1 236
2 237
3 238
4 239
4 241
2 242
1 243
3 244
1 245
3 246
2 247
5 248
2 249
2 250
5 251
2 252
4 253
4 254
2 255
3 256
1 258
4 259
6 261
1 262
2 263
1 265
6 266
2 267
2 268
4 269
2 270
2 271
5 272
1 273
6 274
4 275
1 276
2 277
1 278
4 279
1 280
3 281
3 282
2 283
1 284
2 285
4 286
3 287
3 288
4 289
2 290
6 291
4 292
5 293
6 294
3 295
5 296
7 297
5 298
2 299
6 300
15 301
9 302
14 303
9 304
12 305
5 306
11 307
6 308
8 309
9 310
6 311
9 312
7 313
3 314
5 315
7 316
7 317
5 318
8 319
5 320
3 321
4 322
3 323
8 324
12 325
9 326
8 327
12 328
5 329
4 330
4 331
5 332
10 333
10 334
2 335
4 336
5 337
2 338
5 339
7 340
3 341
4 342
4 343
5 344
5 345
15 346
7 347
9 348
3 349
2 350
4 351
5 352
5 353
3 354
9 355
5 356
4 357
2 358
1 359
10 360
5 361
10 362
5 363
11 364
7 365
6 366
4 367
10 368
9 369
11 370
5 371
11 372
6 373
6 374
5 375
10 376
7 377
9 378
4 379
7 380
6 381
5 382
9 383
4 384
6 385
7 386
7 388
5 389
4 390
5 391
1 392
5 393
5 394
4 395
7 396
6 397
6 398
6 399
6 400
3 401
7 402
5 403
5 404
9 405
8 406
9 407
8 408
7 409
8 410
7 411
12 412
11 413
8 414
16 415
12 416
15 417
9 418
13 419
10 420
21 421
18 422
16 423
28 424
39 425
27 426
37 427
37 428
42 429
54 430
51 431
56 432
53 433
60 434
66 435
54 436
68 437
71 438
56 439
40 440
35 441
34 442
33 443
35 444
36 445
34 446
26 447
19 448
19 449
15 450
13 451
16 452
12 453
14 454
7 455
10 456
11 457
6 458
11 459
15 460
14 461
6 462
10 463
21 464
12 465
5 466
7 467
9 468
10 469
7 470
8 471
6 472
6 473
8 474
10 475
7 476
6 477
7 478
3 479
6 480
3 481
2 482
5 483
9 484
7 485
6 486
4 487
6 488
5 489
3 490
8 491
7 492
7 493
8 494
4 495
11 496
9 497
6 498
9 499
8 500
12 501
12 502
5 503
10 504
5 505
12 506
12 507
19 508
14 509
10 510
11 511
15 512
9 513
12 514
13 515
18 516
13 517
17 518
14 519
14 520
11 521
17 522
16 523
12 524
5 525
10 526
11 527
13 528
9 529
13 530
7 531
3 532
5 533
6 534
9 535
4 536
4 537
2 538
2 539
1 540
4 541
2 542
2 543
2 547
1 548
2 549
2 550
3 551
3 552
2 553
1 554
1 555
1 557
2 558
1 559
2 560
1 561
2 562
2 563
1 564
1 566
2 567
2 568
2 569
2 571
1 572
1 573
2 574
2 575
1 576
3 580
3 581
1 582
5 583
1 584
4 585
2 587
2 588
2 589
2 590
2 592
1 593
3 595
2 596
2 597
1 598
3 599
1 600
3 601
1 602
2 603
2 604
1 605
1 606
3 607
4 608
2 609
2 610
2 611
2 612
2 613
2 614
2 615
1 616
1 617
1 618
1 619
1 621
1 622
3 625
1 626
2 627
1 628
2 629
4 630
1 632
2 633
1 634
3 637
3 638
3 639
1 640
3 643
1 644
2 645
2 646
1 650
2 651
1 652
2 653
2 654
3 655
1 656
1 657
1 659
3 660
3 662
4 663
2 664
1 665
4 666
5 667
5 669
3 670
2 671
3 672
4 673
4 674
1 675
4 676
5 677
3 678
1 679
1 680
1 681
2 683
3 684
1 685
1 687
3 690
4 692
1 693
2 694
2 695
1 697
1 698
1 699
1 700
1 701
1 702
2 703
1 706
2 708
1 711
1 712
2 713
3 714
5 715
1 716
1 718
1 719
2 721
2 724
1 726
1 728
1 729
2 730
1 731
5 732
2 734
1 735
3 737
2 738
2 741
1 743
2 744
1 745
2 746
1 747
2 748
1 749
1 750
1 752
1 757
1 758
2 761
2 762
1 765
3 766
1 769
1 770
1 771
1 776
1 777
3 778
1 780
1 781
2 782
1 784
3 785
1 786
1 787
2 788
4 790
2 791
2 792
2 793
2 797
2 798
1 800
1 801
2 802
1 803
1 804
3 806
1 807
1 808
1 809
2 810
1 812
2 813
1 814
3 815
1 816
1 817
3 818
1 819
4 821
3 822
2 823
2 824
1 825
1 826
3 827
1 828
4 829
3 830
2 831
2 832
5 833
4 834
2 835
2 837
4 838
1 840
1 841
4 842
4 843
4 844
2 845
2 846
2 847
6 848
1 849
5 850
4 851
4 852
2 853
3 854
2 855
1 856
3 857
1 858
4 859
9 860
3 861
4 862
4 863
1 864
1 865
3 866
4 868
5 869
5 870
4 871
2 872
5 873
4 874
2 875
6 876
2 877
4 878
3 879
5 880
4 881
2 882
5 883
8 884
4 885
3 886
3 887
6 888
4 889
8 890
6 891
10 892
9 893
10 894
6 895
8 896
11 897
9 898
11 899
13 900
15 901
12 902
9 903
16 904
9 905
13 906
10 907
12 908
10 909
9 910
9 911
12 912
8 913
9 914
2 915
9 916
5 917
7 918
5 919
4 920
2 921
1 922
5 924
4 925
2 927
1 928
1 930
1 931
1 933
1 938
1 939
1 940
2 942
1 943
1 944
2 946
1 947
1 951
4 952
1 953
1 965
1 970
2 972
1 974
1 977
1 984
1 988
1 994
1 996
1 998
1 999
1 1003
1 1007
2 1015
1 1023
1 1025
3 1026
1 1032
1 1033
1 1036
1 1037
1 1042
1 1049
1 1051
2 1055
1 1057
1 1058
1 1059
4 1060
1 1063
1 1071
1 1072
1 1081
1 1084
1 1086
1 1089
1 1094
2 1097
1 1098
1 1099
1 1102
1 1104
1 1106
1 1107
1 1108
2 1111
2 1113
2 1115
1 1117
1 1119
1 1122
1 1123
2 1124
1 1125
1 1129
1 1131
1 1136
1 1138
1 1139
1 1144
1 1145
1 1147
1 1148
1 1150
1 1152
1 1153
3 1158
1 1159
2 1164
1 1166
2 1167
1 1169
1 1171
1 1172
3 1174
1 1176
2 1177
1 1178
2 1179
2 1180
4 1181
2 1183
4 1185
3 1186
2 1187
2 1188
2 1189
3 1190
1 1191
3 1192
2 1194
5 1195
3 1196
1 1199
4 1200
1 1201
1 1202
1 1203
1 1205
1 1207
1 1209
1 1212
2 1213
2 1217
1 1220
1 1221
2 1222
1 1224
1 1226
1 1227
1 1229
1 1234
1 1235
2 1237
1 1239
1 1245
2 1250
2 1251
1 1252
1 1254
1 1256
2 1257
1 1258
1 1259
2 1260
1 1261
1 1262
1 1263
1 1264
1 1265
1 1266
1 1267
1 1268
2 1269
2 1270
4 1271
1 1273
2 1274
1 1275
5 1277
2 1278
1 1279
1 1280
1 1281
4 1282
4 1283
4 1284
3 1285
1 1286
2 1287
4 1288
4 1289
1 1290
3 1291
3 1292
2 1293
4 1294
2 1295
2 1297
3 1298
3 1299
1 1300
3 1301
2 1302
1 1303
1 1304
2 1305
2 1306
1 1307
3 1308
1 1309
2 1310
2 1311
1 1312
3 1313
1 1316
2 1317
1 1320
1 1321
1 1323
1 1327
1 1328
4 1329
3 1330
1 1331
1 1332
1 1333
2 1334
1 1335
1 1339
1 1340
1 1343
1 1345
1 1348
1 1351
1 1352
2 1357
2 1358
2 1363
1 1368
1 1369
2 1375
2 1376
1 1379
2 1383
1 1387
1 1390
1 1391
2 1392
1 1393
1 1394
1 1396
1 1399
3 1400
1 1402
1 1404
1 1409
1 1413
1 1418
1 1422
1 1423
1 1427
1 1443
2 1445
1 1448
2 1449
1 1450
3 1453
1 1458
1 1460
1 1469
1 1471
1 1473
1 1477
2 1479
1 1481
1 1487
1 1489
1 1491
1 1494
1 1496
1 1498
2 1500
3 1501
1 1502
1 1508
2 1510
1 1512
1 1514
1 1515
1 1520
1 1521
1 1524
2 1527
1 1532
2 1534
2 1535
1 1537
1 1538
1 1539
3 1540
1 1541
1 1542
1 1544
1 1545
1 1546
1 1547
1 1548
1 1549
1 1553
1 1554
1 1555
2 1558
1 1559
2 1561
3 1562
1 1563
1 1564
1 1566
1 1567
1 1568
1 1569
1 1572
2 1574
1 1576
1 1581
1 1582
1 1583
1 1586
1 1593
1 1595
1 1598
1 1599
1 1601
1 1604
1 1605
3 1607
1 1619
1 1625
1 1626
2 1634
1 1636
2 1638
1 1639
2 1641
1 1642
1 1645
2 1646
1 1647
1 1648
1 1649
3 1652
2 1655
1 1656
1 1660
1 1661
1 1662
1 1663
1 1664
1 1666
1 1673
1 1674
2 1677
2 1680
1 1696
1 1699
2 1702
1 1716
1 1718
2 1719
2 1721
1 1724
1 1725
1 1726
1 1727
1 1728
1 1730
1 1733
1 1736
1 1738
1 1739
1 1740
1 1741
1 1742
1 1743
3 1744
1 1745
2 1746
1 1747
2 1748
1 1757
1 1758
1 1760
1 1761
1 1766
1 1767
1 1769
1 1770
1 1774
2 1777
1 1778
1 1780
1 1782
1 1783
1 1787
1 1789
2 1791
2 1795
1 1796
1 1801
1 1803
1 1804
1 1807
2 1811
1 1814
1 1820
1 1821
1 1825
1 1826
1 1831
1 1834
1 1836
1 1838
1 1841
1 1842
1 1843
1 1846
2 1848
1 1856
2 1858
1 1859
2 1860
1 1862
1 1864
1 1865
2 1871
1 1872
1 1875
3 1877
1 1881
1 1883
1 1885
1 1886
1 1887
1 1890
2 1892
1 1895
1 1896
1 1897
1 1901
1 1907
1 1910
1 1915
1 1917
1 1918
2 1919
1 1921
1 1922
1 1923
2 1924
2 1931
1 1934
1 1938
1 1953
1 1956
3 1958
1 1963
1 1965
2 1966
1 1968
2 1971
1 1975
2 1986
1 1987
1 1993
1 1996
1 2005
2 2018
1 2036
1 2038
1 2041
1 2044
1 2048
1 2050
1 2059
1 2067
1 2068
2 2069
1 2073
1 2084
1 2086
1 2090
2 2095
1 2105
1 2119
1 2120
1 2128
1 2145
2 2146
1 2148
1 2153
3 2156
1 2159
1 2171
2 2175
1 2177
1 2180
1 2181
1 2188
2 2198
1 2202
1 2204
1 2207
1 2208
1 2213
1 2214
1 2217
1 2218
1 2219
1 2221
1 2224
1 2226
1 2230
1 2231
1 2232
1 2235
1 2239
1 2240
1 2242
1 2244
1 2247
1 2254
3 2257
1 2258
1 2259
1 2260
1 2264
1 2265
1 2266
1 2267
1 2269
2 2271
1 2273
1 2275
2 2278
1 2282
1 2283
1 2284
4 2285
2 2290
2 2292
1 2293
1 2294
1 2295
1 2296
1 2297
2 2298
1 2299
2 2301
3 2303
3 2304
1 2305
1 2306
1 2307
1 2309
1 2310
2 2311
1 2312
2 2313
1 2314
3 2315
1 2316
1 2318
2 2319
1 2320
1 2321
2 2322
2 2324
2 2325
1 2326
1 2328
1 2331
1 2332
2 2334
2 2337
1 2340
1 2342
2 2344
1 2345
1 2346
2 2347
3 2348
2 2349
1 2350
1 2351
1 2352
3 2353
1 2354
3 2355
2 2359
3 2360
1 2361
2 2362
2 2363
1 2364
2 2365
2 2366
1 2367
3 2368
2 2369
1 2370
1 2371
1 2372
2 2374
1 2375
3 2376
2 2377
1 2378
1 2379
3 2380
2 2381
4 2382
3 2383
2 2384
2 2386
4 2387
3 2388
1 2389
6 2390
3 2391
2 2392
2 2393
2 2394
2 2395
2 2396
2 2397
3 2398
4 2399
2 2400
3 2401
2 2402
3 2403
1 2404
2 2405
1 2406
5 2407
3 2408
5 2409
1 2411
5 2412
5 2413
3 2414
2 2415
2 2416
3 2417
1 2418
2 2419
3 2420
2 2421
3 2422
1 2423
2 2424
1 2425
1 2427
1 2429
2 2430
1 2431
2 2432
2 2434
1 2435
2 2436
1 2437
1 2438
1 2439
1 2440
2 2441
1 2444
1 2445
1 2452
1 2463
1 2469
1 2478
1 2480
1 2483
1 2487
1 2491
1 2492
1 2493
1 2495
1 2498
2 2523
1 2527
1 2541
1 2548
1 2549
1 2550
1 2565
1 2572
2 2579
1 2586
1 2595
1 2605
1 2612
2 2615
1 2616
1 2621
1 2622
1 2623
1 2625
1 2631
2 2632
1 2633
2 2636
1 2641
1 2646
1 2650
1 2654
1 2656
1 2657
1 2658
1 2659
1 2661
1 2675
1 2676
2 2678
1 2680
2 2685
2 2687
1 2688
2 2690
1 2691
1 2693
1 2694
1 2695
2 2696
1 2700
2 2702
1 2705
1 2707
1 2709
1 2710
1 2713
2 2719
1 2729
2 2731
1 2733
1 2735
1 2738
1 2739
1 2741
1 2742
1 2743
3 2747
1 2757
1 2758
1 2761
2 2772
1 2774
1 2776
1 2778
1 2781
2 2789
2 2792
1 2793
1 2796
1 2797
1 2798
1 2799
1 2800
1 2804
1 2805
2 2807
1 2814
1 2815
1 2816
1 2818
1 2820
1 2825
2 2827
4 2828
1 2831
1 2834
1 2835
2 2837
2 2841
3 2842
1 2843
2 2844
2 2845
2 2847
2 2851
2 2852
1 2855
1 2861
3 2862
1 2863
2 2864
2 2865
1 2866
2 2868
1 2870
2 2873
2 2877
1 2878
2 2879
3 2880
1 2883
1 2884
2 2885
2 2887
2 2888
1 2889
2 2892
3 2896
1 2897
1 2898
1 2899
2 2900
1 2903
1 2904
2 2906
1 2907
1 2908
1 2909
2 2910
3 2911
1 2912
2 2913
2 2914
4 2915
1 2916
2 2917
1 2918
2 2919
3 2920
9 2921
1 2922
4 2923
1 2924
2 2925
3 2926
7 2927
7 2928
4 2929
4 2930
4 2931
2 2933
2 2934
3 2935
6 2936
6 2937
7 2938
4 2939
5 2940
5 2942
8 2943
5 2944
4 2945
2 2946
6 2947
3 2948
3 2949
1 2950
7 2951
1 2952
4 2953
1 2954
3 2955
4 2956
4 2957
3 2958
2 2959
4 2960
5 2961
2 2962
3 2963
1 2964
4 2965
3 2967
2 2968
1 2972
2 2973
1 2974
2 2975
2 2976
1 2979
1 2981
1 2983
3 2986
1 2988
2 2989
1 2991
1 2992
2 2995
1 2998
1 2999
1 3003
1 3004
2 3005
1 3006
1 3021
1 3025
1 3034
1 3047
1 3063
1 3088
1 3287
1 3300
1 3303
1 3308
1 3309
1 3312
1 3370
1 3488
1 3527
1 3530
1 3573
1 3587
1 3620
1 3771
1 3815
1 3824
1 4001
1 4022
1 4029
1 4036
1 4055
1 4063
1 4076
1 4142
1 4152
1 4162
1 4191
1 4219
1 4222
1 4267
1 4270
1 4276
1 4290
2 4295
1 4296
1 4297
1 4314
1 4320
1 4321
1 4322
1 4327
1 4333
1 4334
1 4341
2 4343
1 4345
1 4352
1 4355
1 4356
1 4359
1 4365
1 4366
1 4377
1 4382
1 4385
1 4387
1 4395
1 4399
1 4403
1 4404
1 4406
1 4413
1 4425
1 4436
1 4449
1 4476
1 4517
1 4543
2 4550
1 4558
1 4569
1 4574
1 4582
1 4607
1 4608
1 4618
1 4622
1 4623
1 4625
2 4633
1 4635
1 4638
1 4648
1 4649
1 4651
2 4652
1 4654
2 4655
1 4658
1 4660
1 4662
1 4666
2 4667
1 4673
1 4677
1 4681
1 4682
1 4683
1 4686
2 4690
3 4691
1 4702
1 4707
1 4715
1 4718
1 4739
1 4740
1 4821
1 4876
1 4897
1 4942
1 5031
1 5060
1 5072
1 5088
1 5100
1 5115
1 5134
1 5141
1 5146
1 5148
1 5156
1 5157
1 5184
1 5189
1 5210
1 5291
1 5295
1 5314
1 5409
1 5411
2 5415
1 5435
1 5438
1 5442
1 5448
1 5452
2 5461
1 5463
1 5467
1 5469
1 5475
1 5499
1 5500
1 5501
1 5502
1 5507
1 5515
1 5519
1 5526
2 5527
1 5531
1 5535
1 5536
2 5540
1 5543
2 5544
1 5545
2 5554
1 5559
2 5560
1 5561
1 5569
1 5571
1 5572
1 5575
1 5583
1 5603
1 5605
1 5615
1 5618
1 5693
