3 2
1 5
1 10
2 11
1 12
1 13
1 15
1 16
2 18
2 19
1 20
2 22
2 31
2 33
1 35
1 36
1 37
1 38
1 39
4 41
1 42
1 46
2 48
4 49
2 52
1 54
1 55
1 57
1 58
1 62
1 64
2 65
1 66
2 69
10 70
2 71
1 72
1 73
1 74
2 75
1 76
1 77
4 78
2 79
3 80
2 81
2 82
3 84
2 85
2 86
1 87
1 88
3 89
1 92
2 93
6 94
1 95
2 97
6 98
1 99
1 100
1 101
1 102
4 103
4 104
5 105
2 106
3 107
1 108
4 109
2 110
1 111
6 112
7 113
7 114
3 115
3 116
4 117
6 118
2 120
6 121
5 122
2 123
8 124
3 125
4 126
4 127
5 128
2 129
3 130
3 131
3 132
3 134
5 135
1 137
1 138
3 139
3 140
2 141
2 142
3 143
5 144
5 145
1 146
1 147
6 148
3 150
2 151
5 152
5 153
5 154
3 155
2 156
4 157
3 158
6 159
9 160
12 161
6 162
5 163
5 164
7 165
5 166
2 167
5 168
4 169
6 170
2 171
4 172
4 173
6 174
3 175
6 176
6 177
3 178
4 179
3 180
8 181
7 182
5 183
5 184
9 185
18 186
7 187
22 188
12 189
30 190
32 191
38 192
41 193
56 194
58 195
64 196
66 197
63 198
60 199
58 200
50 201
44 202
31 203
27 204
26 205
12 206
15 207
10 208
8 209
3 210
11 211
4 212
8 213
5 214
7 215
5 216
3 217
3 218
3 219
6 220
4 221
5 222
2 223
6 224
5 225
6 226
2 227
10 228
1 229
3 230
7 231
2 232
7 233
4 234
8 235
3 236
6 237
8 238
9 239
11 240
7 241
6 242
11 243
4 244
11 245
10 246
2 247
12 248
9 249
4 250
7 251
12 252
10 253
10 254
6 255
12 256
6 257
7 258
6 259
13 260
10 261
7 262
12 263
7 264
15 265
11 266
7 267
11 268
8 269
12 270
15 271
13 272
11 273
18 274
21 275
23 276
13 277
24 278
20 279
16 280
19 281
14 282
14 283
11 284
10 285
12 286
17 287
15 288
19 289
13 290
14 291
12 292
21 293
13 294
22 295
22 296
30 297
32 298
26 299
27 300
32 301
32 302
32 303
37 304
30 305
29 306
25 307
29 308
19 309
20 310
29 311
15 312
23 313
21 314
20 315
20 316
17 317
26 318
23 319
25 320
33 321
31 322
29 323
33 324
31 325
29 326
37 327
43 328
38 329
41 330
29 331
46 332
30 333
35 334
24 335
29 336
27 337
20 338
17 339
16 340
22 341
14 342
17 343
23 344
16 345
25 346
25 347
21 348
21 349
17 350
21 351
20 352
28 353
16 354
24 355
16 356
16 357
11 358
19 359
17 360
14 361
17 362
27 363
12 364
18 365
20 366
22 367
27 368
36 369
27 370
30 371
15 372
24 373
27 374
35 375
18 376
23 377
26 378
17 379
17 380
23 381
22 382
20 383
23 384
12 385
18 386
18 387
16 388
17 389
15 390
17 391
15 392
25 393
24 394
23 395
11 396
17 397
14 398
21 399
25 400
13 401
20 402
18 403
25 404
17 405
19 406
19 407
24 408
20 409
26 410
24 411
19 412
16 413
28 414
30 415
34 416
33 417
43 418
43 419
55 420
58 421
64 422
49 423
58 424
61 425
91 426
76 427
104 428
97 429
123 430
125 431
135 432
153 433
153 434
196 435
164 436
181 437
157 438
161 439
148 440
163 441
144 442
123 443
122 444
93 445
94 446
86 447
55 448
59 449
56 450
58 451
32 452
47 453
44 454
53 455
50 456
50 457
45 458
45 459
46 460
59 461
55 462
46 463
59 464
59 465
53 466
30 467
41 468
31 469
37 470
40 471
41 472
42 473
38 474
16 475
31 476
21 477
20 478
24 479
13 480
19 481
15 482
14 483
16 484
17 485
15 486
19 487
12 488
18 489
15 490
17 491
13 492
17 493
22 494
19 495
20 496
25 497
27 498
25 499
30 500
24 501
33 502
27 503
31 504
39 505
39 506
31 507
41 508
53 509
53 510
37 511
66 512
63 513
50 514
64 515
73 516
67 517
89 518
89 519
87 520
100 521
74 522
92 523
82 524
97 525
100 526
93 527
88 528
86 529
98 530
99 531
65 532
59 533
60 534
52 535
62 536
35 537
58 538
38 539
34 540
34 541
25 542
23 543
23 544
24 545
23 546
11 547
16 548
10 549
7 550
11 551
5 552
21 553
15 554
11 555
10 556
18 557
10 558
10 559
7 560
6 561
5 562
9 563
5 564
4 565
3 566
9 567
11 568
7 569
5 570
8 571
3 572
8 573
5 574
10 575
7 576
10 577
8 578
8 579
13 580
14 581
16 582
9 583
16 584
19 585
10 586
11 587
12 588
23 589
9 590
13 591
10 592
13 593
9 594
19 595
23 596
19 597
20 598
28 599
24 600
21 601
14 602
20 603
27 604
32 605
23 606
24 607
21 608
17 609
19 610
19 611
26 612
20 613
19 614
13 615
10 616
14 617
12 618
5 619
16 620
8 621
9 622
5 623
7 624
9 625
8 626
5 627
8 628
6 629
12 630
5 631
8 632
4 633
11 634
5 635
3 636
9 637
11 638
12 639
16 640
13 641
15 642
5 643
11 644
9 645
11 646
16 647
17 648
11 649
13 650
15 651
14 652
19 653
22 654
17 655
19 656
22 657
36 658
29 659
28 660
21 661
36 662
34 663
25 664
28 665
35 666
21 667
25 668
24 669
35 670
10 671
20 672
22 673
20 674
23 675
24 676
28 677
18 678
18 679
22 680
20 681
9 682
10 683
17 684
15 685
21 686
19 687
18 688
22 689
13 690
11 691
17 692
16 693
17 694
19 695
23 696
23 697
19 698
15 699
16 700
7 701
15 702
11 703
14 704
8 705
14 706
16 707
14 708
14 709
12 710
10 711
10 712
11 713
13 714
16 715
14 716
14 717
12 718
8 719
7 720
12 721
11 722
12 723
5 724
6 725
5 726
4 727
5 728
4 729
8 730
9 731
8 732
6 733
2 734
12 735
2 736
12 737
11 738
6 739
18 740
8 741
11 742
9 743
13 744
8 745
10 746
7 747
12 748
10 749
5 750
6 751
6 752
9 753
9 754
8 755
8 756
7 757
11 758
13 759
13 760
9 761
7 762
7 763
15 764
11 765
11 766
7 767
5 768
6 769
14 770
15 771
15 772
13 773
14 774
13 775
14 776
15 777
16 778
19 779
12 780
16 781
9 782
19 783
20 784
26 785
20 786
22 787
23 788
19 789
23 790
20 791
20 792
17 793
16 794
23 795
20 796
12 797
10 798
12 799
9 800
18 801
21 802
13 803
19 804
6 805
15 806
12 807
10 808
10 809
12 810
14 811
6 812
8 813
5 814
8 815
11 816
8 817
11 818
12 819
7 820
12 821
17 822
19 823
18 824
9 825
9 826
10 827
11 828
30 829
9 830
21 831
18 832
18 833
12 834
27 835
14 836
21 837
14 838
23 839
19 840
21 841
20 842
25 843
15 844
29 845
20 846
28 847
22 848
36 849
26 850
37 851
38 852
25 853
34 854
55 855
44 856
45 857
40 858
56 859
59 860
55 861
45 862
60 863
52 864
47 865
41 866
51 867
44 868
61 869
39 870
42 871
53 872
39 873
27 874
32 875
27 876
27 877
20 878
20 879
23 880
29 881
28 882
26 883
20 884
24 885
29 886
22 887
22 888
27 889
33 890
25 891
17 892
28 893
24 894
26 895
35 896
37 897
27 898
31 899
32 900
41 901
27 902
40 903
34 904
31 905
28 906
30 907
32 908
25 909
29 910
34 911
29 912
21 913
24 914
16 915
15 916
23 917
16 918
9 919
14 920
12 921
16 922
13 923
12 924
11 925
12 926
11 927
3 928
5 929
4 930
5 931
5 932
7 933
3 934
6 935
3 936
3 937
4 938
5 939
7 940
3 941
3 942
3 943
3 944
6 945
3 946
3 947
2 948
3 949
4 950
2 951
1 952
1 953
1 955
6 956
1 957
2 958
3 959
4 960
1 961
1 962
6 963
2 964
4 965
4 966
2 967
1 968
5 969
2 970
1 971
1 973
2 976
4 977
1 978
1 979
1 980
1 981
2 982
1 983
1 985
1 987
2 988
3 989
2 990
1 991
2 992
1 993
2 996
3 999
2 1000
2 1002
2 1003
2 1004
2 1005
1 1006
3 1007
1 1008
1 1009
2 1010
3 1011
3 1012
3 1013
1 1014
1 1015
2 1016
1 1018
2 1020
2 1021
1 1024
3 1025
1 1026
4 1027
3 1029
1 1030
2 1031
2 1032
1 1033
5 1034
1 1035
1 1036
1 1037
3 1038
3 1039
1 1040
3 1041
1 1043
3 1044
2 1045
1 1046
4 1047
2 1048
3 1049
1 1050
1 1051
3 1052
5 1053
3 1054
4 1055
3 1056
4 1057
1 1058
2 1059
1 1060
5 1061
1 1063
2 1064
6 1065
1 1066
3 1067
1 1068
4 1069
5 1070
3 1071
2 1073
2 1074
1 1075
2 1076
1 1077
3 1078
1 1079
5 1080
1 1081
2 1082
2 1085
4 1086
3 1087
2 1088
2 1089
2 1090
3 1091
1 1092
3 1093
2 1094
6 1095
5 1096
2 1097
1 1098
4 1099
3 1100
1 1101
5 1102
1 1103
9 1104
7 1105
3 1106
4 1107
2 1108
5 1109
5 1110
3 1111
4 1112
5 1113
6 1114
4 1115
6 1116
8 1117
1 1118
7 1119
5 1120
2 1121
5 1122
5 1123
3 1124
6 1125
1 1126
2 1127
2 1128
6 1129
3 1130
4 1131
6 1132
3 1133
5 1134
5 1135
4 1136
4 1137
4 1138
1 1139
2 1140
3 1141
3 1142
1 1143
1 1144
3 1145
1 1147
1 1148
5 1149
3 1150
3 1151
1 1152
4 1153
5 1154
3 1155
2 1156
2 1157
10 1158
6 1159
4 1160
4 1161
3 1162
5 1163
7 1164
8 1165
6 1166
7 1167
6 1168
6 1169
9 1170
11 1171
6 1172
7 1173
9 1174
9 1175
11 1176
12 1177
12 1178
12 1179
6 1180
21 1181
14 1182
10 1183
12 1184
16 1185
15 1186
19 1187
13 1188
16 1189
11 1190
16 1191
19 1192
15 1193
15 1194
22 1195
16 1196
8 1197
18 1198
14 1199
17 1200
12 1201
8 1202
13 1203
10 1204
4 1205
14 1206
5 1207
6 1208
5 1209
10 1210
10 1211
8 1212
8 1213
8 1214
8 1215
6 1216
10 1217
5 1218
7 1219
6 1220
8 1221
6 1222
6 1223
2 1224
7 1225
2 1226
5 1227
1 1228
4 1229
8 1230
6 1231
4 1232
6 1233
3 1234
3 1235
6 1236
2 1237
5 1238
2 1239
2 1240
6 1241
4 1242
6 1243
4 1244
3 1245
8 1246
5 1247
4 1248
5 1249
4 1250
4 1251
3 1252
2 1253
7 1254
4 1255
4 1256
4 1257
8 1258
1 1259
6 1260
5 1261
1 1262
1 1263
7 1264
9 1265
2 1266
9 1267
7 1268
5 1269
8 1270
6 1271
9 1272
12 1273
9 1274
8 1275
11 1276
16 1277
8 1278
16 1279
15 1280
19 1281
18 1282
14 1283
12 1284
19 1285
19 1286
18 1287
26 1288
23 1289
17 1290
22 1291
23 1292
28 1293
19 1294
25 1295
29 1296
28 1297
22 1298
27 1299
24 1300
25 1301
25 1302
29 1303
21 1304
20 1305
21 1306
19 1307
20 1308
18 1309
20 1310
18 1311
8 1312
10 1313
9 1314
11 1315
14 1316
19 1317
18 1318
12 1319
16 1320
14 1321
15 1322
8 1323
10 1324
9 1325
8 1326
17 1327
10 1328
9 1329
11 1330
11 1331
11 1332
7 1333
12 1334
10 1335
9 1336
7 1337
9 1338
4 1339
5 1340
8 1341
12 1342
9 1343
6 1344
6 1345
4 1346
7 1347
9 1348
3 1349
7 1350
1 1351
6 1352
5 1353
4 1354
8 1355
4 1356
9 1357
5 1358
9 1359
7 1360
9 1361
8 1362
7 1363
11 1364
8 1365
4 1366
6 1367
6 1368
10 1369
5 1370
7 1371
9 1372
4 1373
12 1374
7 1375
5 1376
6 1377
7 1378
7 1379
10 1380
8 1381
7 1382
8 1383
11 1384
6 1385
10 1386
6 1387
5 1388
4 1389
11 1390
7 1391
3 1392
5 1393
5 1394
4 1395
7 1396
5 1397
5 1398
6 1399
3 1400
4 1401
5 1402
4 1403
7 1404
4 1405
3 1406
5 1407
3 1408
3 1409
2 1410
9 1411
2 1412
3 1413
4 1414
5 1415
4 1416
2 1417
1 1418
1 1419
1 1420
1 1421
2 1422
4 1424
3 1426
3 1427
1 1428
1 1429
1 1430
3 1431
2 1432
4 1433
3 1435
2 1436
2 1437
1 1438
4 1439
4 1440
6 1441
1 1442
4 1443
3 1444
1 1445
7 1446
1 1447
2 1448
5 1449
2 1450
2 1451
1 1452
4 1453
4 1454
1 1455
5 1456
7 1457
4 1458
2 1459
9 1460
1 1461
3 1462
5 1463
4 1464
6 1465
4 1466
7 1467
7 1468
8 1469
2 1470
8 1471
5 1472
7 1473
7 1474
4 1475
10 1476
3 1477
6 1478
8 1479
5 1480
4 1482
9 1483
11 1484
7 1485
4 1486
1 1487
6 1488
4 1489
6 1490
5 1491
10 1492
3 1493
6 1494
9 1495
2 1496
3 1497
9 1498
8 1499
6 1500
9 1501
2 1502
9 1503
11 1504
8 1505
7 1506
18 1507
6 1508
4 1509
8 1510
8 1511
8 1512
8 1513
9 1514
16 1515
16 1516
15 1517
8 1518
11 1519
8 1520
16 1521
18 1522
18 1523
17 1524
18 1525
12 1526
16 1527
21 1528
17 1529
19 1530
28 1531
19 1532
24 1533
23 1534
25 1535
17 1536
29 1537
27 1538
17 1539
16 1540
20 1541
24 1542
24 1543
30 1544
24 1545
28 1546
16 1547
27 1548
19 1549
18 1550
14 1551
16 1552
12 1553
18 1554
15 1555
12 1556
8 1557
12 1558
16 1559
13 1560
10 1561
16 1562
10 1563
14 1564
20 1565
6 1566
5 1567
8 1568
3 1569
7 1570
4 1571
8 1572
5 1573
4 1574
4 1575
7 1576
7 1577
5 1578
8 1579
5 1580
6 1581
1 1582
3 1583
5 1584
1 1585
4 1586
4 1587
3 1588
7 1589
1 1590
3 1591
1 1592
5 1593
6 1594
2 1595
2 1596
3 1597
4 1598
6 1599
4 1600
1 1601
5 1602
2 1603
2 1604
5 1605
6 1606
5 1607
4 1608
5 1609
9 1610
3 1611
3 1612
3 1613
4 1614
4 1615
4 1616
5 1617
5 1618
3 1619
1 1620
1 1621
4 1622
2 1623
4 1624
11 1625
6 1626
5 1627
5 1628
10 1629
6 1630
6 1631
8 1632
6 1633
3 1634
11 1635
10 1636
3 1637
7 1638
10 1639
8 1640
5 1641
7 1642
9 1643
4 1644
6 1645
9 1646
12 1647
5 1648
9 1649
6 1650
7 1651
6 1652
4 1653
10 1654
8 1655
9 1656
8 1657
6 1658
5 1659
10 1660
5 1661
4 1662
5 1663
4 1664
4 1665
1 1666
6 1667
4 1668
3 1669
1 1670
3 1671
1 1672
3 1673
3 1674
6 1675
1 1676
2 1677
1 1678
4 1679
1 1680
5 1681
5 1682
3 1683
2 1684
2 1685
3 1686
2 1688
2 1689
2 1690
4 1692
2 1693
1 1694
4 1697
2 1698
3 1699
3 1700
2 1701
3 1702
2 1703
3 1704
2 1705
2 1706
2 1707
2 1708
6 1709
3 1710
2 1711
3 1712
2 1713
2 1714
1 1715
1 1716
2 1717
3 1718
4 1719
2 1720
3 1721
2 1722
3 1724
3 1725
7 1726
2 1727
3 1728
2 1730
4 1731
6 1732
2 1733
1 1734
5 1735
3 1736
1 1737
1 1738
3 1739
1 1740
3 1741
3 1742
2 1743
3 1744
2 1745
1 1746
5 1747
9 1748
2 1749
5 1750
6 1751
7 1752
3 1753
7 1754
6 1755
6 1756
3 1757
8 1758
6 1759
4 1760
9 1761
4 1762
12 1763
4 1764
10 1765
7 1766
8 1767
5 1768
13 1769
7 1770
7 1771
8 1772
6 1773
13 1774
13 1775
11 1776
13 1777
15 1778
6 1779
10 1780
4 1781
14 1782
7 1783
9 1784
9 1785
13 1786
8 1787
7 1788
12 1789
13 1790
10 1791
9 1792
9 1793
9 1794
10 1795
6 1796
7 1797
9 1798
4 1799
6 1800
10 1801
8 1802
10 1803
3 1804
10 1805
2 1806
7 1807
1 1808
7 1809
4 1810
6 1811
5 1812
6 1813
4 1814
5 1815
6 1816
6 1817
4 1818
4 1819
5 1820
2 1821
4 1822
5 1823
1 1824
2 1825
5 1826
2 1827
2 1828
3 1830
7 1831
7 1832
7 1833
3 1835
4 1836
3 1837
1 1838
4 1839
2 1840
3 1841
8 1842
5 1843
2 1844
6 1845
6 1846
5 1847
5 1848
6 1849
1 1850
5 1851
14 1852
8 1853
2 1854
8 1855
8 1856
5 1857
7 1858
4 1859
7 1860
7 1861
11 1862
11 1863
8 1864
10 1865
15 1866
10 1867
14 1868
9 1869
15 1870
12 1871
16 1872
19 1873
12 1874
24 1875
15 1876
18 1877
12 1878
22 1879
8 1880
10 1881
9 1882
13 1883
10 1884
8 1885
10 1886
13 1887
18 1888
17 1889
15 1890
16 1891
17 1892
17 1893
7 1894
16 1895
19 1896
9 1897
14 1898
8 1899
16 1900
11 1901
11 1902
7 1903
6 1904
12 1905
10 1906
8 1907
5 1908
8 1909
9 1910
5 1911
5 1912
8 1913
8 1914
5 1915
6 1916
6 1917
3 1918
3 1919
4 1920
7 1921
4 1922
3 1923
5 1924
4 1925
3 1926
3 1927
2 1928
1 1929
2 1930
1 1931
1 1932
2 1933
4 1934
1 1935
4 1936
4 1938
2 1939
3 1941
1 1942
4 1943
2 1945
3 1946
1 1947
1 1948
1 1949
3 1950
5 1951
4 1952
1 1954
1 1955
1 1956
1 1957
1 1958
3 1959
1 1960
3 1962
1 1963
1 1964
2 1965
2 1966
4 1967
2 1968
4 1969
3 1970
3 1971
2 1972
3 1974
1 1975
1 1976
2 1977
2 1978
2 1979
2 1980
1 1981
2 1982
2 1983
1 1984
1 1985
4 1986
4 1987
2 1988
1 1989
1 1990
2 1991
1 1992
1 1993
1 1999
1 2000
1 2001
1 2004
1 2006
2 2007
1 2008
1 2009
1 2010
1 2011
1 2012
1 2014
2 2017
1 2018
2 2019
1 2020
1 2021
1 2022
2 2023
2 2025
1 2028
1 2029
3 2030
1 2031
1 2032
1 2033
1 2035
1 2036
1 2037
2 2038
1 2043
3 2046
1 2049
1 2054
1 2055
1 2057
1 2058
1 2059
2 2064
1 2065
1 2066
2 2068
1 2070
2 2071
2 2073
2 2074
1 2075
1 2076
1 2078
2 2079
2 2081
2 2082
1 2083
1 2085
1 2088
2 2089
1 2090
3 2091
1 2092
1 2093
1 2094
4 2095
3 2096
2 2097
1 2098
2 2099
2 2100
1 2101
3 2103
2 2104
1 2105
1 2106
1 2109
1 2110
1 2111
1 2112
6 2114
3 2116
1 2117
1 2121
1 2122
1 2124
1 2125
2 2126
2 2127
1 2128
1 2129
1 2131
1 2133
1 2134
2 2135
2 2136
1 2138
1 2140
1 2141
1 2142
1 2144
1 2146
2 2147
1 2149
1 2151
1 2153
4 2154
2 2155
2 2158
1 2161
1 2162
1 2163
1 2165
1 2166
3 2168
1 2169
1 2171
1 2172
2 2174
2 2175
1 2178
3 2179
2 2181
1 2182
1 2184
1 2185
1 2188
1 2189
1 2190
2 2192
2 2193
3 2194
1 2196
2 2197
1 2199
2 2200
2 2201
1 2202
2 2203
1 2204
1 2206
4 2208
3 2209
3 2210
3 2211
3 2213
2 2215
1 2216
2 2217
1 2218
1 2219
5 2220
4 2221
2 2222
1 2223
2 2224
3 2225
1 2226
2 2227
2 2228
1 2229
1 2230
1 2231
1 2232
1 2234
2 2235
1 2236
5 2237
2 2238
1 2239
2 2240
6 2241
1 2242
6 2243
5 2244
1 2245
2 2246
3 2247
1 2248
4 2249
3 2250
2 2251
3 2252
3 2253
7 2254
5 2255
1 2256
3 2257
3 2258
2 2259
1 2260
5 2261
6 2262
2 2263
6 2264
1 2265
6 2266
5 2267
3 2269
3 2270
4 2271
5 2272
9 2273
11 2274
5 2275
6 2276
6 2277
5 2278
2 2279
2 2280
3 2281
7 2282
8 2283
9 2284
9 2285
9 2286
8 2287
4 2288
9 2289
5 2290
2 2291
8 2292
2 2293
6 2294
3 2295
12 2296
10 2297
3 2298
5 2299
8 2300
6 2301
7 2302
4 2303
4 2304
5 2305
4 2306
7 2307
4 2308
5 2309
7 2310
9 2311
11 2312
5 2313
11 2314
6 2315
8 2316
7 2317
3 2318
5 2319
5 2320
6 2321
7 2322
8 2323
7 2324
5 2325
6 2326
8 2327
8 2328
6 2329
5 2330
3 2331
5 2332
6 2333
6 2334
5 2335
6 2336
5 2337
4 2338
3 2339
5 2340
6 2341
9 2342
5 2343
5 2344
12 2345
5 2346
4 2347
10 2348
5 2349
3 2350
8 2351
7 2352
9 2353
3 2354
8 2355
5 2356
6 2357
10 2358
10 2359
11 2360
8 2361
4 2362
7 2363
6 2364
10 2365
7 2366
12 2367
8 2368
6 2369
4 2370
9 2371
7 2372
12 2373
14 2374
21 2375
17 2376
13 2377
14 2378
14 2379
21 2380
12 2381
12 2382
19 2383
12 2384
15 2385
16 2386
16 2387
22 2388
20 2389
16 2390
26 2391
29 2392
28 2393
13 2394
18 2395
26 2396
23 2397
22 2398
15 2399
25 2400
21 2401
24 2402
29 2403
21 2404
24 2405
29 2406
28 2407
22 2408
13 2409
19 2410
17 2411
12 2412
19 2413
15 2414
12 2415
12 2416
18 2417
13 2418
12 2419
11 2420
13 2421
7 2422
15 2423
9 2424
12 2425
10 2426
10 2427
6 2428
10 2429
5 2430
4 2431
11 2432
4 2433
6 2434
5 2435
4 2436
6 2437
7 2438
1 2439
4 2440
6 2441
2 2442
4 2443
6 2444
3 2445
1 2446
2 2447
1 2448
5 2449
3 2450
2 2451
2 2452
5 2453
1 2454
2 2455
1 2456
2 2457
1 2458
1 2459
1 2462
2 2463
1 2464
2 2466
2 2468
1 2469
2 2471
2 2472
1 2475
1 2476
1 2477
1 2479
2 2483
2 2484
1 2485
1 2489
1 2492
1 2498
1 2503
1 2504
1 2506
1 2509
1 2510
1 2513
2 2517
1 2518
1 2519
1 2525
1 2526
1 2527
3 2530
3 2531
3 2538
1 2539
1 2544
1 2545
2 2550
1 2551
1 2556
1 2558
2 2565
1 2567
1 2569
1 2572
1 2574
1 2579
1 2582
1 2586
1 2587
1 2591
2 2593
3 2596
2 2597
1 2600
1 2601
1 2603
1 2608
1 2610
1 2611
1 2613
1 2614
2 2616
1 2620
1 2621
1 2622
2 2628
1 2630
1 2631
2 2632
1 2635
1 2636
1 2639
2 2640
1 2641
1 2642
2 2647
4 2649
1 2650
1 2654
1 2655
2 2657
2 2658
1 2660
1 2661
2 2664
1 2665
1 2666
2 2671
2 2672
1 2674
2 2676
2 2677
1 2678
2 2679
2 2681
1 2682
1 2684
2 2685
1 2686
2 2687
1 2688
1 2690
1 2692
2 2693
1 2694
1 2696
2 2699
2 2700
2 2703
1 2706
1 2707
2 2709
1 2712
1 2713
1 2714
2 2716
1 2717
1 2718
2 2719
1 2721
2 2722
2 2724
2 2726
3 2731
1 2733
1 2735
1 2737
1 2739
1 2741
1 2742
1 2743
1 2746
1 2749
1 2750
1 2760
1 2762
1 2772
3 2774
2 2778
1 2779
1 2780
1 2781
1 2784
2 2785
1 2786
2 2787
2 2788
1 2789
1 2791
2 2792
1 2793
2 2795
1 2797
1 2800
1 2802
2 2803
2 2804
1 2805
1 2806
1 2808
1 2809
3 2811
1 2813
2 2814
2 2816
2 2817
1 2820
1 2822
2 2823
2 2824
2 2825
1 2826
1 2827
1 2828
2 2829
1 2830
2 2831
1 2833
1 2834
1 2836
2 2837
2 2838
1 2839
2 2840
1 2844
3 2845
2 2846
1 2847
2 2849
1 2850
4 2851
2 2852
2 2854
2 2856
1 2857
3 2858
2 2859
2 2860
3 2862
1 2864
1 2866
2 2867
1 2868
2 2869
2 2870
2 2871
2 2872
2 2873
2 2874
3 2877
1 2879
3 2880
2 2882
3 2883
4 2884
3 2887
3 2888
4 2889
6 2890
2 2891
5 2893
4 2894
5 2895
1 2896
1 2897
6 2898
2 2899
5 2900
5 2901
9 2902
4 2903
3 2904
1 2905
4 2906
4 2907
4 2908
5 2909
3 2910
5 2911
3 2912
8 2913
7 2914
8 2915
5 2916
8 2917
5 2918
5 2919
8 2920
6 2921
4 2922
7 2923
1 2924
7 2925
4 2926
5 2927
5 2928
4 2929
10 2930
12 2931
5 2932
6 2933
12 2934
9 2935
9 2936
8 2937
7 2938
9 2939
5 2940
8 2941
6 2942
6 2943
9 2944
8 2945
6 2946
10 2947
4 2948
6 2949
6 2950
6 2951
5 2952
8 2953
8 2954
4 2955
2 2956
7 2957
2 2958
3 2959
6 2960
5 2961
4 2962
4 2963
3 2964
4 2965
7 2966
7 2967
2 2968
4 2969
6 2970
5 2971
6 2972
4 2973
3 2974
3 2975
2 2976
5 2977
1 2978
2 2979
4 2980
3 2981
4 2982
1 2983
2 2984
2 2985
2 2986
1 2987
1 2989
1 2990
2 2991
1 2992
2 2993
2 2995
1 3004
2 3005
2 3006
4 3007
1 3010
1 3011
1 3014
1 3017
1 3023
1 3031
1 3063
1 3065
1 3066
1 3096
1 3107
2 3135
1 3140
1 3156
1 3208
1 3235
1 3236
1 3239
1 3256
1 3258
1 3259
1 3262
1 3280
1 3283
1 3287
1 3296
1 3298
1 3299
1 3301
2 3303
1 3306
1 3310
1 3314
1 3319
1 3332
1 3339
1 3341
1 3351
1 3401
1 3425
1 3442
1 3446
1 3471
1 3479
1 3601
2 3691
1 3718
1 3729
1 3733
1 3757
1 3758
2 3761
1 3772
1 3775
1 3783
1 3881
1 3882
1 3885
1 3895
1 3901
1 3902
1 3979
1 4013
2 4015
1 4023
1 4026
1 4034
1 4068
1 4070
1 4079
2 4099
1 4107
2 4115
1 4119
1 4172
1 4181
1 4193
1 4239
1 4271
1 4283
1 4292
1 4302
1 4303
1 4304
1 4307
1 4316
1 4335
1 4578
1 5051
1 5085
1 5209
1 5263
