3 1
2 2
2 3
4 4
5 6
1 7
6 8
5 9
3 10
2 11
3 12
15 13
7 14
5 15
6 16
8 17
2 18
2 19
3 20
3 21
5 22
2 23
9 24
2 26
2 28
3 29
7 30
3 32
2 33
1 34
1 35
2 36
2 37
1 38
1 39
7 40
2 41
1 42
2 43
3 44
3 45
3 46
1 47
5 48
4 49
5 50
4 51
5 52
5 53
6 54
5 55
2 56
6 57
5 58
4 59
7 60
3 61
3 62
2 63
2 64
4 65
2 66
2 67
3 68
4 69
6 70
3 72
4 73
2 74
4 75
5 76
6 77
5 78
13 79
3 80
5 81
6 82
3 83
2 84
4 85
3 86
10 87
1 88
4 89
2 90
5 91
7 92
4 93
5 94
5 95
5 96
2 97
4 98
7 99
3 100
8 101
4 102
3 103
3 104
3 105
5 106
6 107
3 108
4 109
5 110
6 111
4 112
4 113
4 114
5 115
7 116
4 117
5 118
3 119
6 120
4 121
2 122
6 123
5 124
8 125
6 126
6 127
9 128
5 129
7 130
7 131
9 132
7 133
8 134
8 135
4 136
3 137
9 138
6 139
7 140
6 141
8 142
8 143
6 144
6 145
5 146
4 147
5 148
2 149
10 150
8 151
6 152
9 153
7 154
6 155
12 156
8 157
13 158
8 159
13 160
16 161
8 162
22 163
14 164
14 165
16 166
25 167
21 168
20 169
11 170
23 171
29 172
35 173
38 174
28 175
27 176
38 177
33 178
33 179
37 180
35 181
26 182
24 183
30 184
25 185
10 186
12 187
10 188
12 189
11 190
9 191
10 192
5 193
7 194
15 195
13 196
14 197
8 198
11 199
13 200
7 201
8 202
6 203
10 204
11 205
9 206
11 207
12 208
15 209
13 210
14 211
13 212
22 213
19 214
24 215
19 216
23 217
21 218
24 219
34 220
32 221
31 222
33 223
24 224
54 225
50 226
56 227
52 228
61 229
50 230
45 231
38 232
37 233
40 234
24 235
25 236
29 237
12 238
18 239
23 240
24 241
18 242
24 243
24 244
22 245
22 246
32 247
32 248
28 249
31 250
22 251
33 252
33 253
34 254
23 255
36 256
32 257
26 258
27 259
27 260
29 261
25 262
33 263
29 264
44 265
37 266
42 267
57 268
40 269
60 270
47 271
59 272
72 273
80 274
92 275
108 276
120 277
126 278
168 279
160 280
159 281
181 282
176 283
213 284
194 285
206 286
204 287
172 288
208 289
166 290
183 291
175 292
169 293
138 294
134 295
113 296
98 297
85 298
94 299
72 300
64 301
56 302
48 303
63 304
54 305
64 306
68 307
67 308
73 309
82 310
81 311
92 312
95 313
100 314
99 315
99 316
112 317
120 318
116 319
119 320
140 321
115 322
127 323
136 324
99 325
104 326
113 327
89 328
86 329
102 330
93 331
95 332
88 333
98 334
128 335
137 336
137 337
158 338
176 339
186 340
225 341
222 342
231 343
260 344
283 345
262 346
273 347
290 348
258 349
226 350
234 351
204 352
234 353
182 354
151 355
143 356
142 357
139 358
166 359
109 360
123 361
132 362
119 363
104 364
102 365
93 366
90 367
90 368
79 369
92 370
80 371
80 372
81 373
83 374
76 375
74 376
89 377
110 378
104 379
89 380
103 381
114 382
101 383
105 384
138 385
109 386
103 387
103 388
107 389
92 390
95 391
85 392
70 393
69 394
68 395
77 396
52 397
41 398
48 399
31 400
48 401
47 402
40 403
48 404
31 405
44 406
30 407
41 408
40 409
37 410
40 411
44 412
53 413
62 414
58 415
70 416
70 417
88 418
94 419
115 420
112 421
123 422
99 423
138 424
120 425
140 426
134 427
121 428
114 429
107 430
111 431
76 432
91 433
87 434
68 435
70 436
57 437
77 438
51 439
70 440
56 441
43 442
40 443
56 444
55 445
39 446
39 447
34 448
32 449
33 450
24 451
27 452
28 453
25 454
21 455
22 456
13 457
18 458
17 459
25 460
18 461
22 462
25 463
21 464
25 465
14 466
28 467
20 468
29 469
28 470
24 471
33 472
29 473
33 474
37 475
34 476
32 477
29 478
29 479
24 480
18 481
36 482
27 483
38 484
20 485
20 486
28 487
26 488
19 489
22 490
13 491
16 492
26 493
21 494
25 495
32 496
12 497
17 498
20 499
27 500
18 501
32 502
30 503
31 504
44 505
32 506
47 507
37 508
46 509
51 510
39 511
41 512
42 513
53 514
63 515
53 516
56 517
49 518
50 519
58 520
59 521
49 522
49 523
53 524
48 525
43 526
41 527
47 528
39 529
38 530
34 531
37 532
27 533
34 534
26 535
30 536
21 537
20 538
27 539
16 540
26 541
22 542
24 543
14 544
15 545
18 546
11 547
10 548
10 549
8 550
10 551
8 552
12 553
9 554
11 555
8 556
8 557
8 558
5 559
3 560
10 561
14 562
8 563
6 564
9 565
6 566
11 567
8 568
10 569
1 570
9 571
4 572
10 573
8 574
11 575
9 576
6 577
11 578
12 579
7 580
12 581
14 582
10 583
11 584
11 585
10 586
10 587
6 588
15 589
5 590
12 591
7 592
10 593
13 594
14 595
9 596
10 597
10 598
8 599
7 600
17 601
6 602
8 603
7 604
9 605
12 606
5 607
6 608
10 609
9 610
17 611
13 612
15 613
21 614
10 615
9 616
19 617
16 618
12 619
28 620
20 621
17 622
23 623
19 624
22 625
18 626
21 627
19 628
20 629
20 630
12 631
20 632
7 633
10 634
15 635
8 636
8 637
6 638
12 639
10 640
5 641
10 642
2 643
6 645
6 646
1 647
3 648
11 649
8 650
7 651
4 652
5 653
3 654
3 655
3 656
6 657
4 658
2 660
3 661
4 662
4 663
8 664
5 665
5 666
4 667
3 668
7 669
4 670
6 671
2 672
7 673
4 674
4 675
6 676
4 677
3 678
9 679
4 680
3 681
5 682
7 683
3 684
8 685
6 686
3 687
4 688
2 689
5 690
4 691
5 692
4 693
5 694
7 695
5 696
5 697
4 698
1 699
3 700
7 701
1 702
4 703
7 704
1 705
6 706
5 707
5 708
9 709
4 710
9 711
9 712
6 713
7 714
7 715
3 716
6 717
5 718
6 719
6 720
10 721
4 722
3 723
7 724
8 725
13 726
9 727
14 728
7 729
11 730
8 731
4 732
5 733
11 734
5 735
12 736
10 737
11 738
14 739
6 740
13 741
12 742
8 743
10 744
6 745
7 746
16 747
6 748
9 749
15 750
9 751
12 752
11 753
12 754
15 755
7 756
14 757
9 758
5 759
11 760
9 761
13 762
2 763
11 764
6 765
9 766
4 767
9 768
10 769
12 770
13 771
14 772
5 773
15 774
15 775
7 776
13 777
12 778
10 779
13 780
11 781
5 782
11 783
12 784
19 785
15 786
20 787
13 788
19 789
14 790
17 791
20 792
15 793
17 794
28 795
17 796
29 797
14 798
21 799
10 800
17 801
22 802
14 803
16 804
6 805
11 806
7 807
12 808
10 809
9 810
13 811
12 812
10 813
7 814
6 815
8 816
8 817
7 818
3 819
5 820
6 821
8 822
7 823
6 824
5 825
3 826
12 827
2 828
6 829
12 830
8 831
8 832
4 833
2 834
7 835
3 836
5 837
8 838
6 839
5 840
3 841
6 842
6 843
3 844
6 845
8 846
5 847
7 848
7 849
7 850
9 851
5 852
2 853
6 854
3 855
3 856
8 857
6 858
9 859
9 860
4 861
5 862
7 863
8 864
5 865
9 866
8 867
7 868
12 869
8 870
12 871
10 872
10 873
7 874
15 875
6 876
17 877
12 878
10 879
8 880
7 881
17 882
10 883
13 884
24 885
11 886
14 887
11 888
15 889
14 890
9 891
9 892
11 893
14 894
9 895
9 896
13 897
7 898
12 899
15 900
9 901
15 902
9 903
9 904
4 905
4 906
8 907
14 908
10 909
12 910
15 911
14 912
8 913
19 914
12 915
10 916
15 917
21 918
16 919
17 920
16 921
9 922
14 923
19 924
17 925
13 926
17 927
23 928
18 929
19 930
15 931
24 932
22 933
25 934
26 935
20 936
17 937
28 938
19 939
23 940
22 941
24 942
39 943
30 944
25 945
32 946
37 947
28 948
29 949
32 950
35 951
29 952
24 953
25 954
13 955
28 956
28 957
13 958
18 959
18 960
14 961
10 962
12 963
19 964
9 965
8 966
13 967
12 968
11 969
6 970
8 971
2 972
12 973
7 974
8 975
11 976
9 977
8 978
7 979
6 980
10 981
4 982
6 983
6 984
7 985
3 986
13 987
8 988
7 989
6 990
12 991
11 992
7 993
13 994
9 995
9 996
11 997
8 998
6 999
8 1000
3 1001
6 1002
9 1003
7 1004
16 1005
9 1006
13 1007
8 1008
8 1009
13 1010
12 1011
9 1012
11 1013
15 1014
12 1015
13 1016
11 1017
7 1018
10 1019
16 1020
11 1021
7 1022
13 1023
14 1024
11 1025
11 1026
12 1027
17 1028
13 1029
12 1030
11 1031
20 1032
13 1033
21 1034
17 1035
12 1036
16 1037
13 1038
16 1039
11 1040
20 1041
19 1042
12 1043
19 1044
19 1045
22 1046
21 1047
10 1048
18 1049
12 1050
20 1051
24 1052
21 1053
26 1054
20 1055
22 1056
32 1057
25 1058
32 1059
16 1060
26 1061
33 1062
32 1063
18 1064
31 1065
29 1066
43 1067
31 1068
22 1069
29 1070
28 1071
23 1072
23 1073
39 1074
44 1075
36 1076
34 1077
35 1078
34 1079
34 1080
38 1081
33 1082
27 1083
32 1084
34 1085
21 1086
29 1087
28 1088
25 1089
18 1090
24 1091
22 1092
20 1093
22 1094
29 1095
24 1096
23 1097
18 1098
23 1099
22 1100
29 1101
16 1102
17 1103
16 1104
25 1105
17 1106
24 1107
17 1108
26 1109
22 1110
22 1111
34 1112
26 1113
22 1114
21 1115
27 1116
33 1117
26 1118
35 1119
18 1120
34 1121
29 1122
40 1123
25 1124
21 1125
19 1126
23 1127
29 1128
35 1129
33 1130
25 1131
32 1132
27 1133
31 1134
40 1135
29 1136
32 1137
46 1138
45 1139
40 1140
37 1141
38 1142
44 1143
34 1144
48 1145
41 1146
38 1147
34 1148
51 1149
58 1150
50 1151
46 1152
37 1153
56 1154
48 1155
42 1156
59 1157
50 1158
61 1159
44 1160
53 1161
51 1162
71 1163
58 1164
83 1165
64 1166
80 1167
70 1168
70 1169
84 1170
65 1171
73 1172
80 1173
92 1174
97 1175
110 1176
122 1177
105 1178
116 1179
134 1180
130 1181
157 1182
148 1183
160 1184
163 1185
152 1186
173 1187
181 1188
191 1189
192 1190
192 1191
211 1192
232 1193
224 1194
237 1195
238 1196
246 1197
264 1198
269 1199
261 1200
251 1201
254 1202
225 1203
248 1204
224 1205
246 1206
214 1207
227 1208
193 1209
181 1210
193 1211
177 1212
173 1213
140 1214
152 1215
125 1216
125 1217
90 1218
95 1219
97 1220
72 1221
73 1222
54 1223
48 1224
48 1225
46 1226
31 1227
30 1228
33 1229
41 1230
31 1231
21 1232
33 1233
27 1234
20 1235
23 1236
20 1237
16 1238
19 1239
23 1240
15 1241
20 1242
25 1243
25 1244
29 1245
25 1246
31 1247
24 1248
24 1249
14 1250
23 1251
23 1252
32 1253
30 1254
23 1255
24 1256
23 1257
31 1258
24 1259
40 1260
35 1261
27 1262
23 1263
40 1264
37 1265
36 1266
40 1267
35 1268
33 1269
31 1270
38 1271
24 1272
39 1273
43 1274
36 1275
48 1276
40 1277
43 1278
55 1279
29 1280
38 1281
48 1282
44 1283
40 1284
38 1285
39 1286
42 1287
34 1288
34 1289
37 1290
34 1291
46 1292
31 1293
42 1294
26 1295
33 1296
37 1297
30 1298
25 1299
22 1300
31 1301
30 1302
21 1303
25 1304
25 1305
18 1306
13 1307
13 1308
14 1309
10 1310
8 1311
9 1312
10 1313
13 1314
10 1315
6 1316
7 1317
4 1318
12 1319
7 1320
6 1321
3 1322
8 1323
8 1324
6 1325
5 1326
6 1327
4 1328
3 1329
1 1330
4 1331
2 1332
1 1333
7 1334
3 1335
3 1336
4 1337
3 1338
6 1339
2 1340
3 1341
6 1342
2 1343
2 1344
3 1345
4 1346
3 1347
1 1348
3 1349
5 1350
4 1351
2 1352
5 1353
1 1354
2 1355
2 1356
3 1357
3 1358
4 1359
1 1360
3 1361
1 1362
4 1363
3 1364
2 1365
1 1366
7 1367
2 1368
1 1369
1 1370
2 1371
1 1372
3 1373
6 1374
5 1375
1 1376
1 1377
1 1378
3 1379
3 1380
7 1381
4 1383
4 1384
2 1385
2 1386
2 1387
4 1388
4 1389
7 1390
1 1391
4 1392
4 1394
4 1395
5 1396
7 1397
4 1398
3 1399
2 1400
3 1401
5 1402
4 1403
5 1404
8 1405
1 1406
2 1407
4 1408
6 1409
9 1410
1 1411
7 1412
6 1413
2 1414
2 1415
5 1416
7 1417
5 1418
7 1419
5 1420
7 1421
3 1422
2 1423
7 1424
8 1425
4 1426
3 1427
6 1428
6 1429
5 1430
6 1431
9 1432
5 1433
4 1434
3 1435
5 1436
4 1437
6 1438
8 1439
8 1440
12 1441
2 1442
5 1443
5 1444
19 1445
11 1446
12 1447
10 1448
12 1449
16 1450
12 1451
18 1452
12 1453
10 1454
13 1455
12 1456
24 1457
23 1458
9 1459
15 1460
11 1461
9 1462
14 1463
11 1464
17 1465
10 1466
29 1467
23 1468
13 1469
16 1470
16 1471
14 1472
15 1473
22 1474
15 1475
21 1476
14 1477
18 1478
13 1479
20 1480
21 1481
11 1482
15 1483
9 1484
13 1485
17 1486
9 1487
17 1488
7 1489
8 1490
10 1491
10 1492
5 1493
8 1494
6 1495
8 1496
6 1497
11 1498
7 1499
4 1500
2 1501
9 1502
6 1503
7 1504
6 1505
4 1506
3 1507
12 1508
6 1509
5 1510
6 1511
2 1512
6 1513
6 1514
2 1516
1 1517
8 1518
2 1519
4 1520
4 1521
5 1522
1 1523
3 1524
4 1525
2 1526
4 1527
4 1528
2 1529
5 1530
6 1531
9 1532
5 1533
6 1534
8 1535
6 1536
4 1537
5 1538
3 1539
5 1540
4 1541
2 1542
3 1543
9 1544
3 1545
2 1546
1 1547
4 1548
8 1549
9 1550
4 1551
3 1552
2 1553
6 1554
8 1555
3 1556
6 1557
6 1558
4 1559
8 1560
2 1561
7 1562
9 1563
10 1564
12 1565
5 1566
8 1567
9 1568
8 1569
6 1570
6 1571
10 1572
6 1573
10 1574
17 1575
7 1576
9 1577
6 1578
6 1579
7 1580
12 1581
11 1582
7 1583
10 1584
7 1585
8 1586
12 1587
7 1588
9 1589
13 1590
6 1591
5 1592
7 1593
8 1594
13 1595
8 1596
7 1597
9 1598
7 1599
10 1600
5 1601
5 1602
7 1603
7 1604
2 1605
6 1606
8 1607
4 1608
14 1609
7 1610
8 1611
6 1612
8 1613
4 1614
6 1615
5 1616
8 1617
4 1618
4 1619
6 1620
12 1621
5 1622
8 1623
3 1624
7 1625
7 1626
14 1627
12 1628
9 1629
3 1630
8 1631
8 1632
11 1633
5 1634
10 1635
8 1636
6 1637
5 1638
7 1639
4 1640
5 1641
13 1642
12 1643
10 1644
15 1645
19 1646
12 1647
15 1648
21 1649
13 1650
11 1651
19 1652
23 1653
19 1654
10 1655
16 1656
10 1657
17 1658
17 1659
20 1660
22 1661
20 1662
28 1663
24 1664
13 1665
30 1666
27 1667
28 1668
30 1669
34 1670
31 1671
33 1672
29 1673
33 1674
29 1675
39 1676
37 1677
39 1678
34 1679
43 1680
39 1681
35 1682
40 1683
40 1684
28 1685
49 1686
38 1687
37 1688
41 1689
35 1690
46 1691
57 1692
54 1693
49 1694
51 1695
43 1696
48 1697
42 1698
57 1699
49 1700
34 1701
63 1702
50 1703
57 1704
44 1705
38 1706
58 1707
49 1708
49 1709
44 1710
54 1711
38 1712
62 1713
48 1714
44 1715
46 1716
42 1717
50 1718
31 1719
49 1720
42 1721
59 1722
45 1723
40 1724
49 1725
44 1726
51 1727
56 1728
47 1729
47 1730
42 1731
39 1732
34 1733
35 1734
35 1735
32 1736
27 1737
36 1738
26 1739
26 1740
28 1741
28 1742
29 1743
24 1744
28 1745
23 1746
34 1747
26 1748
21 1749
16 1750
16 1751
21 1752
22 1753
16 1754
23 1755
18 1756
22 1757
20 1758
11 1759
19 1760
15 1761
9 1762
9 1763
15 1764
15 1765
11 1766
10 1767
19 1768
15 1769
13 1770
8 1771
15 1772
6 1773
7 1774
13 1775
6 1776
13 1777
16 1778
13 1779
8 1780
13 1781
10 1782
9 1783
7 1784
17 1785
15 1786
17 1787
14 1788
13 1789
12 1790
15 1791
11 1792
10 1793
10 1794
11 1795
11 1796
15 1797
12 1798
9 1799
16 1800
14 1801
13 1802
15 1803
12 1804
6 1805
8 1806
16 1807
8 1808
12 1809
13 1810
15 1811
7 1812
9 1813
9 1814
18 1815
9 1816
9 1817
10 1818
8 1819
11 1820
10 1821
4 1822
5 1823
8 1824
13 1825
12 1826
4 1827
7 1828
7 1829
4 1830
7 1831
7 1832
11 1833
5 1834
4 1835
7 1836
7 1837
4 1838
6 1839
3 1840
4 1841
8 1842
5 1843
1 1844
3 1845
1 1846
7 1847
2 1848
6 1849
1 1850
2 1851
3 1852
2 1853
5 1854
7 1855
2 1856
2 1857
1 1858
1 1859
2 1860
4 1861
2 1862
3 1863
3 1864
2 1866
2 1867
1 1868
5 1869
5 1870
1 1871
2 1872
5 1873
5 1874
3 1875
6 1876
1 1877
3 1878
1 1879
4 1880
1 1881
5 1882
1 1883
2 1884
4 1885
1 1886
2 1888
5 1889
6 1890
1 1891
2 1892
6 1893
3 1894
5 1895
5 1896
1 1897
8 1898
4 1899
6 1900
2 1901
3 1902
1 1903
6 1904
6 1905
3 1906
6 1907
4 1908
3 1909
5 1910
4 1911
2 1912
2 1913
7 1914
8 1915
5 1916
7 1917
7 1918
2 1919
3 1920
6 1921
3 1922
5 1923
5 1924
7 1925
5 1926
3 1927
4 1928
5 1929
1 1930
3 1931
6 1932
1 1933
3 1934
4 1935
3 1936
2 1937
2 1938
2 1939
1 1940
4 1941
3 1943
5 1944
2 1945
3 1946
3 1947
2 1948
1 1949
3 1950
2 1951
1 1952
1 1953
5 1955
2 1956
1 1957
3 1958
2 1959
1 1960
2 1961
1 1962
1 1965
1 1968
2 1970
1 1972
1 1976
2 1978
1 1980
1 1983
1 1985
1 1991
1 1993
1 1996
1 1997
2 1999
1 2000
1 2001
1 2002
1 2003
1 2004
2 2005
1 2007
1 2009
1 2015
2 2018
1 2020
2 2022
1 2024
1 2025
3 2028
2 2035
1 2037
1 2040
2 2041
2 2043
2 2044
1 2045
2 2047
1 2049
1 2050
2 2052
2 2053
2 2055
1 2056
2 2057
1 2058
2 2059
1 2060
1 2064
1 2065
2 2066
1 2069
1 2070
3 2071
1 2072
1 2074
2 2077
1 2078
3 2079
1 2080
2 2081
2 2082
1 2083
2 2084
2 2085
1 2088
1 2089
2 2093
3 2095
2 2096
1 2097
1 2100
4 2101
1 2102
1 2103
1 2104
1 2105
1 2106
1 2108
2 2109
1 2115
1 2116
1 2121
2 2123
1 2125
2 2126
2 2127
1 2128
2 2129
1 2130
2 2131
1 2132
1 2134
1 2137
1 2138
2 2140
3 2143
1 2145
1 2146
2 2147
2 2148
2 2152
2 2153
2 2155
1 2156
1 2158
1 2160
2 2161
1 2162
1 2165
1 2167
1 2169
1 2170
1 2171
1 2175
1 2178
1 2180
1 2182
1 2183
1 2184
2 2188
1 2189
1 2191
2 2192
2 2193
2 2195
1 2200
2 2204
1 2205
2 2209
1 2212
1 2214
2 2216
1 2218
1 2219
1 2224
3 2227
1 2228
1 2229
1 2230
1 2236
1 2237
1 2241
1 2245
3 2246
2 2248
1 2250
1 2254
1 2256
1 2257
2 2258
1 2261
1 2262
1 2264
2 2265
1 2268
1 2273
1 2275
1 2282
1 2284
1 2303
1 2305
1 2310
1 2311
1 2317
1 2318
1 2334
1 2347
1 2353
1 2357
1 2362
1 2368
1 2369
1 2374
1 2394
1 2398
1 2439
1 2453
1 2464
1 2478
1 2480
1 2487
1 2495
1 2503
1 2507
1 2516
2 2524
1 2528
1 2530
1 2551
1 2567
1 2572
1 2574
1 2584
1 2592
1 2611
1 2612
1 2615
1 2619
1 2626
1 2654
1 2661
1 2683
1 2689
1 2693
1 2694
1 2699
1 2703
1 2705
1 2719
1 2733
1 2736
1 2749
2 2754
1 2756
1 2760
1 2762
1 2765
1 2780
1 2781
1 2796
1 2797
1 2798
1 2799
1 2808
2 2812
1 2813
2 2819
1 2822
1 2823
1 2846
1 2847
1 2848
1 2849
1 2852
1 2868
1 2869
1 2883
1 2889
1 2891
1 2896
1 2898
1 2901
1 2905
1 2917
1 2918
1 2920
1 2923
1 2936
3 2938
1 2945
1 2948
1 2950
1 2952
2 2958
1 2960
1 2963
1 2968
1 2971
1 2977
2 2988
1 2990
1 3000
1 3004
1 3011
1 3013
1 3014
1 3015
2 3023
1 3024
1 3027
1 3028
1 3030
1 3033
1 3035
1 3037
2 3038
1 3046
2 3047
1 3048
1 3049
1 3055
1 3056
1 3059
1 3060
1 3068
1 3080
1 3091
2 3101
1 3104
1 3117
1 3143
1 3190
1 3209
1 3221
1 3258
1 3266
1 3280
1 3287
1 3293
1 3315
1 3337
1 3450
1 3456
1 3518
1 3524
1 3610
1 3652
1 3664
1 3678
1 3682
1 3689
1 3704
1 3710
1 3749
1 3782
1 3890
1 3958
1 4015
1 4262
