2 2
2 4
1 10
2 11
1 12
4 13
1 14
3 16
1 17
2 18
2 23
2 26
2 27
2 29
2 31
1 33
2 36
1 38
1 39
2 41
1 43
3 44
1 45
4 46
4 48
1 50
1 52
1 53
2 54
2 55
3 56
1 57
1 59
3 61
3 62
3 63
1 65
3 67
2 68
1 69
1 70
1 73
1 74
2 75
4 76
3 77
1 79
2 80
1 81
1 82
1 83
1 85
2 86
1 87
1 88
1 89
2 90
1 91
3 92
1 93
1 94
2 95
2 96
1 97
1 99
1 100
5 101
3 102
2 103
3 104
2 105
1 106
3 107
1 108
4 109
2 110
3 111
3 112
3 113
2 114
2 115
5 116
8 117
2 118
1 119
1 120
3 121
2 122
2 124
2 125
1 126
4 127
1 128
2 130
1 131
4 132
1 133
1 134
1 135
1 136
1 137
1 138
1 139
6 140
2 142
2 143
2 144
3 145
2 147
3 148
1 150
4 151
3 152
4 153
4 154
6 155
3 156
3 157
3 158
1 160
3 161
3 162
2 163
1 164
2 165
4 166
1 167
2 168
1 169
3 170
2 171
2 172
3 173
3 175
4 176
2 177
3 178
2 179
3 180
2 181
1 182
4 183
4 184
1 185
2 186
2 187
6 188
4 189
2 190
3 191
1 192
4 193
6 194
5 195
4 196
3 197
6 198
3 199
3 200
4 201
5 202
4 203
9 204
6 205
8 206
2 207
3 208
6 209
7 210
4 211
7 212
10 213
14 214
15 215
11 216
4 217
14 218
12 219
11 220
12 221
23 222
8 223
12 224
12 225
13 226
22 227
22 228
22 229
27 230
29 231
32 232
37 233
27 234
22 235
44 236
15 237
17 238
22 239
16 240
9 241
16 242
11 243
9 244
8 245
7 246
6 247
9 248
12 249
16 250
8 251
8 252
17 253
16 254
12 255
14 256
14 257
17 258
8 259
8 260
10 261
8 262
8 263
8 264
3 265
5 266
2 267
4 268
6 269
3 270
3 271
5 272
2 273
6 274
2 275
2 276
4 277
4 278
4 279
5 280
4 281
2 282
3 283
6 284
1 285
3 286
3 287
4 288
3 289
3 290
6 291
4 292
2 293
2 294
1 295
2 296
4 297
1 298
8 299
7 300
6 301
3 302
3 303
5 304
3 305
7 306
5 307
8 308
6 309
5 310
9 311
13 312
6 313
7 314
3 315
4 316
13 317
10 318
8 319
11 320
3 321
8 322
7 323
7 324
9 325
11 326
6 327
12 328
11 329
7 330
7 331
9 332
7 333
10 334
12 335
10 336
10 337
7 338
7 339
3 340
6 341
8 342
11 343
8 344
9 345
7 346
17 347
5 348
11 349
10 350
9 351
10 352
14 353
12 354
15 355
19 356
17 357
14 358
18 359
19 360
28 361
26 362
25 363
20 364
40 365
32 366
27 367
29 368
53 369
40 370
36 371
26 372
44 373
16 374
25 375
17 376
20 377
12 378
14 379
12 380
8 381
16 382
9 383
4 384
8 385
8 386
8 387
5 388
5 389
7 390
5 391
4 392
4 393
4 394
1 395
4 396
4 397
5 398
2 399
2 400
2 401
1 402
7 403
8 404
8 405
8 406
2 407
8 408
5 409
10 410
8 411
8 412
4 413
15 414
9 415
17 416
16 417
12 418
15 419
26 420
17 421
25 422
25 423
20 424
23 425
18 426
22 427
23 428
23 429
26 430
30 431
23 432
24 433
16 434
15 435
18 436
16 437
14 438
17 439
12 440
21 441
8 442
11 443
10 444
10 445
7 446
6 447
8 448
5 449
11 450
6 451
6 452
5 453
4 454
5 455
5 456
2 457
8 458
5 459
1 460
8 461
2 462
5 463
9 464
4 465
3 466
8 467
8 468
2 469
7 470
8 471
4 472
6 473
6 474
4 475
8 476
7 477
7 478
4 479
7 480
5 481
2 482
2 483
5 484
3 485
3 486
6 487
4 488
3 489
2 490
2 491
7 492
1 493
4 494
1 495
5 496
3 497
1 498
1 499
3 500
6 501
6 502
2 503
5 504
5 505
5 506
9 507
6 508
8 509
13 510
9 511
6 512
9 513
12 514
7 515
7 516
9 517
11 518
13 519
7 520
9 521
18 522
11 523
13 524
15 525
23 526
24 527
10 528
28 529
18 530
25 531
28 532
30 533
31 534
26 535
38 536
33 537
44 538
35 539
30 540
23 541
26 542
26 543
29 544
18 545
15 546
20 547
11 548
19 549
12 550
8 551
8 552
9 553
6 554
5 555
4 556
3 557
5 558
4 559
6 560
4 561
3 562
2 563
3 564
4 565
4 566
4 567
1 568
4 569
4 570
3 571
5 572
4 573
3 574
4 575
1 576
2 577
4 578
3 579
4 580
4 581
3 582
3 583
3 584
2 585
1 586
3 587
4 588
5 589
5 590
3 591
3 593
6 594
1 595
2 596
5 597
2 598
1 599
2 600
1 601
3 602
2 603
1 605
2 606
2 607
1 608
1 609
3 610
3 612
3 613
2 614
4 615
4 616
2 618
5 619
3 620
2 621
5 622
2 623
2 624
2 625
5 626
1 627
1 628
4 629
1 630
2 631
4 632
2 633
2 634
3 635
2 636
3 637
3 638
3 639
3 640
2 641
3 642
5 643
3 644
4 645
3 646
3 647
3 648
4 649
3 650
2 651
9 652
2 653
4 654
3 655
3 656
5 657
4 659
6 660
4 661
7 662
8 663
4 664
8 665
2 666
7 667
3 668
3 669
7 670
2 671
6 672
6 673
6 674
1 675
3 676
3 677
6 678
3 679
4 680
2 681
3 682
8 683
2 684
3 685
2 686
7 687
6 688
5 689
2 690
4 691
1 692
1 693
3 694
5 695
4 696
5 697
5 698
1 699
1 700
5 701
5 702
1 703
3 704
1 705
5 706
3 707
1 708
1 709
5 710
1 711
3 712
4 713
3 714
3 715
3 717
1 718
3 719
2 720
2 722
2 723
6 724
3 725
1 726
6 727
2 728
3 729
2 730
1 731
5 732
3 733
6 734
1 735
5 736
4 737
1 738
3 739
6 740
4 741
6 742
5 743
5 744
6 745
4 746
5 747
6 748
4 749
3 750
13 751
9 752
10 753
6 754
6 755
12 756
4 757
5 758
10 759
12 760
9 761
7 762
6 763
9 764
1 765
4 766
5 767
2 768
3 769
4 770
3 771
2 772
4 774
2 775
3 776
4 777
2 778
5 779
2 780
1 782
1 783
2 784
4 785
1 786
3 787
3 788
3 789
2 790
1 791
1 792
2 793
1 794
2 795
3 796
4 797
2 798
3 800
1 801
1 802
2 803
2 804
2 805
3 806
1 807
2 808
3 809
1 810
3 811
3 812
2 813
4 814
4 815
5 817
2 818
1 819
4 820
1 821
2 822
6 823
2 824
2 825
3 826
4 827
5 828
7 829
4 830
1 831
2 832
2 833
3 834
5 835
8 836
5 837
7 838
3 839
6 840
2 841
4 842
5 843
7 844
2 845
5 846
4 847
3 848
10 849
2 850
4 851
5 852
3 853
3 854
3 855
1 856
6 857
5 858
2 859
5 860
3 861
3 862
2 863
2 864
2 865
2 866
5 867
3 868
4 869
3 870
6 871
2 872
3 873
1 874
2 875
7 876
2 877
5 878
3 879
4 881
2 882
2 883
4 884
3 885
2 886
2 887
2 888
7 889
4 890
6 891
5 892
2 893
4 894
4 895
5 896
3 897
1 898
6 899
4 901
1 902
2 903
4 904
4 905
1 906
4 907
1 908
3 909
5 910
1 911
7 912
1 913
2 914
2 915
6 916
2 918
4 919
4 920
2 921
5 922
5 923
2 924
2 925
1 926
5 927
6 928
11 929
5 930
2 931
8 932
7 933
5 934
6 935
7 936
5 937
2 938
5 939
10 940
12 941
8 942
3 943
9 944
10 945
4 946
5 947
8 948
10 949
7 950
7 951
9 952
13 953
8 954
5 955
6 956
5 957
6 958
8 959
5 960
12 961
11 962
2 963
2 964
3 965
4 966
4 967
9 968
5 969
5 970
4 971
3 972
7 973
10 974
6 975
8 976
7 977
4 978
4 979
4 980
5 981
9 982
10 983
4 984
6 985
2 986
8 987
9 988
8 989
4 990
8 991
4 992
2 993
6 994
5 995
11 996
6 997
5 998
7 999
7 1000
7 1001
8 1002
7 1003
10 1004
11 1005
10 1006
6 1007
7 1008
10 1009
11 1010
7 1011
17 1012
13 1013
12 1014
11 1015
8 1016
17 1017
9 1018
22 1019
18 1020
17 1021
18 1022
12 1023
14 1024
10 1025
16 1026
16 1027
14 1028
16 1029
15 1030
10 1031
13 1032
11 1033
17 1034
21 1035
19 1036
19 1037
33 1038
21 1039
23 1040
22 1041
21 1042
33 1043
25 1044
26 1045
28 1046
36 1047
42 1048
43 1049
30 1050
39 1051
46 1052
48 1053
43 1054
46 1055
55 1056
51 1057
39 1058
51 1059
44 1060
48 1061
61 1062
58 1063
57 1064
44 1065
38 1066
27 1067
45 1068
44 1069
39 1070
54 1071
52 1072
47 1073
58 1074
58 1075
51 1076
49 1077
67 1078
62 1079
53 1080
60 1081
90 1082
59 1083
75 1084
80 1085
96 1086
100 1087
99 1088
111 1089
118 1090
140 1091
142 1092
142 1093
130 1094
146 1095
138 1096
131 1097
177 1098
138 1099
160 1100
149 1101
135 1102
139 1103
120 1104
134 1105
135 1106
109 1107
103 1108
91 1109
77 1110
79 1111
71 1112
61 1113
56 1114
48 1115
45 1116
41 1117
39 1118
26 1119
33 1120
24 1121
25 1122
25 1123
9 1124
14 1125
9 1126
8 1127
5 1128
13 1129
11 1130
3 1131
7 1132
9 1133
8 1134
4 1135
6 1136
6 1137
10 1138
7 1139
5 1140
11 1141
3 1142
3 1143
10 1144
2 1145
3 1146
5 1147
6 1148
6 1149
9 1150
6 1151
4 1152
5 1153
3 1154
4 1155
5 1156
10 1157
8 1158
7 1159
14 1160
8 1161
12 1162
11 1163
8 1164
10 1165
10 1166
13 1167
16 1168
8 1169
10 1170
9 1171
13 1172
17 1173
14 1174
16 1175
17 1176
15 1177
16 1178
8 1179
17 1180
25 1181
17 1182
16 1183
24 1184
16 1185
19 1186
22 1187
15 1188
15 1189
16 1190
23 1191
17 1192
12 1193
20 1194
19 1195
15 1196
11 1197
14 1198
18 1199
14 1200
8 1201
13 1202
11 1203
6 1204
7 1205
9 1206
5 1207
6 1208
5 1209
6 1210
6 1211
2 1212
8 1213
3 1214
3 1215
3 1216
1 1217
4 1218
2 1219
2 1220
1 1221
4 1222
3 1223
3 1224
3 1225
1 1226
1 1227
1 1228
1 1230
2 1231
1 1232
2 1233
2 1234
1 1235
1 1236
1 1237
1 1238
2 1239
1 1240
3 1241
3 1242
1 1243
1 1244
1 1245
5 1246
2 1247
2 1248
1 1249
3 1250
2 1251
2 1252
2 1253
3 1254
2 1255
2 1256
3 1257
1 1258
4 1259
2 1260
5 1261
6 1262
1 1263
3 1264
5 1266
2 1267
1 1268
2 1269
9 1270
1 1271
5 1272
3 1273
1 1274
4 1275
2 1276
1 1277
3 1278
4 1279
5 1280
3 1281
3 1282
6 1283
6 1284
6 1285
4 1286
2 1287
9 1288
2 1289
1 1290
4 1291
7 1292
1 1293
3 1294
2 1295
2 1296
1 1297
7 1298
2 1299
2 1300
4 1301
1 1302
2 1303
2 1304
3 1305
4 1306
2 1307
5 1308
3 1309
2 1310
1 1311
2 1312
3 1314
2 1316
1 1319
1 1320
1 1321
1 1323
3 1324
1 1326
1 1327
3 1328
2 1329
1 1330
2 1331
1 1332
1 1334
2 1335
2 1336
1 1337
2 1338
1 1339
2 1340
1 1341
5 1342
2 1343
3 1345
1 1347
3 1348
4 1349
4 1350
3 1351
1 1352
1 1353
2 1354
2 1355
2 1356
1 1357
2 1358
2 1359
1 1361
1 1362
1 1363
5 1364
3 1365
2 1366
3 1367
3 1368
2 1369
3 1370
3 1371
3 1372
5 1373
1 1374
1 1375
3 1376
2 1377
3 1378
2 1379
6 1380
10 1381
6 1382
4 1383
6 1384
5 1385
2 1386
2 1387
3 1388
4 1389
4 1390
5 1391
4 1392
6 1393
7 1394
6 1395
7 1396
3 1397
4 1398
6 1399
6 1400
8 1401
7 1402
7 1403
4 1404
6 1405
10 1406
5 1407
4 1408
6 1409
6 1410
4 1411
5 1412
4 1413
9 1414
6 1415
7 1416
3 1417
4 1418
3 1419
5 1420
4 1421
3 1422
1 1423
6 1424
3 1425
2 1426
2 1427
6 1428
5 1429
2 1430
1 1431
5 1432
2 1433
3 1434
3 1435
5 1436
3 1437
3 1438
1 1440
1 1441
4 1442
3 1443
4 1444
5 1445
3 1446
3 1447
4 1448
5 1449
2 1450
5 1451
1 1452
1 1453
2 1455
2 1456
6 1457
1 1458
3 1459
3 1460
4 1461
1 1463
3 1464
4 1465
1 1466
2 1467
3 1468
2 1470
3 1471
4 1472
4 1474
1 1475
5 1476
5 1477
2 1479
1 1480
4 1481
1 1482
1 1484
2 1485
3 1486
3 1487
3 1488
2 1489
1 1490
2 1491
4 1492
1 1493
1 1494
2 1495
1 1496
5 1497
2 1498
1 1499
5 1500
3 1502
2 1503
2 1504
1 1505
1 1506
3 1508
4 1509
2 1510
3 1511
1 1512
3 1513
3 1514
3 1515
4 1516
3 1517
3 1518
1 1519
3 1521
2 1522
2 1523
5 1524
1 1525
3 1526
2 1527
1 1529
1 1530
2 1531
1 1532
3 1533
1 1534
2 1535
3 1536
1 1537
3 1538
1 1539
2 1540
5 1541
3 1542
2 1543
3 1544
1 1545
3 1546
1 1547
4 1548
2 1549
2 1550
6 1552
4 1553
2 1554
2 1555
2 1556
2 1557
1 1558
2 1559
1 1560
2 1561
2 1562
4 1563
5 1564
2 1565
5 1566
2 1567
5 1568
4 1569
4 1570
4 1571
1 1572
6 1573
6 1574
1 1575
3 1576
6 1577
3 1578
3 1579
4 1580
4 1581
8 1582
4 1583
5 1584
3 1585
8 1586
2 1587
5 1588
4 1589
6 1590
10 1591
1 1592
6 1593
5 1594
7 1595
6 1596
8 1597
4 1598
8 1599
9 1600
9 1601
7 1602
7 1603
4 1604
9 1605
12 1606
14 1607
8 1608
8 1609
11 1610
3 1611
7 1612
18 1613
10 1614
3 1615
14 1616
12 1617
9 1618
15 1619
9 1620
7 1621
7 1622
11 1623
12 1624
6 1625
7 1626
13 1627
19 1628
16 1629
8 1630
8 1631
13 1632
8 1633
12 1634
16 1635
11 1636
9 1637
13 1638
12 1639
5 1640
8 1641
17 1642
8 1643
11 1644
10 1645
12 1646
10 1647
21 1648
12 1649
11 1650
10 1651
10 1652
11 1653
7 1654
10 1655
19 1656
13 1657
9 1658
9 1659
9 1660
6 1661
10 1662
9 1663
10 1664
8 1665
7 1666
8 1667
14 1668
11 1669
6 1670
12 1671
10 1672
11 1673
11 1674
16 1675
12 1676
11 1677
17 1678
8 1679
12 1680
16 1681
11 1682
5 1683
14 1684
16 1685
11 1686
10 1687
25 1688
20 1689
21 1690
14 1691
11 1692
17 1693
14 1694
20 1695
18 1696
20 1697
24 1698
38 1699
24 1700
36 1701
28 1702
34 1703
26 1704
35 1705
37 1706
44 1707
29 1708
42 1709
43 1710
56 1711
45 1712
56 1713
47 1714
58 1715
69 1716
56 1717
67 1718
72 1719
73 1720
57 1721
70 1722
72 1723
73 1724
80 1725
78 1726
84 1727
83 1728
77 1729
82 1730
74 1731
77 1732
70 1733
78 1734
77 1735
72 1736
81 1737
83 1738
61 1739
71 1740
69 1741
59 1742
79 1743
63 1744
49 1745
57 1746
48 1747
42 1748
50 1749
46 1750
37 1751
41 1752
37 1753
47 1754
40 1755
35 1756
30 1757
29 1758
35 1759
29 1760
25 1761
36 1762
39 1763
27 1764
34 1765
27 1766
29 1767
26 1768
15 1769
24 1770
23 1771
23 1772
22 1773
23 1774
12 1775
19 1776
27 1777
18 1778
11 1779
19 1780
19 1781
12 1782
18 1783
13 1784
12 1785
6 1786
14 1787
8 1788
14 1789
10 1790
11 1791
5 1792
9 1793
11 1794
18 1795
8 1796
15 1797
8 1798
10 1799
8 1800
12 1801
6 1802
10 1803
7 1804
7 1805
6 1806
7 1807
5 1808
6 1809
8 1810
10 1811
3 1812
7 1813
4 1814
6 1815
4 1816
10 1817
7 1818
8 1819
10 1820
8 1821
11 1822
6 1823
9 1824
7 1825
9 1826
10 1827
7 1828
5 1829
5 1830
6 1831
8 1832
6 1833
3 1834
7 1835
9 1836
9 1837
8 1838
12 1839
7 1840
13 1841
9 1842
10 1843
4 1844
9 1845
11 1846
4 1847
8 1848
10 1849
10 1850
5 1851
14 1852
7 1853
9 1854
4 1855
8 1856
8 1857
6 1858
5 1859
6 1860
7 1861
5 1862
6 1863
8 1864
7 1865
8 1866
5 1867
10 1868
10 1869
5 1870
7 1871
7 1872
6 1873
8 1874
5 1875
8 1876
5 1877
7 1878
5 1879
9 1880
7 1881
10 1882
9 1883
17 1884
13 1885
9 1886
10 1887
14 1888
16 1889
12 1890
10 1891
15 1892
16 1893
21 1894
20 1895
24 1896
16 1897
17 1898
18 1899
22 1900
28 1901
29 1902
35 1903
23 1904
29 1905
23 1906
34 1907
35 1908
31 1909
37 1910
27 1911
48 1912
49 1913
24 1914
28 1915
37 1916
38 1917
53 1918
52 1919
50 1920
47 1921
59 1922
43 1923
43 1924
51 1925
52 1926
41 1927
49 1928
32 1929
33 1930
44 1931
36 1932
42 1933
35 1934
33 1935
33 1936
30 1937
26 1938
32 1939
31 1940
28 1941
28 1942
15 1943
14 1944
18 1945
18 1946
11 1947
7 1948
15 1949
11 1950
11 1951
10 1952
8 1953
7 1954
9 1955
3 1956
9 1957
2 1958
5 1959
4 1960
2 1961
1 1962
4 1963
3 1964
5 1965
4 1966
5 1967
1 1968
4 1969
1 1970
2 1971
2 1973
2 1974
1 1975
1 1977
3 1978
1 1979
2 1982
1 1983
1 1984
1 1985
1 1987
1 1988
1 1989
1 1990
1 1991
1 1992
1 1998
1 2005
1 2016
1 2034
1 2052
1 2054
1 2066
1 2067
1 2068
1 2073
1 2081
1 2085
1 2086
1 2090
1 2095
1 2101
1 2111
1 2116
1 2122
2 2136
1 2144
1 2157
1 2167
1 2169
1 2173
1 2181
1 2183
1 2191
1 2198
1 2207
1 2210
1 2211
1 2212
1 2216
1 2219
1 2228
2 2238
1 2243
1 2246
1 2257
1 2260
1 2262
1 2273
2 2279
1 2286
1 2300
1 2301
1 2316
1 2330
1 2334
2 2347
2 2349
1 2350
1 2352
2 2356
1 2364
2 2370
1 2372
1 2377
1 2390
1 2404
1 2420
1 2421
1 2424
1 2430
1 2440
1 2452
1 2473
2 2495
1 2497
1 2506
1 2507
1 2513
1 2516
1 2525
1 2528
2 2555
1 2556
2 2563
1 2565
1 2568
1 2575
1 2577
1 2580
1 2588
1 2589
1 2591
1 2594
2 2598
1 2599
1 2600
2 2606
2 2609
1 2611
1 2613
1 2616
1 2618
1 2619
1 2620
2 2621
1 2622
3 2624
5 2625
2 2627
2 2628
1 2629
1 2632
1 2633
2 2634
2 2635
2 2636
2 2637
1 2638
4 2639
2 2640
3 2641
1 2642
4 2643
3 2644
2 2645
1 2646
2 2647
2 2648
2 2649
1 2651
1 2653
1 2654
2 2655
1 2657
3 2658
1 2659
4 2662
1 2663
3 2665
1 2666
1 2673
1 2674
1 2679
1 2686
1 2688
1 2692
1 2698
1 2707
1 2743
1 2757
1 2759
1 2824
1 2842
1 2850
1 2867
1 2881
1 2903
1 2930
1 2945
1 2957
1 2962
1 2964
1 3001
1 3029
1 3034
1 3133
1 3134
1 3150
1 3153
1 3193
1 3240
1 3248
1 3276
1 3277
1 3313
1 3395
1 3427
1 3452
1 3519
1 3637
1 3652
1 3806
1 3885
1 4200
1 4338
1 4344
1 4526
1 4646
1 4657
1 5747
1 6518
