1 1
1 2
1 3
1 5
2 6
2 7
1 10
2 12
2 15
2 16
1 18
2 20
2 21
1 22
1 23
4 26
3 27
2 28
1 29
4 30
1 32
1 34
1 36
3 37
4 38
1 39
1 40
1 41
1 42
1 43
2 46
4 47
1 49
3 50
1 51
3 52
1 54
2 55
3 56
2 57
1 59
3 60
2 61
3 62
2 63
3 64
2 65
6 66
2 67
2 68
2 70
1 71
5 72
2 73
1 74
3 75
2 76
1 77
2 78
1 79
2 80
1 81
1 82
2 83
1 84
1 85
3 86
1 88
1 89
1 90
2 91
1 92
2 93
2 94
3 95
2 96
3 97
4 99
3 100
2 101
7 102
4 103
4 104
3 105
2 106
2 107
1 108
2 109
5 110
1 111
3 112
1 113
4 114
2 115
4 116
1 117
2 118
2 119
1 120
3 121
1 122
3 124
6 125
2 126
3 127
4 128
3 129
4 130
4 131
9 132
6 133
1 134
7 135
7 136
3 137
4 138
6 139
4 140
3 141
4 142
3 143
5 144
1 145
3 146
4 147
2 148
4 149
4 150
3 151
6 152
8 153
5 154
3 155
4 156
4 157
2 158
3 159
2 160
4 161
4 162
2 163
6 164
5 165
5 166
11 167
2 168
3 169
3 170
5 171
5 172
1 173
4 174
2 175
1 176
3 177
2 178
5 179
5 180
4 181
3 182
2 183
4 184
6 185
1 186
3 187
3 188
3 189
2 190
6 191
5 193
3 194
6 195
3 196
2 197
5 198
6 199
5 200
3 201
2 202
6 203
2 204
3 205
6 206
1 207
4 208
3 209
3 210
3 211
6 212
3 213
4 214
5 215
2 216
2 217
4 218
5 219
5 220
5 221
1 222
6 223
5 224
5 225
7 226
3 227
7 228
3 229
5 230
4 231
2 232
3 233
7 234
10 235
5 236
6 237
3 238
6 239
10 240
6 241
5 242
8 243
13 244
6 245
11 246
9 247
6 248
11 249
12 250
14 251
15 252
21 253
14 254
20 255
13 256
12 257
7 258
8 259
10 260
2 261
3 262
6 263
6 264
4 265
3 266
2 267
4 268
2 269
5 270
4 271
2 272
1 273
2 274
2 275
2 276
3 277
4 278
7 279
2 280
11 281
8 282
6 283
10 284
5 285
10 286
11 287
4 288
10 289
9 290
8 291
10 292
9 293
7 294
7 295
15 296
11 297
8 298
10 299
9 300
6 301
5 302
9 303
9 304
5 305
11 306
3 307
4 308
6 309
1 310
9 311
6 312
3 313
6 314
5 315
7 316
4 317
8 318
1 319
6 320
7 321
8 322
11 323
6 324
6 325
5 326
12 327
12 328
6 329
3 330
7 331
9 332
11 333
10 334
10 335
7 336
11 337
6 338
13 339
7 340
5 341
10 342
4 343
10 344
14 345
7 346
9 347
14 348
12 349
17 350
11 351
17 352
10 353
17 354
8 355
3 356
14 357
12 358
14 359
12 360
12 361
14 362
14 363
12 364
13 365
18 366
18 367
9 368
17 369
11 370
11 371
11 372
15 373
10 374
8 375
9 376
8 377
8 378
9 379
12 380
12 381
22 382
10 383
9 384
15 385
13 386
19 387
19 388
9 389
9 390
16 391
13 392
16 393
19 394
17 395
22 396
23 397
22 398
29 399
30 400
42 401
40 402
53 403
57 404
79 405
90 406
88 407
110 408
115 409
123 410
133 411
128 412
142 413
110 414
104 415
126 416
89 417
89 418
80 419
58 420
49 421
35 422
37 423
26 424
30 425
18 426
21 427
17 428
16 429
14 430
6 431
9 432
10 433
4 434
9 435
8 436
9 437
9 438
7 439
8 440
9 441
9 442
14 443
18 444
4 445
11 446
9 447
7 448
13 449
7 450
11 451
9 452
10 453
14 454
13 455
10 456
2 457
13 458
18 459
9 460
24 461
13 462
16 463
12 464
12 465
21 466
20 467
20 468
14 469
20 470
17 471
19 472
17 473
18 474
24 475
24 476
20 477
19 478
9 479
12 480
15 481
12 482
10 483
5 484
9 485
8 486
4 487
3 488
6 489
8 490
6 491
6 492
5 493
10 494
2 495
4 496
4 497
6 498
1 499
5 500
2 501
4 502
1 503
5 504
3 505
5 506
9 507
3 508
4 509
5 510
8 511
6 512
3 513
8 514
3 515
11 516
8 517
3 518
2 519
4 520
8 521
4 522
3 523
5 524
4 525
5 526
3 527
4 528
5 529
8 530
7 531
3 532
11 533
2 534
6 535
6 536
6 537
3 538
9 539
6 540
6 541
5 542
4 543
12 544
5 545
8 546
3 547
7 548
7 549
7 550
5 551
8 552
10 553
6 554
8 555
6 556
6 557
8 558
9 559
9 560
12 561
11 562
5 563
9 564
14 565
8 566
7 567
13 568
10 569
14 570
12 571
11 572
7 573
10 574
13 575
12 576
11 577
5 578
12 579
8 580
8 581
9 582
5 583
3 584
3 585
6 586
7 587
5 588
3 589
4 590
4 591
5 592
5 593
6 594
9 595
8 596
7 597
7 598
5 599
2 600
4 601
4 602
1 603
2 604
4 605
6 606
2 607
3 608
11 609
6 610
3 611
3 612
3 613
3 614
5 615
12 616
7 617
5 618
5 619
5 620
6 621
3 622
5 623
9 624
10 625
3 626
6 627
8 629
4 630
13 631
6 632
5 633
9 634
8 635
3 636
7 637
3 638
5 639
5 640
9 641
3 642
5 643
9 644
11 645
7 646
6 647
7 648
11 649
7 650
6 651
12 652
7 653
5 654
13 655
14 656
8 657
12 658
10 659
11 660
10 661
8 662
15 663
15 664
7 665
9 666
9 667
10 668
7 669
7 670
9 671
13 672
13 673
17 674
16 675
22 676
20 677
17 678
16 679
7 680
19 681
13 682
16 683
7 684
20 685
12 686
14 687
13 688
7 689
17 690
16 691
16 692
26 693
23 694
18 695
14 696
25 697
25 698
15 699
18 700
22 701
27 702
25 703
26 704
35 705
27 706
35 707
52 708
36 709
18 710
34 711
48 712
40 713
38 714
36 715
43 716
40 717
32 718
57 719
36 720
44 721
37 722
46 723
48 724
49 725
49 726
48 727
48 728
46 729
44 730
43 731
55 732
57 733
42 734
55 735
53 736
53 737
62 738
58 739
56 740
48 741
56 742
35 743
58 744
54 745
52 746
53 747
68 748
59 749
61 750
52 751
66 752
64 753
65 754
49 755
59 756
72 757
55 758
67 759
58 760
53 761
64 762
58 763
53 764
58 765
42 766
41 767
50 768
40 769
43 770
35 771
42 772
36 773
36 774
28 775
31 776
28 777
41 778
30 779
33 780
39 781
34 782
36 783
48 784
36 785
42 786
43 787
43 788
42 789
42 790
65 791
53 792
47 793
65 794
66 795
71 796
72 797
88 798
76 799
90 800
88 801
98 802
110 803
88 804
108 805
123 806
141 807
113 808
140 809
140 810
164 811
167 812
186 813
205 814
207 815
258 816
267 817
285 818
295 819
284 820
305 821
349 822
326 823
363 824
337 825
345 826
385 827
423 828
353 829
336 830
335 831
331 832
329 833
311 834
335 835
297 836
266 837
245 838
237 839
221 840
176 841
192 842
160 843
156 844
155 845
151 846
151 847
144 848
152 849
148 850
130 851
145 852
147 853
130 854
170 855
141 856
169 857
171 858
178 859
171 860
164 861
196 862
185 863
178 864
195 865
182 866
158 867
157 868
162 869
164 870
137 871
98 872
128 873
97 874
106 875
88 876
85 877
55 878
70 879
70 880
46 881
43 882
39 883
29 884
32 885
34 886
24 887
16 888
19 889
17 890
18 891
19 892
15 893
9 894
8 895
12 896
13 897
11 898
9 899
11 900
9 901
12 902
5 903
8 904
9 905
15 906
10 907
9 908
5 909
10 910
19 911
7 912
10 913
10 914
12 915
16 916
11 917
13 918
8 919
12 920
12 921
10 922
9 923
16 924
14 925
13 926
11 927
21 928
16 929
9 930
18 931
18 932
19 933
19 934
21 935
20 936
14 937
21 938
16 939
18 940
10 941
17 942
27 943
19 944
30 945
30 946
20 947
18 948
22 949
26 950
25 951
24 952
29 953
21 954
23 955
32 956
32 957
34 958
29 959
34 960
26 961
39 962
43 963
33 964
37 965
42 966
29 967
28 968
40 969
36 970
29 971
51 972
37 973
33 974
29 975
33 976
24 977
30 978
23 979
21 980
29 981
22 982
21 983
18 984
20 985
12 986
18 987
9 988
14 989
10 990
16 991
19 992
18 993
7 994
7 995
8 996
10 997
14 998
12 999
7 1000
11 1001
17 1002
15 1003
14 1004
10 1005
17 1006
24 1007
23 1008
22 1009
20 1010
31 1011
22 1012
27 1013
25 1014
43 1015
35 1016
45 1017
34 1018
45 1019
36 1020
35 1021
38 1022
39 1023
53 1024
43 1025
48 1026
66 1027
51 1028
46 1029
44 1030
51 1031
35 1032
53 1033
45 1034
33 1035
57 1036
40 1037
27 1038
30 1039
29 1040
25 1041
24 1042
24 1043
28 1044
17 1045
17 1046
23 1047
20 1048
28 1049
21 1050
28 1051
12 1052
31 1053
32 1054
25 1055
25 1056
24 1057
19 1058
22 1059
27 1060
32 1061
23 1062
21 1063
29 1064
25 1065
33 1066
24 1067
28 1068
26 1069
30 1070
33 1071
25 1072
26 1073
32 1074
38 1075
21 1076
29 1077
25 1078
28 1079
36 1080
25 1081
25 1082
38 1083
34 1084
39 1085
48 1086
36 1087
43 1088
39 1089
49 1090
40 1091
48 1092
34 1093
54 1094
57 1095
42 1096
40 1097
47 1098
37 1099
46 1100
30 1101
41 1102
30 1103
32 1104
34 1105
22 1106
21 1107
27 1108
30 1109
21 1110
23 1111
30 1112
26 1113
32 1114
33 1115
30 1116
27 1117
26 1118
35 1119
40 1120
31 1121
23 1122
36 1123
35 1124
31 1125
29 1126
28 1127
36 1128
37 1129
23 1130
18 1131
16 1132
22 1133
12 1134
19 1135
14 1136
16 1137
13 1138
16 1139
15 1140
11 1141
10 1142
6 1143
4 1144
5 1145
8 1146
7 1147
5 1148
5 1149
2 1150
2 1153
2 1154
3 1155
4 1156
1 1157
3 1160
2 1161
1 1162
1 1163
1 1165
1 1167
5 1168
4 1169
1 1171
1 1173
1 1174
4 1176
3 1177
2 1178
2 1179
3 1180
3 1182
3 1183
1 1184
2 1185
1 1186
4 1187
1 1188
1 1191
1 1193
1 1194
2 1195
1 1196
1 1197
1 1198
2 1199
1 1200
1 1201
1 1202
3 1203
2 1205
2 1206
1 1208
4 1210
1 1211
1 1212
3 1213
1 1214
3 1215
4 1217
2 1218
1 1219
1 1220
2 1221
2 1224
2 1225
4 1226
1 1227
1 1228
4 1229
1 1230
3 1231
2 1232
1 1233
1 1234
1 1235
3 1236
4 1237
3 1238
3 1239
1 1240
3 1241
4 1242
7 1243
3 1244
1 1245
7 1246
4 1247
3 1248
6 1249
4 1250
1 1251
6 1252
1 1253
2 1254
6 1255
3 1256
4 1257
4 1258
1 1259
3 1261
3 1262
3 1263
2 1264
3 1265
3 1266
2 1267
4 1268
2 1269
1 1270
1 1271
1 1272
3 1273
5 1274
2 1275
3 1276
4 1277
4 1278
5 1279
1 1280
3 1281
1 1282
1 1283
3 1284
2 1286
1 1287
4 1288
1 1289
2 1290
3 1291
3 1292
3 1293
1 1294
3 1296
1 1297
3 1298
2 1299
2 1300
4 1301
1 1302
4 1303
5 1304
1 1305
3 1306
5 1307
2 1308
4 1309
5 1311
4 1312
6 1313
1 1314
2 1315
3 1316
5 1317
2 1318
2 1319
2 1320
1 1321
4 1322
5 1323
1 1324
6 1325
3 1326
5 1327
7 1328
6 1329
6 1330
3 1331
5 1332
3 1333
3 1334
5 1335
6 1336
1 1337
6 1338
5 1339
8 1340
3 1341
11 1342
9 1343
5 1344
5 1345
7 1346
4 1347
5 1348
11 1349
8 1350
5 1351
8 1352
9 1353
9 1354
4 1355
5 1356
12 1357
10 1358
9 1359
10 1360
10 1361
13 1362
16 1363
18 1364
17 1365
24 1366
14 1367
16 1368
24 1369
21 1370
28 1371
24 1372
26 1373
18 1374
22 1375
27 1376
36 1377
33 1378
37 1379
36 1380
30 1381
34 1382
36 1383
35 1384
32 1385
31 1386
34 1387
25 1388
34 1389
24 1390
28 1391
26 1392
31 1393
20 1394
20 1395
18 1396
11 1397
15 1398
8 1399
10 1400
11 1401
5 1402
9 1403
6 1404
8 1405
5 1406
8 1407
8 1408
3 1409
4 1410
6 1411
4 1412
3 1413
1 1414
3 1415
4 1416
2 1417
1 1418
3 1419
1 1420
2 1421
1 1423
3 1424
1 1425
2 1426
2 1427
1 1428
2 1429
1 1430
2 1432
1 1435
2 1436
2 1437
1 1439
2 1440
1 1441
1 1442
2 1445
2 1446
2 1447
2 1448
1 1449
2 1452
2 1454
2 1455
1 1456
2 1457
1 1460
2 1462
1 1463
4 1464
1 1467
1 1468
2 1470
1 1471
1 1473
1 1476
1 1478
1 1480
2 1483
1 1485
2 1486
1 1487
1 1488
1 1490
3 1491
2 1492
2 1493
1 1495
1 1496
3 1497
1 1502
1 1503
1 1504
1 1506
2 1507
1 1511
1 1513
1 1517
1 1518
1 1519
2 1520
1 1522
1 1523
1 1525
1 1527
1 1528
2 1536
2 1538
2 1539
1 1541
1 1542
1 1543
1 1544
1 1545
1 1546
1 1549
1 1550
1 1553
1 1554
2 1555
1 1557
1 1558
1 1559
1 1560
1 1561
1 1562
2 1565
1 1569
1 1570
1 1571
1 1572
2 1577
2 1578
2 1580
1 1583
2 1584
1 1585
1 1586
1 1587
1 1588
1 1589
1 1591
2 1593
3 1594
1 1595
1 1596
2 1599
3 1603
2 1605
2 1606
1 1607
1 1609
3 1612
1 1613
1 1614
2 1615
3 1616
1 1618
1 1620
3 1621
3 1622
1 1624
2 1627
2 1628
3 1629
3 1630
3 1632
1 1633
3 1635
4 1637
3 1641
3 1642
1 1644
2 1647
1 1648
1 1651
1 1654
2 1655
2 1657
1 1659
1 1660
2 1661
1 1662
1 1665
2 1666
2 1667
1 1668
1 1669
1 1670
1 1672
1 1674
1 1676
1 1677
1 1678
3 1679
3 1680
3 1681
3 1683
1 1684
2 1685
1 1686
4 1688
4 1689
3 1690
2 1691
2 1692
2 1693
3 1694
5 1695
3 1696
4 1697
2 1698
4 1699
3 1701
2 1702
4 1703
1 1704
1 1705
1 1706
1 1707
1 1708
1 1709
1 1710
2 1711
3 1712
1 1713
1 1714
5 1715
1 1718
4 1719
5 1720
1 1721
1 1722
2 1723
1 1724
1 1725
1 1726
1 1727
2 1729
1 1731
2 1732
1 1733
2 1734
1 1735
2 1736
4 1738
2 1739
1 1742
1 1743
2 1744
1 1748
2 1749
3 1750
3 1751
2 1752
1 1753
2 1754
1 1755
3 1757
3 1758
1 1760
4 1761
1 1762
1 1764
1 1765
1 1766
1 1767
2 1768
2 1769
2 1770
1 1773
1 1774
1 1775
1 1778
1 1780
1 1781
2 1782
2 1783
3 1784
2 1786
2 1787
2 1789
1 1790
1 1792
1 1793
1 1796
1 1797
3 1798
3 1799
1 1800
2 1801
3 1802
4 1803
1 1805
1 1808
2 1809
1 1810
1 1811
5 1812
4 1813
1 1814
1 1815
1 1816
2 1817
2 1818
2 1819
2 1821
2 1822
2 1823
4 1824
4 1826
4 1827
1 1828
2 1829
7 1830
1 1831
1 1832
7 1833
5 1834
7 1835
3 1836
3 1837
4 1838
3 1839
2 1840
2 1841
5 1842
7 1843
1 1844
9 1845
5 1846
2 1847
3 1848
4 1849
2 1850
7 1851
3 1852
3 1853
5 1854
1 1855
2 1856
7 1857
1 1858
2 1859
3 1860
4 1861
5 1862
5 1863
2 1864
1 1865
2 1866
1 1867
1 1868
1 1869
3 1870
2 1871
7 1872
1 1873
1 1874
1 1875
7 1876
2 1877
2 1878
4 1879
1 1880
1 1881
1 1883
5 1884
3 1885
2 1886
2 1887
4 1888
1 1889
3 1890
2 1891
1 1892
2 1893
2 1894
1 1895
2 1896
3 1897
5 1898
2 1899
2 1900
3 1901
3 1902
1 1903
1 1904
3 1905
1 1906
1 1907
1 1908
2 1909
3 1910
1 1911
1 1912
1 1913
1 1914
2 1915
3 1916
1 1917
2 1919
1 1920
4 1921
3 1922
1 1923
3 1924
1 1925
2 1926
2 1927
1 1928
1 1929
1 1930
3 1931
4 1932
4 1933
2 1934
3 1935
3 1936
3 1937
3 1938
3 1939
3 1940
7 1941
2 1942
4 1944
2 1945
4 1946
3 1947
5 1949
4 1950
3 1951
5 1952
3 1953
1 1954
3 1955
4 1956
3 1957
3 1958
1 1959
4 1960
1 1961
1 1962
3 1963
1 1966
1 1968
1 1969
2 1970
3 1971
1 1972
4 1973
3 1974
1 1975
1 1976
2 1978
2 1979
2 1980
1 1981
1 1982
1 1983
4 1985
1 1986
1 1987
2 1988
2 1989
1 1990
3 1991
3 1992
5 1993
1 1994
4 1995
1 1997
6 1999
2 2000
3 2001
2 2002
2 2003
3 2004
4 2005
7 2006
3 2007
6 2008
7 2009
2 2010
5 2011
3 2012
7 2013
4 2014
3 2015
4 2016
2 2017
5 2018
10 2019
4 2020
3 2021
5 2022
7 2023
9 2024
7 2025
2 2026
4 2027
3 2028
5 2029
3 2030
4 2031
4 2032
7 2033
1 2034
3 2035
1 2036
2 2037
3 2039
1 2040
2 2041
2 2042
5 2043
3 2044
4 2045
1 2046
1 2047
1 2048
2 2049
2 2051
1 2052
1 2053
2 2054
3 2055
2 2057
4 2058
1 2059
3 2061
1 2062
1 2063
1 2064
3 2066
2 2067
1 2070
2 2071
2 2072
2 2073
3 2074
3 2075
1 2078
1 2079
1 2081
1 2082
2 2083
2 2084
2 2085
1 2086
1 2087
1 2088
1 2090
3 2091
2 2094
1 2097
3 2099
1 2101
2 2102
1 2103
1 2104
1 2105
1 2107
3 2108
1 2109
2 2110
2 2111
1 2113
1 2114
2 2115
1 2116
2 2117
1 2118
1 2120
2 2121
1 2122
1 2123
2 2124
3 2125
3 2126
1 2127
2 2128
1 2129
3 2130
1 2131
3 2132
3 2133
1 2134
1 2136
2 2137
2 2138
2 2139
3 2140
4 2141
1 2143
6 2144
1 2145
3 2146
1 2147
3 2148
1 2149
3 2150
4 2151
2 2152
2 2153
4 2154
2 2155
5 2156
2 2157
4 2158
3 2160
2 2161
3 2162
5 2163
2 2164
3 2165
3 2166
2 2168
2 2169
1 2170
1 2171
2 2172
2 2173
2 2174
3 2175
1 2176
4 2177
3 2178
2 2179
2 2180
1 2182
2 2184
3 2185
2 2187
3 2188
1 2189
2 2191
1 2192
1 2193
1 2194
1 2195
4 2200
1 2201
1 2202
1 2203
2 2207
4 2208
1 2210
2 2211
1 2212
1 2213
1 2215
2 2217
1 2218
1 2220
1 2222
1 2223
1 2224
1 2225
1 2226
2 2227
1 2232
1 2233
4 2234
1 2236
1 2237
2 2238
2 2239
1 2240
1 2241
2 2242
1 2243
2 2244
3 2245
2 2246
2 2247
2 2248
1 2249
1 2251
2 2252
6 2253
4 2255
1 2256
2 2257
3 2258
2 2259
2 2260
1 2261
2 2262
3 2263
1 2265
3 2266
2 2267
3 2268
3 2269
4 2270
1 2271
1 2272
2 2273
1 2274
2 2275
1 2276
2 2277
4 2278
4 2279
2 2281
2 2282
1 2283
1 2284
3 2285
1 2286
2 2287
1 2288
1 2290
1 2291
3 2293
3 2294
4 2295
1 2296
4 2298
3 2299
1 2300
2 2301
2 2303
1 2304
2 2305
1 2306
2 2307
3 2308
2 2309
2 2310
2 2314
2 2315
2 2316
2 2317
4 2318
2 2319
5 2320
3 2322
4 2323
1 2324
1 2325
1 2326
4 2327
5 2328
7 2329
3 2330
1 2332
1 2333
2 2334
2 2335
2 2336
7 2337
2 2338
6 2339
2 2340
3 2341
4 2342
3 2343
5 2344
3 2345
4 2346
2 2347
4 2348
6 2349
3 2350
2 2351
2 2352
8 2353
3 2354
7 2355
1 2356
5 2357
8 2358
3 2359
8 2360
4 2361
4 2362
7 2363
1 2364
5 2365
3 2366
9 2367
4 2368
5 2369
7 2370
10 2371
4 2372
6 2373
6 2374
4 2375
5 2376
5 2377
5 2378
2 2379
6 2380
2 2381
8 2382
10 2383
3 2384
6 2385
13 2386
6 2387
10 2388
13 2389
11 2390
11 2391
7 2392
11 2393
13 2394
8 2395
11 2396
7 2397
6 2398
14 2399
10 2400
8 2401
6 2402
7 2403
9 2404
9 2405
11 2406
11 2407
11 2408
8 2409
8 2410
4 2411
15 2412
13 2413
13 2414
11 2415
8 2416
9 2417
8 2418
11 2419
13 2420
12 2421
13 2422
5 2423
10 2424
7 2425
8 2426
13 2427
9 2428
13 2429
10 2430
9 2431
7 2432
6 2433
9 2434
9 2435
9 2436
7 2437
6 2438
7 2439
6 2440
9 2441
7 2442
8 2443
14 2444
3 2445
10 2446
4 2447
8 2448
10 2449
13 2450
8 2451
13 2452
12 2453
11 2454
10 2455
10 2456
13 2457
13 2458
11 2459
10 2460
12 2461
11 2462
16 2463
8 2464
17 2465
10 2466
14 2467
13 2468
17 2469
26 2470
13 2471
22 2472
22 2473
18 2474
16 2475
18 2476
22 2477
22 2478
14 2479
19 2480
23 2481
21 2482
25 2483
22 2484
24 2485
21 2486
31 2487
23 2488
22 2489
21 2490
19 2491
23 2492
19 2493
26 2494
30 2495
27 2496
15 2497
24 2498
15 2499
31 2500
26 2501
14 2502
29 2503
19 2504
21 2505
28 2506
19 2507
22 2508
13 2509
14 2510
7 2511
22 2512
15 2513
23 2514
15 2515
19 2516
8 2517
9 2518
11 2519
8 2520
13 2521
5 2522
9 2523
7 2524
6 2525
9 2526
5 2527
11 2528
4 2529
7 2530
6 2531
4 2532
10 2533
4 2534
7 2535
3 2536
1 2537
4 2538
5 2539
5 2540
5 2541
8 2542
3 2543
2 2544
3 2545
4 2546
2 2547
2 2548
4 2549
1 2550
4 2551
5 2552
3 2553
1 2554
6 2555
5 2556
4 2558
1 2559
4 2560
2 2561
4 2562
6 2563
3 2564
2 2565
3 2566
2 2567
3 2568
4 2569
1 2570
3 2571
1 2572
6 2573
4 2574
3 2575
2 2576
1 2577
3 2578
4 2579
7 2580
1 2581
4 2583
2 2584
1 2585
2 2587
4 2588
1 2589
3 2592
1 2593
2 2595
4 2596
1 2598
3 2599
1 2600
1 2601
2 2602
1 2603
2 2604
1 2605
2 2606
1 2607
1 2608
2 2609
4 2611
1 2612
1 2613
1 2614
1 2615
2 2616
1 2618
1 2619
4 2620
3 2621
3 2622
3 2623
2 2624
2 2627
1 2631
3 2632
1 2633
2 2634
2 2635
2 2637
3 2639
1 2640
1 2643
1 2644
1 2645
1 2646
2 2647
3 2648
1 2652
2 2653
2 2654
5 2657
1 2659
2 2660
3 2661
2 2662
2 2664
1 2665
1 2666
4 2667
2 2668
2 2669
1 2670
3 2671
1 2672
1 2673
3 2674
1 2676
2 2678
1 2679
3 2680
1 2681
6 2682
3 2683
5 2684
1 2685
7 2686
1 2687
5 2688
2 2689
2 2690
5 2691
4 2692
6 2693
3 2694
2 2695
3 2696
5 2697
2 2698
6 2699
9 2700
4 2701
5 2702
10 2703
4 2704
8 2705
9 2706
4 2707
5 2708
3 2709
4 2710
5 2711
5 2712
6 2713
6 2714
8 2715
8 2716
12 2717
5 2718
7 2719
6 2720
5 2721
7 2722
5 2723
4 2724
3 2725
13 2726
5 2727
7 2728
6 2729
3 2730
4 2731
5 2732
3 2733
3 2734
7 2735
3 2736
2 2737
2 2738
6 2739
4 2740
1 2741
3 2742
5 2743
2 2744
6 2745
5 2746
3 2747
1 2748
1 2749
4 2750
1 2751
2 2752
2 2754
3 2755
2 2756
1 2757
2 2758
1 2759
2 2760
1 2761
2 2762
1 2763
1 2765
1 2766
1 2767
1 2768
2 2771
1 2772
2 2773
1 2777
2 2778
2 2779
2 2781
1 2782
1 2784
2 2785
2 2786
2 2788
2 2789
3 2791
2 2792
1 2794
1 2796
2 2797
2 2798
2 2799
1 2800
1 2801
1 2802
2 2804
2 2805
2 2806
2 2807
1 2809
1 2810
1 2811
1 2812
3 2813
3 2814
1 2816
3 2818
3 2820
3 2822
3 2823
2 2824
4 2826
2 2827
1 2828
2 2829
1 2830
3 2831
1 2832
2 2834
2 2835
3 2836
2 2837
2 2838
1 2839
2 2840
1 2841
2 2844
2 2845
4 2847
4 2848
1 2851
1 2854
1 2855
1 2857
1 2858
1 2862
1 2863
1 2865
1 2866
1 2871
1 2873
1 2874
1 2886
1 2888
1 2899
1 2903
1 2915
1 2920
1 2933
1 2936
1 2948
1 2953
1 2961
1 2964
1 2970
1 2984
1 2988
1 2990
1 2997
1 3000
1 3018
1 3027
1 3034
1 3036
1 3044
1 3049
2 3057
1 3058
1 3059
1 3060
1 3063
1 3064
1 3066
2 3067
1 3068
1 3070
1 3076
1 3080
1 3082
1 3084
1 3096
1 3098
2 3100
1 3102
1 3103
1 3105
1 3109
3 3112
1 3113
1 3116
1 3119
1 3120
1 3121
1 3123
1 3125
1 3127
2 3133
1 3135
1 3136
2 3137
1 3138
1 3139
3 3141
1 3142
1 3144
1 3145
1 3146
2 3147
1 3149
1 3150
4 3152
2 3154
1 3155
1 3157
1 3158
1 3160
1 3164
1 3168
1 3169
1 3176
1 3181
1 3182
1 3183
1 3185
1 3186
2 3198
1 3202
1 3203
1 3208
1 3211
1 3212
1 3227
1 3231
1 3276
1 3281
1 3314
1 3324
1 3342
2 3420
1 3445
1 3504
1 3506
1 3553
1 3573
1 3587
1 3618
1 3634
1 3659
2 3709
1 3739
1 3915
1 4001
1 4084
1 4291
1 4301
1 4312
1 4337
1 4576
1 4585
1 4617
1 4689
1 4755
1 4797
1 4819
1 4827
1 4829
