1 5
1 7
1 11
1 13
1 16
1 34
1 40
1 44
1 49
1 53
2 60
3 63
1 64
3 68
2 71
3 72
1 73
1 77
3 78
1 81
1 86
1 88
1 89
1 92
1 93
4 95
2 97
1 98
1 99
2 100
2 101
4 102
1 103
1 104
1 106
5 114
2 116
1 117
2 118
3 120
1 121
4 122
1 123
1 125
1 126
1 128
1 129
3 130
1 131
2 132
1 134
2 135
1 137
3 138
1 140
1 141
1 143
1 144
1 145
2 146
2 147
1 148
2 151
2 153
2 154
4 155
2 156
2 157
1 159
1 160
3 161
2 162
1 163
2 164
5 167
4 170
2 171
1 172
2 173
2 174
1 175
2 176
2 177
2 178
1 179
2 181
3 182
1 183
3 184
6 185
6 186
8 187
4 188
8 189
17 190
16 191
12 192
13 193
18 194
20 195
27 196
18 197
25 198
24 199
13 200
13 201
19 202
10 203
8 204
6 205
7 206
6 207
5 208
5 209
6 210
2 211
2 212
2 213
3 214
4 215
2 216
2 217
4 218
2 219
3 220
3 221
4 222
1 223
3 224
1 225
1 226
2 227
5 229
4 230
2 231
1 232
1 233
3 234
2 235
1 236
1 237
3 238
4 239
3 240
3 241
2 242
2 243
3 244
2 245
5 246
4 247
2 248
3 249
2 250
3 251
2 252
2 253
7 254
6 255
3 256
2 257
7 258
4 259
6 260
2 261
6 262
5 263
2 264
6 265
8 266
5 267
3 268
5 269
4 270
8 271
6 272
6 273
5 274
4 275
11 276
10 277
6 278
3 279
12 280
7 281
8 282
4 283
6 284
5 285
3 286
6 287
1 288
1 289
3 290
5 291
13 292
8 293
9 294
13 295
18 296
18 297
21 298
27 299
23 300
18 301
20 302
26 303
25 304
20 305
22 306
20 307
15 308
16 309
7 310
13 311
10 312
7 313
9 314
3 315
9 316
7 317
6 318
10 319
8 320
11 321
10 322
22 323
8 324
6 325
12 326
21 327
12 328
14 329
14 330
14 331
10 332
12 333
9 334
6 335
10 336
5 337
12 338
7 339
6 340
6 341
3 342
8 343
5 344
9 345
9 346
6 347
10 348
11 349
5 350
9 351
7 352
5 353
12 354
7 355
6 356
5 357
10 358
12 359
12 360
6 361
12 362
4 363
7 364
4 365
5 366
11 367
8 368
9 369
9 370
12 371
8 372
5 373
7 374
8 375
11 376
9 377
8 378
9 379
5 380
6 381
7 382
7 383
5 384
10 385
3 386
6 387
1 388
4 389
4 390
7 391
3 392
3 393
10 394
6 395
5 396
6 397
3 398
7 399
4 400
4 401
4 402
4 403
3 404
5 405
2 406
1 407
2 408
11 409
6 410
5 411
3 412
2 413
6 414
2 415
3 416
6 417
3 418
2 419
7 420
7 421
5 423
7 424
5 425
4 426
5 427
6 428
6 429
7 430
4 431
4 432
5 433
9 434
3 435
9 436
11 437
6 438
7 439
8 440
6 441
5 442
3 443
7 444
6 445
7 446
4 447
6 448
8 449
3 450
3 451
6 452
3 453
5 454
7 455
3 456
1 457
4 458
8 459
6 460
9 461
7 462
7 463
9 464
9 465
4 466
7 467
6 468
6 469
12 470
12 471
5 472
9 473
2 474
10 475
12 476
6 477
8 478
9 479
6 480
7 481
7 482
12 483
3 484
4 485
10 486
14 487
9 488
6 489
9 490
10 491
10 492
11 493
6 494
4 495
9 496
9 497
9 498
9 499
9 500
8 501
6 502
6 503
10 504
10 505
5 506
13 507
10 508
7 509
8 510
4 511
7 512
6 513
15 514
7 515
12 516
9 517
12 518
15 519
10 520
5 521
10 522
18 523
10 524
11 525
7 526
16 527
21 528
13 529
17 530
20 531
16 532
17 533
17 534
12 535
17 536
9 537
7 538
13 539
6 540
5 541
5 542
2 543
7 544
6 545
2 546
5 547
3 548
5 549
5 550
5 551
3 552
3 553
3 554
2 555
5 556
3 557
4 558
2 559
2 560
3 561
7 562
4 563
5 564
6 565
7 566
6 567
8 568
6 569
2 570
5 571
3 572
2 573
2 574
5 575
4 576
7 577
7 578
7 579
7 580
5 581
3 582
6 583
5 584
6 585
8 586
3 587
7 588
5 589
7 590
2 591
8 592
4 593
5 594
6 595
9 596
6 597
6 598
8 599
3 600
2 601
3 602
5 603
7 604
6 605
5 606
10 607
9 608
8 609
3 610
5 611
6 612
6 613
10 614
5 615
5 616
7 617
5 618
4 619
2 620
4 621
4 622
3 623
5 624
5 625
7 626
2 627
4 628
5 629
3 630
3 631
7 632
2 633
6 634
2 635
3 636
9 637
4 638
1 639
2 640
9 641
5 642
3 643
7 644
8 645
3 646
9 647
5 648
9 649
7 650
13 651
11 652
9 653
8 654
6 655
13 656
12 657
9 658
12 659
13 660
13 661
9 662
17 663
12 664
14 665
9 666
10 667
9 668
25 669
12 670
9 671
11 672
10 673
11 674
11 675
9 676
9 677
5 678
14 679
10 680
7 681
10 682
9 683
13 684
9 685
12 686
7 687
7 688
5 689
5 690
8 691
4 692
9 693
5 694
5 695
4 696
5 697
8 698
10 699
9 700
7 701
4 702
4 703
4 704
5 705
9 706
4 707
5 708
6 709
6 710
1 711
6 712
4 713
5 714
4 715
10 716
4 717
3 718
4 719
7 720
10 721
7 722
7 723
9 724
8 725
1 726
3 727
2 728
4 729
4 730
10 731
6 732
9 733
5 734
10 735
6 736
12 737
15 738
11 739
8 740
13 741
13 742
9 743
9 744
16 745
13 746
11 747
12 748
8 749
9 750
13 751
9 752
6 753
11 754
10 755
12 756
10 757
9 758
4 759
9 760
8 761
10 762
8 763
6 764
7 765
6 766
3 767
7 768
5 769
3 770
3 771
4 772
3 773
4 774
6 775
3 776
6 777
9 778
6 779
3 780
1 781
6 782
2 783
7 784
5 785
5 786
3 787
8 788
8 789
6 790
7 791
11 792
6 793
7 794
9 795
7 796
10 797
7 798
10 799
7 800
5 801
7 802
4 803
5 804
8 805
11 806
8 807
5 808
7 809
10 810
1 811
8 812
7 813
5 814
8 815
8 816
7 817
8 818
6 819
9 820
5 821
12 822
7 823
11 824
11 825
12 826
15 827
12 828
14 829
15 830
12 831
11 832
12 833
11 834
12 835
16 836
12 837
16 838
15 839
17 840
11 841
13 842
15 843
22 844
13 845
12 846
11 847
7 848
14 849
16 850
14 851
16 852
22 853
11 854
18 855
26 856
20 857
26 858
23 859
12 860
19 861
17 862
14 863
23 864
20 865
21 866
17 867
16 868
25 869
28 870
12 871
20 872
26 873
17 874
13 875
14 876
15 877
14 878
18 879
20 880
28 881
23 882
14 883
25 884
22 885
37 886
32 887
33 888
41 889
62 890
46 891
56 892
64 893
50 894
59 895
63 896
69 897
65 898
85 899
68 900
55 901
78 902
51 903
67 904
57 905
65 906
67 907
43 908
54 909
52 910
43 911
37 912
28 913
40 914
27 915
37 916
19 917
28 918
14 919
20 920
18 921
22 922
13 923
12 924
16 925
12 926
11 927
5 928
4 929
5 930
3 931
3 932
6 933
1 934
4 935
5 936
1 937
2 938
3 940
5 941
2 945
1 946
2 947
1 948
1 949
3 950
3 951
3 952
2 953
3 954
4 955
1 957
2 958
2 959
1 960
1 962
1 963
1 964
4 965
1 966
1 969
1 971
4 972
1 974
1 975
1 977
1 978
1 981
2 982
2 983
2 984
2 987
1 988
2 989
1 992
2 994
1 996
1 997
3 999
1 1000
1 1001
1 1002
1 1003
5 1004
2 1005
2 1007
1 1008
3 1010
1 1014
2 1015
2 1016
2 1017
3 1021
1 1022
2 1023
3 1024
1 1026
2 1030
2 1032
1 1033
1 1034
2 1035
3 1036
2 1037
3 1040
2 1042
1 1043
1 1044
1 1045
1 1046
2 1048
1 1049
1 1050
2 1051
1 1052
2 1053
1 1056
2 1057
1 1058
1 1059
1 1060
2 1062
1 1063
1 1065
5 1066
1 1067
4 1068
2 1069
1 1070
2 1071
2 1072
1 1073
2 1075
2 1076
2 1077
3 1078
1 1079
1 1080
1 1081
2 1082
1 1084
2 1085
1 1087
1 1088
2 1093
1 1095
2 1096
2 1097
1 1100
1 1101
3 1102
1 1103
2 1104
1 1105
1 1107
3 1108
1 1109
3 1110
1 1111
3 1114
2 1115
1 1116
2 1117
2 1118
3 1121
1 1124
1 1125
1 1126
1 1127
2 1130
3 1131
3 1132
1 1133
2 1135
1 1136
2 1137
4 1138
2 1139
3 1140
2 1141
1 1142
4 1143
4 1144
3 1145
2 1146
3 1147
3 1148
1 1149
5 1150
3 1151
1 1152
2 1153
1 1154
2 1155
1 1156
4 1157
4 1158
2 1159
1 1160
4 1161
2 1162
3 1163
1 1164
2 1165
5 1166
3 1167
9 1168
13 1169
6 1170
4 1171
4 1172
4 1173
7 1174
10 1175
9 1176
5 1177
9 1178
9 1179
7 1180
6 1181
10 1182
11 1183
12 1184
10 1185
16 1186
17 1187
6 1188
19 1189
10 1190
6 1191
15 1192
17 1193
11 1194
6 1195
7 1196
9 1197
8 1198
5 1199
12 1200
7 1201
6 1202
9 1203
4 1204
6 1205
6 1206
6 1207
4 1208
5 1209
4 1210
8 1211
8 1212
4 1213
2 1214
1 1215
4 1216
6 1217
3 1219
4 1220
6 1221
3 1222
3 1223
4 1224
6 1225
3 1226
2 1227
2 1228
2 1229
1 1230
4 1231
3 1232
2 1233
3 1234
3 1235
2 1236
4 1237
2 1238
3 1239
3 1240
2 1241
4 1242
1 1243
4 1245
1 1246
5 1247
3 1248
3 1249
2 1250
3 1251
2 1252
1 1254
6 1255
2 1256
4 1257
2 1258
3 1259
4 1260
6 1261
5 1262
6 1263
7 1264
2 1265
5 1266
3 1267
5 1268
7 1269
7 1270
8 1271
4 1272
12 1273
4 1274
11 1275
10 1276
11 1277
11 1278
15 1279
13 1280
14 1281
11 1282
11 1283
21 1284
9 1285
12 1286
14 1287
12 1288
20 1289
14 1290
19 1291
25 1292
25 1293
18 1294
16 1295
28 1296
16 1297
17 1298
22 1299
22 1300
31 1301
25 1302
14 1303
14 1304
15 1305
13 1306
19 1307
19 1308
14 1309
9 1310
7 1311
15 1312
7 1313
11 1314
9 1315
5 1316
5 1317
5 1318
8 1319
10 1320
9 1321
8 1322
7 1323
10 1324
5 1325
7 1326
10 1327
8 1328
7 1329
4 1330
5 1331
9 1332
9 1333
10 1334
5 1335
4 1336
5 1337
5 1338
6 1339
8 1340
5 1342
2 1343
5 1344
4 1345
3 1346
2 1347
7 1348
1 1349
2 1350
1 1352
3 1353
1 1354
4 1355
5 1356
1 1357
3 1358
2 1359
2 1360
5 1362
1 1363
2 1364
2 1365
2 1367
3 1368
1 1369
1 1370
2 1371
3 1372
2 1373
2 1374
5 1375
5 1376
1 1378
1 1379
3 1380
4 1381
2 1382
7 1383
3 1384
3 1385
1 1386
3 1387
5 1388
3 1389
3 1390
1 1391
3 1392
3 1393
4 1394
2 1395
1 1396
1 1397
3 1398
1 1399
3 1400
3 1401
2 1402
3 1403
3 1404
6 1405
2 1406
2 1407
3 1408
2 1409
3 1410
1 1411
2 1412
1 1413
4 1414
3 1415
3 1416
2 1417
1 1418
2 1419
1 1420
2 1421
3 1422
2 1423
2 1424
3 1425
1 1426
2 1427
3 1428
3 1429
5 1430
5 1431
1 1432
1 1433
3 1435
2 1436
2 1437
4 1439
1 1440
1 1441
4 1442
1 1443
4 1444
1 1445
2 1446
2 1447
4 1448
3 1449
3 1450
5 1451
2 1452
2 1453
6 1454
1 1455
2 1456
1 1457
2 1458
1 1459
3 1460
3 1461
2 1462
4 1463
3 1464
3 1465
6 1466
2 1467
4 1468
1 1469
4 1471
3 1473
3 1474
4 1475
5 1476
3 1477
6 1478
1 1479
3 1480
1 1481
2 1482
3 1483
6 1484
2 1485
2 1486
5 1487
4 1488
1 1489
2 1490
4 1491
2 1492
1 1493
4 1494
1 1495
2 1496
2 1498
2 1499
2 1500
1 1501
1 1502
2 1503
3 1505
1 1506
2 1508
3 1512
1 1513
2 1514
2 1515
1 1516
3 1517
2 1518
1 1519
1 1520
2 1522
1 1523
1 1524
1 1525
1 1526
1 1527
2 1528
3 1529
2 1531
1 1532
2 1533
3 1534
3 1536
3 1537
2 1538
1 1539
1 1540
2 1541
1 1542
1 1543
2 1544
2 1545
1 1546
4 1548
1 1549
1 1550
1 1552
1 1553
1 1555
1 1556
1 1559
1 1565
2 1566
1 1569
1 1573
1 1576
1 1577
1 1580
2 1581
2 1582
1 1584
2 1585
2 1588
3 1589
1 1590
2 1593
1 1594
1 1596
2 1597
1 1599
1 1600
1 1601
1 1602
2 1603
3 1608
3 1610
2 1611
4 1613
3 1614
1 1615
2 1617
2 1619
1 1620
3 1621
6 1622
2 1623
3 1625
5 1626
4 1627
3 1628
2 1629
4 1630
3 1631
1 1632
1 1633
1 1634
4 1635
2 1636
5 1637
2 1638
6 1639
2 1640
4 1641
1 1642
4 1643
3 1644
3 1645
3 1646
3 1647
5 1648
6 1649
4 1650
1 1651
4 1652
7 1653
2 1654
4 1655
2 1656
1 1657
1 1658
3 1659
2 1660
4 1661
2 1662
1 1663
1 1664
2 1665
2 1666
4 1671
1 1672
1 1674
1 1679
2 1680
1 1681
1 1683
2 1695
1 1705
1 1708
1 1712
2 1714
1 1722
1 1723
1 1726
1 1727
1 1728
2 1729
2 1734
1 1736
1 1738
1 1741
2 1744
1 1748
1 1750
1 1753
1 1755
1 1757
2 1762
1 1763
1 1765
2 1767
1 1771
1 1773
1 1774
1 1776
2 1779
1 1780
1 1781
1 1782
2 1783
1 1785
1 1786
2 1789
2 1792
1 1794
3 1796
1 1797
1 1799
1 1800
2 1801
1 1804
1 1808
2 1809
1 1810
2 1812
2 1814
2 1815
1 1818
2 1820
1 1823
4 1824
2 1825
1 1827
1 1828
1 1831
1 1832
3 1833
1 1834
1 1836
1 1837
1 1839
1 1841
1 1842
1 1843
1 1844
1 1845
1 1846
3 1848
2 1849
3 1850
1 1853
1 1855
1 1856
1 1858
1 1860
3 1861
1 1862
3 1865
4 1866
2 1868
2 1869
5 1870
2 1871
2 1872
1 1873
1 1874
1 1875
2 1876
4 1877
2 1878
4 1879
5 1880
7 1881
3 1882
5 1884
4 1885
1 1886
1 1889
3 1890
1 1891
4 1892
1 1894
2 1895
2 1896
4 1898
3 1899
3 1901
3 1902
1 1903
3 1904
5 1905
5 1907
1 1908
3 1909
1 1910
5 1911
3 1912
2 1913
5 1914
3 1915
6 1916
4 1917
3 1918
3 1919
1 1920
1 1923
2 1924
3 1925
1 1927
1 1928
2 1929
4 1930
1 1931
2 1932
2 1933
1 1934
2 1935
2 1936
2 1937
2 1938
2 1939
1 1940
2 1941
3 1943
1 1944
4 1945
2 1947
3 1948
2 1949
2 1950
1 1951
1 1952
3 1953
1 1954
4 1956
1 1957
3 1960
4 1962
1 1964
1 1965
7 1967
2 1968
1 1969
5 1970
2 1971
2 1972
1 1973
1 1976
1 1977
1 1979
2 1980
1 1982
1 1986
1 1987
1 1991
2 1992
1 1993
2 1995
1 1996
1 1999
1 2003
1 2004
2 2006
1 2009
1 2012
2 2023
1 2025
1 2026
1 2028
1 2029
1 2036
2 2037
1 2044
1 2045
1 2047
1 2056
2 2058
1 2059
1 2063
1 2064
1 2065
2 2068
1 2069
1 2071
1 2073
2 2074
1 2075
1 2078
1 2081
1 2082
1 2086
1 2088
1 2089
1 2091
2 2094
1 2095
1 2101
1 2102
1 2103
2 2104
1 2105
1 2108
1 2110
2 2112
1 2117
1 2118
1 2122
1 2123
2 2126
4 2127
2 2129
1 2132
1 2133
1 2134
1 2138
3 2139
1 2140
2 2146
1 2147
2 2148
2 2152
2 2153
2 2155
1 2157
1 2158
1 2160
1 2163
3 2167
2 2168
3 2170
2 2173
1 2177
1 2178
2 2179
1 2180
1 2181
1 2182
1 2183
1 2185
2 2186
3 2188
2 2189
1 2190
1 2191
1 2192
2 2193
2 2194
2 2195
1 2197
1 2200
1 2201
1 2202
1 2203
1 2206
1 2207
1 2208
1 2210
2 2212
2 2215
1 2218
1 2221
3 2222
2 2223
1 2225
4 2227
2 2228
1 2229
2 2231
2 2232
1 2233
1 2237
2 2239
2 2240
3 2243
2 2244
2 2245
3 2246
1 2247
3 2248
1 2250
1 2251
3 2253
6 2254
3 2255
3 2257
2 2258
1 2259
3 2260
3 2261
2 2262
3 2263
3 2266
3 2268
2 2269
1 2271
4 2272
1 2273
1 2274
2 2275
2 2276
1 2277
2 2278
1 2279
1 2280
4 2281
1 2282
4 2283
1 2285
1 2286
2 2288
3 2291
2 2292
3 2293
2 2294
2 2295
2 2296
4 2297
1 2298
1 2299
5 2300
4 2302
3 2303
2 2305
1 2307
2 2308
1 2310
3 2311
4 2312
2 2313
3 2314
1 2315
1 2316
3 2317
2 2318
2 2319
3 2320
1 2321
3 2322
1 2323
2 2324
1 2325
1 2326
2 2327
1 2328
1 2329
2 2330
3 2331
1 2332
2 2333
2 2334
1 2335
1 2336
1 2337
3 2338
1 2339
1 2340
4 2341
2 2343
1 2344
1 2345
1 2346
2 2347
2 2348
1 2349
3 2350
2 2351
2 2352
1 2353
3 2354
1 2355
3 2358
3 2359
2 2360
3 2361
2 2362
4 2363
4 2364
4 2365
3 2366
3 2367
2 2368
5 2370
5 2371
5 2372
5 2373
3 2374
6 2375
6 2376
8 2377
8 2378
3 2379
4 2380
7 2381
7 2382
8 2383
7 2384
5 2385
5 2386
4 2387
7 2388
5 2389
7 2390
8 2391
11 2392
9 2393
5 2394
10 2395
11 2396
9 2397
13 2398
11 2399
10 2400
9 2401
8 2402
5 2403
10 2404
12 2405
9 2406
7 2407
4 2408
7 2409
7 2410
10 2411
4 2412
9 2413
12 2414
4 2415
3 2416
5 2417
4 2418
11 2419
5 2420
2 2421
7 2422
5 2423
6 2424
2 2425
3 2426
3 2427
1 2429
2 2430
3 2431
8 2432
2 2433
2 2434
1 2435
2 2436
2 2438
3 2440
1 2441
3 2442
2 2443
5 2444
1 2446
1 2447
3 2449
1 2450
2 2452
1 2453
1 2455
1 2471
2 2472
1 2476
2 2479
1 2480
1 2485
1 2486
1 2487
2 2489
1 2490
1 2493
1 2502
1 2503
1 2507
1 2514
1 2520
1 2526
1 2527
2 2534
1 2538
1 2539
1 2543
2 2545
1 2546
1 2548
1 2549
2 2550
1 2551
2 2560
1 2563
1 2568
1 2572
2 2574
1 2581
1 2585
1 2593
1 2594
1 2596
2 2604
1 2605
3 2608
2 2611
1 2613
2 2615
2 2616
1 2624
1 2625
2 2629
1 2633
1 2634
2 2635
3 2636
1 2638
1 2639
1 2642
2 2643
1 2644
1 2646
4 2648
2 2650
1 2652
1 2654
1 2655
1 2656
2 2657
2 2658
1 2659
1 2660
2 2664
2 2665
2 2666
1 2667
1 2668
2 2674
1 2677
1 2678
1 2680
3 2681
2 2682
1 2683
1 2684
1 2685
1 2686
1 2687
2 2688
2 2690
1 2691
1 2692
2 2695
2 2696
2 2697
1 2698
2 2699
1 2701
3 2702
1 2703
2 2704
4 2706
1 2708
1 2709
1 2710
1 2711
2 2712
1 2714
1 2716
1 2717
1 2718
4 2721
2 2722
2 2725
2 2729
1 2731
3 2732
1 2735
1 2737
1 2738
1 2740
1 2746
1 2747
2 2748
1 2749
1 2750
1 2751
1 2754
1 2756
1 2759
1 2764
1 2765
1 2769
2 2771
1 2772
1 2773
2 2775
1 2776
1 2778
1 2780
1 2785
1 2789
1 2790
1 2792
1 2794
2 2796
2 2797
4 2800
1 2802
2 2804
2 2805
1 2806
2 2808
3 2810
1 2811
1 2812
1 2813
2 2815
2 2816
2 2817
1 2820
1 2821
1 2822
1 2823
1 2824
3 2825
3 2826
2 2827
1 2829
2 2830
1 2831
2 2832
1 2833
1 2834
1 2836
2 2838
1 2839
1 2840
1 2842
2 2843
1 2844
2 2845
1 2846
2 2847
1 2848
2 2849
1 2850
1 2851
4 2852
4 2853
4 2855
4 2856
3 2858
2 2859
1 2860
1 2861
2 2862
2 2864
3 2865
2 2866
2 2867
1 2868
1 2869
2 2870
1 2871
2 2872
1 2873
1 2874
4 2875
3 2876
3 2877
2 2878
1 2879
2 2880
4 2881
5 2882
2 2883
4 2884
2 2885
4 2886
6 2887
3 2888
3 2889
4 2890
3 2891
1 2892
5 2893
1 2895
2 2896
2 2897
4 2898
5 2899
4 2900
4 2901
3 2902
7 2903
7 2904
6 2905
6 2906
6 2907
7 2908
2 2909
8 2910
10 2911
7 2912
8 2913
6 2914
9 2915
11 2916
7 2917
3 2918
7 2919
11 2920
6 2921
10 2922
12 2923
8 2924
8 2925
9 2926
7 2927
5 2928
6 2929
7 2930
10 2931
9 2932
8 2933
9 2934
12 2935
6 2936
11 2937
8 2938
6 2939
11 2940
5 2941
9 2942
9 2943
14 2944
9 2945
12 2946
11 2947
5 2948
8 2949
6 2950
6 2951
7 2952
4 2953
2 2954
7 2955
10 2956
3 2957
4 2958
4 2959
4 2960
5 2961
7 2962
8 2963
4 2964
2 2965
3 2966
5 2967
1 2968
3 2969
6 2970
5 2971
10 2972
5 2973
8 2974
4 2975
3 2976
2 2977
4 2978
2 2979
7 2980
5 2981
8 2982
1 2983
3 2985
2 2986
1 2987
1 2988
2 2990
2 2996
1 2997
1 2998
2 3000
2 3004
1 3007
1 3008
2 3010
2 3012
2 3014
2 3015
1 3023
3 3026
2 3028
1 3031
1 3037
1 3038
1 3040
1 3041
2 3044
1 3048
1 3054
1 3059
1 3077
2 3085
1 3092
1 3095
1 3096
1 3103
1 3106
1 3109
1 3116
1 3120
1 3121
1 3127
1 3129
1 3155
2 3166
1 3186
1 3191
1 3232
1 3234
1 3263
1 3290
1 3293
1 3296
1 3298
1 3302
1 3303
1 3306
1 3309
1 3315
1 3318
1 3319
1 3323
1 3334
1 3336
1 3337
1 3339
1 3341
1 3351
1 3352
1 3363
1 3365
1 3378
1 3379
1 3380
2 3382
1 3384
1 3385
1 3392
1 3397
1 3408
1 3411
2 3415
1 3419
1 3421
1 3422
1 3425
1 3426
1 3430
1 3433
1 3434
2 3435
1 3437
1 3441
2 3442
1 3444
1 3445
2 3448
1 3449
2 3451
2 3454
1 3455
1 3457
1 3460
1 3461
2 3462
2 3463
1 3464
1 3465
1 3467
2 3468
1 3469
1 3470
2 3472
1 3474
2 3477
1 3479
1 3480
1 3481
1 3482
2 3483
1 3486
4 3487
2 3488
2 3490
1 3491
2 3492
2 3493
1 3494
3 3495
1 3497
2 3498
1 3499
1 3500
1 3501
1 3502
2 3503
1 3504
2 3506
2 3507
4 3508
5 3509
2 3510
2 3511
4 3512
2 3513
3 3514
2 3516
1 3517
3 3518
7 3519
3 3521
2 3522
2 3523
5 3524
3 3525
3 3526
4 3527
3 3528
4 3529
3 3530
3 3531
7 3532
5 3533
3 3534
7 3536
3 3537
5 3538
2 3539
3 3540
5 3541
1 3542
1 3543
1 3544
1 3545
2 3546
4 3547
2 3548
4 3549
2 3550
1 3551
4 3552
1 3553
4 3554
3 3555
1 3556
5 3557
4 3558
3 3559
1 3560
1 3561
2 3562
6 3563
2 3564
6 3565
2 3567
3 3569
1 3570
3 3571
3 3572
2 3574
2 3575
4 3576
2 3577
2 3578
2 3579
1 3580
2 3581
4 3582
4 3585
3 3587
1 3589
4 3590
2 3592
1 3598
1 3600
2 3603
1 3606
1 3609
1 3611
1 3624
1 3628
1 3639
1 3640
1 3649
1 3654
1 3696
1 3716
1 3720
1 3728
1 3741
1 3785
1 3794
1 3803
1 3820
1 3828
1 3885
1 3906
1 3958
1 3978
1 4021
1 4036
1 4059
1 4067
1 4072
1 4085
1 4110
1 4122
1 4127
1 4131
2 4147
1 4151
1 4159
1 4161
1 4165
1 4169
1 4194
1 4209
1 4210
1 4222
1 4229
1 4242
1 4245
1 4253
1 4258
1 4268
1 4275
2 4281
1 4284
1 4290
1 4304
1 4307
2 4314
1 4318
1 4319
2 4321
1 4323
1 4325
1 4326
1 4329
1 4330
1 4331
1 4332
2 4333
1 4338
1 4344
2 4347
1 4349
1 4350
1 4354
1 4357
1 4359
1 4360
1 4361
1 4362
1 4363
1 4366
1 4367
2 4369
2 4370
2 4375
1 4376
1 4377
1 4379
1 4380
1 4381
1 4386
1 4389
2 4396
1 4413
1 4414
1 4417
1 4426
1 4463
1 4480
1 4482
1 4483
1 4492
1 4505
1 4507
1 4528
2 4538
1 4541
1 4554
1 4561
2 4562
1 4564
1 4569
1 4578
1 4583
1 4586
1 4590
1 4593
1 4594
1 4595
1 4608
1 4610
1 4611
1 4613
1 4621
1 4622
1 4623
1 4626
1 4629
1 4635
2 4641
2 4642
1 4643
1 4645
1 4647
1 4649
2 4650
2 4652
2 4654
1 4655
1 4656
1 4658
2 4660
2 4661
1 4663
1 4665
2 4669
3 4672
2 4673
2 4675
1 4678
1 4679
1 4682
1 4683
3 4684
3 4687
1 4689
1 4691
1 4693
2 4695
1 4705
1 4706
1 4714
1 4717
1 4721
1 4724
1 4725
1 4729
1 4731
1 4741
1 5001
1 5010
2 5038
1 5060
1 5063
1 5093
1 5094
1 5098
1 5100
1 5104
1 5107
1 5118
1 5119
1 5123
1 5125
1 5130
1 5136
1 5143
1 5149
1 5156
1 5167
1 5168
1 5263
1 5306
1 5350
1 5371
1 5397
1 5412
1 5418
1 5423
1 5436
1 5438
1 5443
1 5453
1 5472
1 5474
1 5488
1 5494
1 5500
1 5501
1 5505
1 5518
1 5523
1 5524
1 5525
1 5528
1 5535
1 5536
1 5537
1 5538
1 5540
1 5543
1 5558
1 5559
1 5561
1 5568
1 5576
2 5582
1 5583
1 5587
1 5598
1 5607
1 5634
1 6372
