1 8
1 18
1 21
2 23
1 24
1 25
1 28
1 30
1 31
1 34
1 42
1 52
1 59
1 72
1 76
1 81
1 84
1 85
1 87
1 96
1 97
1 106
1 109
2 111
1 113
3 114
1 115
1 118
1 122
1 123
1 125
1 127
1 132
1 133
4 139
2 144
1 147
1 152
2 154
2 155
1 157
3 162
1 163
2 165
1 168
1 170
1 174
3 175
2 176
2 178
1 179
2 181
2 184
2 185
2 188
1 195
2 196
1 199
2 201
2 202
1 204
1 206
2 208
1 209
1 210
1 212
2 214
1 215
2 216
2 217
1 220
1 221
1 224
1 228
2 229
1 230
1 231
3 233
1 234
2 236
2 237
3 241
1 242
2 243
1 244
1 245
4 247
1 248
3 249
3 251
2 252
1 253
2 254
6 255
2 257
3 258
1 259
3 261
1 262
3 264
1 265
1 268
1 271
1 273
1 275
1 279
3 281
1 282
3 283
2 284
4 285
2 286
1 287
4 288
5 290
2 291
4 292
1 294
4 295
2 296
2 298
1 300
1 301
3 302
1 304
2 305
2 306
5 307
2 308
3 313
1 316
1 317
3 320
1 321
3 322
2 323
2 326
2 327
2 328
4 330
2 331
3 332
1 334
2 335
3 336
1 337
1 338
3 341
1 342
2 343
4 344
1 345
3 346
1 347
1 348
1 349
1 350
2 351
1 352
2 353
2 354
3 357
1 358
4 359
3 360
2 361
1 362
4 363
3 366
3 367
3 368
2 370
2 372
4 373
3 374
2 375
2 376
1 377
1 379
4 381
2 382
2 384
2 385
4 386
1 387
1 389
2 390
1 391
2 392
4 393
4 394
1 395
3 396
3 397
4 398
3 399
5 400
8 401
4 402
7 403
7 404
5 405
9 406
13 407
19 408
11 409
20 410
27 411
20 412
23 413
20 414
21 415
11 416
17 417
13 418
10 419
10 420
6 421
6 422
2 423
3 424
3 425
3 426
1 427
3 428
1 429
5 430
1 433
1 434
4 435
1 437
1 442
2 443
2 447
2 449
2 450
3 451
2 452
1 454
3 456
2 457
3 459
3 461
1 462
2 463
1 464
3 465
1 466
2 467
2 468
2 469
3 471
5 472
3 474
7 475
1 476
1 477
1 482
1 483
1 485
2 486
2 487
2 488
1 489
1 490
1 491
1 492
1 496
1 497
2 498
1 499
1 507
1 513
2 515
1 519
1 531
1 535
1 537
1 538
2 539
1 541
1 545
1 547
2 549
1 554
1 557
1 559
2 564
1 565
2 566
1 569
2 570
1 572
1 573
1 576
2 578
1 581
1 583
1 584
4 586
1 587
1 588
1 593
2 594
1 595
1 596
1 597
1 598
1 601
1 603
2 605
1 607
2 608
3 609
1 611
1 612
1 613
2 614
2 615
1 619
1 620
1 621
2 622
1 623
2 627
2 628
4 629
2 630
2 632
1 633
2 635
2 638
1 639
1 640
2 641
6 642
1 643
2 646
1 647
1 648
1 649
1 650
1 652
1 653
2 656
2 657
3 658
2 659
2 660
3 661
1 662
6 663
1 664
1 666
1 667
2 669
1 670
3 671
4 673
2 674
1 675
3 677
1 679
3 680
1 681
2 682
3 684
2 685
3 686
2 687
5 688
1 689
3 690
1 691
5 692
3 694
3 695
3 696
7 697
5 698
1 699
4 700
2 701
1 702
2 703
3 704
1 705
4 706
6 707
7 708
5 709
3 710
3 711
3 712
9 713
4 714
3 715
6 716
4 717
2 718
6 719
7 720
7 721
8 722
5 723
8 724
8 725
6 726
10 727
7 728
5 729
7 730
7 731
7 732
3 733
10 734
11 735
11 736
8 737
7 738
6 739
5 740
12 741
7 742
6 743
10 744
6 745
12 746
9 747
10 748
8 749
5 750
9 751
11 752
13 753
9 754
5 755
9 756
9 757
10 758
14 759
4 760
7 761
8 762
13 763
4 764
4 765
3 766
5 767
8 768
10 769
4 770
7 771
6 772
1 773
10 774
3 775
4 776
6 777
3 778
8 779
8 780
3 781
8 782
8 783
4 784
8 785
6 786
11 787
9 788
5 789
8 790
6 791
5 792
6 793
5 794
11 795
11 796
15 797
16 798
11 799
14 800
9 801
18 802
17 803
16 804
12 805
22 806
19 807
27 808
28 809
23 810
35 811
25 812
32 813
36 814
34 815
43 816
34 817
45 818
49 819
56 820
63 821
53 822
59 823
61 824
66 825
55 826
50 827
59 828
56 829
55 830
49 831
58 832
40 833
51 834
41 835
43 836
37 837
36 838
41 839
33 840
31 841
26 842
28 843
20 844
29 845
18 846
12 847
17 848
23 849
8 850
18 851
21 852
24 853
19 854
23 855
13 856
12 857
20 858
22 859
13 860
18 861
18 862
12 863
25 864
18 865
16 866
20 867
20 868
11 869
17 870
12 871
13 872
13 873
13 874
12 875
9 876
6 877
7 878
11 879
5 880
8 881
7 882
3 883
5 884
3 885
1 886
1 887
4 888
4 890
2 891
4 893
2 895
3 897
2 898
2 899
1 901
1 903
1 904
2 906
1 907
1 909
1 912
3 913
4 914
3 915
1 916
1 917
1 921
2 923
1 924
5 925
2 926
1 928
1 929
2 930
1 931
3 932
1 933
2 934
4 935
1 936
2 937
1 938
3 939
2 940
5 941
2 942
1 943
4 944
2 945
1 948
3 949
3 950
2 951
4 952
2 953
1 954
1 955
1 956
1 957
1 958
3 959
2 960
1 962
1 963
2 964
4 965
1 966
4 968
2 969
4 970
3 971
2 972
3 973
3 974
2 975
1 976
3 977
2 978
1 979
1 980
3 981
1 982
1 983
2 984
1 985
1 986
1 988
1 990
2 992
3 993
2 997
3 998
1 999
2 1000
1 1001
4 1002
1 1003
2 1004
1 1005
1 1006
2 1008
2 1009
5 1010
2 1011
8 1012
2 1013
2 1014
3 1015
3 1016
2 1017
10 1018
3 1019
3 1020
7 1021
8 1022
3 1023
9 1024
6 1025
2 1026
4 1027
7 1028
5 1029
5 1030
6 1031
2 1032
2 1033
6 1034
3 1035
4 1036
3 1037
7 1038
4 1039
4 1040
1 1041
1 1042
3 1043
3 1044
1 1045
2 1046
4 1047
2 1049
1 1050
4 1051
1 1052
4 1053
1 1054
2 1055
1 1056
4 1057
5 1058
4 1059
3 1060
4 1061
1 1062
4 1063
2 1064
2 1065
5 1066
1 1067
1 1068
3 1069
5 1070
2 1071
3 1072
3 1073
3 1074
2 1075
3 1077
1 1078
4 1079
7 1080
3 1082
5 1083
5 1084
4 1085
5 1086
5 1087
2 1088
4 1089
7 1090
6 1091
9 1092
7 1093
5 1094
7 1095
5 1096
2 1097
1 1098
5 1099
5 1100
5 1101
4 1102
1 1103
3 1104
2 1105
7 1106
4 1107
3 1108
4 1109
1 1110
2 1111
1 1112
2 1113
4 1114
4 1115
3 1116
2 1118
2 1119
6 1120
3 1121
2 1122
5 1123
4 1124
2 1125
3 1126
4 1127
4 1128
6 1129
1 1130
2 1132
3 1133
1 1134
4 1135
3 1136
1 1137
2 1139
2 1140
1 1143
1 1144
1 1147
1 1158
2 1159
1 1160
1 1176
1 1177
1 1180
2 1192
1 1199
1 1205
1 1208
1 1209
1 1216
1 1217
1 1222
1 1224
1 1225
1 1228
2 1238
1 1239
1 1241
1 1244
1 1247
1 1252
1 1255
1 1261
1 1271
1 1273
1 1279
1 1283
1 1285
1 1286
1 1287
1 1294
1 1296
1 1297
1 1307
4 1309
1 1310
1 1311
2 1314
1 1316
1 1320
1 1323
1 1324
1 1326
1 1327
2 1329
1 1330
3 1335
2 1337
1 1338
1 1339
1 1341
2 1343
1 1346
1 1347
1 1348
5 1349
3 1350
4 1352
5 1353
2 1354
3 1355
2 1356
1 1357
3 1358
5 1360
2 1361
2 1362
5 1363
4 1364
2 1365
2 1366
3 1367
3 1368
4 1369
4 1370
4 1371
3 1372
7 1373
3 1374
7 1375
7 1376
4 1377
4 1378
8 1379
5 1380
6 1381
5 1382
7 1383
6 1384
5 1385
4 1386
6 1387
5 1388
6 1389
3 1390
8 1391
3 1392
5 1393
6 1394
3 1395
1 1396
3 1397
2 1398
2 1399
5 1400
6 1401
3 1402
1 1403
1 1404
1 1406
1 1407
1 1408
1 1409
1 1411
2 1414
1 1425
1 1427
1 1431
1 1435
1 1438
1 1443
1 1453
1 1476
1 1480
2 1481
1 1494
1 1500
1 1501
1 1509
1 1527
1 1535
1 1536
1 1547
1 1551
1 1554
1 1573
1 1574
1 1599
1 1606
1 1613
1 1620
1 1621
1 1622
1 1641
1 1642
1 1645
1 1647
1 1650
1 1653
1 1669
1 1673
1 1678
2 1680
1 1682
1 1691
1 1693
1 1697
1 1721
1 1725
1 1731
1 1758
1 1762
1 1772
1 1777
1 1783
1 1786
1 1790
1 1817
1 1823
1 1824
1 1850
1 1863
1 1877
1 1878
1 1881
1 1884
1 1888
1 1896
1 1906
1 1909
1 1923
1 1925
1 1927
1 1928
1 1932
1 1933
1 1936
1 1937
1 1939
1 1944
1 1950
2 1953
1 1954
1 1959
1 1962
1 1963
1 1969
1 1970
2 1979
1 1981
1 1983
1 1988
1 1992
1 1995
2 1996
1 2000
1 2003
1 2004
1 2009
1 2013
1 2014
3 2018
2 2019
1 2021
1 2024
1 2025
3 2026
1 2028
1 2030
1 2033
1 2035
2 2037
1 2040
1 2041
1 2043
1 2045
1 2047
1 2052
1 2058
1 2061
1 2074
2 2075
1 2077
1 2085
2 2091
1 2092
1 2093
1 2098
1 2099
1 2105
1 2111
1 2113
1 2118
1 2123
2 2127
2 2129
1 2133
2 2135
2 2139
3 2140
1 2141
2 2143
1 2144
1 2145
3 2148
1 2151
1 2153
1 2154
2 2155
1 2156
1 2157
1 2158
2 2159
1 2160
1 2164
2 2165
2 2166
1 2169
1 2170
1 2171
1 2174
1 2175
1 2179
2 2183
1 2186
1 2192
2 2193
1 2195
1 2196
1 2201
1 2203
1 2205
1 2206
2 2212
1 2216
1 2217
1 2222
2 2224
1 2225
1 2228
1 2229
2 2230
1 2231
1 2234
1 2236
1 2241
1 2242
1 2244
1 2246
2 2247
1 2249
1 2255
1 2256
1 2257
1 2265
3 2266
3 2267
2 2268
1 2270
1 2271
1 2272
2 2275
3 2276
2 2277
1 2278
3 2279
1 2280
4 2281
1 2283
2 2286
2 2288
1 2290
1 2292
1 2293
1 2295
1 2296
2 2298
1 2299
1 2300
5 2301
1 2304
2 2305
2 2307
4 2308
2 2309
3 2311
1 2312
2 2314
1 2315
1 2317
1 2318
2 2319
2 2322
1 2323
2 2324
2 2325
2 2326
1 2328
3 2330
2 2331
1 2332
2 2333
3 2335
2 2336
1 2337
2 2338
2 2339
1 2340
3 2341
2 2342
5 2343
2 2345
2 2346
2 2348
1 2350
2 2351
2 2352
6 2353
1 2355
1 2356
1 2358
4 2359
6 2360
2 2361
5 2362
1 2364
2 2365
3 2366
4 2367
3 2368
2 2369
6 2370
4 2371
2 2372
1 2373
3 2374
1 2375
4 2376
3 2377
2 2378
1 2379
3 2380
3 2381
5 2382
3 2383
4 2384
8 2385
3 2386
4 2387
1 2388
2 2389
1 2390
4 2391
1 2392
2 2393
5 2394
6 2395
4 2396
3 2397
6 2398
5 2399
5 2400
6 2401
3 2402
6 2403
8 2404
5 2405
7 2406
4 2407
6 2408
4 2409
1 2411
4 2412
5 2413
6 2414
5 2415
5 2416
5 2417
4 2418
3 2419
3 2420
6 2421
5 2422
1 2423
5 2424
5 2425
2 2426
3 2427
2 2428
4 2429
4 2430
5 2431
7 2432
7 2433
2 2434
5 2435
3 2436
3 2437
2 2438
4 2439
3 2441
3 2442
5 2443
7 2445
2 2446
5 2447
3 2448
4 2449
2 2450
6 2451
5 2452
7 2453
4 2454
3 2455
5 2456
1 2457
5 2458
7 2459
2 2460
4 2461
4 2462
7 2463
4 2464
2 2465
3 2466
5 2467
9 2468
5 2469
5 2470
5 2471
6 2472
5 2473
15 2474
9 2475
7 2476
4 2477
8 2478
3 2479
11 2480
11 2481
8 2482
7 2483
13 2484
9 2485
8 2486
14 2487
4 2488
14 2489
13 2490
14 2491
12 2492
14 2493
11 2494
11 2495
11 2496
17 2497
10 2498
10 2499
9 2500
11 2501
11 2502
10 2503
7 2504
9 2505
11 2506
6 2507
6 2508
6 2509
6 2510
3 2511
7 2512
5 2513
5 2514
9 2515
2 2516
5 2517
7 2518
4 2519
4 2520
2 2521
4 2522
3 2523
5 2524
3 2525
2 2527
4 2528
5 2530
3 2531
2 2532
2 2533
3 2534
1 2535
1 2537
2 2538
1 2539
1 2540
1 2541
1 2542
2 2543
3 2544
1 2545
4 2546
2 2547
2 2548
2 2549
2 2550
1 2551
1 2552
2 2553
1 2555
1 2556
2 2557
1 2558
1 2559
1 2560
2 2564
1 2565
1 2567
2 2568
1 2569
1 2572
1 2574
1 2575
2 2577
1 2579
1 2581
1 2584
1 2585
1 2586
2 2587
2 2588
2 2589
2 2590
1 2591
2 2593
1 2594
1 2595
1 2596
2 2597
1 2598
1 2605
2 2606
1 2607
2 2609
1 2610
1 2611
2 2612
2 2613
2 2614
1 2616
3 2618
2 2620
1 2622
1 2626
1 2627
1 2628
1 2629
1 2634
2 2638
1 2640
1 2641
1 2643
1 2652
1 2653
1 2654
2 2658
1 2660
1 2664
2 2665
2 2666
1 2669
1 2670
2 2674
1 2675
1 2676
3 2680
1 2681
2 2682
2 2683
2 2684
4 2686
4 2687
1 2688
2 2689
2 2690
2 2691
4 2692
1 2693
2 2695
1 2697
5 2698
3 2699
4 2700
2 2702
4 2703
4 2704
2 2705
3 2706
2 2707
4 2708
2 2709
5 2710
2 2711
3 2712
3 2713
3 2714
5 2715
1 2716
4 2717
1 2718
5 2719
5 2720
1 2721
2 2722
4 2723
2 2724
1 2725
3 2726
1 2727
2 2728
3 2729
3 2730
2 2732
3 2733
2 2736
2 2738
2 2739
2 2740
1 2741
2 2743
1 2745
1 2746
1 2747
1 2749
1 2750
1 2751
1 2752
3 2754
1 2755
1 2756
2 2757
3 2758
1 2771
2 2773
1 2774
1 2778
1 2779
1 2780
5 2781
1 2782
2 2783
1 2785
1 2786
1 2788
1 2790
1 2794
1 2795
1 2797
1 2799
1 2800
1 2802
1 2803
2 2805
2 2807
1 2808
2 2809
1 2810
1 2815
1 2818
1 2821
1 2823
1 2824
2 2825
1 2826
2 2827
1 2830
1 2833
1 2834
1 2836
3 2838
1 2842
1 2848
1 2850
1 2851
1 2852
1 2853
1 2855
1 2856
1 2857
1 2860
1 2865
1 2867
1 2887
1 2897
1 2908
1 2912
1 2919
1 2922
1 2934
1 2943
1 2948
1 2962
1 2963
1 3022
1 3033
1 3040
1 3049
1 3061
1 3062
1 3069
1 3071
1 3072
1 3076
1 3077
1 3078
1 3084
1 3085
1 3087
1 3094
1 3095
2 3096
2 3099
1 3101
1 3104
1 3105
2 3106
1 3110
2 3112
1 3115
1 3116
1 3122
2 3124
1 3125
1 3126
2 3128
1 3129
1 3130
2 3132
4 3134
2 3135
2 3136
2 3137
2 3138
1 3140
1 3141
1 3143
2 3144
1 3145
2 3149
3 3150
1 3151
1 3154
2 3155
2 3158
2 3162
1 3165
1 3167
1 3173
2 3174
1 3181
1 3221
1 3250
1 3303
1 3342
1 3408
1 3443
1 3493
1 3533
1 3636
1 3710
1 3745
1 4022
1 4035
1 4290
