1 1
3 3
1 5
2 8
2 9
3 10
1 11
2 12
1 13
1 14
1 15
1 17
2 19
1 20
1 21
1 22
1 25
1 26
1 27
1 28
1 35
1 36
2 37
2 38
1 41
2 49
1 50
1 51
2 52
3 53
2 54
2 57
1 59
1 60
2 62
1 63
1 64
3 65
3 66
1 69
2 71
1 72
1 74
4 75
1 78
2 79
1 80
3 81
3 82
1 84
1 85
5 86
2 87
2 88
1 89
2 90
3 91
1 92
1 93
6 94
7 95
4 96
12 97
5 98
3 99
6 100
4 101
4 102
3 103
2 104
1 105
3 106
5 107
1 108
2 109
1 110
2 111
1 112
4 113
1 114
2 115
2 116
2 117
6 119
3 120
1 121
4 122
3 123
2 124
1 125
3 126
2 127
1 129
2 130
1 132
2 133
2 134
2 135
2 136
3 137
2 138
3 139
5 140
2 141
1 142
4 143
2 144
9 145
2 146
5 147
3 149
2 150
1 151
2 152
2 153
2 154
4 156
1 157
4 158
1 159
1 160
1 161
3 162
1 163
1 164
1 165
1 166
2 167
3 168
4 169
3 170
1 171
2 172
5 173
2 174
1 175
9 176
2 177
2 178
4 179
7 180
9 181
3 182
2 183
4 184
2 185
7 186
3 187
8 188
5 189
5 190
6 191
7 192
7 193
10 194
7 195
8 197
4 198
4 199
3 200
3 201
6 202
3 204
2 205
4 206
2 207
4 208
2 209
4 210
1 211
3 212
6 213
5 214
5 215
1 216
6 217
6 218
6 219
10 220
6 221
11 222
5 223
9 224
7 225
11 226
17 227
15 228
17 229
26 230
24 231
42 232
30 233
50 234
51 235
49 236
83 237
63 238
87 239
85 240
64 241
57 242
43 243
42 244
32 245
26 246
12 247
12 248
6 249
9 250
8 251
8 252
6 253
6 254
9 255
8 256
8 257
12 258
6 259
6 260
8 261
9 262
9 263
7 264
10 265
9 266
4 267
2 268
2 269
1 270
2 271
1 272
9 273
1 275
2 276
4 277
4 278
3 279
3 280
3 281
3 282
1 283
1 284
5 285
4 286
5 287
7 288
1 289
4 290
5 291
1 292
4 293
3 294
4 295
2 296
7 297
3 298
6 299
4 300
1 301
5 302
3 303
1 304
4 305
4 306
3 307
3 308
3 309
6 310
5 311
4 312
5 313
8 314
6 315
2 316
6 317
8 318
8 319
4 320
3 321
6 322
11 323
5 324
7 325
6 326
6 327
8 328
16 329
14 330
10 331
5 332
10 333
13 334
15 335
14 336
9 337
19 338
15 339
10 340
9 341
9 342
16 343
13 344
9 345
14 346
18 347
19 348
10 349
10 350
14 351
15 352
12 353
6 354
22 355
14 356
16 357
11 358
17 359
25 360
23 361
22 362
13 363
33 364
26 365
22 366
19 367
14 368
22 369
15 370
9 371
10 372
13 373
11 374
11 375
12 376
11 377
12 378
13 379
13 380
8 381
19 382
13 383
8 384
12 385
6 386
8 387
5 388
7 389
4 390
3 391
2 392
7 393
8 394
6 395
9 396
4 397
6 398
3 399
5 400
3 401
9 402
10 403
7 404
5 405
5 406
6 407
4 408
2 409
9 410
3 411
5 412
5 413
6 414
9 415
4 416
3 417
4 418
3 419
2 420
4 421
3 422
5 423
4 424
5 425
3 426
3 427
5 428
6 429
5 430
9 431
3 432
5 433
2 434
4 435
9 436
7 437
4 438
6 439
8 440
5 441
7 442
9 443
6 444
1 445
6 446
7 447
3 448
4 449
5 450
1 451
10 452
6 453
7 454
8 455
10 456
11 457
9 458
8 459
10 460
9 461
13 462
12 463
14 464
9 465
9 466
14 467
17 468
13 469
12 470
14 471
14 472
12 473
13 474
16 475
16 476
11 477
10 478
16 479
13 480
9 481
15 482
6 483
17 484
18 485
15 486
12 487
8 488
12 489
14 490
8 491
9 492
7 493
7 494
8 495
12 496
14 497
6 498
9 499
8 500
6 501
14 502
6 503
12 504
14 505
12 506
9 507
18 508
21 509
18 510
20 511
17 512
27 513
16 514
25 515
26 516
32 517
27 518
36 519
31 520
39 521
35 522
26 523
43 524
46 525
51 526
51 527
65 528
60 529
59 530
66 531
63 532
71 533
76 534
79 535
68 536
65 537
58 538
85 539
59 540
57 541
54 542
56 543
46 544
39 545
46 546
30 547
36 548
37 549
23 550
28 551
23 552
20 553
16 554
15 555
21 556
12 557
11 558
12 559
11 560
6 561
12 562
7 563
15 564
9 565
4 566
12 567
13 568
8 569
10 570
8 571
12 572
14 573
17 574
16 575
19 576
13 577
17 578
6 579
14 580
9 581
13 582
14 583
17 584
22 585
12 586
9 587
19 588
6 589
17 590
15 591
16 592
15 593
11 594
19 595
18 596
9 597
10 598
25 599
21 600
15 601
16 602
16 603
10 604
8 605
20 606
14 607
17 608
17 609
19 610
19 611
23 612
25 613
22 614
39 615
25 616
30 617
21 618
29 619
29 620
22 621
33 622
33 623
26 624
22 625
32 626
19 627
28 628
30 629
23 630
17 631
30 632
23 633
15 634
21 635
27 636
21 637
10 638
13 639
12 640
11 641
14 642
5 643
8 644
14 645
12 646
13 647
10 648
10 649
13 650
9 651
19 652
19 653
11 654
24 655
12 656
18 657
19 658
25 659
16 660
18 661
23 662
28 663
38 664
37 665
38 666
31 667
35 668
25 669
44 670
25 671
38 672
33 673
33 674
37 675
34 676
31 677
38 678
47 679
36 680
35 681
39 682
35 683
39 684
39 685
35 686
31 687
40 688
24 689
29 690
29 691
28 692
21 693
22 694
23 695
28 696
28 697
36 698
36 699
25 700
15 701
19 702
23 703
25 704
19 705
22 706
12 707
22 708
21 709
17 710
16 711
9 712
9 713
15 714
10 715
11 716
8 717
11 718
6 719
13 720
11 721
11 722
10 723
9 724
11 725
7 726
9 727
7 728
6 729
5 730
5 731
6 732
7 733
5 734
3 735
7 736
7 737
7 738
8 739
8 740
5 741
6 742
8 743
10 744
6 745
1 746
11 747
10 748
7 749
7 750
8 751
7 752
5 753
10 754
10 755
8 756
6 757
12 758
8 759
17 760
11 761
9 762
12 763
16 764
10 765
14 766
11 767
15 768
14 769
17 770
9 771
15 772
25 773
10 774
21 775
21 776
22 777
27 778
24 779
26 780
21 781
33 782
34 783
39 784
49 785
49 786
52 787
51 788
64 789
71 790
82 791
79 792
74 793
91 794
87 795
104 796
100 797
121 798
131 799
132 800
119 801
137 802
137 803
145 804
137 805
148 806
138 807
120 808
121 809
117 810
102 811
119 812
92 813
97 814
83 815
73 816
64 817
49 818
55 819
39 820
38 821
52 822
20 823
36 824
20 825
26 826
14 827
16 828
14 829
14 830
16 831
10 832
9 833
15 834
12 835
16 836
8 837
9 838
11 839
8 840
4 841
10 842
9 843
5 844
7 845
1 846
6 847
10 848
8 849
7 850
10 851
9 852
11 853
11 854
12 855
8 856
16 857
11 858
8 859
9 860
6 861
8 862
14 863
12 864
16 865
14 866
14 867
12 868
19 869
14 870
11 871
16 872
26 873
19 874
19 875
15 876
22 877
23 878
25 879
26 880
17 881
35 882
31 883
30 884
25 885
30 886
30 887
35 888
19 889
22 890
32 891
18 892
38 893
40 894
40 895
35 896
33 897
31 898
51 899
37 900
31 901
34 902
26 903
32 904
30 905
23 906
20 907
22 908
25 909
20 910
13 911
17 912
19 913
14 914
18 915
10 916
13 917
5 918
8 919
10 920
8 921
10 922
7 923
12 924
6 925
12 926
8 927
7 928
8 929
12 930
13 931
15 932
10 933
16 934
9 935
7 936
9 937
22 938
15 939
19 940
17 941
17 942
13 943
13 944
13 945
13 946
16 947
13 948
12 949
9 950
16 951
16 952
12 953
12 954
17 955
15 956
11 957
11 958
18 959
6 960
7 961
7 962
6 963
10 964
11 965
9 966
9 967
11 968
11 969
15 970
7 971
12 972
8 973
10 974
9 975
2 976
12 977
5 978
8 979
8 980
13 981
10 982
8 983
7 984
8 985
9 986
4 987
8 988
3 989
5 990
3 991
10 992
7 993
6 994
5 995
4 996
9 997
8 998
6 999
7 1000
5 1001
6 1002
7 1003
3 1004
6 1005
6 1006
4 1007
5 1008
10 1009
6 1010
6 1011
6 1012
8 1013
3 1014
1 1015
7 1016
10 1017
5 1018
5 1019
8 1020
6 1021
4 1022
5 1023
7 1024
11 1025
13 1026
7 1027
6 1028
6 1029
8 1030
8 1031
7 1032
6 1033
8 1034
4 1035
8 1036
5 1037
5 1038
4 1039
5 1040
7 1041
6 1042
6 1043
5 1044
8 1045
10 1046
13 1047
9 1048
11 1049
13 1050
8 1051
8 1052
4 1053
10 1054
11 1055
4 1056
6 1057
6 1058
9 1059
14 1060
8 1061
5 1062
11 1063
9 1064
11 1065
9 1066
7 1067
5 1068
10 1069
12 1070
6 1071
10 1072
10 1073
10 1074
13 1075
9 1076
10 1077
12 1078
9 1079
6 1080
7 1081
11 1082
10 1083
10 1084
15 1085
12 1086
12 1087
7 1088
17 1089
13 1090
9 1091
13 1092
17 1093
15 1094
12 1095
9 1096
9 1097
12 1098
10 1099
16 1100
13 1101
16 1102
12 1103
12 1104
18 1105
13 1106
12 1107
17 1108
9 1109
9 1110
20 1111
23 1112
12 1113
17 1114
20 1115
20 1116
27 1117
19 1118
19 1119
30 1120
27 1121
28 1122
22 1123
29 1124
42 1125
46 1126
30 1127
36 1128
45 1129
48 1130
41 1131
55 1132
64 1133
66 1134
66 1135
70 1136
53 1137
64 1138
69 1139
85 1140
93 1141
97 1142
107 1143
103 1144
112 1145
104 1146
101 1147
91 1148
107 1149
96 1150
119 1151
103 1152
93 1153
93 1154
75 1155
85 1156
70 1157
76 1158
60 1159
74 1160
61 1161
51 1162
47 1163
35 1164
34 1165
37 1166
34 1167
30 1168
34 1169
26 1170
28 1171
17 1172
32 1173
11 1174
21 1175
18 1176
13 1177
19 1178
11 1179
13 1180
22 1181
10 1182
12 1183
18 1184
17 1185
18 1186
19 1187
15 1188
18 1189
13 1190
23 1191
22 1192
15 1193
22 1194
17 1195
23 1196
13 1197
24 1198
25 1199
21 1200
22 1201
25 1202
30 1203
27 1204
29 1205
26 1206
25 1207
30 1208
28 1209
42 1210
37 1211
24 1212
28 1213
30 1214
29 1215
31 1216
29 1217
20 1218
38 1219
20 1220
34 1221
28 1222
28 1223
24 1224
22 1225
18 1226
10 1227
22 1228
11 1229
18 1230
12 1231
15 1232
8 1233
8 1234
10 1235
8 1236
19 1237
11 1238
9 1239
12 1240
3 1241
6 1242
9 1243
16 1244
6 1245
8 1246
9 1247
6 1248
15 1249
8 1250
5 1251
10 1252
15 1253
17 1254
18 1255
12 1256
15 1257
10 1258
7 1259
8 1260
7 1261
10 1262
9 1263
5 1264
14 1265
14 1266
13 1267
15 1268
15 1269
6 1270
11 1271
12 1272
7 1273
13 1274
13 1275
21 1276
15 1277
18 1278
16 1279
8 1280
11 1281
19 1282
14 1283
15 1284
15 1285
14 1286
21 1287
13 1288
11 1289
25 1290
17 1291
23 1292
18 1293
23 1294
19 1295
22 1296
25 1297
22 1298
24 1299
14 1300
34 1301
31 1302
23 1303
33 1304
28 1305
26 1306
32 1307
35 1308
28 1309
34 1310
28 1311
34 1312
35 1313
30 1314
27 1315
30 1316
39 1317
23 1318
32 1319
18 1320
21 1321
18 1322
25 1323
14 1324
18 1325
13 1326
18 1327
17 1328
13 1329
17 1330
14 1331
24 1332
21 1333
10 1334
12 1335
18 1336
14 1337
13 1338
12 1339
19 1340
18 1341
16 1342
14 1343
13 1344
12 1345
14 1346
22 1347
12 1348
13 1349
13 1350
12 1351
12 1352
14 1353
11 1354
19 1355
14 1356
15 1357
16 1358
18 1359
15 1360
17 1361
16 1362
16 1363
17 1364
14 1365
21 1366
22 1367
17 1368
19 1369
12 1370
7 1371
13 1372
14 1373
8 1374
22 1375
21 1376
19 1377
16 1378
16 1379
20 1380
20 1381
20 1382
18 1383
17 1384
17 1385
19 1386
21 1387
26 1388
22 1389
22 1390
30 1391
20 1392
29 1393
37 1394
31 1395
38 1396
44 1397
31 1398
31 1399
34 1400
35 1401
26 1402
40 1403
32 1404
43 1405
45 1406
48 1407
43 1408
57 1409
50 1410
64 1411
52 1412
64 1413
57 1414
60 1415
63 1416
50 1417
36 1418
56 1419
55 1420
56 1421
52 1422
69 1423
56 1424
56 1425
46 1426
64 1427
61 1428
50 1429
51 1430
45 1431
44 1432
57 1433
47 1434
49 1435
45 1436
48 1437
49 1438
52 1439
36 1440
31 1441
48 1442
44 1443
42 1444
33 1445
38 1446
37 1447
38 1448
39 1449
23 1450
28 1451
31 1452
24 1453
28 1454
15 1455
17 1456
21 1457
20 1458
16 1459
14 1460
13 1461
15 1462
8 1463
10 1464
11 1465
6 1466
12 1467
10 1468
11 1469
12 1470
4 1471
4 1472
7 1473
5 1474
8 1475
11 1476
2 1477
8 1478
6 1479
1 1480
4 1481
2 1482
2 1483
2 1484
4 1485
2 1486
1 1487
1 1488
2 1489
3 1490
1 1491
6 1492
1 1493
1 1494
3 1495
4 1496
1 1497
2 1498
2 1499
2 1500
1 1501
2 1502
2 1503
3 1505
1 1506
1 1507
2 1508
2 1509
2 1510
1 1511
1 1512
1 1513
1 1514
2 1515
1 1516
1 1517
3 1518
5 1519
1 1520
1 1521
1 1522
4 1523
3 1524
1 1525
5 1526
2 1527
4 1528
1 1529
1 1530
3 1531
1 1532
3 1533
2 1534
3 1535
3 1536
3 1537
1 1538
1 1539
2 1540
1 1541
2 1542
1 1543
2 1544
2 1546
2 1547
2 1549
2 1551
3 1552
1 1553
1 1554
3 1556
1 1557
1 1558
3 1559
2 1562
2 1565
1 1566
2 1567
2 1568
2 1569
1 1572
2 1573
2 1574
3 1575
1 1576
3 1577
2 1578
2 1580
2 1581
2 1582
2 1584
4 1585
1 1587
2 1588
3 1589
1 1590
1 1591
3 1596
1 1597
1 1598
3 1599
1 1600
2 1601
3 1602
2 1603
2 1604
1 1605
2 1606
2 1607
1 1608
3 1609
1 1610
2 1611
2 1612
2 1613
2 1614
3 1615
2 1616
4 1617
1 1618
1 1619
2 1620
2 1621
2 1622
3 1623
1 1624
1 1625
3 1626
4 1627
1 1628
7 1629
3 1630
2 1632
1 1633
2 1634
4 1635
1 1636
1 1637
3 1639
3 1640
4 1641
1 1642
1 1643
3 1644
1 1645
3 1646
1 1647
1 1648
3 1649
1 1650
1 1651
5 1652
4 1653
1 1654
1 1655
3 1656
5 1658
2 1659
3 1660
2 1661
2 1662
3 1663
2 1664
6 1665
3 1666
2 1667
2 1668
2 1669
6 1670
4 1671
5 1672
3 1673
3 1674
3 1675
5 1676
5 1677
8 1678
5 1679
8 1680
3 1681
6 1682
1 1683
4 1684
4 1685
8 1686
6 1687
4 1688
2 1689
3 1690
7 1691
7 1692
3 1693
12 1694
4 1695
7 1696
10 1697
8 1698
4 1699
2 1700
7 1701
9 1702
9 1703
5 1704
7 1705
7 1706
8 1707
8 1708
7 1709
15 1710
7 1711
8 1712
11 1713
5 1714
8 1715
9 1716
8 1717
12 1718
10 1719
8 1720
10 1721
11 1722
6 1723
8 1724
8 1725
10 1726
7 1727
5 1728
9 1729
7 1730
5 1731
6 1732
8 1733
11 1734
10 1735
9 1736
5 1737
5 1738
2 1739
6 1740
6 1741
5 1742
3 1743
4 1744
2 1745
5 1746
3 1747
4 1748
3 1749
4 1750
4 1751
6 1752
1 1753
4 1754
1 1755
2 1756
2 1757
4 1758
1 1759
5 1761
2 1762
2 1763
1 1764
6 1765
3 1766
3 1767
2 1768
3 1769
3 1770
2 1771
2 1772
3 1773
1 1775
2 1776
3 1777
5 1779
1 1780
2 1781
2 1782
1 1783
2 1784
1 1785
1 1786
2 1787
3 1788
3 1789
2 1790
2 1791
1 1792
1 1793
1 1794
4 1795
1 1796
1 1797
1 1798
3 1799
1 1800
1 1801
1 1802
1 1805
1 1806
1 1808
5 1809
1 1810
2 1811
1 1812
3 1814
1 1816
2 1817
4 1818
1 1819
2 1820
1 1821
3 1822
1 1823
2 1824
3 1825
3 1826
1 1827
3 1829
2 1830
2 1831
6 1832
2 1833
1 1834
1 1835
1 1836
2 1837
1 1838
1 1839
1 1840
2 1841
1 1842
5 1843
1 1844
1 1846
2 1847
2 1848
1 1849
3 1850
2 1851
2 1852
2 1853
1 1854
2 1855
2 1857
4 1859
4 1860
2 1861
2 1862
2 1863
3 1864
4 1865
4 1866
2 1867
1 1868
3 1869
4 1870
6 1871
3 1872
4 1873
1 1874
4 1875
1 1876
5 1877
2 1878
4 1879
3 1880
1 1881
2 1882
7 1883
3 1884
2 1885
3 1886
1 1887
7 1888
3 1889
5 1890
6 1891
4 1892
6 1893
4 1894
6 1895
3 1896
5 1897
5 1898
1 1899
7 1900
2 1901
5 1902
3 1903
6 1904
11 1905
2 1906
6 1907
2 1908
5 1909
4 1910
3 1911
6 1912
4 1913
7 1914
7 1915
8 1916
4 1917
8 1918
6 1919
11 1920
8 1921
9 1922
4 1923
11 1924
10 1925
8 1926
9 1927
4 1928
11 1929
7 1930
12 1931
21 1932
12 1933
12 1934
11 1935
8 1936
13 1937
8 1938
13 1939
12 1940
10 1941
13 1942
8 1943
12 1944
16 1945
18 1946
17 1947
13 1948
17 1949
29 1950
17 1951
22 1952
21 1953
23 1954
23 1955
17 1956
23 1957
25 1958
24 1959
20 1960
30 1961
30 1962
31 1963
30 1964
29 1965
28 1966
30 1967
22 1968
26 1969
23 1970
30 1971
24 1972
30 1973
29 1974
32 1975
33 1976
26 1977
23 1978
20 1979
31 1980
27 1981
43 1982
48 1983
25 1984
28 1985
45 1986
25 1987
19 1988
25 1989
19 1990
11 1991
11 1992
15 1993
17 1994
20 1995
14 1996
16 1997
18 1998
13 1999
7 2000
9 2001
13 2002
7 2003
4 2004
11 2005
7 2006
12 2007
10 2008
5 2009
6 2010
6 2011
6 2012
5 2013
2 2014
6 2015
4 2016
6 2017
4 2018
3 2019
4 2020
2 2021
2 2022
8 2023
6 2024
3 2025
1 2026
2 2028
4 2029
5 2030
1 2031
4 2032
4 2033
1 2034
3 2035
2 2036
4 2037
3 2038
1 2039
2 2040
2 2041
2 2042
5 2043
2 2045
1 2046
1 2047
2 2048
2 2049
3 2050
3 2051
5 2052
3 2053
2 2055
3 2056
3 2057
3 2058
8 2060
2 2061
4 2062
4 2063
4 2064
5 2065
1 2066
3 2067
6 2068
5 2069
3 2070
2 2071
7 2072
2 2073
1 2074
4 2075
3 2076
5 2077
4 2078
4 2079
2 2080
3 2081
6 2082
7 2083
5 2084
3 2085
5 2086
3 2087
7 2088
7 2089
9 2090
6 2091
5 2092
4 2093
5 2094
3 2095
4 2096
6 2097
3 2098
5 2099
6 2100
4 2101
1 2102
2 2104
5 2105
3 2106
3 2107
4 2108
3 2109
3 2110
7 2111
1 2112
3 2113
5 2114
2 2115
3 2116
1 2117
2 2118
1 2119
1 2120
3 2121
3 2123
2 2124
2 2125
1 2126
1 2128
1 2129
1 2133
1 2136
1 2138
2 2141
2 2142
1 2144
1 2149
1 2151
2 2152
1 2157
1 2164
1 2165
2 2168
1 2171
2 2173
1 2174
1 2175
1 2178
1 2179
2 2180
1 2181
1 2182
1 2184
1 2194
2 2197
1 2198
1 2205
2 2207
1 2209
1 2218
1 2222
4 2223
2 2226
1 2229
1 2230
2 2231
1 2232
1 2234
1 2237
1 2243
2 2251
1 2260
2 2263
1 2270
1 2272
1 2282
1 2290
1 2295
1 2298
1 2303
1 2310
1 2318
1 2319
1 2328
2 2336
1 2339
1 2341
1 2343
1 2347
1 2350
1 2361
2 2364
1 2369
1 2370
1 2373
1 2377
2 2379
1 2382
1 2387
1 2389
1 2390
1 2407
1 2412
1 2414
1 2416
1 2420
1 2422
1 2424
1 2427
1 2429
2 2435
1 2436
2 2438
1 2444
1 2457
1 2460
1 2474
1 2475
2 2478
1 2479
1 2480
1 2481
1 2484
1 2485
1 2487
1 2488
3 2490
1 2492
1 2495
2 2506
1 2512
1 2513
2 2519
1 2521
1 2525
1 2526
2 2527
2 2537
1 2538
1 2541
2 2550
2 2556
1 2562
1 2564
1 2568
1 2571
2 2574
1 2583
1 2601
1 2602
1 2611
2 2619
1 2621
1 2627
1 2628
1 2631
1 2633
1 2659
1 2664
1 2665
1 2677
1 2684
1 2686
1 2706
2 2707
1 2717
1 2722
2 2725
1 2729
1 2733
1 2736
1 2741
1 2742
1 2750
1 2755
1 2764
1 2769
1 2772
1 2776
1 2777
1 2778
1 2784
1 2788
1 2789
1 2802
1 2806
2 2814
1 2815
1 2817
1 2820
1 2821
2 2824
2 2831
2 2833
1 2834
1 2837
1 2840
3 2845
2 2849
1 2851
1 2853
3 2854
1 2855
1 2857
1 2859
1 2860
2 2861
1 2862
1 2863
1 2866
2 2868
4 2869
3 2870
2 2872
2 2873
2 2875
1 2876
1 2878
1 2879
2 2883
1 2888
2 2889
1 2891
1 2894
1 2895
1 2900
1 2902
2 2904
1 2989
1 3002
1 3047
1 3073
1 3112
1 3291
1 3301
1 3354
1 3441
1 3443
1 3456
1 3459
1 3535
1 3655
1 3706
1 3749
1 3775
1 3941
1 4058
1 4113
1 4205
1 4882
1 5563
