1 1
1 2
2 3
1 5
3 6
1 7
1 8
1 10
3 12
1 13
1 14
1 16
1 17
1 18
1 19
2 20
1 23
1 24
1 25
1 26
1 30
1 31
3 34
1 35
1 37
3 38
1 42
1 43
2 44
2 45
1 47
1 48
3 50
2 51
2 52
2 53
4 56
3 58
2 59
2 60
1 62
3 63
2 65
3 67
2 68
1 69
2 70
1 72
2 73
2 75
2 78
2 79
2 80
1 81
3 83
3 84
4 85
3 87
1 90
2 91
3 93
4 94
1 95
4 98
1 99
3 100
1 101
1 102
2 103
1 104
1 105
4 106
2 107
1 109
1 111
2 112
1 113
1 114
1 115
3 116
1 117
4 118
2 119
3 120
1 121
3 123
1 124
1 125
2 126
2 128
1 129
5 130
1 133
4 134
2 135
1 136
3 137
2 138
1 140
3 141
3 142
1 143
2 144
1 145
4 147
3 148
2 149
1 150
4 151
1 152
4 154
1 155
3 156
2 157
1 158
1 159
2 161
1 163
1 164
2 165
4 166
5 167
2 168
1 169
2 170
3 173
2 174
2 175
2 176
2 177
2 178
1 179
2 180
3 181
2 182
8 183
2 184
1 185
3 186
1 187
3 188
4 189
3 190
2 191
3 192
4 193
3 194
6 196
3 197
3 198
4 199
4 200
2 201
2 202
2 203
7 204
4 205
3 206
8 207
3 208
11 209
11 210
2 211
3 212
10 213
8 214
7 215
8 216
7 217
4 218
10 219
12 220
10 221
15 222
20 223
12 224
15 225
12 226
25 227
18 228
26 229
24 230
22 231
28 232
23 233
29 234
22 235
21 236
24 237
26 238
13 239
15 240
9 241
13 242
16 243
6 244
5 245
12 246
8 247
7 248
8 249
5 250
5 251
11 252
14 253
10 254
16 255
11 256
10 257
9 258
7 259
12 260
16 261
8 262
6 263
5 264
3 265
5 266
6 267
3 268
5 269
3 270
6 271
6 272
6 273
4 274
4 275
6 276
3 277
4 280
2 281
6 282
4 283
3 284
5 285
8 286
4 287
1 288
3 289
4 290
4 291
5 292
3 293
4 294
2 295
3 296
1 297
7 298
3 299
7 300
3 301
3 302
2 303
3 304
4 305
3 306
4 307
6 308
4 309
5 310
5 311
10 312
6 313
5 314
5 315
11 316
5 317
7 318
11 319
6 320
7 321
12 322
9 323
12 324
10 325
9 326
11 327
5 328
12 329
2 330
5 331
9 332
15 333
10 334
8 335
8 336
3 337
10 338
10 339
6 340
7 341
12 342
7 343
4 344
3 345
6 346
9 347
6 348
7 349
8 350
6 351
10 352
2 353
6 354
7 355
12 356
9 357
7 358
8 359
7 360
19 361
14 362
22 363
27 364
35 365
36 366
30 367
37 368
28 369
25 370
25 371
23 372
18 373
19 374
9 375
15 376
13 377
18 378
10 379
9 380
6 381
11 382
10 383
8 384
10 385
4 386
10 387
9 388
2 389
6 390
6 391
7 392
5 393
6 394
4 395
7 396
8 397
1 398
4 399
5 400
6 401
3 402
2 403
10 404
4 405
4 406
6 407
7 408
5 409
9 410
5 411
5 412
9 413
8 414
18 415
7 416
15 417
8 418
15 419
15 420
10 421
14 422
17 423
22 424
18 425
25 426
16 427
19 428
23 429
20 430
21 431
16 432
18 433
18 434
16 435
14 436
21 437
16 438
12 439
10 440
8 441
13 442
8 443
10 444
11 445
9 446
7 447
14 448
7 449
7 450
8 451
7 452
2 453
6 454
5 455
7 456
8 457
3 458
4 459
3 460
2 461
5 462
4 463
2 464
7 465
2 466
7 467
3 468
6 469
5 470
4 471
6 472
5 473
2 474
5 475
9 476
7 477
8 478
4 479
8 480
5 481
7 482
4 483
4 484
3 485
2 486
7 487
4 488
3 489
4 490
1 491
3 492
2 493
3 494
4 495
4 496
1 497
5 498
1 499
4 500
3 501
2 502
2 503
4 504
9 505
2 506
6 507
9 508
3 509
5 510
4 511
7 512
6 513
6 514
12 515
6 516
12 517
8 518
11 519
11 520
17 521
8 522
9 523
25 524
20 525
16 526
14 527
18 528
21 529
19 530
29 531
23 532
19 533
27 534
24 535
24 536
30 537
41 538
38 539
27 540
21 541
31 542
22 543
16 544
20 545
15 546
15 547
17 548
15 549
3 550
3 551
6 552
5 553
6 554
6 555
6 556
2 557
4 558
6 559
2 560
3 561
4 562
1 563
5 564
4 565
2 566
4 567
1 568
3 569
3 570
6 571
1 572
6 573
5 574
4 575
5 576
3 578
1 579
4 580
2 581
5 582
1 583
4 584
7 585
2 587
2 588
6 589
3 590
5 591
6 592
4 593
3 594
2 595
3 597
4 598
3 599
4 600
3 601
2 602
1 603
3 604
3 606
3 607
1 609
3 610
3 611
3 612
3 613
2 614
1 615
2 617
4 618
1 619
1 620
2 621
1 622
3 623
5 624
3 625
5 626
4 627
4 629
2 630
2 631
3 632
1 633
1 634
1 637
5 638
6 639
1 640
4 641
2 642
4 643
3 644
1 645
2 646
1 647
4 648
2 649
1 650
5 651
3 652
5 653
3 654
6 655
1 656
3 657
1 658
2 659
1 660
6 661
6 662
4 663
1 664
3 665
7 666
3 667
5 668
5 669
8 670
3 671
5 672
5 673
8 674
5 675
2 676
7 677
5 678
4 679
3 680
4 681
5 682
2 683
3 684
2 685
3 686
2 687
2 688
2 689
1 690
2 691
6 692
2 693
3 694
3 695
4 696
3 697
3 698
4 699
1 700
2 701
1 702
3 703
1 704
3 705
2 708
2 709
2 710
4 711
3 712
3 713
1 714
2 715
2 716
3 718
4 719
3 720
3 721
5 723
1 724
2 726
2 727
1 728
2 729
2 730
6 731
2 732
4 733
1 734
5 735
2 736
5 737
5 738
4 739
4 740
2 741
3 742
2 743
9 744
6 745
5 746
5 747
9 748
6 749
6 750
9 751
6 752
8 753
10 754
4 755
9 756
5 757
3 758
4 759
13 760
6 761
4 762
8 763
9 764
8 765
3 766
5 767
9 768
4 769
3 770
1 771
6 772
4 773
2 774
3 775
3 776
3 777
2 778
4 779
3 780
2 781
2 782
5 785
1 786
2 787
2 789
1 790
9 791
4 792
1 793
2 795
2 796
4 797
6 798
5 799
5 801
5 802
4 803
3 804
2 805
2 806
1 807
1 808
2 809
2 810
2 811
2 812
3 813
1 814
4 815
3 816
1 817
2 818
2 819
2 820
3 821
3 823
4 824
5 825
3 826
3 827
9 828
3 829
4 830
3 831
7 832
9 833
7 834
3 835
1 836
3 837
2 838
6 839
1 840
5 841
1 842
6 843
3 844
3 845
4 846
10 847
2 848
4 849
5 850
1 851
5 852
3 853
3 855
7 856
3 857
2 858
2 859
2 860
4 861
4 862
2 863
3 864
1 865
3 866
3 867
4 868
2 869
5 870
4 871
3 872
4 873
6 874
1 875
3 876
4 877
6 878
4 879
2 880
1 881
2 882
3 883
1 884
5 885
3 886
1 887
3 888
5 890
1 891
5 892
2 893
2 894
1 895
6 896
3 897
3 898
5 899
1 900
3 901
5 902
1 903
2 904
1 905
2 906
3 907
3 909
4 910
8 911
4 912
5 913
6 914
5 915
5 916
3 917
5 918
4 919
2 920
2 921
2 922
6 923
3 924
6 925
4 927
6 928
3 929
4 930
3 931
6 932
5 933
1 934
5 935
7 936
3 937
4 938
4 939
7 940
3 941
5 942
4 943
10 944
5 945
6 946
6 947
5 948
3 949
3 950
6 951
13 952
8 953
7 954
3 955
13 956
8 957
4 958
9 959
5 960
7 961
6 962
7 963
6 964
4 965
6 966
11 967
6 968
5 969
1 970
4 971
8 972
6 973
7 974
4 975
3 976
8 977
4 978
9 979
5 980
3 981
4 982
5 983
3 984
4 985
6 986
3 987
8 988
9 989
3 990
9 991
9 992
5 993
5 994
11 995
6 996
7 997
4 998
8 999
6 1000
6 1001
7 1002
7 1003
9 1004
6 1005
3 1006
8 1007
11 1008
12 1009
10 1010
12 1011
4 1012
13 1013
12 1014
7 1015
10 1016
18 1017
11 1018
13 1019
13 1020
15 1021
12 1022
14 1023
10 1024
14 1025
9 1026
15 1027
20 1028
14 1029
17 1030
19 1031
11 1032
19 1033
18 1034
19 1035
33 1036
37 1037
20 1038
37 1039
27 1040
28 1041
29 1042
33 1043
31 1044
37 1045
33 1046
51 1047
43 1048
47 1049
42 1050
56 1051
42 1052
51 1053
50 1054
50 1055
63 1056
58 1057
59 1058
54 1059
55 1060
44 1061
51 1062
53 1063
48 1064
44 1065
45 1066
35 1067
46 1068
39 1069
44 1070
46 1071
38 1072
61 1073
57 1074
56 1075
48 1076
51 1077
54 1078
51 1079
54 1080
61 1081
78 1082
63 1083
74 1084
102 1085
89 1086
88 1087
124 1088
100 1089
114 1090
130 1091
111 1092
139 1093
137 1094
154 1095
141 1096
141 1097
160 1098
132 1099
143 1100
163 1101
143 1102
140 1103
126 1104
130 1105
107 1106
101 1107
102 1108
115 1109
81 1110
79 1111
71 1112
62 1113
68 1114
56 1115
39 1116
38 1117
37 1118
42 1119
23 1120
30 1121
23 1122
12 1123
13 1124
21 1125
11 1126
9 1127
17 1128
11 1129
9 1130
2 1131
9 1132
3 1133
3 1134
1 1135
3 1136
6 1137
6 1138
4 1139
3 1140
4 1141
2 1142
5 1143
9 1144
4 1145
3 1146
4 1147
5 1148
5 1149
6 1150
2 1152
8 1153
5 1154
9 1155
11 1156
4 1157
9 1158
2 1159
9 1160
5 1161
7 1162
8 1163
2 1164
7 1165
11 1166
10 1167
4 1168
10 1169
13 1170
13 1171
13 1172
20 1173
7 1174
15 1175
15 1176
14 1177
13 1178
17 1179
22 1180
15 1181
30 1182
12 1183
13 1184
15 1185
24 1186
20 1187
10 1188
18 1189
26 1190
13 1191
13 1192
19 1193
13 1194
17 1195
10 1196
13 1197
14 1198
11 1199
11 1200
10 1201
8 1202
9 1203
8 1204
3 1205
9 1206
12 1207
7 1208
5 1209
7 1210
7 1211
3 1212
8 1213
5 1214
1 1215
3 1216
1 1217
6 1218
1 1219
4 1220
1 1221
1 1223
2 1224
1 1225
2 1226
2 1227
1 1230
1 1231
1 1232
2 1233
1 1235
2 1236
1 1237
1 1238
2 1240
3 1241
2 1243
1 1244
1 1246
2 1247
2 1248
2 1249
2 1250
1 1251
2 1252
2 1253
2 1254
3 1255
2 1256
1 1257
3 1258
1 1262
3 1263
2 1264
1 1265
1 1266
4 1267
3 1268
1 1269
1 1270
1 1271
1 1272
3 1273
2 1274
1 1275
2 1277
1 1278
2 1279
2 1280
6 1281
2 1282
1 1283
4 1284
3 1285
3 1286
2 1287
3 1288
1 1289
4 1290
1 1291
3 1292
3 1293
1 1294
1 1295
2 1296
1 1297
1 1298
3 1299
2 1301
2 1302
3 1303
2 1305
3 1306
1 1307
2 1308
1 1309
2 1310
3 1311
1 1312
1 1314
1 1316
1 1318
2 1319
2 1320
3 1321
2 1322
1 1323
2 1324
2 1325
1 1326
2 1327
1 1328
2 1329
2 1330
4 1331
1 1332
1 1333
2 1334
2 1335
1 1336
1 1337
2 1338
1 1339
5 1340
1 1341
2 1342
1 1343
2 1345
2 1346
1 1347
3 1351
3 1352
1 1354
2 1356
2 1357
1 1358
3 1359
3 1360
2 1361
2 1364
1 1365
2 1366
5 1367
3 1368
3 1369
4 1370
2 1371
3 1372
1 1373
2 1375
2 1376
3 1377
1 1378
3 1379
2 1380
7 1381
2 1382
2 1383
4 1384
1 1385
2 1386
2 1387
1 1388
1 1389
5 1390
5 1391
3 1392
3 1393
4 1394
6 1395
5 1396
4 1397
4 1398
1 1399
2 1400
3 1401
3 1402
4 1404
3 1405
4 1406
3 1407
1 1408
1 1409
3 1410
2 1411
1 1412
1 1414
3 1415
4 1416
1 1417
1 1418
2 1419
4 1420
4 1421
2 1422
1 1423
4 1424
2 1425
1 1426
7 1427
2 1431
3 1432
2 1434
4 1435
4 1436
1 1437
1 1438
2 1439
3 1440
1 1441
1 1442
2 1443
1 1444
4 1445
2 1447
2 1449
2 1450
3 1452
1 1453
1 1455
2 1456
4 1458
2 1459
2 1461
1 1462
4 1463
3 1465
3 1466
1 1468
1 1469
3 1470
2 1471
1 1472
1 1473
1 1475
1 1476
1 1477
2 1478
5 1479
1 1480
2 1481
2 1483
2 1484
3 1485
2 1488
1 1489
1 1490
1 1491
3 1492
1 1494
3 1495
3 1497
2 1498
1 1499
2 1500
2 1501
1 1502
1 1503
1 1505
5 1506
4 1507
3 1508
3 1509
2 1510
2 1511
2 1512
1 1513
1 1514
1 1515
1 1516
4 1517
2 1519
1 1520
2 1521
1 1522
2 1523
2 1525
2 1527
1 1528
1 1529
1 1533
3 1534
2 1535
4 1537
5 1538
3 1540
3 1541
4 1542
2 1543
2 1544
4 1545
3 1546
1 1548
3 1550
1 1551
2 1552
2 1553
1 1554
7 1555
3 1556
2 1557
3 1560
1 1561
2 1562
4 1563
4 1564
3 1565
6 1566
1 1567
3 1568
3 1569
4 1570
3 1571
4 1572
6 1573
4 1574
4 1575
3 1576
2 1577
5 1578
2 1579
5 1580
5 1581
4 1582
5 1583
2 1584
7 1585
6 1586
5 1587
5 1588
2 1589
5 1590
6 1591
8 1592
8 1593
8 1594
3 1595
11 1596
6 1597
6 1598
3 1599
10 1600
11 1601
6 1602
5 1603
4 1604
8 1605
8 1606
10 1607
3 1608
5 1609
6 1610
14 1611
9 1612
5 1613
9 1614
15 1615
6 1616
7 1617
11 1618
14 1619
11 1620
7 1621
6 1622
5 1623
14 1624
3 1625
8 1626
7 1627
11 1628
7 1629
9 1630
13 1631
6 1632
13 1633
7 1634
12 1635
6 1636
9 1637
14 1638
12 1639
7 1640
7 1641
16 1642
11 1643
15 1644
17 1645
9 1646
13 1647
16 1648
9 1649
11 1650
13 1651
14 1652
12 1653
12 1654
11 1655
15 1656
14 1657
8 1658
6 1659
10 1660
9 1661
11 1662
14 1663
12 1664
6 1665
18 1666
5 1667
13 1668
7 1669
11 1670
11 1671
9 1672
7 1673
8 1674
7 1675
11 1676
10 1677
6 1678
13 1679
10 1680
10 1681
16 1682
5 1683
5 1684
12 1685
17 1686
12 1687
10 1688
19 1689
15 1690
10 1691
11 1692
15 1693
15 1694
14 1695
12 1696
13 1697
19 1698
20 1699
20 1700
13 1701
31 1702
31 1703
24 1704
37 1705
33 1706
32 1707
28 1708
36 1709
39 1710
37 1711
46 1712
49 1713
39 1714
42 1715
47 1716
61 1717
60 1718
55 1719
59 1720
58 1721
73 1722
70 1723
65 1724
62 1725
76 1726
77 1727
80 1728
61 1729
73 1730
88 1731
77 1732
75 1733
62 1734
67 1735
72 1736
71 1737
65 1738
72 1739
61 1740
71 1741
60 1742
44 1743
64 1744
59 1745
39 1746
74 1747
39 1748
56 1749
44 1750
38 1751
42 1752
39 1753
34 1754
40 1755
40 1756
32 1757
36 1758
28 1759
32 1760
36 1761
23 1762
29 1763
28 1764
24 1765
32 1766
25 1767
18 1768
21 1769
17 1770
27 1771
17 1772
24 1773
20 1774
22 1775
26 1776
15 1777
18 1778
21 1779
12 1780
13 1781
11 1782
16 1783
15 1784
9 1785
9 1786
14 1787
15 1788
11 1789
3 1790
14 1791
9 1792
6 1793
8 1794
10 1795
8 1796
11 1797
3 1798
5 1799
6 1800
9 1801
7 1802
4 1803
9 1804
9 1805
8 1806
15 1807
6 1808
5 1809
9 1810
11 1811
7 1812
6 1813
5 1814
7 1815
7 1816
8 1817
6 1818
7 1819
6 1820
5 1821
6 1822
11 1823
7 1824
8 1825
6 1826
9 1827
7 1828
8 1829
5 1830
3 1831
7 1832
6 1833
8 1834
6 1835
11 1836
9 1837
5 1838
6 1839
5 1840
6 1841
11 1842
8 1843
2 1844
2 1845
10 1846
4 1847
8 1848
4 1849
5 1850
8 1851
8 1852
9 1853
10 1854
9 1855
15 1856
11 1857
7 1858
6 1859
7 1860
4 1861
3 1862
9 1863
10 1864
10 1865
10 1866
2 1867
3 1868
7 1869
9 1870
4 1871
6 1872
7 1873
4 1874
10 1875
10 1876
7 1877
7 1878
8 1879
9 1880
9 1881
12 1882
8 1883
10 1884
6 1885
11 1886
10 1887
4 1888
10 1889
13 1890
19 1891
11 1892
15 1893
21 1894
11 1895
23 1896
21 1897
20 1898
20 1899
18 1900
23 1901
26 1902
28 1903
21 1904
23 1905
28 1906
29 1907
44 1908
34 1909
42 1910
41 1911
39 1912
38 1913
30 1914
43 1915
43 1916
34 1917
34 1918
46 1919
40 1920
54 1921
33 1922
45 1923
41 1924
46 1925
48 1926
40 1927
40 1928
41 1929
49 1930
34 1931
40 1932
33 1933
33 1934
35 1935
33 1936
26 1937
28 1938
26 1939
32 1940
14 1941
25 1942
18 1943
15 1944
15 1945
12 1946
18 1947
6 1948
13 1949
8 1950
9 1951
9 1952
10 1953
5 1954
16 1955
3 1956
6 1957
7 1958
4 1959
3 1960
9 1961
1 1962
4 1963
5 1964
3 1965
2 1966
3 1967
1 1968
4 1969
3 1971
1 1972
1 1973
2 1974
1 1976
1 1978
1 1979
1 1980
1 1981
1 1983
4 1985
3 1987
1 1989
2 1990
2 1991
1 1994
1 1998
2 2000
1 2006
1 2012
1 2015
1 2024
1 2026
1 2029
1 2032
1 2035
1 2039
1 2046
1 2050
1 2063
1 2064
1 2067
1 2070
1 2079
1 2089
1 2102
1 2105
2 2116
1 2117
1 2120
1 2134
1 2153
1 2158
1 2176
1 2198
1 2219
1 2220
1 2228
1 2239
1 2249
1 2256
1 2270
1 2272
1 2275
1 2285
1 2298
1 2316
1 2322
1 2342
1 2346
1 2347
1 2359
1 2360
1 2365
1 2370
1 2375
1 2396
1 2418
1 2441
2 2446
1 2474
1 2478
1 2494
1 2504
2 2514
1 2518
1 2531
1 2532
1 2537
1 2559
1 2561
1 2564
1 2565
1 2566
1 2571
1 2575
1 2576
1 2581
1 2583
1 2590
1 2595
1 2596
2 2599
1 2601
1 2603
3 2606
2 2607
1 2608
1 2610
2 2611
2 2612
3 2613
1 2614
1 2615
1 2618
1 2620
2 2621
2 2623
1 2624
2 2625
1 2626
1 2628
2 2629
2 2630
2 2631
1 2632
3 2634
3 2635
1 2636
4 2637
2 2640
1 2641
1 2642
3 2643
2 2644
3 2646
1 2647
1 2648
1 2649
2 2651
2 2653
1 2654
1 2655
1 2656
1 2657
1 2658
1 2659
1 2661
2 2666
1 2667
1 2669
1 2670
1 2672
1 2675
1 2684
1 2689
1 2707
1 2759
1 2779
1 2783
1 2816
1 2818
1 2832
2 2833
1 2916
1 2930
1 2971
1 3023
1 3033
1 3098
1 3106
1 3122
1 3147
1 3151
1 3204
1 3310
1 3512
1 3546
1 3547
1 3557
1 3613
1 3745
1 4111
1 4287
1 4439
1 4513
