1 1
4 2
5 3
1 4
2 5
1 6
5 7
2 8
1 9
2 11
1 12
1 13
1 14
2 15
1 16
1 17
2 19
2 20
2 22
5 23
6 24
2 25
3 26
1 27
2 28
1 29
2 30
3 31
3 32
2 33
2 34
2 36
4 37
2 39
1 40
5 42
3 43
2 44
3 45
6 46
4 47
3 48
2 49
2 50
3 51
3 52
4 53
5 54
3 55
3 56
2 57
5 58
2 59
2 60
3 62
4 63
4 64
3 65
3 66
4 67
3 68
3 69
1 70
4 71
4 72
3 73
6 74
5 75
5 76
1 77
4 78
4 79
2 81
5 83
1 84
2 85
1 86
2 88
4 89
2 90
2 91
4 92
3 93
3 94
5 95
6 96
5 97
3 98
2 99
2 100
3 101
4 102
5 103
3 104
1 105
1 107
4 108
2 109
6 110
9 111
4 112
5 113
1 114
3 115
7 116
2 117
6 118
4 119
2 120
9 121
4 122
3 123
2 124
4 125
4 126
5 127
7 128
6 129
1 130
6 131
8 132
3 133
3 134
3 135
4 137
4 138
8 139
5 141
1 142
2 143
3 144
5 145
4 146
4 147
2 148
5 149
4 150
3 151
5 152
3 153
3 154
3 155
2 156
4 157
5 158
2 159
3 160
3 161
2 162
2 163
1 164
4 165
1 166
2 167
5 168
2 169
2 170
2 171
6 173
7 174
9 175
6 176
4 177
5 178
1 179
6 180
6 181
3 182
7 183
3 184
6 185
5 186
4 187
3 188
4 189
5 190
7 191
4 192
3 193
9 194
9 195
7 196
1 197
4 198
3 199
4 200
11 201
6 202
6 203
4 204
13 205
10 206
8 207
12 208
6 209
8 210
11 211
5 212
10 213
11 214
13 215
9 216
6 217
11 218
8 219
9 220
9 221
10 222
14 223
12 224
11 225
18 226
33 227
15 228
26 229
26 230
27 231
25 232
36 233
31 234
38 235
36 236
32 237
19 238
17 239
10 240
16 241
14 242
9 243
14 244
8 245
10 246
11 247
13 248
7 249
10 250
10 251
14 252
16 253
16 254
14 255
17 256
16 257
21 258
21 259
16 260
10 261
7 262
10 263
9 264
9 265
4 266
8 267
5 268
6 269
6 270
6 271
5 272
3 273
4 274
2 275
8 276
11 277
4 278
6 279
5 280
4 281
2 282
1 283
4 284
5 285
3 286
2 287
4 288
5 289
5 290
5 291
4 292
8 293
6 294
8 295
2 296
5 297
5 298
5 299
6 300
4 301
5 302
8 303
7 304
4 305
6 306
6 307
8 308
16 309
7 310
9 311
14 312
6 313
10 314
7 315
8 316
8 317
8 318
11 319
14 320
9 321
9 322
11 323
6 324
12 325
6 326
10 327
8 328
4 329
7 330
17 331
14 332
7 333
10 334
8 335
11 336
3 337
8 338
5 339
15 340
10 341
7 342
7 343
16 344
11 345
9 346
8 347
6 348
9 349
12 350
5 351
9 352
6 353
16 354
17 355
20 356
9 357
15 358
19 359
27 360
31 361
32 362
26 363
27 364
40 365
37 366
46 367
31 368
34 369
35 370
36 371
26 372
26 373
20 374
22 375
23 376
21 377
16 378
14 379
9 380
8 381
10 382
13 383
10 384
12 385
9 386
7 387
7 388
14 389
7 390
10 391
5 392
8 393
9 394
2 395
5 396
11 397
9 398
5 399
4 400
5 401
4 402
10 403
5 404
5 405
7 406
9 407
10 408
8 409
3 410
9 411
8 412
5 413
10 414
12 415
7 416
20 417
11 418
11 419
13 420
7 421
22 422
19 423
14 424
21 425
12 426
32 427
26 428
22 429
20 430
16 431
20 432
18 433
24 434
27 435
16 436
21 437
9 438
19 439
14 440
8 441
14 442
10 443
8 444
6 445
6 446
8 447
7 448
8 449
6 450
5 451
4 452
4 453
8 454
3 455
7 456
2 457
9 458
3 459
3 460
6 461
5 462
5 463
2 464
3 465
4 466
7 467
3 468
3 469
6 470
5 471
7 472
3 473
2 474
6 475
4 476
5 477
6 478
4 479
3 480
4 481
4 482
7 483
3 484
7 485
6 486
8 487
7 488
5 489
5 490
4 491
3 492
5 493
4 494
6 495
3 496
6 497
5 498
5 499
5 500
11 501
6 502
4 503
5 504
6 505
10 506
9 507
6 508
8 509
10 510
10 511
14 512
13 513
9 514
11 515
12 516
17 517
9 518
11 519
23 520
18 521
15 522
18 523
19 524
22 525
26 526
18 527
22 528
28 529
27 530
27 531
28 532
25 533
33 534
47 535
32 536
43 537
46 538
46 539
37 540
29 541
38 542
31 543
44 544
18 545
23 546
21 547
16 548
20 549
9 550
12 551
5 552
13 553
5 554
12 555
3 556
7 557
4 558
7 559
9 560
8 561
6 562
5 563
5 564
1 565
3 566
8 567
5 568
4 569
9 570
11 571
4 572
2 573
2 574
6 575
11 576
2 577
7 578
4 579
3 580
5 581
8 582
2 583
5 584
7 585
5 586
6 587
3 588
5 589
4 590
6 591
5 592
9 593
7 594
5 595
4 596
2 597
10 598
7 599
8 600
4 601
5 602
4 603
8 604
4 605
6 606
5 607
1 608
5 609
2 610
3 611
3 612
4 613
3 614
1 615
8 616
4 617
4 618
1 619
1 620
1 621
5 622
2 623
2 624
7 625
2 626
4 627
1 628
4 629
3 630
2 631
6 632
4 633
4 634
8 635
5 636
1 637
3 638
5 639
6 640
7 641
5 642
4 643
5 644
6 645
2 646
2 647
3 648
2 649
4 650
6 651
5 652
8 653
7 654
9 655
11 656
4 657
6 658
4 659
10 660
8 661
5 662
5 663
10 664
3 665
5 666
9 667
9 668
9 669
5 670
3 671
7 672
7 673
7 674
4 675
7 676
9 677
8 678
5 679
3 681
5 682
4 683
4 684
8 685
7 686
9 687
5 688
6 689
6 690
3 691
5 692
9 693
8 694
3 695
6 696
8 697
4 698
2 699
9 700
4 701
5 702
7 703
2 704
4 705
4 706
12 707
4 708
4 710
5 711
6 712
2 713
2 714
1 715
4 716
5 717
1 718
2 719
4 720
2 721
2 722
4 723
6 724
1 725
2 726
2 727
4 728
5 729
7 730
5 731
7 732
4 733
6 734
3 735
6 736
5 737
7 738
4 739
5 740
7 741
6 742
6 743
7 744
12 745
8 746
5 747
11 748
4 749
12 750
12 751
12 752
9 753
5 754
5 755
4 756
8 757
4 758
8 759
10 760
8 761
16 762
7 763
10 764
8 765
8 766
4 767
8 768
8 769
9 770
4 771
5 772
1 773
8 774
4 775
2 776
3 777
2 778
5 779
5 780
3 781
4 782
8 783
8 784
4 785
3 786
2 787
3 788
1 789
8 790
3 791
3 792
3 793
4 794
5 795
4 796
4 797
5 798
4 799
4 800
3 801
5 802
4 803
5 804
8 805
11 806
4 807
4 808
2 809
1 810
2 811
7 812
7 813
4 814
6 815
3 816
3 817
8 818
5 819
5 820
5 821
12 822
8 823
4 824
4 825
6 826
9 827
4 828
6 829
6 830
13 831
6 832
12 833
4 834
11 835
8 836
12 837
9 838
9 839
13 840
13 841
9 842
14 843
12 844
3 845
7 846
4 847
8 848
12 849
4 850
4 851
4 852
7 853
4 854
8 855
6 856
5 857
7 858
4 859
1 860
7 861
3 862
4 863
4 864
8 865
5 866
2 867
4 868
6 869
8 870
8 871
3 872
8 873
4 874
3 875
3 876
7 877
5 878
5 879
2 880
4 881
3 882
4 883
4 884
2 885
7 886
3 887
1 888
5 889
4 890
7 891
3 892
1 893
3 894
5 895
7 896
6 897
2 898
6 899
6 900
4 901
2 902
8 903
8 904
4 905
5 906
5 907
9 908
4 909
6 910
8 911
9 912
9 913
10 914
7 915
1 916
7 917
3 918
3 919
2 920
7 921
4 922
3 923
4 924
10 925
4 926
4 927
5 928
13 929
7 930
8 931
8 932
15 933
5 934
9 935
6 936
6 937
7 938
13 939
11 940
7 941
7 942
12 943
6 944
9 945
10 946
5 947
15 948
11 949
11 950
16 951
14 952
8 953
13 954
6 955
11 956
7 957
9 958
6 959
9 960
9 961
8 962
12 963
16 964
9 965
10 966
8 967
6 968
6 969
11 970
9 971
8 972
6 973
8 974
10 975
15 976
5 977
10 978
5 979
12 980
8 981
6 982
8 983
12 984
11 985
10 986
11 987
8 988
12 989
8 990
10 991
6 992
5 993
10 994
7 995
12 996
13 997
10 998
2 999
12 1000
13 1001
12 1002
17 1003
11 1004
14 1005
15 1006
12 1007
9 1008
16 1009
18 1010
17 1011
17 1012
13 1013
15 1014
16 1015
14 1016
25 1017
27 1018
13 1019
15 1020
24 1021
21 1022
27 1023
16 1024
22 1025
27 1026
18 1027
30 1028
23 1029
27 1030
29 1031
30 1032
28 1033
24 1034
29 1035
29 1036
35 1037
28 1038
47 1039
34 1040
30 1041
27 1042
50 1043
41 1044
40 1045
47 1046
56 1047
51 1048
60 1049
38 1050
53 1051
56 1052
41 1053
55 1054
63 1055
66 1056
56 1057
47 1058
59 1059
68 1060
68 1061
59 1062
59 1063
59 1064
57 1065
57 1066
58 1067
69 1068
70 1069
67 1070
56 1071
64 1072
72 1073
80 1074
68 1075
89 1076
82 1077
74 1078
81 1079
84 1080
91 1081
101 1082
100 1083
110 1084
110 1085
130 1086
129 1087
138 1088
168 1089
159 1090
185 1091
197 1092
204 1093
211 1094
233 1095
226 1096
240 1097
212 1098
230 1099
248 1100
202 1101
215 1102
222 1103
191 1104
175 1105
159 1106
155 1107
166 1108
162 1109
137 1110
126 1111
131 1112
105 1113
86 1114
87 1115
75 1116
60 1117
53 1118
49 1119
35 1120
31 1121
45 1122
19 1123
29 1124
23 1125
29 1126
14 1127
14 1128
15 1129
13 1130
11 1131
4 1132
10 1133
10 1134
6 1135
6 1136
9 1137
7 1138
6 1139
7 1140
12 1141
9 1142
7 1143
5 1144
5 1145
4 1146
12 1147
4 1148
7 1149
5 1150
6 1151
9 1152
5 1153
6 1154
10 1155
10 1156
10 1157
10 1158
9 1159
10 1160
6 1161
12 1162
13 1163
17 1164
13 1165
15 1166
15 1167
16 1168
19 1169
13 1170
23 1171
14 1172
26 1173
20 1174
25 1175
21 1176
29 1177
19 1178
20 1179
24 1180
32 1181
22 1182
29 1183
31 1184
31 1185
29 1186
32 1187
20 1188
29 1189
22 1190
22 1191
13 1192
21 1193
29 1194
24 1195
27 1196
20 1197
28 1198
14 1199
9 1200
12 1201
6 1202
16 1203
16 1204
13 1205
6 1206
10 1207
11 1208
5 1209
6 1210
10 1211
5 1212
5 1213
4 1214
3 1215
2 1216
3 1217
3 1218
6 1219
3 1220
5 1221
3 1222
1 1223
2 1225
6 1227
1 1228
1 1229
2 1230
2 1231
3 1232
3 1233
4 1234
2 1235
4 1236
6 1237
2 1238
2 1239
1 1240
3 1241
1 1242
1 1243
2 1244
1 1245
2 1246
3 1247
4 1248
2 1249
4 1250
5 1251
5 1252
2 1253
2 1254
4 1255
4 1256
4 1257
3 1258
4 1260
5 1261
2 1262
5 1263
2 1264
4 1266
3 1267
3 1268
3 1269
2 1270
2 1271
4 1272
4 1273
6 1274
1 1275
2 1276
2 1277
6 1278
2 1279
2 1280
3 1281
5 1282
4 1283
2 1284
3 1285
2 1286
5 1287
8 1288
3 1289
8 1290
3 1291
3 1292
3 1293
1 1294
2 1295
3 1296
4 1297
2 1298
5 1299
3 1300
2 1301
1 1302
1 1303
3 1305
2 1306
4 1307
2 1308
6 1309
1 1311
1 1312
4 1313
2 1314
3 1315
2 1316
1 1317
4 1318
2 1319
1 1320
3 1321
2 1322
1 1323
1 1325
2 1326
1 1327
4 1328
2 1329
3 1330
1 1331
2 1332
2 1333
1 1334
1 1335
1 1336
1 1337
1 1339
3 1340
3 1342
3 1343
1 1344
1 1345
4 1346
1 1347
2 1348
3 1350
1 1351
3 1352
2 1353
4 1354
1 1356
3 1357
4 1358
5 1359
3 1360
4 1361
1 1362
5 1363
1 1364
3 1365
4 1366
2 1367
3 1368
2 1369
6 1370
1 1371
2 1372
7 1373
1 1375
4 1376
5 1377
1 1378
3 1379
2 1380
6 1381
5 1382
4 1383
2 1384
2 1385
4 1386
3 1387
1 1388
1 1389
3 1390
4 1391
5 1392
4 1393
1 1394
2 1395
3 1396
3 1397
3 1398
8 1399
4 1400
1 1401
2 1402
6 1403
2 1404
6 1405
3 1406
6 1407
7 1408
3 1409
2 1410
1 1411
2 1412
3 1413
2 1414
3 1416
1 1417
2 1418
3 1419
2 1420
1 1421
3 1422
2 1423
2 1424
4 1425
5 1426
1 1428
2 1430
3 1431
2 1433
1 1435
3 1436
1 1437
4 1438
1 1439
3 1440
3 1441
4 1442
2 1443
2 1444
3 1445
2 1447
2 1448
2 1449
3 1450
2 1453
2 1454
1 1455
2 1456
6 1457
5 1458
8 1459
7 1460
3 1461
2 1462
2 1463
2 1464
3 1465
4 1466
4 1467
6 1468
1 1469
2 1471
1 1472
5 1473
2 1474
3 1475
2 1476
1 1477
4 1478
3 1479
2 1480
2 1481
3 1482
3 1483
2 1484
2 1485
3 1486
2 1487
2 1488
4 1489
6 1490
5 1491
2 1492
4 1493
2 1494
3 1495
5 1496
4 1497
2 1498
3 1499
5 1500
4 1501
2 1502
5 1503
2 1504
2 1505
1 1506
2 1507
2 1508
2 1509
6 1510
4 1511
6 1512
6 1513
7 1514
1 1515
2 1516
1 1517
5 1518
5 1519
4 1520
1 1521
4 1522
4 1523
3 1524
3 1525
3 1526
4 1527
3 1528
4 1529
6 1530
6 1531
7 1532
6 1533
5 1534
3 1535
2 1536
4 1537
4 1538
4 1539
5 1540
1 1541
3 1542
3 1543
4 1544
3 1545
5 1546
6 1547
2 1548
4 1549
6 1550
6 1551
4 1552
5 1553
6 1554
7 1555
3 1556
3 1557
4 1558
5 1559
2 1560
3 1561
5 1562
4 1563
2 1564
10 1565
4 1566
10 1567
8 1568
3 1569
3 1570
4 1571
4 1572
5 1573
8 1574
5 1575
9 1576
3 1577
5 1578
7 1579
9 1580
8 1581
2 1582
12 1583
9 1584
7 1585
9 1586
10 1587
10 1588
12 1589
11 1590
7 1591
8 1592
7 1593
11 1594
10 1595
14 1596
15 1597
11 1598
8 1599
13 1600
11 1601
11 1602
8 1603
13 1604
15 1605
11 1606
10 1607
18 1608
12 1609
11 1610
12 1611
18 1612
14 1613
20 1614
9 1615
18 1616
14 1617
16 1618
14 1619
15 1620
13 1621
11 1622
13 1623
8 1624
20 1625
15 1626
13 1627
19 1628
13 1629
16 1630
15 1631
22 1632
19 1633
12 1634
19 1635
25 1636
21 1637
18 1638
15 1639
26 1640
20 1641
16 1642
15 1643
24 1644
17 1645
20 1646
23 1647
21 1648
9 1649
18 1650
16 1651
15 1652
15 1653
10 1654
16 1655
23 1656
19 1657
19 1658
17 1659
19 1660
18 1661
12 1662
14 1663
18 1664
19 1665
13 1666
20 1667
13 1668
21 1669
11 1670
14 1671
11 1672
17 1673
18 1674
15 1675
20 1676
13 1677
21 1678
24 1679
20 1680
21 1681
23 1682
26 1683
21 1684
18 1685
27 1686
28 1687
31 1688
28 1689
31 1690
27 1691
21 1692
32 1693
28 1694
45 1695
41 1696
34 1697
45 1698
53 1699
43 1700
57 1701
54 1702
49 1703
65 1704
61 1705
58 1706
56 1707
77 1708
64 1709
56 1710
76 1711
71 1712
84 1713
98 1714
100 1715
116 1716
105 1717
118 1718
102 1719
112 1720
94 1721
115 1722
121 1723
118 1724
126 1725
125 1726
136 1727
124 1728
138 1729
139 1730
131 1731
136 1732
134 1733
150 1734
114 1735
129 1736
107 1737
123 1738
110 1739
131 1740
109 1741
113 1742
97 1743
114 1744
86 1745
67 1746
92 1747
79 1748
83 1749
88 1750
76 1751
55 1752
67 1753
59 1754
52 1755
50 1756
43 1757
63 1758
55 1759
48 1760
54 1761
49 1762
44 1763
36 1764
50 1765
28 1766
50 1767
44 1768
38 1769
25 1770
30 1771
32 1772
35 1773
32 1774
26 1775
29 1776
34 1777
37 1778
29 1779
27 1780
20 1781
15 1782
19 1783
24 1784
12 1785
18 1786
15 1787
22 1788
14 1789
17 1790
20 1791
18 1792
11 1793
17 1794
16 1795
15 1796
13 1797
17 1798
15 1799
12 1800
9 1801
12 1802
14 1803
8 1804
16 1805
13 1806
15 1807
9 1808
6 1809
13 1810
11 1811
13 1812
13 1813
12 1814
11 1815
14 1816
18 1817
11 1818
17 1819
12 1820
9 1821
13 1822
10 1823
15 1824
18 1825
18 1826
14 1827
12 1828
11 1829
21 1830
19 1831
11 1832
11 1833
19 1834
13 1835
13 1836
8 1837
11 1838
17 1839
15 1840
14 1841
13 1842
10 1843
12 1844
17 1845
14 1846
15 1847
12 1848
16 1849
14 1850
11 1851
13 1852
11 1853
18 1854
20 1855
11 1856
17 1857
18 1858
12 1859
13 1860
7 1861
16 1862
21 1863
20 1864
10 1865
18 1866
12 1867
13 1868
10 1869
12 1870
7 1871
18 1872
9 1873
13 1874
10 1875
9 1876
18 1877
19 1878
8 1879
16 1880
11 1881
10 1882
19 1883
16 1884
13 1885
11 1886
24 1887
16 1888
22 1889
20 1890
22 1891
34 1892
34 1893
27 1894
19 1895
27 1896
37 1897
38 1898
34 1899
32 1900
35 1901
41 1902
43 1903
38 1904
62 1905
56 1906
53 1907
65 1908
58 1909
65 1910
69 1911
65 1912
77 1913
86 1914
78 1915
72 1916
74 1917
73 1918
90 1919
89 1920
85 1921
74 1922
73 1923
103 1924
71 1925
81 1926
86 1927
82 1928
69 1929
72 1930
64 1931
76 1932
59 1933
72 1934
40 1935
63 1936
66 1937
58 1938
51 1939
45 1940
36 1941
42 1942
51 1943
29 1944
26 1945
22 1946
19 1947
20 1948
26 1949
19 1950
16 1951
10 1952
14 1953
15 1954
6 1955
11 1956
8 1957
13 1958
10 1959
10 1960
5 1961
6 1962
6 1963
5 1964
3 1965
6 1966
2 1967
1 1968
5 1969
5 1970
2 1971
8 1972
4 1973
2 1974
2 1975
4 1976
2 1977
1 1978
4 1980
1 1981
1 1982
3 1983
1 1985
3 1986
3 1987
1 1991
1 1992
3 1994
1 1995
1 1997
1 1999
1 2003
1 2005
1 2007
1 2012
2 2013
1 2015
1 2021
2 2024
1 2033
1 2039
1 2040
1 2042
1 2058
1 2061
1 2079
1 2085
1 2112
1 2113
1 2116
1 2120
1 2128
1 2145
1 2151
2 2153
1 2157
1 2160
1 2161
1 2164
2 2168
1 2170
1 2175
1 2180
1 2182
1 2202
2 2203
1 2209
1 2213
1 2223
1 2231
1 2233
1 2236
2 2237
3 2239
1 2242
1 2260
1 2264
1 2270
1 2279
1 2284
1 2286
1 2290
1 2299
1 2303
1 2321
1 2324
1 2332
1 2340
2 2341
1 2345
1 2348
1 2349
1 2356
1 2357
2 2359
1 2361
1 2362
1 2369
1 2372
1 2375
1 2376
1 2379
1 2384
1 2389
1 2390
1 2394
1 2403
1 2404
2 2405
1 2408
1 2410
1 2418
1 2420
1 2421
1 2422
1 2425
1 2426
1 2428
1 2429
1 2445
1 2447
1 2458
1 2459
1 2465
1 2473
1 2484
1 2495
1 2501
1 2503
1 2506
1 2507
1 2513
1 2520
1 2521
1 2523
1 2526
1 2533
2 2535
1 2539
1 2544
1 2545
1 2549
1 2551
1 2560
1 2564
1 2566
2 2568
1 2571
1 2572
1 2577
2 2581
1 2583
1 2585
1 2586
1 2591
1 2592
1 2594
1 2595
1 2596
1 2597
1 2598
1 2600
1 2601
1 2602
3 2603
2 2605
1 2606
1 2607
2 2608
1 2609
1 2610
2 2611
3 2612
2 2613
1 2614
4 2615
1 2616
2 2617
2 2618
3 2619
2 2620
1 2621
3 2622
2 2623
3 2624
5 2625
2 2626
5 2627
2 2629
4 2630
2 2631
1 2632
4 2633
3 2634
4 2635
8 2636
2 2637
2 2638
4 2639
1 2640
6 2641
2 2642
3 2643
2 2644
2 2645
4 2646
1 2647
2 2648
4 2649
1 2650
2 2651
2 2652
4 2654
3 2655
1 2656
1 2657
1 2658
3 2661
3 2663
1 2664
2 2665
1 2666
1 2667
2 2670
1 2672
1 2676
1 2677
1 2679
1 2681
1 2684
1 2685
1 2686
1 2694
1 2716
1 2748
1 2752
1 2812
1 2834
1 2835
1 2842
1 2852
1 2857
1 2879
1 2884
1 2886
1 2888
1 2910
2 2918
1 2925
1 2926
1 2941
2 2943
3 2949
1 2953
1 2958
1 2963
2 2973
1 2975
1 2984
1 2989
1 2990
1 3003
1 3005
1 3021
1 3072
1 3081
1 3112
1 3127
1 3144
1 3170
1 3179
1 3200
1 3249
1 3360
1 3397
1 3470
1 3472
1 3487
1 3493
1 3500
1 3507
1 3511
1 3542
1 3630
1 3721
1 3973
1 3986
1 4206
1 4213
1 4293
1 4309
1 4328
1 4565
1 4623
1 6896
