2 1
3 2
1 3
2 4
2 5
2 7
1 15
1 16
2 17
1 21
1 22
3 24
1 26
1 29
1 31
2 33
1 36
1 37
1 39
1 40
1 41
2 42
2 43
4 44
2 45
1 46
1 47
1 49
1 51
4 52
1 53
3 54
2 55
1 56
1 58
3 60
1 61
3 62
1 63
1 64
2 65
1 67
3 68
1 69
3 70
3 71
1 72
4 73
1 74
2 75
1 76
2 77
2 78
2 79
1 80
2 81
2 82
3 83
2 84
6 86
2 87
1 88
3 89
3 90
1 91
2 92
2 93
1 94
1 95
1 97
1 99
3 100
2 102
2 103
3 104
3 105
1 106
2 107
2 108
2 109
2 110
1 111
2 112
3 113
3 114
1 116
2 118
3 119
1 120
3 121
1 122
2 123
4 125
4 126
2 127
1 129
2 130
1 131
4 132
5 133
1 134
2 135
3 136
1 138
3 139
2 140
3 141
1 142
1 143
6 144
4 145
8 146
6 147
4 148
5 149
3 150
2 151
3 152
6 153
11 154
2 155
4 156
5 157
2 158
6 159
3 160
2 161
3 162
4 163
5 164
5 165
2 166
8 167
5 168
3 169
2 170
5 171
4 172
5 173
3 174
6 175
3 176
2 177
1 178
4 179
3 180
4 181
1 182
5 183
2 184
4 185
2 186
2 187
1 188
3 189
5 190
8 191
4 192
3 193
3 194
2 195
4 196
6 197
4 198
4 199
3 200
4 201
2 202
2 203
3 204
3 205
4 206
5 207
4 208
3 209
4 210
5 211
2 212
1 213
4 214
3 215
1 216
4 217
4 218
4 219
1 220
4 221
5 222
5 223
5 224
5 225
7 226
6 227
8 228
10 229
15 230
10 231
23 232
13 233
24 234
25 235
24 236
29 237
20 238
26 239
32 240
30 241
21 242
20 243
19 244
9 245
3 246
9 247
7 248
12 249
4 250
9 251
10 252
7 253
11 254
7 255
11 256
10 257
17 258
9 259
13 260
20 261
18 262
23 263
15 264
22 265
18 266
14 267
11 268
7 269
24 270
13 271
15 272
7 273
11 274
11 275
7 276
7 277
7 278
2 279
7 280
6 281
4 282
4 283
4 284
4 285
4 286
2 287
2 288
1 289
4 290
7 291
7 292
5 293
6 294
7 295
10 296
14 297
9 298
13 299
2 300
3 301
10 302
8 303
6 304
7 305
4 306
3 307
1 308
6 309
5 310
1 311
2 312
3 313
5 314
3 315
2 316
4 317
6 318
2 319
6 320
4 321
5 322
9 323
9 324
4 325
5 326
8 327
5 328
10 329
11 330
4 331
6 332
10 333
6 334
8 335
8 336
8 337
4 338
3 339
1 340
7 341
5 342
3 343
5 344
7 345
7 346
9 347
6 348
4 349
2 350
11 351
8 352
8 353
6 354
8 355
8 356
9 357
6 358
8 359
9 360
7 361
11 362
14 363
12 364
11 365
15 366
13 367
19 368
14 369
11 370
23 371
14 372
18 373
15 374
22 375
11 376
12 377
13 378
11 379
21 380
12 381
12 382
7 383
13 384
10 385
4 386
13 387
12 388
12 389
6 390
10 391
6 392
4 393
4 394
10 395
6 396
10 397
4 398
6 399
9 400
11 401
8 402
5 403
9 404
8 405
14 406
8 407
10 408
13 409
16 410
10 411
21 412
16 413
20 414
24 415
22 416
28 417
31 418
32 419
38 420
44 421
51 422
45 423
58 424
62 425
52 426
63 427
38 428
36 429
45 430
33 431
28 432
42 433
30 434
23 435
18 436
13 437
14 438
10 439
12 440
8 441
9 442
9 443
8 444
8 445
7 446
7 447
8 448
9 449
7 450
7 451
10 452
7 453
6 454
7 455
9 456
8 457
4 458
4 459
6 460
3 461
4 462
6 463
2 464
6 465
6 466
8 467
6 468
5 469
6 470
4 471
6 472
8 473
6 474
5 475
10 476
9 477
8 478
5 479
9 480
4 481
6 482
12 483
11 484
7 485
11 486
10 487
10 488
9 489
5 490
3 491
3 492
10 493
4 494
10 495
8 496
5 497
2 498
1 499
4 500
11 501
7 502
13 503
8 504
8 505
5 506
9 507
7 508
10 509
15 510
10 511
15 512
12 513
16 514
15 515
26 516
22 517
19 518
25 519
34 520
25 521
40 522
42 523
41 524
62 525
38 526
46 527
60 528
57 529
63 530
51 531
54 532
60 533
57 534
45 535
60 536
62 537
54 538
51 539
39 540
30 541
25 542
19 543
22 544
13 545
10 546
16 547
8 548
8 549
9 550
9 551
6 552
10 553
8 554
7 555
9 556
4 557
6 558
9 559
3 560
2 561
3 562
4 563
5 564
3 565
10 566
5 567
6 568
7 569
6 570
2 571
11 572
7 573
3 574
8 575
5 576
1 577
3 578
6 579
5 580
3 581
11 582
9 583
4 584
9 585
2 586
4 587
2 589
9 590
6 591
5 592
4 593
3 594
4 595
6 596
7 597
7 598
4 599
4 600
6 601
4 602
7 603
9 604
4 605
5 606
7 607
11 608
10 609
8 610
9 611
13 612
9 613
8 614
2 615
5 616
8 617
11 618
6 619
7 620
10 621
2 622
6 623
11 624
6 625
9 626
7 627
9 628
14 629
8 630
8 631
6 632
16 633
13 634
11 635
8 636
7 637
8 638
9 639
9 640
9 641
9 642
10 643
13 644
13 645
16 646
17 647
20 648
13 649
19 650
26 651
22 652
20 653
29 654
23 655
33 656
23 657
28 658
32 659
39 660
30 661
34 662
25 663
22 664
41 665
27 666
31 667
40 668
28 669
31 670
29 671
34 672
23 673
36 674
34 675
35 676
36 677
32 678
27 679
31 680
35 681
37 682
36 683
36 684
46 685
46 686
38 687
42 688
43 689
45 690
36 691
42 692
44 693
40 694
30 695
44 696
25 697
34 698
25 699
21 700
22 701
13 702
19 703
11 704
14 705
21 706
12 707
11 708
9 709
6 710
10 711
6 712
2 713
5 714
6 715
8 716
6 717
7 718
4 719
9 720
4 721
8 722
11 723
11 724
14 725
8 726
12 727
7 728
9 729
7 730
13 731
12 732
12 733
7 734
11 735
8 736
9 737
12 738
10 739
17 740
11 741
11 742
15 743
18 744
10 745
18 746
17 747
16 748
20 749
15 750
15 751
14 752
22 753
14 754
15 755
12 756
13 757
17 758
16 759
14 760
13 761
14 762
22 763
8 764
25 765
20 766
20 767
15 768
27 769
15 770
21 771
17 772
15 773
19 774
17 775
21 776
26 777
28 778
26 779
22 780
32 781
43 782
42 783
49 784
40 785
60 786
52 787
67 788
56 789
66 790
77 791
78 792
72 793
74 794
91 795
104 796
78 797
98 798
115 799
96 800
102 801
90 802
90 803
80 804
91 805
83 806
58 807
66 808
60 809
52 810
29 811
40 812
49 813
52 814
38 815
25 816
37 817
38 818
36 819
34 820
35 821
31 822
37 823
40 824
34 825
41 826
38 827
36 828
28 829
39 830
48 831
46 832
40 833
38 834
37 835
39 836
41 837
32 838
37 839
39 840
26 841
25 842
37 843
27 844
30 845
31 846
32 847
34 848
34 849
48 850
48 851
33 852
44 853
45 854
50 855
59 856
67 857
72 858
63 859
81 860
73 861
92 862
105 863
104 864
87 865
103 866
99 867
83 868
107 869
124 870
131 871
124 872
137 873
135 874
140 875
136 876
132 877
152 878
133 879
137 880
122 881
114 882
108 883
119 884
119 885
100 886
103 887
91 888
99 889
82 890
92 891
97 892
97 893
110 894
83 895
76 896
79 897
77 898
60 899
71 900
58 901
44 902
55 903
50 904
43 905
42 906
31 907
28 908
30 909
28 910
18 911
18 912
16 913
14 914
12 915
15 916
10 917
9 918
11 919
5 920
4 921
8 922
3 923
8 924
5 925
4 926
2 927
5 928
5 929
3 930
2 931
7 932
4 933
4 935
6 936
5 937
5 938
1 939
1 940
1 941
6 942
3 944
3 945
1 947
5 948
2 949
3 950
3 951
4 953
1 954
3 955
1 956
3 957
3 960
1 961
3 962
1 964
1 965
4 966
2 967
1 968
1 969
4 970
1 971
1 972
4 973
2 974
4 975
4 976
1 977
1 978
3 979
2 981
4 982
7 983
4 984
3 985
2 986
6 987
4 988
1 989
2 990
4 991
3 992
3 994
5 995
2 996
2 997
1 998
1 999
2 1000
1 1001
5 1002
2 1003
3 1006
2 1007
1 1008
2 1009
1 1010
4 1011
2 1012
2 1014
3 1015
1 1016
2 1019
1 1020
1 1022
2 1023
3 1024
5 1025
1 1027
1 1028
1 1029
1 1030
1 1031
5 1032
3 1033
1 1034
2 1036
3 1037
2 1038
8 1039
2 1040
5 1041
2 1042
2 1043
3 1044
3 1045
1 1046
3 1047
2 1048
2 1049
6 1050
2 1051
4 1052
1 1053
1 1054
2 1055
3 1056
1 1057
1 1058
2 1059
1 1060
6 1061
4 1062
1 1063
2 1064
4 1065
3 1066
4 1067
2 1068
1 1069
4 1070
4 1071
2 1072
3 1073
5 1074
2 1075
3 1076
4 1077
2 1078
6 1079
5 1080
5 1081
5 1082
2 1083
6 1084
4 1085
4 1086
5 1087
2 1088
1 1089
5 1090
3 1091
2 1092
4 1093
3 1094
3 1095
3 1096
1 1097
2 1098
3 1099
2 1100
3 1101
2 1102
3 1103
2 1104
2 1105
4 1106
8 1107
2 1108
5 1109
1 1110
1 1111
4 1112
5 1113
6 1114
4 1115
5 1116
8 1117
2 1118
6 1119
5 1120
5 1121
2 1122
5 1123
6 1124
4 1125
4 1126
3 1127
6 1128
6 1129
6 1130
5 1131
2 1132
7 1133
4 1134
3 1135
5 1136
1 1137
2 1138
10 1139
9 1140
3 1141
7 1142
5 1143
7 1144
7 1145
5 1146
3 1147
5 1148
7 1149
8 1150
5 1151
6 1152
6 1153
5 1154
3 1155
7 1156
4 1157
8 1158
4 1159
7 1160
12 1161
11 1162
5 1163
11 1164
3 1165
5 1166
5 1167
4 1168
10 1169
4 1170
8 1171
8 1172
9 1173
6 1174
5 1175
16 1176
5 1177
6 1178
10 1179
9 1180
8 1181
14 1182
9 1183
8 1184
3 1185
15 1186
9 1187
8 1188
10 1189
14 1190
8 1191
5 1192
9 1193
12 1194
11 1195
15 1196
14 1197
11 1198
17 1199
14 1200
10 1201
18 1202
14 1203
15 1204
12 1205
18 1206
17 1207
16 1208
16 1209
18 1210
18 1211
17 1212
12 1213
23 1214
24 1215
31 1216
16 1217
24 1218
20 1219
27 1220
29 1221
30 1222
33 1223
39 1224
34 1225
36 1226
44 1227
40 1228
51 1229
40 1230
43 1231
54 1232
55 1233
42 1234
45 1235
59 1236
64 1237
58 1238
46 1239
65 1240
49 1241
57 1242
54 1243
58 1244
70 1245
41 1246
51 1247
44 1248
56 1249
39 1250
58 1251
35 1252
38 1253
38 1254
36 1255
30 1256
37 1257
29 1258
29 1259
16 1260
26 1261
19 1262
20 1263
17 1264
22 1265
25 1266
19 1267
20 1268
21 1269
24 1270
17 1271
12 1272
21 1273
27 1274
19 1275
18 1276
27 1277
25 1278
36 1279
29 1280
25 1281
27 1282
27 1283
24 1284
19 1285
29 1286
31 1287
25 1288
32 1289
23 1290
16 1291
19 1292
21 1293
23 1294
19 1295
22 1296
28 1297
13 1298
21 1299
9 1300
12 1301
17 1302
15 1303
6 1304
15 1305
11 1306
11 1307
9 1308
8 1309
12 1310
6 1311
9 1312
10 1313
5 1314
13 1315
11 1316
14 1317
12 1318
11 1319
5 1320
11 1321
6 1322
10 1323
14 1324
3 1325
11 1326
11 1327
16 1328
13 1329
8 1330
16 1331
18 1332
14 1333
11 1334
15 1335
24 1336
18 1337
20 1338
18 1339
21 1340
32 1341
19 1342
24 1343
20 1344
23 1345
29 1346
30 1347
24 1348
33 1349
30 1350
34 1351
36 1352
44 1353
41 1354
38 1355
46 1356
35 1357
43 1358
49 1359
40 1360
52 1361
40 1362
42 1363
55 1364
37 1365
32 1366
34 1367
41 1368
41 1369
34 1370
23 1371
26 1372
38 1373
20 1374
21 1375
26 1376
28 1377
26 1378
19 1379
24 1380
19 1381
13 1382
23 1383
21 1384
11 1385
16 1386
18 1387
10 1388
13 1389
14 1390
15 1391
11 1392
13 1393
10 1394
11 1395
8 1396
12 1397
20 1398
15 1399
8 1400
15 1401
11 1402
17 1403
14 1404
9 1405
10 1406
13 1407
8 1408
10 1409
10 1410
18 1411
15 1412
23 1413
9 1414
14 1415
20 1416
12 1417
16 1418
8 1419
11 1420
13 1421
14 1422
22 1423
25 1424
26 1425
21 1426
15 1427
24 1428
20 1429
22 1430
16 1431
21 1432
23 1433
19 1434
24 1435
21 1436
30 1437
23 1438
21 1439
34 1440
15 1441
24 1442
31 1443
30 1444
25 1445
28 1446
29 1447
20 1448
17 1449
25 1450
12 1451
28 1452
15 1453
13 1454
18 1455
17 1456
16 1457
20 1458
16 1459
10 1460
17 1461
19 1462
20 1463
10 1464
20 1465
18 1466
19 1467
21 1468
11 1469
15 1470
20 1471
17 1472
24 1473
25 1474
24 1475
11 1476
30 1477
20 1478
19 1479
24 1480
22 1481
33 1482
33 1483
28 1484
21 1485
19 1486
32 1487
32 1488
25 1489
25 1490
30 1491
20 1492
19 1493
21 1494
24 1495
15 1496
21 1497
24 1498
21 1499
17 1500
26 1501
27 1502
21 1503
12 1504
14 1505
14 1506
12 1507
8 1508
19 1509
18 1510
14 1511
9 1512
8 1513
10 1514
10 1515
9 1516
6 1517
10 1518
9 1519
8 1520
5 1521
6 1522
11 1523
7 1524
6 1525
5 1526
5 1527
6 1528
5 1529
4 1530
5 1531
2 1532
4 1533
2 1534
3 1535
3 1537
1 1538
1 1539
3 1540
4 1541
2 1542
3 1543
1 1544
2 1545
2 1546
4 1547
2 1548
2 1549
3 1550
2 1551
2 1552
3 1553
5 1555
2 1556
3 1557
3 1558
1 1559
3 1560
3 1561
3 1563
2 1564
4 1565
5 1568
4 1569
4 1570
4 1571
2 1572
4 1573
5 1574
5 1575
1 1576
3 1577
4 1578
3 1579
1 1580
8 1581
7 1582
6 1583
5 1584
2 1585
4 1586
4 1587
6 1588
3 1589
5 1590
10 1591
4 1592
8 1593
5 1594
4 1595
1 1596
7 1597
6 1598
5 1599
7 1600
4 1601
1 1602
4 1603
3 1604
5 1605
3 1606
7 1607
5 1608
5 1609
7 1610
6 1611
4 1612
3 1613
5 1614
3 1615
9 1616
7 1617
3 1618
3 1619
3 1620
4 1621
5 1622
3 1623
2 1624
4 1625
5 1626
2 1627
6 1628
1 1629
4 1630
1 1631
4 1632
7 1633
5 1634
1 1635
2 1636
3 1637
4 1638
2 1639
4 1640
1 1641
1 1643
4 1644
3 1646
5 1647
1 1648
1 1649
4 1650
2 1651
3 1652
1 1654
2 1655
1 1656
2 1657
2 1658
3 1659
3 1660
5 1661
1 1662
2 1663
2 1664
2 1665
1 1666
4 1667
3 1668
4 1669
2 1670
2 1671
4 1672
2 1673
3 1674
1 1675
4 1676
4 1677
3 1678
3 1679
3 1680
7 1681
4 1682
2 1683
2 1684
4 1685
2 1686
6 1687
4 1688
3 1689
10 1690
4 1691
5 1692
2 1693
5 1694
5 1695
2 1696
5 1697
4 1698
2 1699
5 1700
8 1701
5 1702
6 1703
7 1704
7 1705
4 1706
6 1707
7 1708
5 1709
7 1710
2 1711
5 1712
2 1713
10 1714
5 1715
5 1716
8 1717
4 1718
5 1719
6 1720
3 1721
8 1722
6 1723
4 1724
7 1725
4 1726
1 1727
6 1728
8 1729
6 1730
2 1731
2 1732
3 1733
3 1734
1 1735
3 1736
2 1737
2 1738
3 1739
2 1740
3 1741
2 1742
1 1744
1 1745
2 1746
1 1747
4 1748
2 1749
2 1750
1 1751
2 1752
4 1753
3 1754
1 1755
1 1756
1 1757
3 1759
1 1761
1 1763
1 1764
1 1765
1 1767
1 1769
1 1771
2 1772
1 1777
4 1779
1 1782
1 1783
2 1785
2 1786
3 1787
2 1788
4 1789
1 1790
1 1791
1 1794
2 1795
4 1799
1 1800
1 1802
1 1803
1 1804
3 1805
2 1806
1 1807
1 1808
1 1810
1 1811
1 1813
1 1814
1 1816
2 1818
1 1819
1 1823
1 1827
1 1828
1 1829
2 1831
3 1832
3 1833
1 1835
3 1836
2 1837
1 1838
2 1839
2 1840
2 1841
1 1843
1 1844
3 1845
2 1846
1 1847
1 1848
1 1849
3 1850
3 1851
3 1853
2 1854
1 1857
3 1858
1 1859
2 1860
3 1861
1 1862
1 1863
3 1864
4 1865
3 1866
3 1867
2 1868
2 1869
2 1870
1 1871
3 1872
6 1873
2 1874
4 1875
2 1876
2 1879
1 1880
2 1881
1 1882
2 1883
1 1884
5 1885
5 1886
2 1888
2 1889
2 1890
3 1891
3 1892
2 1894
3 1895
6 1896
4 1897
5 1898
3 1899
7 1901
3 1902
3 1903
6 1904
2 1905
2 1906
1 1907
6 1908
2 1909
3 1910
5 1911
4 1912
4 1913
2 1914
2 1915
3 1916
3 1917
1 1918
6 1919
7 1920
2 1921
3 1922
1 1923
2 1924
4 1925
2 1926
2 1928
5 1929
3 1930
6 1931
1 1932
1 1933
4 1934
3 1935
2 1936
4 1937
5 1938
4 1939
4 1940
5 1941
9 1942
2 1943
6 1944
5 1945
2 1946
3 1947
3 1948
3 1949
5 1950
4 1951
3 1952
9 1953
4 1954
6 1955
5 1956
1 1957
6 1958
2 1959
2 1960
3 1961
7 1962
5 1963
2 1964
8 1965
9 1966
6 1967
4 1968
5 1969
3 1970
2 1971
7 1972
5 1973
5 1974
7 1975
6 1976
11 1977
10 1978
14 1979
4 1980
8 1981
5 1982
7 1983
5 1984
4 1985
5 1986
5 1987
10 1988
7 1989
14 1990
9 1991
8 1992
8 1993
8 1994
15 1995
7 1996
10 1997
16 1998
13 1999
13 2000
6 2001
17 2002
7 2003
11 2004
12 2005
9 2006
22 2007
12 2008
16 2009
11 2010
10 2011
10 2012
8 2013
13 2014
7 2015
2 2016
13 2017
8 2018
8 2019
7 2020
9 2021
8 2022
9 2023
8 2024
8 2025
9 2026
7 2027
11 2028
6 2029
2 2030
12 2031
3 2032
6 2033
8 2034
5 2035
3 2036
1 2037
5 2038
3 2039
3 2040
6 2041
7 2042
4 2043
8 2044
9 2045
3 2046
4 2047
4 2048
5 2049
5 2050
4 2051
2 2052
5 2053
3 2054
3 2055
6 2056
5 2057
5 2058
11 2059
5 2060
2 2061
7 2062
6 2063
3 2064
9 2065
16 2066
6 2067
6 2068
5 2069
9 2070
6 2071
11 2072
3 2073
5 2074
8 2075
7 2076
10 2077
4 2078
8 2079
10 2080
8 2081
7 2082
5 2083
8 2084
9 2085
7 2086
8 2087
12 2088
8 2089
20 2090
4 2091
9 2092
11 2093
6 2094
10 2095
13 2096
12 2097
8 2098
17 2099
16 2100
17 2101
13 2102
14 2103
21 2104
14 2105
15 2106
15 2107
15 2108
20 2109
14 2110
21 2111
22 2112
21 2113
25 2114
19 2115
20 2116
32 2117
23 2118
29 2119
24 2120
23 2121
32 2122
29 2123
34 2124
47 2125
32 2126
39 2127
48 2128
30 2129
39 2130
24 2131
36 2132
44 2133
45 2134
55 2135
49 2136
62 2137
45 2138
52 2139
56 2140
66 2141
62 2142
58 2143
46 2144
52 2145
61 2146
70 2147
66 2148
57 2149
51 2150
63 2151
38 2152
61 2153
56 2154
72 2155
54 2156
50 2157
57 2158
53 2159
43 2160
34 2161
44 2162
47 2163
35 2164
37 2165
27 2166
31 2167
29 2168
20 2169
32 2170
25 2171
20 2172
21 2173
24 2174
20 2175
14 2176
16 2177
19 2178
6 2179
13 2180
10 2181
9 2182
8 2183
6 2184
10 2185
4 2186
5 2187
8 2188
9 2189
10 2190
4 2191
3 2192
5 2193
2 2194
6 2195
2 2196
3 2197
1 2198
3 2199
1 2200
1 2202
2 2203
3 2204
1 2205
2 2206
3 2207
1 2208
1 2209
2 2210
1 2211
1 2214
2 2215
1 2217
2 2218
1 2219
1 2222
2 2225
1 2227
1 2228
3 2230
1 2231
2 2234
1 2236
1 2237
1 2244
1 2245
1 2252
1 2255
1 2256
1 2261
1 2267
1 2268
1 2275
1 2280
1 2283
1 2294
1 2299
1 2304
2 2305
1 2308
1 2309
1 2310
1 2314
1 2315
2 2317
4 2320
1 2326
1 2328
1 2330
1 2332
2 2334
3 2336
1 2341
1 2343
1 2344
1 2346
1 2350
1 2351
2 2355
1 2363
1 2365
1 2370
1 2374
1 2375
1 2388
1 2400
1 2402
1 2411
1 2426
1 2429
1 2430
1 2431
1 2432
1 2440
1 2441
2 2449
1 2461
1 2464
1 2468
2 2472
1 2477
1 2483
1 2485
1 2498
1 2505
1 2512
1 2514
1 2515
1 2518
1 2526
1 2527
1 2539
1 2548
1 2550
1 2552
4 2554
1 2558
2 2565
2 2570
1 2577
2 2583
1 2586
1 2592
3 2594
1 2596
1 2599
1 2601
1 2602
2 2603
1 2607
1 2608
1 2611
1 2612
1 2616
1 2619
1 2623
1 2624
1 2629
1 2631
1 2632
2 2634
2 2635
1 2637
1 2638
2 2642
1 2643
1 2649
1 2651
1 2653
1 2659
1 2661
1 2666
1 2673
1 2677
1 2690
1 2697
1 2698
1 2706
1 2707
2 2709
1 2710
1 2712
2 2713
1 2714
1 2715
2 2717
1 2722
1 2724
2 2725
2 2728
1 2731
2 2732
1 2733
1 2734
1 2735
1 2736
2 2740
3 2742
1 2743
2 2745
1 2747
1 2749
4 2751
2 2754
1 2755
1 2757
2 2761
1 2762
1 2763
1 2765
1 2766
1 2767
3 2769
1 2775
1 2777
1 2779
2 2780
3 2784
1 2785
2 2786
1 2788
3 2789
2 2791
2 2794
1 2797
1 2799
1 2801
1 2805
1 2807
1 2813
1 2814
1 2816
1 2817
1 2820
1 2827
1 2828
1 2829
1 2831
1 2835
2 2840
1 2858
1 2868
2 2881
1 2882
1 2918
1 2938
1 2984
1 3007
1 3022
1 3031
1 3035
1 3039
1 3040
1 3044
2 3051
1 3054
1 3070
1 3072
1 3099
1 3114
1 3137
1 3154
1 3155
1 3160
1 3194
1 3215
2 3224
1 3231
1 3247
1 3249
1 3269
1 3276
1 3281
1 3285
1 3288
1 3289
1 3290
1 3302
1 3303
1 3316
1 3324
2 3327
1 3337
1 3338
1 3340
1 3341
1 3352
1 3356
2 3362
1 3367
1 3369
1 3380
1 3385
1 3386
1 3389
1 3390
1 3452
1 3454
1 3490
1 3500
1 3521
1 3561
1 3565
1 3576
1 3582
1 3599
1 3605
1 3626
1 3634
1 3635
1 3641
1 3674
1 3708
1 3709
1 3729
1 3735
1 3741
1 3750
1 3757
1 3775
1 3777
2 3788
1 3819
1 3873
1 3886
1 3941
1 3964
1 4056
1 4238
1 4258
1 4262
1 4285
1 4305
1 4321
1 4361
1 4398
1 4446
1 4447
1 4459
1 4465
1 4469
1 4481
1 4509
1 4520
1 4585
