1 2
2 6
2 7
2 11
4 12
2 15
1 19
1 20
1 22
2 25
3 27
2 30
1 32
2 34
1 36
1 37
1 39
3 40
3 41
1 42
2 43
2 45
2 46
1 47
2 49
1 51
2 52
1 53
3 54
2 55
1 56
1 58
1 59
2 60
1 61
8 62
2 63
1 64
2 65
4 66
2 67
2 68
1 69
2 70
1 71
1 72
1 73
1 74
1 75
3 77
5 78
1 79
1 80
2 81
3 82
6 83
6 84
6 85
3 86
4 87
4 88
9 89
8 90
9 91
12 92
5 93
8 94
10 95
12 96
14 97
6 98
6 99
6 100
8 101
4 102
6 103
3 104
3 105
3 106
5 107
5 108
1 109
3 110
3 111
5 112
7 113
2 114
3 115
5 116
6 117
6 118
1 119
6 120
3 121
3 122
1 123
3 124
4 125
4 126
9 127
4 128
2 129
5 130
7 131
6 132
4 133
4 134
4 135
3 136
3 137
4 138
1 139
4 140
4 141
3 142
5 143
5 144
2 145
6 146
5 147
4 148
6 149
1 150
5 151
5 152
7 153
4 154
3 155
1 156
4 157
4 158
7 159
3 160
1 161
8 162
1 163
8 164
2 165
5 166
4 167
6 168
5 169
3 170
4 171
4 172
2 173
6 174
9 175
5 176
4 177
6 178
5 179
7 180
9 181
8 182
13 183
10 184
13 185
11 186
9 187
10 188
13 189
19 190
22 191
19 192
13 193
16 194
16 195
7 196
12 197
11 198
5 199
9 200
16 201
7 202
8 203
5 204
12 205
5 206
7 207
10 208
6 209
13 210
7 211
1 212
13 213
6 214
4 215
10 216
10 217
13 218
15 219
11 220
17 221
12 222
27 223
19 224
22 225
32 226
43 227
53 228
58 229
100 230
100 231
128 232
145 233
204 234
201 235
283 236
257 237
262 238
255 239
239 240
172 241
169 242
147 243
109 244
95 245
79 246
46 247
29 248
44 249
28 250
20 251
26 252
20 253
15 254
20 255
19 256
11 257
10 258
12 259
10 260
5 261
10 262
9 263
7 264
6 265
5 266
9 267
4 268
4 269
3 270
4 271
7 272
5 273
3 274
4 275
4 276
5 277
9 278
8 279
3 280
7 281
3 282
1 283
1 284
1 285
7 286
5 287
8 288
8 289
4 290
9 291
5 292
3 293
4 294
1 295
5 296
8 297
3 298
3 299
8 300
11 301
6 302
9 303
3 304
8 305
3 306
7 307
7 308
4 309
10 310
10 311
3 312
10 313
6 314
10 315
7 316
6 317
4 318
12 319
8 320
10 321
14 322
7 323
7 324
14 325
21 326
21 327
20 328
15 329
11 330
18 331
33 332
28 333
25 334
27 335
24 336
32 337
29 338
39 339
32 340
31 341
46 342
40 343
37 344
48 345
30 346
36 347
23 348
34 349
33 350
18 351
23 352
15 353
21 354
22 355
24 356
14 357
17 358
25 359
18 360
17 361
26 362
35 363
31 364
19 365
13 366
21 367
14 368
18 369
27 370
17 371
23 372
22 373
25 374
17 375
27 376
26 377
19 378
24 379
21 380
18 381
16 382
15 383
14 384
16 385
16 386
10 387
2 388
6 389
10 390
8 391
8 392
5 393
9 394
5 395
9 396
7 397
6 398
4 399
4 400
9 401
6 402
13 403
9 404
5 405
6 406
2 407
3 408
4 409
8 410
9 411
9 412
12 413
11 414
5 415
8 416
9 417
6 418
7 419
3 420
8 421
5 422
8 423
10 424
4 425
10 426
7 427
8 428
8 429
5 430
8 431
11 432
9 433
7 434
14 435
8 436
7 437
5 438
13 439
10 440
9 441
13 442
9 443
12 444
7 445
6 446
10 447
13 448
5 449
12 450
8 451
8 452
10 453
13 454
14 455
7 456
10 457
16 458
18 459
11 460
11 461
11 462
20 463
18 464
17 465
25 466
17 467
17 468
21 469
20 470
22 471
25 472
18 473
28 474
27 475
27 476
28 477
23 478
19 479
24 480
27 481
29 482
21 483
13 484
16 485
22 486
15 487
16 488
16 489
16 490
19 491
21 492
15 493
20 494
25 495
13 496
14 497
15 498
17 499
16 500
17 501
20 502
25 503
24 504
20 505
20 506
25 507
30 508
21 509
27 510
43 511
42 512
27 513
29 514
45 515
36 516
44 517
53 518
56 519
65 520
68 521
69 522
97 523
79 524
85 525
104 526
111 527
150 528
138 529
134 530
134 531
155 532
153 533
147 534
168 535
147 536
155 537
133 538
127 539
129 540
112 541
114 542
106 543
97 544
91 545
68 546
57 547
53 548
57 549
55 550
33 551
36 552
33 553
26 554
30 555
20 556
14 557
25 558
13 559
17 560
12 561
14 562
17 563
14 564
14 565
11 566
18 567
20 568
23 569
14 570
16 571
20 572
19 573
15 574
15 575
23 576
23 577
19 578
26 579
22 580
26 581
28 582
28 583
26 584
32 585
37 586
36 587
37 588
32 589
28 590
23 591
37 592
35 593
35 594
33 595
31 596
25 597
12 598
28 599
22 600
22 601
23 602
20 603
19 604
26 605
16 606
23 607
21 608
27 609
26 610
22 611
26 612
34 613
31 614
29 615
28 616
29 617
21 618
24 619
25 620
32 621
29 622
31 623
32 624
35 625
33 626
32 627
38 628
53 629
34 630
30 631
25 632
24 633
30 634
23 635
21 636
17 637
12 638
24 639
14 640
12 641
13 642
19 643
15 644
12 645
18 646
16 647
15 648
19 649
11 650
17 651
17 652
17 653
18 654
18 655
20 656
20 657
27 658
28 659
20 660
29 661
30 662
32 663
45 664
54 665
43 666
39 667
30 668
44 669
50 670
32 671
45 672
39 673
44 674
37 675
50 676
25 677
48 678
37 679
59 680
41 681
56 682
41 683
45 684
36 685
48 686
47 687
42 688
36 689
37 690
47 691
54 692
43 693
45 694
40 695
36 696
40 697
34 698
42 699
30 700
39 701
34 702
32 703
32 704
26 705
28 706
28 707
21 708
28 709
20 710
20 711
25 712
20 713
14 714
21 715
20 716
16 717
16 718
11 719
9 720
8 721
16 722
16 723
7 724
13 725
10 726
10 727
11 728
8 729
13 730
10 731
6 732
12 733
9 734
3 735
14 736
5 737
8 738
10 739
7 740
10 741
7 742
8 743
10 744
2 745
7 746
11 747
8 748
10 749
12 750
13 751
8 752
7 753
8 754
19 755
14 756
14 757
13 758
19 759
16 760
14 761
15 762
16 763
24 764
25 765
20 766
20 767
25 768
13 769
21 770
26 771
30 772
19 773
27 774
23 775
32 776
26 777
43 778
38 779
41 780
39 781
58 782
42 783
51 784
64 785
58 786
70 787
88 788
87 789
84 790
119 791
116 792
128 793
128 794
174 795
154 796
179 797
157 798
193 799
212 800
174 801
210 802
231 803
210 804
236 805
212 806
208 807
196 808
197 809
192 810
177 811
176 812
134 813
127 814
133 815
122 816
87 817
99 818
83 819
58 820
53 821
58 822
56 823
39 824
39 825
24 826
27 827
26 828
16 829
26 830
17 831
16 832
12 833
9 834
13 835
11 836
11 837
9 838
11 839
10 840
15 841
16 842
7 843
7 844
2 845
2 846
10 847
11 848
8 849
12 850
6 851
11 852
8 853
8 854
9 855
13 856
10 857
10 858
15 859
13 860
8 861
9 862
11 863
14 864
8 865
14 866
19 867
14 868
15 869
21 870
21 871
25 872
21 873
24 874
19 875
24 876
22 877
22 878
22 879
21 880
17 881
24 882
31 883
28 884
28 885
24 886
14 887
37 888
33 889
42 890
32 891
34 892
44 893
35 894
44 895
46 896
31 897
50 898
36 899
32 900
45 901
27 902
30 903
35 904
38 905
21 906
21 907
21 908
22 909
24 910
19 911
14 912
21 913
13 914
15 915
15 916
5 917
9 918
14 919
14 920
16 921
6 922
12 923
3 924
11 925
5 926
11 927
15 928
10 929
10 930
11 931
12 932
10 933
14 934
16 935
16 936
16 937
10 938
14 939
11 940
21 941
14 942
20 943
16 944
16 945
24 946
17 947
15 948
25 949
16 950
15 951
19 952
20 953
20 954
19 955
13 956
18 957
11 958
19 959
8 960
12 961
13 962
13 963
21 964
13 965
10 966
14 967
6 968
12 969
9 970
13 971
5 972
19 973
10 974
5 975
15 976
6 977
8 978
15 979
9 980
5 981
17 982
2 983
4 984
7 985
7 986
9 987
4 988
14 989
8 990
7 991
9 992
13 993
7 994
8 995
9 996
7 997
4 998
10 999
7 1000
8 1001
9 1002
7 1003
8 1004
11 1005
7 1006
6 1007
3 1008
8 1009
6 1010
5 1011
11 1012
10 1013
5 1014
8 1015
11 1016
7 1017
12 1018
7 1019
6 1020
7 1021
8 1022
4 1023
11 1024
5 1025
19 1026
9 1027
8 1028
6 1029
10 1030
9 1031
7 1032
9 1033
10 1034
12 1035
12 1036
9 1037
8 1038
5 1039
9 1040
10 1041
11 1042
5 1043
10 1044
4 1045
9 1046
11 1047
5 1048
6 1049
5 1050
8 1051
12 1052
13 1053
3 1054
9 1055
12 1056
5 1057
5 1058
8 1059
7 1060
7 1061
8 1062
10 1063
1 1064
12 1065
9 1066
7 1067
15 1068
6 1069
10 1070
5 1071
10 1072
2 1073
5 1074
8 1075
12 1076
13 1077
13 1078
17 1079
15 1080
14 1081
18 1082
10 1083
11 1084
5 1085
12 1086
18 1087
16 1088
6 1089
12 1090
7 1091
5 1092
13 1093
14 1094
16 1095
6 1096
9 1097
8 1098
10 1099
12 1100
16 1101
10 1102
15 1103
13 1104
11 1105
13 1106
13 1107
13 1108
16 1109
23 1110
20 1111
20 1112
20 1113
15 1114
27 1115
28 1116
18 1117
21 1118
23 1119
28 1120
30 1121
30 1122
28 1123
36 1124
40 1125
38 1126
32 1127
37 1128
54 1129
41 1130
62 1131
56 1132
57 1133
56 1134
76 1135
88 1136
89 1137
85 1138
86 1139
93 1140
73 1141
95 1142
104 1143
98 1144
110 1145
116 1146
108 1147
102 1148
103 1149
115 1150
98 1151
97 1152
89 1153
95 1154
82 1155
85 1156
93 1157
77 1158
67 1159
65 1160
75 1161
75 1162
39 1163
51 1164
39 1165
34 1166
33 1167
37 1168
29 1169
17 1170
29 1171
22 1172
26 1173
22 1174
22 1175
25 1176
11 1177
16 1178
15 1179
12 1180
20 1181
9 1182
18 1183
19 1184
26 1185
19 1186
18 1187
21 1188
11 1189
23 1190
21 1191
26 1192
24 1193
29 1194
33 1195
30 1196
28 1197
31 1198
37 1199
28 1200
36 1201
39 1202
39 1203
48 1204
37 1205
45 1206
46 1207
38 1208
43 1209
47 1210
44 1211
46 1212
49 1213
34 1214
39 1215
38 1216
32 1217
28 1218
48 1219
33 1220
26 1221
17 1222
30 1223
22 1224
32 1225
23 1226
13 1227
25 1228
23 1229
13 1230
15 1231
20 1232
7 1233
12 1234
7 1235
10 1236
10 1237
9 1238
13 1239
10 1240
8 1241
8 1242
5 1243
11 1244
10 1245
17 1246
10 1247
9 1248
4 1249
5 1250
13 1251
6 1252
7 1253
11 1254
7 1255
4 1256
8 1257
9 1258
5 1259
9 1260
9 1261
13 1262
10 1263
5 1264
6 1265
10 1266
8 1267
9 1268
2 1269
10 1270
8 1271
8 1272
7 1273
7 1274
15 1275
6 1276
7 1277
7 1278
1 1279
9 1280
5 1281
8 1282
10 1283
12 1284
12 1285
11 1286
14 1287
12 1288
14 1289
13 1290
19 1291
19 1292
24 1293
22 1294
18 1295
14 1296
11 1297
23 1298
20 1299
21 1300
25 1301
16 1302
21 1303
19 1304
21 1305
15 1306
16 1307
27 1308
23 1309
25 1310
23 1311
23 1312
20 1313
24 1314
19 1315
21 1316
21 1317
19 1318
23 1319
17 1320
15 1321
14 1322
21 1323
22 1324
15 1325
20 1326
16 1327
9 1328
9 1329
16 1330
12 1331
12 1332
4 1333
9 1334
14 1335
12 1336
7 1337
5 1338
5 1339
3 1340
8 1341
11 1342
9 1343
7 1344
5 1345
7 1346
8 1347
3 1348
5 1349
10 1350
5 1351
8 1352
3 1353
7 1354
9 1355
10 1356
12 1357
10 1358
11 1359
10 1360
7 1361
12 1362
7 1363
11 1364
5 1365
14 1366
6 1367
8 1368
12 1369
9 1370
4 1371
8 1372
3 1373
12 1374
6 1375
10 1376
6 1377
13 1378
8 1379
7 1380
6 1381
11 1382
14 1383
15 1384
17 1385
13 1386
16 1387
7 1388
16 1389
7 1390
13 1391
12 1392
16 1393
19 1394
11 1395
13 1396
16 1397
19 1398
13 1399
17 1400
27 1401
25 1402
26 1403
23 1404
24 1405
24 1406
33 1407
34 1408
24 1409
26 1410
28 1411
24 1412
29 1413
34 1414
32 1415
31 1416
36 1417
36 1418
48 1419
43 1420
36 1421
33 1422
33 1423
50 1424
38 1425
43 1426
54 1427
43 1428
41 1429
43 1430
26 1431
32 1432
45 1433
31 1434
46 1435
42 1436
42 1437
33 1438
35 1439
46 1440
38 1441
40 1442
41 1443
32 1444
44 1445
42 1446
29 1447
37 1448
28 1449
21 1450
16 1451
22 1452
24 1453
7 1454
25 1455
18 1456
22 1457
17 1458
11 1459
6 1460
18 1461
7 1462
8 1463
9 1464
10 1465
3 1466
7 1467
8 1468
3 1469
3 1470
6 1471
5 1472
4 1473
3 1474
3 1475
2 1477
2 1478
5 1479
1 1480
1 1481
2 1482
1 1483
1 1484
3 1485
2 1489
2 1490
1 1491
3 1493
2 1494
4 1495
1 1497
2 1498
1 1501
2 1502
1 1504
2 1505
1 1506
1 1508
1 1509
1 1510
1 1511
4 1512
2 1514
2 1515
3 1516
2 1517
2 1520
3 1521
1 1522
1 1523
3 1524
1 1526
1 1528
1 1529
2 1530
3 1531
1 1532
2 1533
2 1535
1 1536
2 1537
1 1538
1 1539
1 1542
4 1543
2 1544
2 1546
5 1547
1 1548
1 1550
3 1551
2 1552
2 1554
1 1556
2 1557
1 1559
1 1561
1 1563
3 1564
2 1565
1 1566
1 1567
2 1568
4 1572
1 1574
1 1576
1 1577
1 1578
2 1579
1 1582
1 1583
3 1584
4 1585
2 1586
1 1587
2 1588
3 1589
2 1590
1 1592
1 1593
1 1594
2 1595
1 1598
2 1599
2 1600
4 1601
2 1602
1 1603
3 1605
2 1606
2 1607
3 1608
2 1609
1 1610
1 1611
2 1613
1 1614
1 1615
5 1616
2 1617
5 1619
3 1620
3 1621
2 1623
2 1625
1 1626
1 1627
1 1628
2 1630
3 1631
1 1633
1 1634
3 1635
3 1636
3 1637
3 1638
2 1639
5 1640
3 1641
1 1642
1 1643
1 1644
5 1645
2 1646
3 1647
4 1648
2 1649
4 1650
4 1651
1 1652
2 1653
5 1654
4 1655
1 1656
3 1657
4 1658
5 1659
1 1660
3 1661
5 1662
4 1663
2 1664
4 1665
5 1666
5 1667
8 1668
7 1669
1 1670
2 1671
2 1672
2 1673
1 1674
1 1675
3 1676
4 1677
3 1678
9 1679
3 1680
5 1681
4 1682
2 1683
6 1684
6 1685
2 1686
4 1687
4 1688
3 1689
5 1690
10 1691
5 1692
8 1693
8 1694
12 1695
7 1696
9 1697
7 1698
5 1699
6 1700
4 1701
7 1702
6 1703
6 1704
11 1705
10 1706
5 1707
11 1708
8 1709
6 1710
5 1711
6 1712
9 1713
3 1714
6 1715
11 1716
6 1717
14 1718
2 1719
6 1720
10 1721
9 1722
3 1723
7 1724
7 1725
3 1726
7 1727
8 1728
5 1729
8 1730
8 1731
8 1732
7 1733
3 1734
8 1735
5 1736
8 1737
5 1738
8 1739
4 1740
5 1741
9 1742
5 1743
6 1744
6 1745
4 1746
7 1747
7 1748
3 1749
11 1750
7 1751
9 1752
4 1753
4 1754
2 1755
4 1756
2 1757
3 1758
5 1759
3 1760
7 1761
4 1762
5 1763
1 1764
4 1765
1 1766
3 1767
3 1768
3 1769
4 1771
2 1772
1 1773
2 1774
1 1775
1 1776
6 1777
6 1778
4 1779
3 1780
3 1781
1 1782
3 1783
2 1784
3 1785
2 1786
3 1787
4 1788
2 1789
1 1790
1 1791
4 1792
9 1793
6 1794
3 1795
2 1797
1 1798
2 1799
6 1800
3 1801
3 1802
5 1803
3 1804
2 1805
2 1806
5 1807
4 1808
5 1809
4 1810
6 1811
4 1812
2 1813
3 1814
2 1815
6 1816
3 1817
4 1818
5 1819
2 1820
4 1821
5 1822
4 1823
6 1824
4 1825
7 1826
3 1827
6 1828
4 1829
2 1830
2 1831
2 1832
8 1833
7 1834
2 1835
7 1836
7 1837
7 1838
6 1839
2 1840
6 1841
2 1842
10 1843
10 1844
3 1845
7 1846
8 1847
4 1848
4 1849
4 1850
5 1851
3 1852
5 1853
3 1854
1 1855
6 1856
3 1857
5 1858
5 1859
3 1860
5 1861
6 1862
10 1863
1 1864
5 1865
6 1866
4 1867
6 1868
4 1869
6 1870
2 1871
3 1872
5 1873
7 1874
8 1875
6 1877
8 1878
5 1879
8 1880
2 1881
11 1882
6 1883
5 1884
10 1885
6 1886
5 1887
7 1888
10 1889
6 1890
8 1891
7 1892
10 1893
8 1894
7 1895
5 1896
11 1897
12 1898
11 1899
6 1900
10 1901
6 1902
8 1903
4 1904
12 1905
14 1906
9 1907
13 1908
15 1909
12 1910
16 1911
13 1912
19 1913
14 1914
8 1915
13 1916
15 1917
18 1918
20 1919
11 1920
13 1921
22 1922
17 1923
14 1924
16 1925
13 1926
22 1927
12 1928
17 1929
17 1930
27 1931
16 1932
30 1933
12 1934
22 1935
23 1936
27 1937
22 1938
30 1939
25 1940
16 1941
29 1942
32 1943
36 1944
34 1945
35 1946
36 1947
36 1948
46 1949
41 1950
29 1951
42 1952
52 1953
44 1954
54 1955
50 1956
46 1957
65 1958
43 1959
55 1960
65 1961
53 1962
51 1963
63 1964
59 1965
58 1966
72 1967
69 1968
76 1969
79 1970
86 1971
76 1972
79 1973
85 1974
106 1975
80 1976
80 1977
86 1978
69 1979
78 1980
71 1981
86 1982
67 1983
68 1984
70 1985
50 1986
54 1987
47 1988
58 1989
51 1990
61 1991
53 1992
52 1993
45 1994
49 1995
38 1996
45 1997
35 1998
25 1999
25 2000
30 2001
25 2002
25 2003
12 2004
17 2005
16 2006
18 2007
15 2008
20 2009
9 2010
12 2011
14 2012
6 2013
9 2014
10 2015
8 2016
7 2017
6 2018
9 2019
7 2020
3 2021
5 2022
1 2023
4 2024
4 2025
5 2026
1 2027
4 2028
1 2029
4 2030
2 2031
1 2032
1 2033
5 2034
2 2035
1 2036
3 2037
3 2038
2 2039
1 2040
1 2041
1 2043
1 2045
2 2046
2 2047
2 2048
2 2049
1 2050
2 2051
2 2052
2 2053
2 2054
2 2055
2 2056
1 2057
3 2058
2 2059
4 2060
3 2061
4 2062
3 2063
2 2064
1 2065
4 2066
4 2067
1 2068
2 2069
8 2070
5 2071
2 2072
6 2073
7 2074
7 2075
5 2076
12 2077
10 2078
8 2079
6 2080
6 2081
6 2082
6 2083
8 2084
3 2085
15 2086
8 2087
6 2088
8 2089
6 2090
8 2091
8 2092
9 2093
10 2094
4 2095
6 2096
4 2097
11 2098
3 2099
6 2100
5 2101
4 2102
4 2103
1 2104
5 2105
5 2106
6 2107
2 2108
2 2109
6 2110
3 2111
4 2112
2 2113
3 2114
4 2115
2 2117
1 2118
1 2119
2 2120
1 2121
2 2122
1 2123
2 2124
3 2125
2 2126
2 2128
1 2129
2 2130
1 2131
1 2133
2 2136
1 2138
1 2139
1 2141
2 2145
1 2147
1 2148
1 2151
1 2152
1 2155
1 2158
1 2159
2 2160
2 2161
1 2164
1 2166
1 2168
1 2177
1 2178
1 2179
2 2182
2 2185
2 2187
2 2188
1 2189
2 2190
1 2192
3 2194
2 2199
1 2200
1 2201
1 2202
2 2205
1 2206
1 2207
2 2209
3 2211
1 2212
1 2214
2 2217
1 2219
1 2220
1 2221
2 2222
2 2223
4 2224
3 2225
2 2226
4 2227
1 2228
3 2230
2 2231
3 2232
1 2234
1 2236
1 2237
2 2238
2 2240
4 2241
1 2242
1 2247
1 2249
1 2252
1 2253
1 2254
1 2255
1 2256
1 2257
1 2260
1 2262
1 2263
1 2267
1 2269
1 2272
1 2283
1 2285
1 2291
1 2292
1 2299
1 2300
1 2302
1 2306
1 2309
1 2310
1 2311
1 2312
1 2314
1 2317
1 2322
1 2326
1 2327
2 2328
1 2329
1 2330
1 2333
2 2334
1 2336
1 2337
1 2338
2 2343
1 2344
1 2345
2 2348
1 2349
2 2351
3 2354
1 2355
2 2357
1 2359
1 2360
1 2361
4 2362
1 2368
1 2371
1 2373
1 2376
3 2377
1 2380
1 2382
1 2383
1 2389
1 2390
1 2391
2 2394
2 2395
3 2396
1 2399
1 2400
1 2401
1 2407
1 2413
1 2416
2 2418
1 2419
1 2420
1 2423
1 2430
1 2431
1 2432
1 2435
3 2438
1 2440
1 2442
1 2444
1 2446
1 2448
1 2450
1 2451
1 2457
1 2459
1 2463
1 2464
2 2465
1 2467
1 2470
1 2471
1 2472
1 2474
1 2475
1 2476
1 2477
1 2479
1 2480
1 2481
2 2483
1 2484
2 2488
2 2489
1 2490
1 2491
2 2492
2 2493
1 2495
3 2496
1 2498
1 2500
2 2502
1 2503
2 2504
2 2506
2 2507
1 2508
2 2510
4 2511
2 2512
3 2513
1 2514
2 2515
1 2517
2 2519
1 2522
1 2523
1 2525
1 2527
1 2528
1 2530
1 2531
1 2532
1 2533
3 2534
1 2535
2 2536
2 2537
1 2538
3 2540
1 2541
1 2542
1 2543
1 2544
2 2545
1 2546
1 2547
2 2549
3 2550
4 2552
2 2553
1 2554
1 2556
1 2557
1 2559
1 2561
1 2563
1 2565
1 2566
1 2568
1 2571
2 2579
1 2588
2 2591
1 2593
1 2594
1 2596
1 2599
1 2611
1 2615
1 2616
1 2619
1 2633
1 2639
1 2656
1 2658
2 2669
1 2671
1 2685
1 2690
1 2694
1 2695
1 2696
1 2697
1 2699
2 2703
1 2704
1 2707
1 2712
2 2713
2 2716
1 2719
4 2722
1 2723
1 2726
2 2734
1 2738
1 2740
4 2744
1 2745
1 2747
1 2750
1 2752
1 2753
1 2755
2 2758
2 2760
1 2765
3 2767
1 2769
3 2772
1 2774
1 2775
1 2776
3 2778
1 2779
2 2780
1 2781
1 2785
1 2787
3 2791
1 2800
1 2803
3 2804
2 2812
1 2813
1 2815
1 2816
1 2820
1 2821
2 2823
2 2825
3 2827
1 2829
1 2830
1 2832
2 2834
3 2835
4 2836
1 2837
3 2839
4 2840
4 2841
2 2842
1 2844
6 2845
4 2846
4 2847
3 2848
4 2849
3 2850
3 2851
1 2852
2 2853
3 2854
4 2855
6 2856
3 2857
2 2858
1 2859
3 2860
3 2861
3 2862
1 2863
3 2864
5 2865
1 2866
3 2867
4 2868
4 2869
4 2870
3 2871
4 2872
4 2873
5 2874
1 2875
4 2877
1 2878
5 2879
2 2880
3 2881
3 2882
1 2883
3 2884
3 2885
3 2886
1 2888
1 2889
3 2890
2 2891
1 2892
2 2896
1 2897
2 2898
1 2899
1 2900
1 2901
2 2905
1 2906
1 2911
1 2913
1 2915
1 2932
1 2948
1 2959
1 2965
1 2981
1 2986
1 2998
1 3048
1 3108
1 3118
1 3132
1 3139
1 3199
1 3214
1 3218
1 3235
1 3271
1 3395
1 3417
1 3420
1 3422
1 3423
1 3430
1 3431
1 3440
1 3455
1 3461
1 3463
2 3489
1 3495
1 3505
1 3514
1 3530
1 3584
1 3636
1 3649
1 3768
1 3817
1 4392
1 4596
1 4702
1 4914
