1 2
1 4
1 6
2 9
1 10
2 17
2 19
1 20
1 24
1 25
1 26
1 28
2 31
1 32
1 36
1 43
1 46
2 47
1 49
1 50
1 51
1 52
1 53
2 54
2 55
1 56
1 59
1 60
1 61
1 62
3 65
1 67
2 69
1 70
1 72
2 74
1 75
1 76
2 77
2 78
1 81
2 82
1 83
1 84
3 85
1 87
2 88
3 89
1 90
1 91
1 93
1 95
2 96
1 98
3 100
1 101
2 103
4 104
3 105
3 106
3 107
1 108
7 109
2 110
4 111
5 112
4 113
10 114
6 115
5 116
6 117
5 118
3 119
1 120
2 121
1 122
4 123
2 124
3 125
1 126
3 127
2 128
2 129
3 130
3 131
10 132
4 133
2 134
5 135
4 136
9 137
3 138
4 139
4 140
3 141
3 142
4 143
2 144
3 145
5 146
2 147
2 148
1 149
1 150
1 151
3 152
4 153
4 154
1 155
2 156
5 157
1 158
6 159
1 160
3 161
6 163
2 164
1 165
2 166
1 167
5 168
3 169
2 170
3 171
3 172
1 173
2 174
2 175
4 176
1 177
4 178
3 179
4 180
3 182
2 183
6 184
5 185
6 186
3 187
5 188
4 189
4 190
5 191
2 192
1 193
1 194
4 195
5 196
5 197
5 198
5 199
2 200
1 201
3 202
5 203
1 204
4 205
2 206
3 207
2 208
2 209
2 210
6 211
5 212
1 213
4 214
3 215
4 216
5 217
6 218
2 219
3 220
5 221
4 222
6 223
3 224
2 225
3 226
4 227
2 228
5 229
3 230
1 231
3 232
4 233
5 234
5 235
2 236
6 237
6 239
5 240
5 241
5 242
4 243
4 244
3 245
4 246
4 247
7 248
6 249
5 250
7 251
4 252
4 253
6 254
2 255
4 256
6 257
6 258
5 259
2 260
9 261
7 262
3 263
6 265
1 266
7 267
5 268
4 269
4 270
6 271
3 272
7 273
5 274
5 275
8 276
5 277
7 278
4 279
10 280
5 281
5 282
5 283
7 284
4 285
3 286
3 287
6 288
3 289
7 290
4 291
8 292
13 293
8 294
4 295
7 296
13 297
7 298
10 299
7 300
7 301
12 302
15 303
10 304
15 305
8 306
14 307
12 308
9 309
9 310
8 311
17 312
14 313
9 314
14 315
8 316
14 317
4 318
15 319
8 320
11 321
10 322
4 323
12 324
8 325
3 326
8 327
7 328
10 329
4 330
5 331
5 332
7 333
7 334
6 335
7 336
8 337
11 338
5 339
7 340
5 341
8 342
6 343
4 344
8 345
7 346
9 347
4 348
9 349
1 350
11 351
3 352
7 353
10 354
11 355
11 356
8 357
11 358
12 359
8 360
8 361
10 362
11 363
21 364
20 365
14 366
8 367
14 368
13 369
14 370
19 371
9 372
11 373
15 374
11 375
15 376
2 377
7 378
15 379
4 380
10 381
11 382
10 383
12 384
6 385
11 386
12 387
8 388
13 389
19 390
11 391
15 392
14 393
12 394
19 395
20 396
17 397
19 398
15 399
16 400
14 401
18 402
22 403
18 404
13 405
6 406
9 407
6 408
9 409
15 410
5 411
12 412
8 413
12 414
4 415
9 416
7 417
6 418
4 419
5 420
3 421
2 422
4 423
3 424
7 425
5 426
5 427
6 428
3 429
4 430
4 431
7 432
5 433
4 434
6 435
4 436
7 437
2 438
1 439
4 440
4 441
4 442
6 443
5 444
3 445
4 446
5 447
5 448
3 449
1 450
2 451
3 452
2 453
4 454
5 455
2 456
5 457
3 458
2 459
5 460
6 461
9 462
5 463
5 464
6 465
12 466
7 467
8 468
4 469
8 470
6 471
7 472
12 473
5 474
6 475
4 476
6 477
7 478
2 479
6 480
7 481
5 482
6 483
2 484
7 485
7 486
4 487
4 488
6 489
8 490
6 491
5 492
5 493
7 494
11 495
2 496
7 497
8 498
12 499
7 500
8 501
10 502
5 503
11 504
4 505
8 506
4 507
8 508
8 509
7 510
14 511
9 512
8 513
6 514
8 515
9 516
6 517
8 518
6 519
11 520
9 521
7 522
2 523
11 524
10 525
10 526
20 527
5 528
12 529
10 530
14 531
6 532
16 533
13 534
15 535
13 536
19 537
16 538
15 539
22 540
17 541
22 542
21 543
21 544
18 545
26 546
21 547
15 548
10 549
18 550
17 551
22 552
22 553
11 554
14 555
16 556
8 557
19 558
9 559
12 560
12 561
13 562
10 563
16 564
17 565
12 566
18 567
8 568
6 569
7 570
10 571
11 572
12 573
7 574
6 575
8 576
10 577
10 578
10 579
10 580
7 581
9 582
5 583
13 584
7 585
7 586
6 587
12 588
6 589
9 590
5 591
7 592
9 593
4 594
8 595
6 596
5 597
10 598
12 599
10 600
6 601
6 602
11 603
12 604
9 605
11 606
10 607
8 608
12 609
11 610
14 611
22 612
8 613
20 614
14 615
25 616
17 617
20 618
33 619
18 620
25 621
24 622
31 623
24 624
33 625
28 626
29 627
31 628
24 629
37 630
28 631
29 632
29 633
27 634
28 635
23 636
28 637
16 638
36 639
30 640
29 641
24 642
24 643
22 644
24 645
18 646
19 647
18 648
28 649
28 650
15 651
15 652
17 653
30 654
22 655
19 656
11 657
19 658
11 659
16 660
25 661
25 662
20 663
19 664
22 665
30 666
29 667
24 668
39 669
27 670
34 671
30 672
42 673
33 674
35 675
55 676
61 677
53 678
62 679
76 680
57 681
86 682
80 683
85 684
83 685
84 686
110 687
112 688
123 689
118 690
133 691
147 692
133 693
138 694
141 695
122 696
136 697
133 698
127 699
130 700
116 701
111 702
90 703
80 704
58 705
76 706
63 707
67 708
49 709
47 710
35 711
39 712
23 713
25 714
24 715
23 716
20 717
20 718
18 719
17 720
11 721
22 722
15 723
13 724
14 725
14 726
15 727
19 728
19 729
14 730
16 731
26 732
19 733
21 734
19 735
32 736
30 737
25 738
30 739
37 740
38 741
30 742
30 743
49 744
43 745
51 746
53 747
61 748
73 749
64 750
63 751
68 752
85 753
83 754
87 755
101 756
118 757
103 758
96 759
109 760
104 761
117 762
110 763
136 764
122 765
102 766
102 767
98 768
114 769
98 770
118 771
78 772
77 773
75 774
78 775
54 776
62 777
55 778
48 779
37 780
29 781
29 782
29 783
23 784
22 785
15 786
21 787
18 788
6 789
7 790
11 791
6 792
5 793
10 794
9 795
7 796
4 797
6 798
8 799
3 800
7 801
10 802
17 803
11 804
11 805
10 806
4 807
10 808
13 809
9 810
6 811
9 812
6 813
10 814
13 815
5 816
5 817
10 818
11 819
10 820
9 821
5 822
8 823
7 824
16 825
9 826
5 827
10 828
6 829
16 830
10 831
6 832
15 833
8 834
10 835
14 836
15 837
9 838
12 839
10 840
11 841
10 842
21 843
9 844
9 845
9 846
10 847
10 848
8 849
8 850
9 851
6 852
12 853
15 854
15 855
9 856
12 857
14 858
9 859
22 860
12 861
14 862
12 863
7 864
11 865
12 866
10 867
14 868
16 869
10 870
13 871
10 872
12 873
10 874
13 875
10 876
14 877
11 878
18 879
11 880
21 881
14 882
14 883
13 884
26 885
15 886
13 887
19 888
15 889
19 890
17 891
14 892
25 893
18 894
25 895
27 896
35 897
20 898
19 899
25 900
35 901
35 902
20 903
35 904
32 905
39 906
24 907
28 908
38 909
36 910
35 911
44 912
37 913
48 914
36 915
41 916
49 917
66 918
51 919
53 920
68 921
68 922
79 923
54 924
85 925
81 926
67 927
93 928
80 929
78 930
112 931
102 932
108 933
101 934
129 935
110 936
105 937
99 938
103 939
116 940
132 941
141 942
134 943
146 944
170 945
166 946
168 947
164 948
168 949
200 950
228 951
210 952
222 953
226 954
253 955
267 956
244 957
276 958
314 959
294 960
313 961
330 962
300 963
349 964
315 965
368 966
313 967
363 968
306 969
316 970
282 971
304 972
273 973
286 974
230 975
228 976
227 977
177 978
179 979
142 980
134 981
99 982
106 983
84 984
73 985
63 986
51 987
57 988
43 989
34 990
19 991
34 992
17 993
20 994
14 995
10 996
11 997
12 998
8 999
11 1000
10 1001
8 1002
4 1003
4 1004
3 1005
5 1006
5 1007
4 1008
2 1009
3 1010
5 1011
1 1012
4 1013
3 1014
1 1015
5 1016
3 1017
1 1018
4 1019
2 1021
3 1022
3 1023
1 1024
1 1025
2 1027
2 1028
1 1029
1 1030
2 1031
2 1032
2 1033
1 1034
1 1035
2 1037
1 1040
1 1041
2 1042
3 1043
1 1044
3 1045
1 1046
1 1048
2 1049
3 1050
1 1052
1 1053
3 1055
2 1056
3 1057
1 1060
1 1061
2 1062
2 1064
1 1065
2 1068
1 1069
2 1070
2 1071
3 1072
2 1073
3 1074
1 1075
3 1076
2 1077
3 1078
1 1079
6 1080
4 1083
1 1084
1 1085
1 1086
5 1087
1 1088
1 1089
2 1090
5 1091
4 1093
1 1095
1 1096
2 1097
3 1098
5 1099
2 1100
4 1102
3 1103
3 1104
6 1105
1 1106
2 1107
2 1108
6 1109
3 1110
3 1111
5 1112
2 1113
8 1114
7 1115
5 1116
3 1117
4 1118
6 1119
4 1120
3 1121
2 1122
2 1123
6 1124
9 1125
6 1126
3 1127
6 1128
6 1129
5 1130
3 1131
5 1132
11 1133
10 1134
10 1135
7 1136
9 1137
11 1138
17 1139
10 1140
6 1141
13 1142
12 1143
12 1144
9 1145
12 1146
9 1147
10 1148
9 1149
12 1150
7 1151
12 1152
15 1153
9 1154
9 1155
10 1156
19 1157
23 1158
19 1159
19 1160
14 1161
13 1162
15 1163
11 1164
12 1165
3 1166
8 1167
9 1168
3 1169
6 1170
6 1171
11 1172
8 1173
4 1174
4 1175
5 1176
2 1177
6 1178
6 1179
2 1180
7 1181
1 1182
4 1183
6 1184
1 1185
1 1186
3 1187
3 1188
1 1189
5 1190
3 1191
1 1192
2 1193
4 1194
2 1195
2 1196
4 1197
1 1198
4 1199
2 1200
2 1201
3 1203
1 1204
1 1205
1 1206
1 1208
4 1209
1 1210
1 1211
2 1212
2 1213
1 1214
4 1215
3 1216
2 1217
3 1218
3 1219
1 1222
2 1223
2 1224
3 1225
6 1226
6 1227
5 1228
3 1229
4 1230
1 1231
1 1232
1 1233
4 1234
5 1235
1 1236
2 1237
3 1238
2 1239
1 1240
3 1241
4 1242
3 1243
2 1244
5 1245
5 1246
3 1247
3 1248
3 1249
2 1250
2 1251
6 1252
5 1253
6 1254
3 1255
4 1256
6 1257
6 1258
4 1259
5 1260
1 1261
2 1262
6 1263
5 1264
9 1265
3 1266
7 1267
6 1268
2 1269
2 1270
1 1271
2 1272
4 1273
3 1274
6 1275
6 1276
3 1277
4 1278
2 1279
5 1280
2 1281
3 1282
4 1283
3 1284
4 1285
4 1286
5 1287
3 1288
1 1289
4 1290
8 1291
3 1292
6 1293
2 1294
5 1295
8 1296
4 1297
4 1298
3 1299
5 1300
3 1301
2 1302
5 1303
6 1304
8 1305
4 1306
2 1307
7 1308
3 1310
4 1311
1 1312
3 1313
4 1314
5 1315
6 1316
5 1317
2 1318
5 1319
6 1320
7 1321
7 1322
6 1323
6 1324
4 1325
1 1326
3 1327
7 1328
6 1329
6 1330
6 1331
4 1332
6 1333
10 1334
3 1335
5 1336
4 1337
4 1338
8 1339
9 1340
5 1341
7 1342
7 1343
7 1344
9 1345
6 1346
4 1347
10 1348
6 1349
6 1350
5 1351
8 1352
7 1353
12 1354
8 1355
6 1356
7 1357
6 1358
15 1359
10 1360
7 1361
11 1362
8 1363
11 1364
3 1365
8 1366
11 1367
9 1368
9 1369
10 1370
8 1371
8 1372
7 1373
9 1374
14 1375
14 1376
7 1377
11 1378
6 1379
10 1380
14 1381
10 1382
12 1383
13 1384
16 1385
20 1386
12 1387
13 1388
11 1389
18 1390
14 1391
10 1392
15 1393
14 1394
14 1395
20 1396
22 1397
24 1398
17 1399
25 1400
24 1401
20 1402
21 1403
23 1404
31 1405
33 1406
24 1407
33 1408
42 1409
46 1410
52 1411
29 1412
45 1413
53 1414
51 1415
57 1416
48 1417
51 1418
59 1419
77 1420
78 1421
72 1422
71 1423
73 1424
87 1425
79 1426
74 1427
76 1428
87 1429
73 1430
84 1431
88 1432
90 1433
73 1434
88 1435
67 1436
75 1437
65 1438
67 1439
61 1440
57 1441
51 1442
56 1443
52 1444
40 1445
45 1446
47 1447
41 1448
47 1449
35 1450
37 1451
22 1452
30 1453
24 1454
24 1455
27 1456
22 1457
24 1458
18 1459
15 1460
21 1461
20 1462
15 1463
11 1464
22 1465
16 1466
16 1467
17 1468
24 1469
18 1470
13 1471
15 1472
18 1473
14 1474
22 1475
19 1476
21 1477
18 1478
27 1479
27 1480
20 1481
16 1482
22 1483
20 1484
26 1485
30 1486
27 1487
21 1488
30 1489
23 1490
29 1491
35 1492
19 1493
35 1494
38 1495
38 1496
33 1497
46 1498
32 1499
44 1500
40 1501
38 1502
32 1503
34 1504
25 1505
34 1506
31 1507
42 1508
39 1509
31 1510
22 1511
17 1512
23 1513
31 1514
25 1515
6 1516
22 1517
12 1518
14 1519
17 1520
17 1521
15 1522
9 1523
15 1524
9 1525
13 1526
13 1527
6 1528
6 1529
8 1530
5 1531
5 1532
5 1533
2 1534
4 1535
8 1536
5 1537
4 1538
4 1539
3 1540
5 1541
8 1542
3 1543
3 1544
3 1545
3 1546
2 1547
1 1549
1 1550
3 1551
2 1552
1 1553
3 1554
1 1555
1 1556
1 1557
2 1558
2 1559
1 1560
2 1561
1 1567
2 1568
1 1569
2 1570
3 1571
3 1572
1 1574
1 1575
1 1576
1 1577
1 1578
1 1579
1 1580
3 1581
2 1582
2 1583
1 1584
3 1586
1 1587
1 1588
1 1590
2 1592
2 1593
2 1595
2 1596
2 1597
4 1598
2 1599
4 1600
3 1601
2 1602
1 1604
1 1605
3 1607
1 1608
3 1609
2 1610
2 1612
1 1613
1 1614
1 1616
1 1617
2 1618
1 1619
1 1620
3 1622
1 1623
1 1624
2 1627
1 1628
1 1631
1 1635
3 1636
1 1637
1 1638
1 1639
2 1640
1 1642
3 1644
1 1648
2 1652
1 1656
1 1657
1 1658
1 1659
1 1664
2 1665
2 1668
2 1671
3 1672
2 1673
1 1676
1 1677
1 1678
2 1680
1 1686
1 1687
4 1688
1 1690
1 1694
1 1695
1 1696
1 1700
1 1702
1 1705
1 1706
1 1709
1 1712
2 1713
1 1714
1 1718
1 1720
1 1722
2 1723
2 1724
1 1725
1 1726
1 1728
1 1729
1 1731
1 1732
1 1734
1 1740
2 1742
2 1745
1 1746
1 1748
2 1749
1 1750
2 1753
1 1756
1 1760
1 1762
1 1763
1 1767
1 1770
1 1773
1 1774
1 1775
1 1782
1 1784
1 1785
2 1790
2 1791
1 1796
1 1797
1 1802
1 1803
2 1804
1 1806
1 1807
1 1808
1 1809
2 1812
2 1817
1 1819
1 1824
2 1826
1 1827
1 1828
1 1830
1 1836
1 1838
1 1841
1 1843
2 1844
1 1845
1 1850
1 1853
1 1854
1 1856
1 1860
1 1861
1 1862
1 1863
3 1864
2 1865
1 1866
3 1867
1 1868
1 1869
2 1870
1 1877
1 1880
1 1881
1 1882
1 1884
2 1887
1 1888
1 1889
3 1890
1 1893
2 1894
1 1896
1 1897
1 1898
1 1899
3 1903
2 1905
2 1907
3 1909
2 1910
1 1911
1 1912
1 1913
2 1916
1 1921
1 1926
1 1928
1 1929
1 1930
1 1936
1 1942
1 1943
1 1945
1 1946
1 1948
1 1949
2 1954
1 1955
1 1956
1 1958
1 1964
1 1970
1 1975
2 1977
2 1978
3 1979
2 1980
1 1983
2 1985
1 1986
1 1987
3 1988
2 1989
2 1990
2 1992
1 1996
2 1999
2 2004
1 2007
1 2009
2 2014
1 2016
2 2022
2 2023
1 2026
1 2027
2 2029
3 2032
2 2033
2 2034
2 2036
1 2038
1 2043
2 2045
2 2052
2 2053
1 2054
1 2055
1 2056
2 2057
2 2059
2 2060
2 2065
1 2066
1 2068
1 2071
4 2072
1 2073
1 2075
3 2077
3 2078
2 2079
1 2080
2 2081
2 2082
2 2084
1 2085
1 2086
2 2087
2 2088
1 2089
1 2091
1 2092
1 2093
1 2094
3 2095
1 2096
1 2097
2 2098
3 2099
3 2100
2 2101
1 2102
1 2103
2 2104
1 2106
1 2108
2 2109
1 2111
3 2112
1 2113
1 2114
3 2116
3 2117
3 2119
3 2120
1 2122
1 2124
2 2125
2 2127
1 2129
3 2130
1 2131
1 2132
1 2133
3 2134
2 2139
4 2140
3 2141
2 2142
2 2143
1 2144
4 2145
3 2146
1 2147
3 2148
8 2149
3 2150
2 2151
2 2152
3 2153
4 2154
2 2155
1 2156
2 2157
1 2158
4 2159
1 2160
4 2161
4 2162
2 2163
3 2164
1 2165
3 2166
2 2167
3 2168
3 2169
2 2170
1 2171
2 2172
1 2173
7 2174
4 2175
6 2176
2 2177
6 2178
4 2179
4 2180
5 2181
7 2182
7 2183
5 2184
6 2185
2 2186
7 2187
7 2188
7 2189
6 2190
8 2191
4 2192
7 2193
5 2194
9 2195
6 2196
6 2197
10 2198
9 2199
10 2200
12 2201
5 2202
9 2203
8 2204
8 2205
10 2206
11 2207
13 2208
5 2209
12 2210
10 2211
10 2212
1 2213
10 2214
6 2215
9 2216
14 2217
12 2218
12 2219
14 2220
10 2221
14 2222
17 2223
10 2224
14 2225
8 2226
22 2227
11 2228
9 2229
14 2230
15 2231
25 2232
10 2233
13 2234
17 2235
21 2236
24 2237
15 2238
18 2239
16 2240
16 2241
12 2242
19 2243
25 2244
16 2245
19 2246
24 2247
19 2248
27 2249
24 2250
12 2251
23 2252
23 2253
31 2254
18 2255
24 2256
29 2257
31 2258
22 2259
27 2260
24 2261
27 2262
32 2263
29 2264
33 2265
20 2266
35 2267
25 2268
30 2269
31 2270
30 2271
26 2272
27 2273
26 2274
29 2275
33 2276
21 2277
21 2278
28 2279
28 2280
20 2281
27 2282
29 2283
20 2284
20 2285
19 2286
20 2287
15 2288
8 2289
12 2290
18 2291
11 2292
7 2293
8 2294
14 2295
5 2296
9 2297
12 2298
11 2299
8 2300
10 2301
7 2302
7 2303
11 2304
3 2305
3 2306
8 2307
5 2308
1 2309
1 2310
4 2311
1 2312
4 2313
2 2314
1 2315
4 2316
1 2317
1 2318
1 2319
3 2320
1 2321
2 2322
1 2323
2 2325
1 2326
2 2327
1 2330
2 2334
1 2337
1 2339
1 2340
1 2343
3 2344
4 2347
2 2349
4 2351
1 2352
1 2354
1 2355
2 2356
1 2357
1 2358
1 2359
1 2360
1 2361
3 2363
1 2364
2 2366
2 2368
2 2369
2 2371
2 2373
3 2374
1 2375
2 2376
3 2377
2 2378
1 2379
1 2382
3 2383
2 2384
1 2386
2 2388
1 2389
3 2390
2 2392
3 2394
1 2397
2 2401
1 2402
3 2403
1 2404
1 2406
2 2407
1 2408
2 2410
2 2414
2 2416
1 2434
1 2448
1 2450
1 2452
1 2455
1 2459
1 2463
1 2464
1 2468
1 2469
1 2477
2 2490
1 2494
1 2500
1 2509
1 2523
1 2532
1 2536
1 2540
1 2548
1 2550
1 2559
1 2574
1 2577
1 2584
1 2604
1 2606
1 2607
1 2645
1 2653
1 2665
2 2667
1 2671
1 2713
1 2721
1 2753
1 2778
1 2789
1 2897
1 2917
1 2931
1 2949
1 3001
1 3004
1 3008
1 3042
1 3070
1 3094
1 3099
1 3122
1 3126
1 3155
1 3168
1 3220
1 3274
1 3377
1 3456
1 3459
1 3478
1 3482
1 3541
1 3617
1 3637
1 3659
1 3746
