2 1
3 2
3 3
4 5
2 6
3 7
3 8
1 9
1 10
3 11
4 12
3 13
2 14
4 15
2 16
2 17
4 18
2 19
4 20
2 21
6 22
2 23
3 24
2 25
6 26
5 27
3 28
3 29
5 30
4 31
4 32
4 33
4 34
1 35
4 36
8 37
5 38
8 39
6 40
9 41
9 42
8 43
9 44
6 45
8 46
8 47
1 48
6 49
2 51
6 52
3 53
3 54
8 55
5 56
6 57
3 58
2 59
2 60
5 61
5 62
4 63
3 64
2 65
5 66
6 67
9 68
11 69
4 70
13 71
6 72
7 73
9 74
5 75
3 76
3 77
6 78
6 79
4 80
8 81
7 82
3 83
7 84
8 85
5 86
7 87
2 88
7 89
6 90
5 91
7 92
6 93
3 94
2 95
2 96
4 97
3 98
5 99
7 100
6 101
4 102
3 103
4 104
4 105
5 106
5 107
4 108
4 109
3 110
2 111
7 112
8 113
7 114
10 115
2 116
5 117
6 118
4 119
6 120
5 121
10 122
9 123
8 124
4 125
8 126
9 127
6 128
3 129
8 130
5 131
5 132
5 133
4 134
5 135
5 136
8 137
7 138
8 139
10 140
9 141
6 142
6 143
3 144
4 145
10 146
3 147
8 148
5 149
8 150
10 151
5 152
8 153
4 154
8 155
6 156
4 157
9 158
8 159
7 160
16 161
7 162
8 163
6 164
8 165
8 166
7 167
10 168
8 169
11 170
13 171
8 172
7 173
6 174
8 175
5 176
6 177
9 178
9 179
6 180
9 181
11 182
11 183
10 184
9 185
4 186
5 187
17 188
9 189
3 190
15 191
11 192
17 193
12 194
11 195
15 196
8 197
12 198
7 199
11 200
16 201
13 202
16 203
21 204
26 205
27 206
31 207
20 208
25 209
24 210
36 211
23 212
35 213
19 214
22 215
25 216
9 217
19 218
13 219
14 220
19 221
12 222
17 223
11 224
12 225
13 226
21 227
19 228
21 229
16 230
15 231
19 232
15 233
17 234
15 235
18 236
12 237
14 238
13 239
15 240
15 241
14 242
14 243
19 244
14 245
22 246
9 247
12 248
24 249
13 250
10 251
12 252
18 253
8 254
11 255
18 256
11 257
6 258
10 259
18 260
11 261
16 262
10 263
10 264
22 265
14 266
20 267
12 268
13 269
24 270
19 271
12 272
21 273
15 274
29 275
14 276
30 277
33 278
26 279
23 280
30 281
33 282
37 283
44 284
44 285
50 286
60 287
62 288
43 289
58 290
52 291
49 292
54 293
48 294
60 295
59 296
75 297
82 298
78 299
75 300
69 301
94 302
97 303
92 304
94 305
87 306
82 307
87 308
72 309
84 310
76 311
67 312
45 313
58 314
51 315
46 316
54 317
51 318
39 319
36 320
31 321
25 322
35 323
24 324
22 325
35 326
39 327
28 328
26 329
34 330
32 331
39 332
39 333
32 334
61 335
58 336
66 337
67 338
84 339
97 340
92 341
106 342
111 343
119 344
131 345
137 346
172 347
186 348
210 349
250 350
224 351
274 352
326 353
368 354
385 355
429 356
450 357
460 358
463 359
511 360
505 361
423 362
397 363
346 364
307 365
283 366
220 367
166 368
155 369
130 370
115 371
83 372
71 373
66 374
50 375
46 376
50 377
56 378
51 379
43 380
43 381
52 382
53 383
41 384
53 385
65 386
57 387
49 388
79 389
85 390
90 391
87 392
84 393
96 394
94 395
99 396
100 397
107 398
105 399
95 400
104 401
107 402
88 403
88 404
78 405
86 406
91 407
66 408
79 409
71 410
72 411
68 412
69 413
64 414
68 415
62 416
50 417
63 418
93 419
86 420
99 421
100 422
111 423
119 424
138 425
150 426
154 427
199 428
174 429
221 430
238 431
268 432
243 433
254 434
264 435
296 436
269 437
258 438
258 439
256 440
269 441
271 442
227 443
241 444
224 445
210 446
223 447
201 448
214 449
185 450
183 451
206 452
179 453
204 454
169 455
166 456
158 457
127 458
122 459
136 460
116 461
93 462
75 463
76 464
74 465
79 466
64 467
57 468
52 469
68 470
53 471
65 472
37 473
55 474
57 475
46 476
66 477
39 478
34 479
34 480
40 481
43 482
29 483
28 484
33 485
22 486
28 487
33 488
30 489
19 490
34 491
32 492
48 493
37 494
33 495
36 496
26 497
54 498
55 499
66 500
65 501
68 502
63 503
80 504
88 505
93 506
79 507
82 508
107 509
105 510
104 511
94 512
123 513
130 514
103 515
115 516
107 517
112 518
108 519
90 520
78 521
92 522
82 523
92 524
76 525
74 526
59 527
57 528
53 529
48 530
38 531
46 532
40 533
33 534
31 535
24 536
30 537
27 538
25 539
30 540
30 541
24 542
30 543
32 544
41 545
23 546
26 547
28 548
19 549
45 550
34 551
28 552
40 553
42 554
47 555
60 556
56 557
62 558
55 559
48 560
56 561
64 562
69 563
75 564
73 565
76 566
79 567
80 568
88 569
104 570
88 571
108 572
103 573
127 574
133 575
152 576
152 577
169 578
166 579
197 580
217 581
236 582
288 583
288 584
298 585
379 586
379 587
389 588
407 589
440 590
429 591
455 592
446 593
493 594
478 595
492 596
437 597
437 598
408 599
342 600
335 601
320 602
295 603
232 604
241 605
193 606
177 607
151 608
122 609
127 610
116 611
89 612
84 613
60 614
64 615
50 616
44 617
33 618
28 619
32 620
35 621
18 622
18 623
29 624
14 625
18 626
15 627
12 628
17 629
15 630
9 631
23 632
6 633
6 634
12 635
14 636
14 637
10 638
7 639
8 640
16 641
9 642
10 643
12 644
17 645
17 646
15 647
13 648
14 649
16 650
14 651
14 652
16 653
13 654
16 655
20 656
29 657
26 658
16 659
19 660
25 661
32 662
35 663
31 664
28 665
23 666
29 667
28 668
26 669
26 670
36 671
30 672
18 673
22 674
30 675
24 676
29 677
21 678
14 679
16 680
18 681
10 682
14 683
9 684
17 685
15 686
13 687
15 688
13 689
17 690
15 691
9 692
9 693
16 694
8 695
9 696
17 697
10 698
6 699
13 700
10 701
10 702
17 703
16 704
15 705
20 706
10 707
17 708
7 709
16 710
8 711
15 712
20 713
14 714
19 715
24 716
22 717
25 718
25 719
40 720
32 721
35 722
39 723
33 724
43 725
54 726
51 727
67 728
42 729
63 730
63 731
83 732
82 733
96 734
121 735
130 736
136 737
168 738
156 739
160 740
178 741
199 742
242 743
210 744
248 745
243 746
286 747
237 748
258 749
258 750
289 751
266 752
286 753
253 754
236 755
232 756
206 757
203 758
184 759
132 760
130 761
138 762
105 763
96 764
106 765
93 766
76 767
69 768
63 769
70 770
50 771
41 772
41 773
44 774
38 775
32 776
24 777
31 778
30 779
35 780
22 781
17 782
17 783
21 784
7 785
12 786
19 787
14 788
19 789
17 790
17 791
9 792
16 793
14 794
16 795
14 796
9 797
13 798
11 799
13 800
15 801
11 802
14 803
12 804
10 805
7 806
9 807
13 808
7 809
9 810
10 811
10 812
6 813
5 814
9 815
9 816
10 817
11 818
6 819
9 820
6 821
5 822
6 823
7 824
9 825
10 826
12 827
12 828
6 829
12 830
8 831
14 832
6 833
15 834
13 835
13 836
17 837
9 838
14 839
9 840
9 841
12 842
16 843
15 844
9 845
7 846
19 847
13 848
16 849
16 850
14 851
13 852
11 853
14 854
20 855
22 856
15 857
23 858
17 859
19 860
17 861
23 862
30 863
30 864
28 865
30 866
35 867
24 868
39 869
35 870
45 871
39 872
45 873
47 874
53 875
49 876
52 877
45 878
55 879
59 880
45 881
50 882
52 883
41 884
53 885
55 886
51 887
77 888
63 889
57 890
63 891
49 892
57 893
58 894
53 895
44 896
43 897
38 898
45 899
28 900
44 901
56 902
39 903
38 904
49 905
25 906
42 907
44 908
51 909
38 910
40 911
30 912
33 913
33 914
42 915
40 916
24 917
37 918
33 919
12 920
28 921
27 922
23 923
25 924
15 925
17 926
10 927
11 928
6 929
4 930
9 931
9 932
7 933
10 934
7 935
7 936
6 937
9 938
6 939
7 940
8 941
7 942
6 943
17 944
8 945
10 946
8 947
5 948
6 949
7 950
9 951
9 952
9 953
4 954
14 955
12 956
6 957
11 958
11 959
14 960
19 961
15 962
15 963
14 964
20 965
11 966
20 967
13 968
15 969
13 970
11 971
14 972
15 973
8 974
18 975
11 976
15 977
9 978
10 979
9 980
12 981
7 982
7 983
10 984
6 985
7 986
8 987
3 988
6 989
2 990
1 991
2 992
2 993
1 994
3 995
1 996
3 997
1 999
2 1000
1 1001
1 1002
3 1004
1 1005
2 1006
1 1007
1 1008
1 1009
1 1010
2 1011
1 1012
3 1013
2 1014
2 1015
1 1016
2 1020
1 1021
1 1023
2 1024
1 1025
3 1026
1 1029
1 1031
2 1032
1 1033
1 1034
2 1035
1 1036
2 1037
1 1038
2 1040
1 1041
1 1042
2 1043
1 1044
2 1046
1 1047
1 1048
1 1050
1 1051
1 1052
5 1053
2 1054
1 1057
1 1058
1 1059
2 1060
1 1061
2 1062
1 1063
1 1064
1 1065
1 1066
1 1067
2 1068
1 1069
1 1071
3 1073
1 1074
1 1076
1 1079
1 1080
1 1081
1 1082
1 1083
1 1084
1 1085
2 1086
1 1087
1 1088
1 1089
1 1091
1 1092
2 1093
3 1094
2 1095
1 1096
1 1097
1 1099
5 1100
1 1101
1 1102
1 1103
1 1104
2 1105
2 1106
2 1107
2 1111
1 1113
1 1114
3 1115
3 1116
2 1117
3 1120
1 1122
1 1123
1 1127
4 1129
1 1130
1 1131
2 1132
1 1133
1 1135
1 1136
1 1139
1 1140
1 1141
1 1142
1 1143
1 1144
1 1145
2 1146
1 1149
1 1150
1 1152
1 1154
1 1156
1 1157
1 1158
2 1161
2 1162
1 1163
1 1167
1 1168
3 1169
1 1171
1 1172
1 1173
1 1174
1 1176
1 1178
1 1179
1 1185
1 1187
2 1189
1 1190
1 1191
1 1192
1 1194
1 1195
1 1196
1 1197
1 1198
2 1200
2 1202
1 1206
1 1207
1 1208
1 1211
2 1213
4 1215
1 1216
1 1217
1 1218
2 1221
2 1222
3 1223
4 1224
2 1225
1 1226
1 1227
1 1228
1 1229
1 1230
1 1233
2 1234
1 1235
1 1236
2 1237
1 1240
1 1241
1 1242
3 1243
2 1244
3 1245
1 1246
4 1247
4 1248
3 1249
2 1250
5 1251
1 1252
2 1253
2 1254
3 1255
4 1256
3 1257
4 1258
5 1259
3 1260
5 1261
1 1262
5 1263
4 1264
5 1265
3 1266
2 1267
3 1268
6 1269
5 1270
7 1271
1 1272
10 1273
5 1274
5 1275
8 1276
2 1277
9 1278
6 1279
3 1280
1 1281
1 1282
2 1284
1 1285
3 1286
4 1287
5 1288
9 1289
3 1290
2 1291
2 1292
3 1293
2 1294
1 1295
2 1296
4 1297
5 1298
5 1299
2 1300
2 1301
3 1302
1 1303
4 1304
3 1305
1 1306
3 1307
3 1309
1 1310
4 1311
1 1312
1 1316
2 1319
2 1321
2 1322
4 1323
2 1324
2 1326
2 1328
1 1329
2 1330
2 1331
3 1334
1 1335
3 1336
1 1337
1 1338
3 1340
1 1341
1 1342
1 1345
2 1346
1 1347
1 1348
1 1349
2 1350
3 1351
4 1352
3 1353
1 1355
1 1356
2 1358
1 1359
2 1361
3 1362
3 1363
2 1364
3 1366
2 1367
2 1368
1 1369
4 1370
3 1372
2 1373
2 1374
4 1375
3 1376
2 1377
1 1379
1 1380
4 1381
3 1382
4 1383
5 1384
1 1385
1 1386
1 1387
1 1388
2 1389
4 1391
3 1392
3 1393
2 1394
2 1395
4 1397
1 1398
2 1399
1 1400
3 1401
4 1402
1 1403
1 1404
2 1405
1 1406
3 1407
6 1408
3 1409
4 1410
5 1411
1 1412
1 1413
4 1414
1 1415
1 1416
3 1417
5 1418
5 1419
1 1420
2 1421
2 1422
1 1423
3 1424
1 1425
1 1426
1 1428
2 1429
1 1430
3 1431
2 1433
2 1434
4 1435
1 1436
2 1437
1 1438
3 1439
4 1441
2 1442
2 1443
2 1444
1 1445
6 1446
1 1447
4 1449
5 1450
1 1451
5 1452
1 1454
2 1456
2 1457
2 1459
3 1460
3 1462
6 1463
4 1464
1 1465
4 1466
1 1467
1 1468
2 1469
2 1471
3 1472
2 1473
1 1474
3 1475
2 1476
3 1477
3 1478
3 1479
3 1480
2 1481
4 1482
4 1483
3 1484
1 1485
3 1486
6 1487
6 1488
6 1489
5 1490
2 1491
5 1492
6 1493
10 1494
3 1495
4 1496
3 1497
3 1498
8 1499
4 1500
3 1501
6 1502
6 1503
6 1504
11 1505
8 1506
4 1507
9 1508
9 1509
8 1510
14 1511
7 1512
6 1513
8 1514
8 1515
9 1516
12 1517
8 1518
5 1519
8 1520
6 1521
6 1522
6 1523
8 1524
3 1525
6 1526
6 1527
9 1528
7 1529
8 1530
6 1531
10 1532
7 1533
8 1534
8 1535
9 1536
16 1537
11 1538
4 1539
10 1540
5 1541
10 1542
7 1543
8 1544
12 1545
6 1546
7 1547
14 1548
7 1549
6 1550
7 1551
13 1552
8 1553
8 1554
7 1555
13 1556
5 1557
14 1558
13 1559
13 1560
11 1561
13 1562
11 1563
7 1564
20 1565
9 1566
11 1567
18 1568
12 1569
6 1570
16 1571
10 1572
10 1573
17 1574
11 1575
19 1576
17 1577
8 1578
16 1579
16 1580
14 1581
17 1582
14 1583
12 1584
19 1585
17 1586
12 1587
10 1588
12 1589
19 1590
20 1591
14 1592
21 1593
10 1594
20 1595
27 1596
26 1597
21 1598
26 1599
31 1600
29 1601
21 1602
37 1603
30 1604
35 1605
32 1606
32 1607
29 1608
29 1609
37 1610
30 1611
43 1612
35 1613
24 1614
31 1615
34 1616
32 1617
46 1618
38 1619
36 1620
26 1621
41 1622
32 1623
35 1624
21 1625
26 1626
32 1627
31 1628
28 1629
16 1630
25 1631
28 1632
21 1633
24 1634
18 1635
21 1636
18 1637
19 1638
20 1639
16 1640
13 1641
18 1642
9 1643
11 1644
7 1645
9 1646
9 1647
5 1648
11 1649
6 1650
3 1651
6 1652
6 1653
2 1654
2 1655
6 1656
3 1657
3 1658
3 1659
2 1660
2 1661
1 1663
1 1665
1 1667
1 1668
1 1669
3 1670
1 1675
1 1676
1 1678
3 1680
2 1682
1 1683
1 1687
1 1688
1 1692
2 1693
2 1694
1 1696
1 1699
1 1700
4 1701
2 1702
1 1703
2 1704
1 1705
2 1706
1 1707
1 1708
1 1716
1 1720
2 1722
1 1723
1 1724
3 1726
1 1733
2 1736
1 1737
1 1738
1 1739
1 1740
1 1741
1 1743
1 1747
1 1749
1 1750
1 1752
2 1756
1 1757
1 1761
1 1764
1 1766
1 1767
1 1768
1 1770
1 1771
3 1773
1 1774
1 1775
1 1777
2 1779
2 1782
3 1783
1 1786
1 1789
1 1792
1 1794
2 1795
1 1797
2 1798
1 1799
2 1802
1 1804
1 1808
1 1810
1 1813
1 1815
1 1818
1 1820
1 1821
2 1822
2 1823
3 1825
2 1826
1 1827
1 1828
3 1829
1 1830
1 1831
1 1834
2 1835
1 1837
2 1839
1 1840
1 1841
2 1843
1 1845
1 1846
1 1848
1 1850
1 1851
4 1852
1 1853
2 1854
2 1855
1 1856
5 1857
3 1858
1 1859
2 1860
1 1861
2 1863
1 1864
1 1865
1 1867
3 1868
2 1869
4 1870
2 1871
2 1872
1 1873
2 1874
7 1875
2 1876
4 1877
3 1878
1 1879
1 1880
1 1881
5 1882
4 1884
3 1885
2 1886
1 1887
1 1888
5 1889
2 1890
1 1891
2 1893
2 1894
3 1895
1 1896
2 1897
4 1898
3 1899
2 1900
2 1901
3 1902
1 1904
3 1905
3 1906
1 1911
2 1914
2 1915
1 1916
1 1918
1 1921
1 1924
1 1925
1 1926
1 1928
1 1933
1 1934
2 1935
2 1937
2 1938
1 1939
1 1941
2 1942
5 1943
2 1945
2 1946
1 1949
2 1950
1 1951
1 1952
2 1953
1 1954
2 1955
2 1957
2 1958
2 1959
1 1960
1 1962
2 1963
1 1965
3 1966
5 1967
2 1968
2 1969
2 1970
3 1971
3 1972
3 1974
3 1975
2 1976
3 1977
3 1978
3 1979
8 1980
3 1981
2 1982
7 1983
1 1984
2 1985
8 1986
4 1987
5 1988
4 1989
6 1990
4 1991
6 1992
6 1993
10 1994
8 1995
5 1996
7 1997
6 1998
6 1999
15 2000
9 2001
10 2002
5 2003
13 2004
14 2005
12 2006
15 2007
9 2008
9 2009
12 2010
17 2011
11 2012
15 2013
8 2014
6 2015
7 2016
11 2017
11 2018
13 2019
10 2020
11 2021
7 2022
13 2023
9 2024
8 2025
13 2026
4 2027
8 2028
7 2029
6 2030
3 2031
5 2032
4 2033
4 2034
6 2035
1 2036
1 2037
2 2038
4 2039
3 2040
3 2041
3 2042
5 2043
4 2044
4 2045
1 2046
3 2047
1 2049
3 2052
7 2054
1 2055
3 2056
1 2059
1 2060
2 2061
1 2062
1 2063
2 2064
2 2066
1 2067
2 2068
3 2069
5 2070
1 2071
3 2072
1 2073
1 2074
3 2075
4 2076
3 2077
1 2078
2 2079
3 2080
4 2081
1 2082
3 2083
3 2084
3 2085
4 2086
3 2087
2 2088
1 2089
3 2091
2 2092
2 2093
1 2095
1 2096
2 2099
3 2100
4 2101
3 2102
1 2103
1 2105
3 2106
2 2107
2 2108
1 2110
1 2112
1 2113
1 2115
3 2116
3 2117
2 2118
1 2119
1 2120
2 2121
3 2123
1 2124
2 2125
2 2126
1 2127
1 2129
1 2130
1 2132
1 2133
2 2135
2 2136
2 2137
2 2138
1 2140
3 2141
1 2142
1 2143
2 2145
3 2148
2 2149
1 2150
2 2151
2 2152
1 2153
1 2154
2 2155
2 2156
2 2157
1 2158
1 2159
1 2160
1 2162
3 2163
1 2164
3 2166
2 2170
2 2172
3 2173
1 2174
2 2175
3 2176
7 2178
1 2182
1 2185
1 2186
1 2188
2 2190
1 2191
3 2194
2 2195
1 2199
1 2206
1 2207
1 2208
1 2209
1 2212
1 2223
3 2224
2 2232
1 2246
1 2251
1 2254
1 2257
1 2264
1 2266
1 2267
1 2269
1 2272
1 2284
1 2287
1 2289
1 2294
1 2301
1 2302
1 2303
1 2308
1 2310
2 2314
2 2319
2 2322
2 2323
1 2327
1 2331
1 2336
1 2338
1 2340
1 2341
1 2345
1 2359
2 2374
1 2379
1 2383
1 2385
1 2387
1 2390
1 2402
1 2413
1 2420
1 2422
1 2434
1 2443
1 2447
2 2449
1 2451
1 2454
1 2455
1 2456
1 2457
2 2459
1 2460
1 2462
1 2463
2 2469
1 2477
2 2481
1 2483
1 2484
1 2485
1 2486
2 2487
1 2490
1 2499
2 2503
1 2509
1 2517
1 2521
2 2527
1 2529
1 2532
1 2535
2 2542
1 2544
1 2549
1 2550
1 2552
1 2554
2 2557
1 2560
1 2561
1 2565
1 2568
2 2575
2 2576
2 2579
1 2580
1 2583
2 2584
2 2585
1 2590
1 2597
1 2606
2 2608
2 2610
1 2611
1 2616
1 2617
1 2618
1 2622
1 2623
1 2624
1 2627
2 2633
1 2643
1 2647
1 2648
1 2650
2 2652
1 2655
1 2666
1 2668
1 2674
1 2676
1 2677
1 2681
2 2684
2 2685
1 2687
3 2688
1 2691
1 2692
2 2693
1 2694
2 2696
1 2700
1 2710
1 2712
2 2717
2 2718
1 2719
1 2720
1 2723
2 2726
1 2727
1 2733
3 2741
1 2744
1 2750
1 2751
1 2753
1 2754
1 2758
1 2759
1 2766
1 2771
1 2780
1 2784
1 2786
1 2790
1 2791
1 2794
1 2795
1 2796
1 2797
1 2805
1 2809
1 2810
1 2815
1 2818
1 2821
2 2823
2 2824
1 2825
1 2828
1 2832
1 2835
1 2836
2 2839
1 2840
1 2841
1 2844
1 2847
1 2851
1 2854
1 2857
2 2864
1 2868
1 2882
1 2884
1 2894
2 2896
1 2902
1 2904
1 2907
2 2909
1 2915
1 2916
1 2919
1 2924
1 2935
1 2936
2 2938
1 2940
1 2945
1 2947
1 2948
1 2952
1 2953
1 2958
1 2961
1 2964
1 2971
1 2974
1 2979
1 2980
1 2984
1 2986
2 2989
1 2990
1 2991
2 2992
1 2994
1 2996
1 2997
1 2998
1 3000
1 3001
1 3003
1 3004
1 3006
2 3008
1 3009
1 3011
3 3012
1 3013
1 3014
5 3015
1 3016
1 3017
1 3023
2 3028
1 3029
1 3030
1 3031
2 3032
1 3033
1 3034
2 3035
1 3036
1 3037
2 3040
2 3041
1 3043
1 3044
3 3045
3 3046
1 3047
2 3048
1 3049
1 3050
2 3051
1 3052
2 3053
2 3055
5 3056
4 3057
4 3058
2 3059
1 3060
5 3061
2 3063
3 3065
6 3066
3 3067
5 3068
7 3069
3 3070
8 3071
2 3072
4 3073
3 3074
6 3075
7 3076
5 3077
7 3078
6 3079
9 3080
7 3081
8 3082
5 3083
1 3084
9 3085
7 3086
11 3087
8 3088
9 3089
5 3090
8 3091
4 3092
7 3093
5 3094
4 3095
4 3096
4 3097
6 3098
8 3099
8 3100
4 3101
11 3102
5 3103
5 3104
2 3105
10 3106
2 3107
3 3108
5 3109
10 3110
5 3111
7 3112
10 3113
4 3114
6 3116
5 3117
6 3118
2 3119
5 3120
1 3121
6 3122
3 3123
6 3124
1 3125
4 3126
2 3127
2 3128
5 3129
2 3130
3 3131
4 3132
1 3133
2 3134
1 3135
3 3136
1 3137
1 3138
1 3139
2 3141
1 3142
1 3144
1 3145
2 3146
3 3147
1 3148
1 3152
2 3153
1 3155
1 3158
2 3162
1 3164
1 3167
2 3170
1 3171
1 3172
1 3173
1 3175
1 3177
1 3178
1 3181
4 3182
2 3183
4 3185
2 3186
1 3187
1 3192
1 3193
3 3194
1 3195
1 3197
1 3199
3 3202
2 3207
3 3214
2 3215
2 3216
1 3217
1 3219
2 3220
1 3221
4 3222
3 3223
1 3225
3 3226
1 3227
3 3228
1 3229
3 3230
2 3231
1 3232
1 3233
2 3237
1 3238
1 3240
1 3242
1 3244
1 3245
1 3246
1 3248
1 3249
1 3250
1 3252
2 3253
2 3256
3 3257
1 3259
2 3260
2 3261
3 3268
1 3271
1 3272
1 3276
1 3279
1 3283
1 3285
1 3290
1 3295
1 3307
1 3324
1 3343
1 3353
1 3356
1 3360
1 3364
1 3365
1 3381
1 3390
2 3425
1 3437
1 3442
1 3491
1 3506
1 3538
1 3560
1 3562
1 3624
1 3674
1 3676
1 3690
1 3691
1 3717
1 3852
1 3977
1 4140
1 4547
1 5069
