2 3
1 4
4 5
2 6
1 7
3 10
2 12
2 14
2 15
1 16
2 17
1 18
1 19
3 20
5 21
1 22
2 23
1 24
1 25
3 26
1 27
4 29
1 30
5 31
1 32
2 33
2 34
3 35
2 36
2 37
5 38
1 39
1 40
4 41
3 42
3 44
4 45
3 46
6 47
3 48
1 49
6 50
1 52
4 53
2 54
4 55
4 56
4 58
1 59
2 60
4 61
1 62
2 63
3 64
4 65
1 66
3 67
2 68
4 69
3 70
2 71
2 72
2 73
2 74
3 75
6 76
2 77
1 78
6 79
3 80
1 81
1 82
2 83
3 86
3 87
1 88
6 89
4 90
4 91
4 92
4 93
1 94
4 95
5 96
4 97
3 98
8 99
5 100
5 101
3 102
3 103
3 104
2 105
4 106
5 107
3 108
5 109
5 110
8 111
4 112
9 113
3 114
6 115
5 116
9 117
5 118
9 119
5 120
5 121
3 122
4 123
6 124
7 125
5 126
2 127
4 128
3 129
1 130
2 131
4 132
6 133
7 134
3 135
6 136
2 137
5 138
2 139
8 140
3 141
3 142
5 143
5 144
5 145
5 146
5 147
3 148
3 149
9 150
1 151
4 152
5 153
6 154
2 155
3 156
5 157
1 158
4 159
3 160
3 161
5 162
4 163
5 164
6 165
5 166
6 167
3 168
5 169
4 170
2 171
3 172
6 173
7 174
3 175
5 176
6 177
4 178
4 179
3 180
4 181
10 182
5 183
4 184
10 185
5 186
5 187
7 188
8 189
7 190
10 191
5 192
7 193
9 194
4 195
3 196
8 197
7 198
7 199
9 200
6 201
8 202
12 203
8 204
10 205
12 206
21 207
11 208
15 209
13 210
10 211
16 212
19 213
13 214
14 215
19 216
20 217
18 218
25 219
14 220
23 221
27 222
27 223
28 224
27 225
34 226
49 227
55 228
53 229
58 230
75 231
61 232
63 233
69 234
65 235
57 236
46 237
38 238
26 239
33 240
32 241
31 242
25 243
17 244
16 245
16 246
12 247
11 248
12 249
24 250
29 251
26 252
16 253
24 254
25 255
28 256
29 257
29 258
18 259
26 260
15 261
21 262
20 263
14 264
6 265
9 266
11 267
6 268
6 269
6 270
6 271
11 272
11 273
7 274
8 275
7 276
4 277
12 278
7 279
3 280
8 281
9 282
7 283
12 284
12 285
7 286
9 287
4 288
7 289
4 290
3 291
9 292
10 293
8 294
5 295
7 296
11 297
7 298
12 299
7 300
12 301
13 302
5 303
8 304
12 305
8 306
10 307
6 308
8 309
8 310
10 311
10 312
11 313
7 314
14 315
15 316
15 317
5 318
5 319
11 320
14 321
9 322
14 323
16 324
19 325
20 326
17 327
13 328
17 329
18 330
19 331
17 332
14 333
12 334
12 335
16 336
13 337
20 338
22 339
18 340
18 341
16 342
21 343
17 344
20 345
16 346
10 347
25 348
16 349
19 350
15 351
15 352
24 353
19 354
27 355
22 356
39 357
23 358
48 359
37 360
58 361
52 362
50 363
77 364
61 365
72 366
70 367
71 368
85 369
64 370
77 371
54 372
67 373
51 374
56 375
39 376
27 377
27 378
18 379
18 380
15 381
15 382
13 383
15 384
17 385
13 386
15 387
16 388
16 389
15 390
8 391
4 392
5 393
13 394
6 395
10 396
7 397
5 398
8 399
8 400
9 401
6 402
2 403
6 404
7 405
16 406
12 407
10 408
8 409
9 410
13 411
9 412
19 413
11 414
10 415
19 416
10 417
9 418
18 419
15 420
14 421
19 422
17 423
29 424
19 425
27 426
28 427
24 428
26 429
17 430
21 431
34 432
27 433
28 434
24 435
20 436
24 437
27 438
30 439
18 440
15 441
15 442
17 443
16 444
9 445
11 446
10 447
10 448
7 449
8 450
8 451
4 452
5 453
2 454
3 455
3 456
4 457
4 458
4 459
5 460
3 461
5 462
3 463
9 464
6 465
6 466
5 467
2 468
5 469
10 470
3 471
8 472
6 473
6 474
5 475
6 476
5 477
6 478
7 479
6 480
8 481
11 482
4 483
6 484
5 485
9 486
5 487
5 488
7 489
6 490
7 491
5 492
6 493
8 494
1 495
7 496
6 497
4 498
3 499
11 500
6 501
2 502
7 503
9 504
10 505
10 506
6 507
11 508
6 509
18 510
13 511
10 512
15 513
16 514
10 515
10 516
20 517
22 518
33 519
27 520
26 521
15 522
17 523
36 524
32 525
33 526
31 527
45 528
29 529
43 530
45 531
56 532
53 533
52 534
55 535
57 536
50 537
58 538
50 539
48 540
51 541
57 542
36 543
43 544
43 545
26 546
30 547
26 548
21 549
15 550
12 551
13 552
10 553
5 554
7 555
11 556
7 557
6 558
4 559
7 560
10 561
9 562
8 563
4 564
8 565
5 566
9 567
9 568
5 569
8 570
12 571
4 572
5 573
2 574
11 575
2 576
11 577
6 578
6 579
12 580
6 581
2 582
5 583
4 584
9 585
8 586
5 587
3 588
6 589
7 590
8 591
6 592
4 593
10 594
9 595
6 596
6 597
3 598
6 599
7 600
8 602
8 603
8 604
2 605
3 606
3 607
3 608
4 609
3 610
7 611
4 612
6 613
3 614
1 615
3 616
3 617
3 618
4 619
9 620
3 621
10 622
7 623
6 624
1 625
6 626
3 627
6 628
2 629
7 630
4 631
8 632
9 633
7 634
3 635
4 636
11 637
7 638
9 639
3 640
3 641
7 642
5 643
7 644
4 645
7 646
3 647
3 648
7 649
9 650
4 651
8 652
6 653
4 654
10 655
11 656
6 657
9 658
12 659
7 660
7 661
4 662
6 663
5 664
7 665
9 666
11 667
7 668
5 669
7 670
8 671
9 672
11 673
10 674
8 675
10 676
8 677
8 678
10 679
11 680
9 681
4 682
6 683
7 684
12 685
7 686
8 687
6 688
5 689
5 690
5 691
8 692
5 693
11 694
3 695
2 696
4 697
6 698
7 699
7 700
8 701
6 702
7 703
6 704
6 705
4 706
10 707
6 708
4 709
8 710
8 711
5 712
5 713
3 714
4 715
2 716
4 717
6 718
2 719
4 720
2 721
2 722
4 723
6 724
7 725
2 726
9 727
7 728
4 729
8 730
5 731
4 732
4 733
12 734
4 735
6 736
5 737
6 738
10 739
9 740
6 741
10 742
8 743
9 744
12 745
11 746
12 747
9 748
19 749
9 750
10 751
10 752
3 753
11 754
14 755
16 756
9 757
13 758
10 759
13 760
11 761
10 762
10 763
9 764
8 765
8 766
5 767
5 768
9 769
8 770
5 771
4 772
8 773
4 774
7 775
4 776
7 777
4 778
7 779
6 780
5 781
2 782
4 783
4 784
2 785
8 787
2 788
2 789
7 790
8 791
1 792
8 793
5 794
2 795
4 796
4 797
2 798
6 799
4 800
6 801
6 802
1 803
2 804
12 805
6 806
5 807
7 808
4 809
9 810
2 811
7 812
4 813
4 814
9 815
6 816
5 817
3 818
8 819
6 820
3 821
3 822
13 823
6 824
6 825
8 826
5 827
11 828
8 829
11 830
13 831
9 832
6 833
14 834
10 835
14 836
14 837
10 838
16 839
18 840
8 841
9 842
9 843
11 844
7 845
7 846
7 847
11 848
6 849
8 850
10 851
4 852
9 853
6 854
6 855
7 856
8 857
9 858
7 859
3 860
2 861
9 862
7 863
3 864
6 865
6 866
4 867
10 868
6 869
6 870
8 871
4 872
7 873
9 874
4 875
4 876
7 877
8 878
7 879
6 880
3 881
3 882
5 883
7 884
8 885
3 886
9 887
4 888
12 889
11 890
5 891
11 892
3 893
5 894
8 895
12 896
5 897
4 898
6 899
7 900
3 901
5 902
6 903
7 904
7 905
11 906
8 907
10 908
4 909
3 910
5 911
14 912
8 913
11 914
3 915
10 916
4 917
13 918
9 919
7 920
8 921
11 922
9 923
9 924
15 925
14 926
9 927
12 928
7 929
8 930
10 931
9 932
10 933
14 934
12 935
9 936
13 937
15 938
10 939
17 940
11 941
8 942
10 943
14 944
17 945
12 946
7 947
12 948
14 949
17 950
7 951
20 952
15 953
12 954
15 955
15 956
18 957
17 958
14 959
12 960
9 961
25 962
14 963
9 964
15 965
13 966
17 967
7 968
14 969
8 970
12 971
15 972
10 973
12 974
13 975
13 976
3 977
11 978
5 979
11 980
18 981
15 982
7 983
15 984
12 985
17 986
10 987
13 988
12 989
8 990
17 991
14 992
12 993
14 994
6 995
18 996
16 997
14 998
18 999
10 1000
17 1001
10 1002
11 1003
10 1004
11 1005
11 1006
21 1007
19 1008
14 1009
27 1010
9 1011
14 1012
16 1013
11 1014
18 1015
23 1016
20 1017
23 1018
25 1019
28 1020
24 1021
24 1022
22 1023
20 1024
37 1025
23 1026
26 1027
32 1028
36 1029
30 1030
30 1031
26 1032
36 1033
48 1034
48 1035
52 1036
44 1037
43 1038
55 1039
60 1040
56 1041
66 1042
56 1043
63 1044
70 1045
67 1046
98 1047
87 1048
69 1049
77 1050
77 1051
84 1052
92 1053
73 1054
83 1055
89 1056
96 1057
80 1058
91 1059
99 1060
83 1061
92 1062
83 1063
75 1064
81 1065
108 1066
77 1067
80 1068
101 1069
86 1070
95 1071
85 1072
95 1073
97 1074
118 1075
84 1076
98 1077
107 1078
122 1079
138 1080
123 1081
141 1082
157 1083
148 1084
163 1085
191 1086
192 1087
181 1088
205 1089
236 1090
277 1091
244 1092
263 1093
294 1094
313 1095
322 1096
296 1097
315 1098
306 1099
297 1100
280 1101
296 1102
276 1103
256 1104
260 1105
268 1106
263 1107
217 1108
186 1109
202 1110
183 1111
145 1112
140 1113
127 1114
96 1115
95 1116
78 1117
77 1118
61 1119
57 1120
44 1121
36 1122
36 1123
33 1124
22 1125
22 1126
17 1127
17 1128
21 1129
8 1130
11 1131
12 1132
10 1133
10 1134
13 1135
12 1136
12 1137
15 1138
8 1139
10 1140
18 1141
11 1142
7 1143
11 1144
7 1145
12 1146
11 1147
12 1148
10 1149
16 1150
12 1151
14 1152
11 1153
16 1154
14 1155
14 1156
13 1157
11 1158
13 1159
15 1160
13 1161
11 1162
11 1163
18 1164
20 1165
20 1166
22 1167
17 1168
23 1169
22 1170
27 1171
22 1172
29 1173
25 1174
31 1175
23 1176
29 1177
32 1178
37 1179
37 1180
28 1181
33 1182
37 1183
32 1184
32 1185
32 1186
35 1187
37 1188
45 1189
33 1190
28 1191
32 1192
25 1193
29 1194
22 1195
31 1196
21 1197
24 1198
21 1199
21 1200
21 1201
25 1202
17 1203
14 1204
17 1205
15 1206
10 1207
13 1208
6 1209
6 1210
12 1211
12 1212
6 1213
2 1214
2 1215
5 1216
3 1217
1 1218
1 1219
6 1220
4 1221
2 1222
5 1223
3 1224
3 1225
7 1226
5 1227
4 1228
4 1229
3 1230
1 1231
4 1232
1 1233
4 1234
3 1235
3 1236
5 1237
3 1238
2 1239
5 1240
6 1241
4 1242
1 1243
3 1244
5 1245
4 1246
2 1247
4 1249
2 1250
6 1251
3 1252
5 1253
3 1254
5 1255
1 1256
1 1257
5 1258
7 1259
3 1260
3 1261
7 1262
10 1263
5 1264
6 1265
4 1266
3 1267
1 1268
6 1269
4 1270
5 1271
12 1272
9 1273
5 1274
7 1275
5 1276
9 1277
5 1278
5 1279
7 1280
5 1281
9 1282
8 1283
4 1284
8 1285
10 1286
7 1287
10 1288
10 1289
4 1290
5 1291
11 1292
6 1293
7 1294
3 1295
12 1296
8 1297
3 1298
2 1299
4 1300
5 1301
1 1302
6 1303
3 1304
6 1305
1 1306
5 1307
1 1308
6 1309
4 1310
6 1311
2 1312
1 1313
5 1314
2 1315
6 1316
1 1317
3 1318
2 1319
2 1320
1 1321
2 1322
1 1323
5 1324
3 1325
1 1328
3 1329
3 1330
2 1331
2 1332
4 1333
4 1334
1 1335
1 1336
1 1337
4 1338
4 1339
1 1340
5 1341
2 1342
2 1343
7 1345
3 1346
1 1347
4 1348
5 1349
2 1350
2 1351
3 1352
2 1353
2 1354
9 1355
5 1356
4 1357
6 1358
4 1359
6 1360
5 1361
3 1362
4 1363
6 1364
5 1365
6 1366
2 1367
3 1368
2 1369
4 1370
2 1371
1 1372
7 1373
5 1374
10 1375
8 1376
9 1377
7 1378
5 1379
8 1380
8 1381
5 1382
7 1383
7 1384
12 1385
8 1386
9 1387
12 1388
10 1389
12 1390
16 1391
10 1392
18 1393
14 1394
12 1395
13 1396
11 1397
13 1398
15 1399
18 1400
11 1401
10 1402
9 1403
11 1404
9 1405
12 1406
10 1407
17 1408
16 1409
10 1410
10 1411
5 1412
8 1413
7 1414
9 1415
6 1416
6 1417
7 1418
7 1419
10 1420
3 1421
4 1422
3 1423
7 1424
8 1425
1 1426
4 1427
7 1428
6 1429
7 1430
6 1431
4 1432
5 1433
5 1434
5 1435
7 1436
2 1437
6 1438
10 1439
5 1440
1 1441
7 1442
3 1443
6 1444
7 1445
5 1446
5 1447
5 1448
3 1449
8 1450
2 1451
7 1452
5 1453
2 1454
3 1455
10 1456
5 1457
6 1458
2 1459
1 1460
9 1461
4 1462
8 1463
7 1464
6 1465
1 1466
4 1467
6 1468
7 1469
6 1470
8 1471
4 1473
3 1474
5 1475
1 1476
5 1477
3 1478
6 1479
6 1480
4 1481
5 1482
1 1483
6 1484
1 1485
2 1486
1 1487
3 1488
6 1489
3 1490
3 1491
4 1492
2 1493
4 1494
6 1495
3 1496
5 1497
3 1498
1 1499
4 1500
3 1501
2 1502
3 1503
1 1504
2 1505
6 1506
1 1507
3 1508
4 1509
4 1510
5 1512
4 1513
3 1514
2 1515
3 1516
3 1517
5 1518
2 1519
4 1520
2 1521
4 1522
4 1523
3 1524
4 1525
12 1526
2 1527
3 1528
5 1529
4 1530
3 1531
5 1532
2 1533
4 1534
6 1535
6 1536
5 1537
7 1538
7 1539
8 1540
3 1541
4 1542
4 1543
5 1544
3 1545
3 1546
8 1547
5 1548
4 1549
2 1550
3 1551
9 1552
2 1553
5 1554
3 1555
3 1556
6 1557
5 1558
3 1559
6 1560
4 1561
6 1562
8 1563
7 1564
4 1565
6 1566
7 1567
6 1568
8 1569
6 1570
2 1571
7 1572
10 1573
14 1574
7 1575
6 1576
2 1577
10 1578
4 1579
9 1580
9 1581
3 1582
8 1583
9 1584
10 1585
14 1586
9 1587
11 1588
8 1589
2 1590
15 1591
19 1592
10 1593
8 1594
8 1595
5 1596
10 1597
13 1598
10 1599
12 1600
8 1601
16 1602
14 1603
10 1604
11 1605
16 1606
17 1607
14 1608
13 1609
14 1610
14 1611
8 1612
16 1613
16 1614
20 1615
16 1616
18 1617
23 1618
13 1619
17 1620
25 1621
16 1622
23 1623
16 1624
9 1625
16 1626
18 1627
24 1628
18 1629
18 1630
20 1631
26 1632
26 1633
19 1634
17 1635
22 1636
21 1637
21 1638
21 1639
21 1640
30 1641
27 1642
16 1643
28 1644
22 1645
20 1646
23 1647
16 1648
18 1649
21 1650
25 1651
21 1652
21 1653
23 1654
26 1655
21 1656
13 1657
15 1658
19 1659
26 1660
13 1661
18 1662
19 1663
18 1664
10 1665
11 1666
23 1667
13 1668
21 1669
25 1670
14 1671
23 1672
20 1673
21 1674
20 1675
15 1676
15 1677
22 1678
21 1679
30 1680
28 1681
19 1682
30 1683
29 1684
24 1685
33 1686
32 1687
29 1688
34 1689
31 1690
33 1691
34 1692
39 1693
29 1694
47 1695
47 1696
49 1697
61 1698
63 1699
55 1700
62 1701
56 1702
76 1703
77 1704
79 1705
75 1706
83 1707
82 1708
76 1709
97 1710
74 1711
112 1712
115 1713
112 1714
114 1715
122 1716
133 1717
120 1718
136 1719
127 1720
143 1721
128 1722
127 1723
149 1724
128 1725
134 1726
121 1727
134 1728
136 1729
137 1730
136 1731
120 1732
139 1733
137 1734
111 1735
125 1736
126 1737
106 1738
106 1739
89 1740
96 1741
100 1742
65 1743
83 1744
86 1745
66 1746
86 1747
69 1748
61 1749
52 1750
56 1751
54 1752
62 1753
53 1754
61 1755
55 1756
39 1757
38 1758
35 1759
48 1760
41 1761
41 1762
42 1763
35 1764
36 1765
35 1766
36 1767
32 1768
32 1769
34 1770
32 1771
27 1772
18 1773
21 1774
28 1775
24 1776
28 1777
22 1778
21 1779
20 1780
8 1781
20 1782
21 1783
12 1784
18 1785
16 1786
9 1787
19 1788
12 1789
10 1790
7 1791
14 1792
8 1793
11 1794
12 1795
16 1796
8 1797
3 1798
12 1799
11 1800
8 1801
10 1802
7 1803
2 1804
10 1805
8 1806
3 1807
10 1808
10 1809
5 1810
3 1811
7 1812
17 1813
5 1814
7 1815
5 1816
4 1817
4 1818
5 1819
3 1820
8 1821
6 1822
4 1823
4 1824
4 1825
4 1826
4 1827
7 1828
6 1829
10 1830
7 1831
4 1832
3 1833
1 1834
7 1835
10 1836
5 1837
5 1838
5 1839
5 1840
6 1841
3 1842
3 1843
3 1844
8 1845
2 1846
11 1847
2 1848
6 1849
4 1850
5 1851
5 1852
4 1853
11 1854
5 1855
8 1856
7 1857
15 1858
5 1859
3 1860
7 1861
8 1862
11 1863
7 1864
7 1865
4 1866
10 1867
8 1868
14 1869
11 1870
5 1871
5 1872
5 1873
9 1874
12 1875
7 1876
11 1877
8 1878
9 1879
11 1880
12 1881
8 1882
8 1883
16 1884
12 1885
4 1886
21 1887
8 1888
16 1889
20 1890
22 1891
12 1892
26 1893
25 1894
15 1895
25 1896
14 1897
27 1898
26 1899
39 1900
31 1901
26 1902
26 1903
42 1904
25 1905
38 1906
38 1907
47 1908
43 1909
42 1910
58 1911
51 1912
60 1913
56 1914
43 1915
61 1916
57 1917
75 1918
69 1919
62 1920
53 1921
70 1922
65 1923
59 1924
61 1925
75 1926
61 1927
78 1928
63 1929
58 1930
68 1931
57 1932
51 1933
40 1934
33 1935
40 1936
31 1937
40 1938
42 1939
30 1940
27 1941
34 1942
31 1943
26 1944
31 1945
14 1946
21 1947
16 1948
13 1949
15 1950
12 1951
10 1952
12 1953
12 1954
8 1955
5 1956
3 1957
6 1958
9 1959
6 1960
5 1961
3 1962
1 1963
8 1964
1 1965
5 1966
1 1967
3 1968
3 1969
3 1970
1 1971
3 1972
3 1973
2 1975
1 1976
1 1977
1 1978
1 1980
1 1983
1 1984
1 1986
2 1991
1 1994
1 1995
1 2000
2 2007
2 2008
1 2009
1 2013
1 2016
2 2018
1 2024
1 2033
1 2034
1 2039
1 2040
3 2044
1 2057
1 2059
1 2071
1 2076
1 2077
1 2078
2 2093
1 2096
1 2098
1 2104
1 2111
1 2113
1 2117
1 2122
1 2124
1 2127
1 2139
1 2142
1 2146
1 2151
1 2165
1 2166
1 2210
1 2211
1 2214
2 2217
1 2219
1 2221
1 2223
1 2224
1 2228
2 2229
1 2235
1 2246
1 2247
1 2248
1 2252
1 2261
1 2262
1 2266
1 2267
1 2272
1 2277
2 2278
1 2285
1 2289
1 2293
1 2296
1 2306
1 2330
1 2332
1 2339
1 2356
1 2357
1 2359
1 2360
1 2363
1 2365
1 2370
2 2372
1 2374
2 2375
1 2376
1 2382
2 2397
1 2404
1 2406
1 2410
1 2426
1 2428
2 2465
1 2469
1 2471
1 2496
1 2505
1 2514
1 2516
1 2520
1 2525
1 2531
1 2533
2 2557
1 2559
1 2562
1 2569
1 2571
1 2573
1 2577
1 2581
1 2582
1 2584
1 2587
1 2588
1 2595
1 2600
1 2603
1 2605
1 2612
1 2616
2 2617
1 2618
1 2622
1 2624
1 2626
2 2629
1 2631
1 2633
1 2634
1 2635
1 2636
1 2637
2 2641
1 2643
2 2646
1 2647
1 2648
1 2649
3 2650
1 2651
1 2655
1 2656
1 2657
1 2658
1 2660
1 2661
2 2664
3 2666
1 2673
1 2691
1 2721
1 2732
1 2742
1 2748
1 2750
1 2782
1 2822
1 2829
1 2869
1 2902
1 2915
1 2920
1 2929
1 2931
1 2938
1 2939
1 2946
1 2951
1 2957
1 2962
1 2968
1 2970
1 2971
1 2973
1 2989
1 3028
2 3044
1 3060
1 3077
1 3155
1 3179
1 3207
1 3251
1 3503
1 3507
1 3570
1 3587
1 3590
1 3626
1 3669
1 3808
1 3873
1 3930
1 3955
1 4052
1 4135
1 4227
1 4342
1 4899
