1 1
3 2
5 3
2 4
3 5
2 6
1 7
1 8
2 9
2 11
2 12
1 13
2 14
3 15
1 16
1 17
2 18
2 19
2 20
2 22
4 23
1 25
2 26
2 27
1 28
4 29
2 31
4 32
3 33
6 34
2 35
12 36
5 37
4 38
3 40
5 41
3 42
3 43
1 44
1 45
3 46
2 48
3 49
2 50
1 51
1 52
1 53
5 54
3 55
1 56
4 57
9 58
5 59
4 60
3 61
4 62
2 63
1 64
5 65
2 66
3 67
4 68
4 69
4 70
8 71
6 72
8 73
2 74
1 75
5 76
2 77
2 78
5 79
4 80
5 81
4 82
1 83
3 84
3 85
2 86
7 87
4 88
2 89
4 90
1 91
5 92
4 93
6 94
6 95
8 96
4 97
5 98
5 99
8 100
9 101
6 102
8 103
7 104
7 105
10 106
12 107
13 108
7 109
6 110
15 111
14 112
8 113
13 114
3 115
10 116
7 117
6 118
4 119
8 120
7 121
6 122
5 123
2 124
9 125
7 126
5 127
4 128
11 129
6 130
4 131
11 132
11 133
9 134
18 135
9 136
16 137
13 138
23 139
19 140
23 141
33 142
26 143
42 144
35 145
39 146
24 147
30 148
27 149
14 150
9 151
13 152
15 153
11 154
8 155
10 156
13 157
9 158
15 159
12 160
15 161
6 162
10 163
3 164
7 165
8 166
10 167
6 168
4 169
14 170
10 171
15 172
12 173
12 174
9 175
10 176
10 177
8 178
11 179
11 180
12 181
14 182
13 183
6 184
20 185
13 186
18 187
22 188
15 189
22 190
20 191
20 192
26 193
15 194
28 195
28 196
22 197
34 198
32 199
24 200
28 201
27 202
20 203
19 204
19 205
21 206
16 207
13 208
30 209
18 210
23 211
15 212
20 213
26 214
15 215
19 216
21 217
30 218
31 219
23 220
27 221
19 222
29 223
24 224
31 225
30 226
31 227
39 228
34 229
43 230
51 231
50 232
59 233
77 234
72 235
110 236
118 237
140 238
169 239
169 240
188 241
227 242
280 243
256 244
250 245
256 246
270 247
277 248
231 249
248 250
236 251
220 252
196 253
199 254
184 255
171 256
157 257
152 258
140 259
145 260
112 261
95 262
73 263
54 264
52 265
41 266
44 267
28 268
26 269
23 270
22 271
8 272
22 273
6 274
19 275
17 276
10 277
16 278
19 279
16 280
19 281
16 282
19 283
16 284
14 285
18 286
11 287
22 288
18 289
18 290
12 291
17 292
18 293
19 294
19 295
21 296
20 297
11 298
26 299
24 300
12 301
24 302
28 303
20 304
24 305
24 306
23 307
24 308
25 309
28 310
38 311
24 312
32 313
30 314
39 315
40 316
36 317
43 318
39 319
45 320
55 321
38 322
49 323
44 324
39 325
43 326
52 327
31 328
39 329
56 330
43 331
46 332
49 333
38 334
51 335
58 336
43 337
47 338
58 339
54 340
58 341
52 342
70 343
52 344
76 345
98 346
102 347
79 348
113 349
121 350
122 351
108 352
130 353
122 354
111 355
113 356
139 357
112 358
112 359
109 360
112 361
98 362
119 363
95 364
85 365
74 366
73 367
65 368
67 369
72 370
49 371
46 372
46 373
55 374
39 375
38 376
40 377
41 378
38 379
48 380
32 381
41 382
39 383
31 384
35 385
40 386
43 387
35 388
31 389
51 390
46 391
44 392
44 393
51 394
74 395
57 396
58 397
50 398
77 399
82 400
76 401
86 402
71 403
109 404
99 405
100 406
95 407
121 408
100 409
117 410
126 411
140 412
136 413
151 414
140 415
158 416
154 417
197 418
191 419
209 420
213 421
227 422
267 423
274 424
313 425
277 426
328 427
355 428
320 429
431 430
406 431
399 432
423 433
434 434
452 435
460 436
388 437
412 438
402 439
345 440
313 441
271 442
259 443
242 444
201 445
170 446
162 447
123 448
103 449
78 450
72 451
52 452
47 453
39 454
31 455
41 456
33 457
31 458
26 459
23 460
30 461
28 462
25 463
26 464
21 465
21 466
21 467
10 468
29 469
18 470
23 471
21 472
28 473
19 474
17 475
25 476
16 477
23 478
12 479
14 480
20 481
13 482
12 483
19 484
17 485
11 486
10 487
9 488
14 489
11 490
17 491
13 492
8 493
16 494
17 495
14 496
16 497
18 498
17 499
14 500
19 501
19 502
17 503
23 504
17 505
21 506
21 507
19 508
23 509
33 510
23 511
20 512
21 513
13 514
23 515
25 516
14 517
18 518
16 519
18 520
24 521
29 522
11 523
16 524
24 525
23 526
27 527
13 528
20 529
11 530
18 531
20 532
21 533
25 534
24 535
21 536
19 537
22 538
19 539
13 540
19 541
12 542
9 543
17 544
12 545
14 546
6 547
16 548
8 549
8 550
12 551
7 552
11 553
8 554
15 555
11 556
10 557
9 558
10 559
9 560
7 561
7 562
10 563
13 564
7 565
15 566
9 567
10 568
13 569
6 570
17 571
16 572
20 573
15 574
12 575
23 576
19 577
20 578
20 579
28 580
20 581
32 582
25 583
27 584
32 585
25 586
28 587
33 588
37 589
55 590
52 591
41 592
41 593
35 594
39 595
38 596
29 597
27 598
40 599
41 600
40 601
24 602
23 603
19 604
32 605
22 606
23 607
14 608
12 609
17 610
18 611
11 612
16 613
14 614
7 615
12 616
14 617
15 618
11 619
13 620
13 621
9 622
16 623
11 624
9 625
9 626
16 627
16 628
17 629
13 630
17 631
14 632
18 633
12 634
18 635
17 636
20 637
22 638
17 639
18 640
14 641
11 642
29 643
20 644
18 645
14 646
23 647
28 648
15 649
23 650
19 651
14 652
29 653
22 654
28 655
23 656
24 657
35 658
32 659
32 660
35 661
38 662
45 663
41 664
53 665
52 666
59 667
51 668
61 669
61 670
82 671
67 672
80 673
65 674
98 675
90 676
116 677
95 678
114 679
101 680
92 681
127 682
120 683
119 684
101 685
105 686
103 687
100 688
93 689
80 690
78 691
67 692
77 693
58 694
55 695
45 696
51 697
34 698
44 699
24 700
34 701
27 702
34 703
23 704
22 705
15 706
16 707
25 708
16 709
13 710
14 711
19 712
22 713
13 714
13 715
20 716
22 717
18 718
11 719
23 720
23 721
21 722
22 723
25 724
24 725
30 726
27 727
29 728
33 729
29 730
38 731
34 732
37 733
62 734
44 735
55 736
66 737
74 738
70 739
61 740
82 741
93 742
77 743
69 744
92 745
94 746
101 747
103 748
82 749
83 750
85 751
87 752
78 753
61 754
60 755
57 756
65 757
75 758
74 759
62 760
66 761
61 762
45 763
57 764
53 765
53 766
48 767
51 768
49 769
53 770
53 771
65 772
52 773
43 774
44 775
41 776
40 777
41 778
32 779
28 780
39 781
24 782
24 783
29 784
22 785
26 786
20 787
16 788
12 789
13 790
8 791
18 792
12 793
20 794
14 795
11 796
6 797
10 798
7 799
10 800
13 801
13 802
2 803
5 804
11 805
11 806
8 807
10 808
7 809
9 810
10 811
12 812
4 813
11 814
7 815
7 816
4 817
11 818
10 819
8 820
8 821
5 822
9 823
11 824
8 825
4 826
11 827
8 828
7 829
6 830
6 831
10 832
10 833
11 834
6 835
5 836
5 837
7 838
11 839
11 840
5 841
5 842
9 843
8 844
6 845
10 846
7 847
5 848
8 849
15 850
10 851
8 852
7 853
7 854
7 855
15 856
13 857
12 858
2 859
16 860
12 861
7 862
11 863
15 864
17 865
18 866
8 867
23 868
15 869
14 870
22 871
16 872
19 873
18 874
20 875
15 876
23 877
21 878
17 879
25 880
20 881
22 882
15 883
17 884
12 885
19 886
27 887
18 888
20 889
25 890
14 891
18 892
19 893
22 894
24 895
17 896
15 897
21 898
26 899
17 900
21 901
23 902
21 903
26 904
19 905
20 906
29 907
19 908
16 909
17 910
24 911
25 912
19 913
28 914
13 915
12 916
18 917
19 918
22 919
25 920
20 921
21 922
23 923
18 924
10 925
21 926
27 927
22 928
23 929
21 930
16 931
17 932
13 933
18 934
16 935
20 936
22 937
20 938
20 939
19 940
32 941
40 942
23 943
40 944
36 945
38 946
44 947
47 948
45 949
43 950
47 951
49 952
68 953
50 954
69 955
79 956
94 957
91 958
73 959
92 960
103 961
98 962
84 963
107 964
106 965
110 966
111 967
133 968
127 969
103 970
110 971
102 972
108 973
104 974
88 975
81 976
96 977
73 978
80 979
52 980
42 981
62 982
46 983
46 984
35 985
28 986
29 987
24 988
24 989
19 990
17 991
16 992
14 993
17 994
14 995
18 996
16 997
19 998
11 999
10 1000
12 1001
10 1002
7 1003
12 1004
16 1005
19 1006
19 1007
15 1008
20 1009
17 1010
17 1011
20 1012
25 1013
29 1014
34 1015
28 1016
27 1017
39 1018
37 1019
39 1020
34 1021
31 1022
30 1023
32 1024
27 1025
42 1026
35 1027
47 1028
27 1029
38 1030
37 1031
36 1032
38 1033
28 1034
27 1035
21 1036
24 1037
29 1038
23 1039
21 1040
23 1041
21 1042
14 1043
15 1044
13 1045
9 1046
8 1047
13 1048
4 1049
12 1050
7 1051
8 1052
7 1053
7 1054
6 1055
8 1056
4 1057
7 1058
4 1059
6 1060
9 1061
6 1062
6 1063
6 1064
4 1065
6 1066
3 1067
3 1068
2 1069
5 1070
2 1071
4 1072
4 1073
3 1074
3 1075
2 1076
3 1077
4 1078
4 1079
8 1080
3 1081
4 1082
2 1083
3 1084
3 1085
6 1086
1 1087
3 1088
6 1089
1 1090
3 1091
5 1092
4 1093
3 1094
6 1095
3 1096
4 1097
6 1098
6 1099
7 1100
7 1101
9 1102
1 1103
5 1104
4 1105
13 1106
6 1107
3 1108
12 1109
9 1110
4 1111
10 1112
14 1113
13 1114
14 1115
9 1116
5 1117
6 1118
9 1119
12 1120
11 1121
5 1122
12 1123
9 1124
21 1125
12 1126
14 1127
12 1128
8 1129
11 1130
12 1131
10 1132
10 1133
8 1134
16 1135
16 1136
7 1137
18 1138
16 1139
19 1140
12 1141
13 1142
9 1143
17 1144
14 1145
8 1146
11 1147
9 1148
14 1149
20 1150
17 1151
13 1152
19 1153
18 1154
10 1155
19 1156
14 1157
14 1158
19 1159
22 1160
14 1161
13 1162
23 1163
12 1164
12 1165
23 1166
16 1167
19 1168
16 1169
20 1170
13 1171
6 1172
19 1173
9 1174
15 1175
7 1176
9 1177
14 1178
8 1179
7 1180
5 1181
9 1182
7 1183
10 1184
12 1185
12 1186
4 1187
6 1188
4 1189
10 1190
4 1191
6 1192
8 1193
12 1194
5 1195
9 1196
6 1197
8 1198
5 1199
10 1200
7 1201
3 1202
9 1203
7 1204
4 1205
6 1206
8 1207
9 1208
7 1209
12 1210
8 1211
8 1212
5 1213
2 1214
5 1215
3 1216
6 1217
6 1218
7 1219
4 1220
4 1221
6 1222
9 1223
3 1224
5 1225
2 1226
8 1227
7 1228
3 1229
5 1230
6 1231
7 1232
7 1233
3 1234
3 1235
6 1236
5 1237
6 1238
9 1239
1 1240
5 1241
9 1242
2 1243
7 1244
5 1245
7 1246
6 1247
2 1248
13 1249
7 1250
6 1251
4 1252
2 1253
8 1254
8 1255
9 1256
7 1257
3 1258
7 1259
5 1260
7 1261
7 1262
9 1263
13 1264
12 1265
6 1266
13 1267
8 1268
8 1269
11 1270
12 1271
10 1272
14 1273
9 1274
12 1275
10 1276
10 1277
14 1278
16 1279
11 1280
26 1281
23 1282
20 1283
15 1284
18 1285
22 1286
19 1287
22 1288
20 1289
23 1290
17 1291
23 1292
27 1293
14 1294
27 1295
29 1296
24 1297
19 1298
23 1299
28 1300
24 1301
23 1302
30 1303
33 1304
23 1305
19 1306
26 1307
23 1308
26 1309
20 1310
37 1311
17 1312
16 1313
22 1314
15 1315
20 1316
29 1317
14 1318
13 1319
18 1320
12 1321
9 1322
18 1323
12 1324
8 1325
13 1326
10 1327
16 1328
12 1329
15 1330
13 1331
12 1332
16 1333
15 1334
16 1335
11 1336
19 1337
18 1338
25 1339
17 1340
20 1341
33 1342
23 1343
20 1344
26 1345
24 1346
23 1347
24 1348
18 1349
32 1350
31 1351
34 1352
29 1353
23 1354
19 1355
21 1356
23 1357
27 1358
15 1359
21 1360
20 1361
14 1362
27 1363
19 1364
20 1365
23 1366
16 1367
11 1368
20 1369
17 1370
16 1371
18 1372
16 1373
11 1374
10 1375
17 1376
18 1377
17 1378
8 1379
14 1380
13 1381
15 1382
14 1383
12 1384
12 1385
11 1386
14 1387
15 1388
12 1389
10 1390
11 1391
13 1392
13 1393
15 1394
14 1395
15 1396
17 1397
14 1398
13 1399
11 1400
29 1401
23 1402
20 1403
17 1404
16 1405
14 1406
21 1407
20 1408
25 1409
29 1410
31 1411
26 1412
33 1413
47 1414
38 1415
26 1416
35 1417
52 1418
47 1419
47 1420
63 1421
46 1422
44 1423
53 1424
40 1425
62 1426
56 1427
66 1428
54 1429
65 1430
66 1431
56 1432
65 1433
63 1434
63 1435
54 1436
61 1437
59 1438
61 1439
46 1440
45 1441
30 1442
44 1443
36 1444
28 1445
34 1446
35 1447
28 1448
27 1449
16 1450
16 1451
12 1452
15 1453
14 1454
19 1455
19 1456
5 1457
11 1458
9 1459
5 1460
10 1461
6 1462
1 1463
3 1464
1 1465
8 1466
2 1467
4 1468
1 1469
1 1470
1 1471
1 1472
2 1473
2 1474
2 1475
2 1478
1 1479
1 1480
1 1481
1 1482
1 1483
1 1486
3 1487
1 1489
1 1492
2 1493
2 1494
2 1496
2 1498
2 1499
2 1501
1 1502
2 1504
2 1506
4 1507
2 1508
1 1509
1 1510
3 1512
1 1514
1 1515
1 1516
3 1517
2 1518
1 1519
2 1520
1 1522
1 1523
1 1524
1 1526
1 1528
2 1529
1 1530
2 1531
3 1532
1 1533
3 1534
2 1535
1 1537
1 1538
1 1539
2 1540
5 1541
1 1542
1 1544
2 1545
1 1547
4 1548
3 1549
1 1550
2 1551
4 1552
2 1553
2 1555
3 1556
2 1557
3 1558
2 1559
1 1560
4 1561
1 1562
4 1563
2 1564
1 1565
1 1566
2 1567
2 1569
2 1570
3 1571
3 1572
2 1573
1 1574
2 1575
1 1576
1 1577
3 1578
2 1579
3 1580
3 1581
1 1582
1 1585
1 1586
1 1587
2 1588
2 1589
3 1592
3 1593
1 1594
5 1595
2 1596
6 1597
4 1598
7 1599
5 1600
5 1601
4 1602
3 1603
3 1604
2 1605
1 1606
1 1607
4 1608
2 1609
3 1610
2 1611
5 1612
2 1613
3 1614
6 1615
3 1616
6 1617
3 1618
6 1619
2 1620
5 1621
6 1622
5 1623
2 1624
5 1625
4 1626
4 1627
4 1628
2 1629
7 1630
2 1631
2 1632
3 1633
2 1635
2 1636
4 1637
2 1639
2 1640
1 1642
3 1643
2 1644
1 1645
3 1646
4 1648
2 1650
1 1651
1 1652
1 1654
2 1656
2 1657
2 1658
2 1659
1 1660
1 1661
1 1662
1 1665
1 1666
1 1668
2 1673
1 1676
1 1677
2 1682
2 1684
1 1685
2 1686
1 1687
2 1690
1 1692
1 1695
1 1702
1 1704
2 1705
1 1706
1 1707
1 1708
1 1710
1 1711
1 1713
1 1715
1 1716
2 1720
2 1721
1 1727
1 1728
2 1729
1 1734
2 1736
1 1738
2 1741
1 1742
2 1743
1 1744
1 1745
2 1746
1 1748
1 1750
2 1751
1 1752
3 1753
1 1754
2 1755
1 1756
1 1757
1 1760
1 1765
1 1766
3 1767
2 1768
1 1769
1 1770
1 1771
1 1772
1 1774
2 1775
2 1776
1 1777
1 1779
1 1780
1 1781
1 1782
3 1783
2 1784
2 1785
1 1786
1 1788
1 1790
1 1791
1 1792
2 1793
1 1794
2 1797
2 1798
1 1804
2 1809
2 1811
1 1812
1 1814
1 1815
1 1816
1 1817
1 1819
1 1820
3 1823
2 1824
1 1826
1 1828
1 1829
2 1831
2 1832
1 1833
2 1836
1 1837
3 1838
1 1841
2 1842
2 1843
1 1844
2 1845
1 1847
3 1848
1 1851
3 1852
2 1853
1 1855
1 1856
1 1858
1 1859
1 1860
1 1861
2 1862
2 1863
1 1864
3 1867
5 1868
1 1872
3 1873
5 1874
3 1876
2 1878
1 1879
2 1880
3 1881
2 1883
3 1884
1 1886
1 1887
2 1888
3 1889
2 1890
4 1891
3 1892
3 1893
1 1894
2 1895
5 1898
1 1899
4 1900
1 1901
2 1902
4 1903
1 1904
2 1906
2 1907
1 1908
1 1909
1 1911
1 1912
1 1913
1 1914
1 1915
2 1916
3 1917
1 1918
2 1920
1 1921
2 1922
2 1923
3 1926
1 1927
2 1928
1 1930
2 1931
1 1932
1 1933
1 1934
1 1935
1 1936
3 1937
1 1938
2 1940
1 1943
1 1945
1 1946
2 1947
1 1948
3 1949
2 1950
2 1951
1 1952
1 1953
2 1954
3 1955
2 1956
1 1957
3 1958
4 1959
3 1961
5 1962
2 1963
3 1966
2 1967
1 1968
2 1969
2 1970
1 1971
1 1972
4 1973
1 1974
2 1975
1 1976
2 1977
1 1978
2 1979
1 1980
4 1981
4 1982
2 1983
4 1984
4 1985
1 1986
3 1987
6 1988
3 1989
2 1990
2 1992
1 1993
2 1994
1 1995
3 1996
1 1997
5 1998
5 1999
1 2000
3 2001
6 2002
5 2003
3 2004
2 2005
2 2006
1 2007
3 2008
1 2009
2 2010
1 2011
4 2012
6 2013
2 2014
1 2015
4 2016
3 2017
1 2018
2 2019
5 2020
4 2021
2 2022
4 2023
1 2024
6 2025
3 2026
4 2027
7 2028
4 2029
4 2030
5 2031
1 2032
1 2033
5 2034
2 2035
2 2036
4 2037
1 2038
3 2039
6 2040
5 2041
6 2042
5 2043
4 2044
7 2045
3 2046
5 2047
6 2048
3 2049
6 2050
3 2051
3 2052
5 2053
4 2054
7 2055
5 2056
7 2058
2 2059
1 2060
8 2061
4 2062
5 2063
6 2064
7 2065
3 2066
6 2067
7 2068
3 2069
8 2070
6 2071
8 2072
5 2073
7 2074
8 2075
11 2076
6 2077
3 2078
13 2079
9 2080
6 2081
9 2082
13 2083
5 2084
6 2085
7 2086
5 2087
8 2088
8 2089
6 2090
9 2091
4 2092
2 2093
8 2094
4 2095
8 2096
4 2097
4 2098
3 2099
4 2100
7 2101
6 2102
6 2103
4 2104
1 2105
6 2106
1 2107
3 2108
3 2109
1 2110
1 2111
3 2112
5 2113
5 2114
2 2115
3 2116
3 2118
1 2119
5 2120
1 2121
4 2122
2 2123
1 2125
1 2126
1 2127
1 2128
1 2129
3 2131
1 2134
2 2136
2 2138
1 2139
3 2140
1 2142
1 2143
1 2148
1 2150
1 2151
2 2155
2 2156
2 2157
1 2160
1 2163
1 2164
1 2165
1 2168
2 2169
1 2171
1 2172
2 2174
2 2175
2 2176
1 2177
1 2180
1 2183
3 2184
1 2186
1 2188
1 2197
1 2198
1 2204
1 2208
1 2217
1 2222
1 2223
2 2237
2 2240
1 2269
1 2293
1 2300
1 2313
1 2327
1 2339
1 2353
1 2359
1 2361
1 2370
1 2392
1 2406
1 2420
1 2444
1 2446
1 2492
1 2493
1 2509
1 2523
1 2529
1 2546
1 2547
1 2581
1 2585
1 2608
1 2615
1 2620
1 2635
1 2650
1 2651
1 2659
1 2708
1 2728
1 2729
1 2731
1 2735
1 2740
1 2757
1 2779
1 2782
1 2799
1 2804
1 2828
1 2829
1 2841
1 2849
2 2857
1 2865
1 2875
1 2878
1 2881
1 2882
1 2884
1 2885
1 2886
1 2891
2 2893
2 2895
1 2900
1 2908
3 2909
1 2911
1 2912
1 2913
2 2914
4 2915
1 2917
1 2918
1 2921
2 2924
1 2925
1 2926
1 2931
1 2934
1 2935
1 2938
1 2943
1 2951
1 2959
1 2961
1 2970
1 2971
1 2974
1 2993
1 3002
1 3033
1 3039
1 3050
1 3055
2 3059
1 3060
1 3063
2 3065
2 3073
1 3079
1 3080
1 3081
1 3084
3 3088
2 3089
2 3092
1 3094
1 3095
1 3096
1 3097
1 3099
2 3101
1 3103
2 3107
1 3110
1 3112
1 3113
1 3114
1 3116
1 3117
1 3121
2 3122
1 3123
1 3127
1 3136
1 3138
1 3145
1 3159
1 3162
1 3181
1 3184
1 3187
1 3190
1 3200
1 3205
1 3225
1 3271
1 3338
1 3385
1 3431
1 3530
1 3550
1 3646
1 3706
1 3725
1 4319
1 4691
1 5115
