1 5
1 7
1 8
1 11
1 17
1 19
1 21
2 22
1 24
2 25
1 26
1 27
1 28
2 29
1 31
3 32
2 34
6 35
10 36
5 37
4 39
2 41
2 42
2 43
3 44
4 45
1 46
1 48
2 50
1 51
1 52
2 53
1 55
2 56
2 57
1 58
1 59
1 60
2 61
2 62
4 63
1 64
1 65
5 66
1 69
1 70
2 72
3 74
4 75
4 76
1 77
5 78
2 81
3 82
2 83
1 84
1 85
2 87
2 88
2 89
6 90
1 92
2 93
1 94
1 95
4 96
2 97
4 99
4 101
2 102
4 103
2 104
5 105
10 106
3 107
8 108
6 109
11 110
6 111
5 112
4 113
19 114
11 115
5 116
8 117
1 118
8 119
5 120
3 121
2 122
4 123
1 124
2 125
3 126
6 127
1 128
2 129
3 130
4 131
7 132
6 133
5 134
3 135
3 136
4 137
1 138
6 139
4 140
2 141
4 142
6 143
3 144
8 145
5 146
3 147
7 148
6 149
6 151
1 152
1 153
6 154
2 155
3 156
3 157
4 158
1 159
1 160
1 161
1 162
3 163
2 164
2 165
2 167
2 168
4 169
1 170
3 171
2 172
5 173
1 174
3 175
3 176
2 177
2 178
2 179
3 180
3 181
6 182
3 183
10 184
8 185
11 186
8 187
7 188
21 189
12 190
13 191
28 192
23 193
25 194
23 195
19 196
32 197
28 198
28 199
28 200
25 201
24 202
14 203
12 204
11 205
9 206
11 207
13 208
10 209
9 210
7 211
13 212
12 213
12 214
11 215
4 216
9 217
9 218
4 219
10 220
10 221
11 222
7 223
11 224
6 225
2 226
6 227
11 228
7 229
9 230
7 231
12 232
8 233
8 234
18 235
15 236
11 237
18 238
21 239
37 240
22 241
29 242
33 243
24 244
29 245
29 246
22 247
30 248
33 249
28 250
31 251
27 252
20 253
31 254
22 255
17 256
26 257
20 258
28 259
16 260
23 261
17 262
22 263
17 264
14 265
21 266
16 267
19 268
17 269
16 270
17 271
15 272
12 273
10 274
23 275
15 276
7 277
11 278
6 279
9 280
6 281
9 282
16 283
8 284
12 285
8 286
8 287
8 288
11 289
7 290
13 291
4 292
9 293
7 294
4 295
12 296
15 297
7 298
8 299
10 300
8 301
13 302
15 303
13 304
17 305
13 306
20 307
17 308
9 309
19 310
13 311
17 312
12 313
19 314
25 315
26 316
15 317
28 318
30 319
45 320
22 321
20 322
29 323
36 324
24 325
27 326
30 327
34 328
33 329
25 330
28 331
29 332
30 333
30 334
22 335
23 336
20 337
28 338
25 339
21 340
24 341
29 342
22 343
43 344
25 345
38 346
34 347
44 348
47 349
52 350
50 351
40 352
37 353
41 354
48 355
55 356
39 357
57 358
34 359
44 360
38 361
35 362
39 363
31 364
33 365
34 366
28 367
39 368
30 369
20 370
34 371
32 372
29 373
29 374
29 375
20 376
35 377
36 378
23 379
26 380
12 381
26 382
22 383
24 384
28 385
32 386
22 387
27 388
23 389
37 390
32 391
31 392
46 393
36 394
39 395
53 396
40 397
46 398
52 399
55 400
61 401
58 402
66 403
70 404
69 405
68 406
85 407
79 408
73 409
68 410
73 411
81 412
87 413
71 414
83 415
90 416
94 417
94 418
98 419
126 420
102 421
109 422
129 423
156 424
136 425
207 426
172 427
196 428
251 429
247 430
229 431
260 432
306 433
323 434
331 435
325 436
331 437
326 438
307 439
253 440
269 441
226 442
193 443
164 444
151 445
122 446
117 447
84 448
71 449
59 450
50 451
44 452
49 453
32 454
22 455
22 456
18 457
26 458
17 459
14 460
25 461
18 462
11 463
13 464
15 465
6 466
22 467
16 468
13 469
13 470
12 471
7 472
13 473
11 474
4 475
7 476
9 477
3 478
9 479
9 480
10 481
8 482
4 483
6 484
11 485
13 486
18 487
9 488
10 489
10 490
19 491
10 492
14 493
18 494
21 495
18 496
13 497
16 498
15 499
21 500
18 501
14 502
20 503
19 504
14 505
17 506
17 507
26 508
18 509
20 510
16 511
12 512
15 513
14 514
13 515
9 516
12 517
9 518
10 519
10 520
6 521
7 522
6 523
11 524
5 525
10 526
7 527
2 528
3 529
8 530
7 531
10 532
6 533
5 534
4 535
2 536
6 537
2 538
10 539
2 540
2 541
8 542
7 543
4 544
2 545
5 546
4 547
4 548
5 549
5 550
3 551
5 552
3 553
7 554
3 555
6 556
7 557
5 558
10 559
4 560
7 561
5 562
6 563
1 564
12 565
7 566
8 567
7 568
3 569
6 570
6 571
7 572
11 573
6 574
8 575
9 576
7 577
7 578
14 579
8 580
10 581
12 582
5 583
5 584
8 585
11 586
4 587
6 588
9 589
7 590
4 591
11 592
8 593
5 594
8 595
6 596
9 597
4 598
5 599
8 600
7 601
8 602
11 603
6 604
6 605
8 606
5 607
9 608
9 609
1 610
6 611
5 612
7 613
7 614
3 615
4 616
5 617
4 618
5 619
5 620
7 621
3 622
4 623
5 624
6 625
9 626
5 627
2 628
3 629
3 630
12 631
3 632
11 633
8 634
2 635
5 636
6 637
11 638
4 639
5 640
6 641
4 642
5 643
6 644
8 645
7 646
5 647
1 648
10 649
10 650
10 651
10 652
8 653
5 654
5 655
2 656
9 657
5 658
4 659
7 660
6 661
8 662
14 663
8 664
9 665
16 666
13 667
8 668
12 669
11 670
14 671
12 672
11 673
12 674
14 675
13 676
17 677
18 678
19 679
22 680
17 681
26 682
17 683
22 684
17 685
16 686
13 687
16 688
15 689
12 690
17 691
17 692
13 693
8 694
19 695
16 696
8 697
8 698
14 699
12 700
8 701
12 702
6 703
8 704
13 705
12 706
12 707
6 708
6 709
11 710
11 711
10 712
8 713
7 714
10 715
10 716
9 717
8 718
12 719
7 720
9 721
5 722
11 723
5 724
7 725
12 726
6 727
12 728
9 729
18 730
10 731
16 732
14 733
10 734
10 735
18 736
20 737
23 738
15 739
21 740
26 741
29 742
22 743
24 744
27 745
31 746
21 747
21 748
23 749
16 750
14 751
16 752
19 753
13 754
23 755
14 756
11 757
19 758
21 759
9 760
11 761
7 762
14 763
10 764
11 765
15 766
13 767
14 768
16 769
11 770
14 771
12 772
15 773
10 774
4 775
18 776
14 777
14 778
16 779
11 780
12 781
12 782
7 783
9 784
6 785
6 786
6 787
7 788
10 789
7 790
9 791
6 792
8 793
8 794
4 795
9 796
9 797
6 798
7 799
9 800
10 801
8 802
10 803
6 804
13 805
9 806
4 807
12 808
8 809
6 810
8 811
8 812
17 813
6 814
10 815
6 816
7 817
11 818
8 819
8 820
9 821
7 822
4 823
7 824
9 825
4 826
8 827
9 828
7 829
11 830
4 831
8 832
4 833
7 834
3 835
1 836
9 837
4 838
3 839
3 840
5 841
4 842
4 843
3 844
6 845
4 846
4 847
5 848
4 849
7 850
3 851
5 852
5 853
5 854
6 855
6 856
7 857
7 858
6 859
4 860
5 861
2 862
3 863
2 864
8 865
5 866
7 867
6 868
4 869
9 870
10 871
6 872
6 873
6 874
4 875
6 876
5 877
2 878
8 879
4 880
3 881
7 882
4 883
8 884
3 885
5 886
4 887
6 888
3 889
5 890
6 891
2 892
4 893
4 894
4 895
7 896
3 897
6 898
3 899
4 900
4 901
4 902
7 903
2 904
9 905
8 906
2 907
2 908
4 909
4 910
3 911
5 912
5 913
2 914
4 915
1 916
9 917
7 918
1 919
4 920
2 921
3 922
1 923
4 924
5 925
3 926
3 927
3 928
2 929
4 930
5 931
4 932
6 933
6 934
1 935
5 936
3 937
5 938
3 939
2 940
1 941
4 942
9 943
3 944
6 945
5 946
7 947
6 948
6 949
4 950
7 951
12 952
9 953
5 954
7 955
13 956
5 957
12 958
14 959
7 960
4 961
9 962
11 963
6 964
9 965
8 966
12 967
16 968
12 969
13 970
12 971
7 972
7 973
8 974
7 975
14 976
8 977
5 978
10 979
8 980
6 981
9 982
5 983
6 984
6 985
7 986
3 987
6 988
4 989
7 990
4 991
4 992
4 993
1 994
3 995
5 996
3 997
3 998
4 999
4 1000
3 1001
2 1002
3 1003
3 1004
8 1005
6 1006
4 1007
3 1008
6 1009
5 1010
7 1011
5 1012
6 1013
5 1014
6 1015
5 1016
5 1017
1 1018
10 1019
3 1020
4 1021
5 1022
12 1023
5 1024
5 1025
4 1026
7 1027
3 1028
2 1029
7 1030
5 1031
8 1032
4 1033
1 1034
8 1035
12 1036
4 1037
8 1038
6 1039
7 1040
5 1041
4 1042
1 1043
3 1045
4 1046
4 1047
3 1048
4 1050
7 1051
5 1052
3 1053
1 1054
4 1055
5 1056
2 1057
1 1058
2 1059
4 1060
3 1061
5 1062
4 1063
8 1064
4 1065
7 1066
7 1067
5 1068
3 1069
4 1070
5 1071
6 1072
5 1073
2 1074
8 1075
3 1076
4 1077
9 1078
4 1079
7 1080
3 1081
4 1082
7 1083
5 1084
7 1085
8 1086
4 1087
3 1088
4 1089
2 1090
4 1091
3 1092
1 1093
5 1094
3 1095
5 1096
4 1097
5 1098
2 1099
3 1100
7 1101
7 1102
5 1103
6 1104
7 1106
11 1107
6 1108
3 1109
7 1110
5 1111
8 1112
7 1113
12 1114
6 1115
9 1116
11 1117
9 1118
11 1119
7 1120
9 1121
5 1122
7 1123
12 1124
13 1125
9 1126
16 1127
18 1128
11 1129
16 1130
14 1131
14 1132
16 1133
16 1134
18 1135
21 1136
15 1137
13 1138
16 1139
18 1140
32 1141
14 1142
17 1143
22 1144
15 1145
18 1146
20 1147
18 1148
25 1149
22 1150
19 1151
20 1152
16 1153
17 1154
8 1155
14 1156
17 1157
11 1158
13 1159
16 1160
14 1161
12 1162
6 1163
11 1164
8 1165
8 1166
12 1167
13 1168
13 1169
11 1170
11 1171
10 1172
11 1173
12 1174
9 1175
4 1176
13 1177
16 1178
14 1179
12 1180
12 1181
16 1182
12 1183
15 1184
15 1185
12 1186
17 1187
17 1188
17 1189
18 1190
13 1191
14 1192
18 1193
11 1194
21 1195
17 1196
12 1197
10 1198
11 1199
16 1200
11 1201
17 1202
14 1203
14 1204
9 1205
21 1206
14 1207
14 1208
16 1209
20 1210
6 1211
11 1212
15 1213
9 1214
17 1215
17 1216
6 1217
13 1218
15 1219
5 1220
8 1221
14 1222
15 1223
18 1224
14 1225
13 1226
14 1227
18 1228
7 1229
18 1230
16 1231
14 1232
20 1233
14 1234
17 1235
13 1236
15 1237
17 1238
21 1239
11 1240
22 1241
19 1242
19 1243
19 1244
24 1245
20 1246
20 1247
14 1248
18 1249
34 1250
21 1251
18 1252
11 1253
25 1254
20 1255
27 1256
24 1257
19 1258
25 1259
24 1260
40 1261
29 1262
27 1263
34 1264
42 1265
31 1266
27 1267
34 1268
42 1269
34 1270
36 1271
39 1272
50 1273
43 1274
59 1275
62 1276
42 1277
64 1278
58 1279
53 1280
59 1281
71 1282
65 1283
70 1284
84 1285
65 1286
88 1287
86 1288
84 1289
84 1290
91 1291
96 1292
89 1293
87 1294
90 1295
90 1296
96 1297
82 1298
93 1299
93 1300
89 1301
90 1302
83 1303
83 1304
75 1305
78 1306
81 1307
78 1308
63 1309
97 1310
80 1311
71 1312
62 1313
63 1314
59 1315
58 1316
47 1317
48 1318
61 1319
60 1320
53 1321
48 1322
42 1323
50 1324
49 1325
43 1326
61 1327
51 1328
54 1329
60 1330
48 1331
55 1332
64 1333
58 1334
49 1335
63 1336
61 1337
63 1338
58 1339
76 1340
70 1341
69 1342
65 1343
80 1344
68 1345
78 1346
91 1347
91 1348
96 1349
86 1350
104 1351
76 1352
82 1353
84 1354
82 1355
88 1356
81 1357
89 1358
81 1359
74 1360
81 1361
68 1362
62 1363
67 1364
61 1365
64 1366
54 1367
52 1368
67 1369
56 1370
50 1371
43 1372
57 1373
44 1374
36 1375
32 1376
42 1377
34 1378
55 1379
41 1380
37 1381
35 1382
39 1383
36 1384
37 1385
37 1386
34 1387
37 1388
39 1389
34 1390
38 1391
40 1392
44 1393
48 1394
43 1395
50 1396
53 1397
57 1398
50 1399
70 1400
61 1401
65 1402
66 1403
67 1404
74 1405
54 1406
91 1407
89 1408
112 1409
97 1410
100 1411
107 1412
108 1413
135 1414
145 1415
115 1416
150 1417
170 1418
147 1419
137 1420
164 1421
185 1422
167 1423
192 1424
183 1425
207 1426
210 1427
203 1428
201 1429
235 1430
221 1431
184 1432
205 1433
212 1434
186 1435
213 1436
216 1437
188 1438
188 1439
188 1440
171 1441
137 1442
161 1443
122 1444
138 1445
124 1446
122 1447
95 1448
91 1449
75 1450
83 1451
75 1452
73 1453
41 1454
45 1455
40 1456
35 1457
35 1458
31 1459
20 1460
15 1461
21 1462
14 1463
10 1464
18 1465
13 1466
6 1467
9 1468
8 1469
11 1470
4 1471
5 1472
4 1473
3 1474
8 1475
3 1476
4 1477
1 1478
2 1479
1 1480
1 1481
2 1482
2 1483
1 1485
2 1486
1 1487
1 1489
1 1490
1 1492
1 1495
1 1497
1 1499
1 1500
1 1504
1 1508
1 1514
1 1517
2 1522
1 1531
1 1536
2 1539
1 1544
1 1550
1 1553
1 1563
1 1579
1 1593
1 1597
1 1598
1 1620
1 1632
1 1635
1 1636
1 1639
1 1648
1 1657
1 1659
1 1672
1 1682
1 1684
1 1686
1 1691
3 1695
1 1698
1 1701
1 1709
1 1712
1 1725
1 1728
1 1732
1 1734
1 1735
2 1740
1 1741
2 1744
2 1745
1 1747
1 1748
1 1749
2 1755
3 1758
1 1761
1 1766
1 1767
1 1768
1 1775
1 1781
1 1784
1 1787
1 1792
2 1797
1 1802
1 1803
1 1804
1 1806
1 1810
1 1811
1 1814
1 1818
1 1819
1 1826
1 1829
1 1830
1 1832
1 1843
1 1844
1 1852
2 1863
1 1864
1 1865
1 1866
3 1869
1 1874
1 1875
1 1876
1 1878
3 1879
1 1880
1 1881
4 1882
1 1883
1 1884
1 1885
1 1886
1 1887
1 1891
2 1893
3 1895
1 1898
1 1899
1 1900
1 1901
2 1904
2 1905
1 1906
1 1907
1 1909
1 1910
2 1911
1 1912
1 1914
1 1927
1 1973
1 2015
1 2072
1 2074
1 2093
1 2123
1 2235
1 2295
1 2336
1 2344
1 2399
1 2415
1 2449
1 2485
1 2510
1 2511
1 2530
1 2539
1 2573
1 2592
1 2595
1 2760
1 2783
1 2787
1 3316
1 3412
1 3557
1 3611
1 3818
1 4013
