2 3
1 6
2 7
2 9
1 10
1 11
1 13
1 14
1 15
1 22
1 23
3 26
1 27
1 29
1 30
3 32
1 35
1 39
1 40
2 41
1 42
2 44
1 45
6 46
3 48
2 49
2 51
3 52
1 53
2 55
1 56
2 58
5 59
2 60
1 61
1 63
3 64
2 65
3 66
2 67
2 68
2 70
4 73
2 74
3 77
2 78
1 79
6 80
2 81
2 82
4 83
1 84
1 85
1 88
2 89
1 90
3 91
3 92
3 93
3 94
1 95
3 96
1 97
3 98
5 99
3 100
1 101
2 102
2 103
2 104
4 105
1 106
3 107
2 108
1 109
1 112
1 113
2 114
1 116
1 117
1 118
2 119
2 120
6 121
1 122
2 123
3 124
2 125
3 126
2 127
4 128
3 129
3 130
2 131
3 132
2 134
2 135
3 136
1 137
3 138
2 140
2 141
2 143
3 144
1 145
3 146
2 147
1 148
4 149
1 150
1 151
2 152
4 153
3 154
3 155
2 156
2 157
1 158
1 159
1 160
4 161
2 162
2 163
1 166
2 167
3 168
4 170
4 171
2 172
2 173
4 174
4 175
3 176
3 179
1 180
2 181
1 182
6 183
3 184
2 185
3 186
3 187
1 188
4 189
2 190
3 191
4 192
5 193
6 194
6 195
5 196
1 197
2 198
1 199
3 200
1 201
2 202
3 203
4 204
5 206
6 207
6 208
5 209
4 210
6 211
2 212
9 213
3 214
7 215
11 216
3 217
5 218
4 219
6 220
7 221
8 222
5 223
11 224
6 225
8 226
12 227
14 228
10 229
20 230
15 231
18 232
14 233
23 234
13 235
11 236
14 237
7 238
11 239
4 240
11 241
10 242
5 243
5 244
3 245
4 246
9 247
6 248
15 249
10 250
12 251
14 252
13 253
9 254
14 255
13 256
12 257
13 258
11 259
13 260
6 261
8 262
9 263
2 264
4 265
4 266
2 267
3 268
5 269
8 270
1 271
5 272
4 273
6 274
1 275
10 276
3 277
2 278
9 279
6 280
2 281
4 282
5 283
3 284
2 285
4 286
3 287
3 288
7 289
3 290
1 291
4 292
6 293
4 294
4 295
7 296
4 297
3 298
5 299
6 300
2 301
10 302
7 303
6 304
7 305
4 306
5 307
7 308
6 309
5 310
12 311
5 312
7 313
8 314
8 315
10 316
7 317
5 318
15 319
7 320
8 321
4 322
4 323
11 324
9 325
6 326
6 327
8 328
5 329
7 330
9 331
8 332
6 333
11 334
9 335
7 336
8 337
9 338
6 339
9 340
6 341
9 342
5 343
12 344
1 345
4 346
3 347
3 348
6 349
6 350
7 351
11 352
7 353
4 354
5 355
12 356
14 357
14 358
12 359
21 360
22 361
13 362
20 363
28 364
19 365
42 366
32 367
49 368
32 369
30 370
32 371
27 372
22 373
20 374
17 375
19 376
12 377
18 378
16 379
10 380
7 381
10 382
8 383
10 384
11 385
9 386
9 387
3 388
6 389
4 390
1 391
7 392
8 393
8 394
12 395
6 396
3 397
3 398
4 399
5 400
2 401
3 402
10 403
3 404
6 405
4 406
5 407
5 408
8 409
6 410
6 411
6 412
8 413
9 414
8 415
11 416
12 417
4 418
8 419
9 420
10 421
9 422
15 423
9 424
12 425
15 426
14 427
17 428
14 429
13 430
7 431
15 432
20 433
15 434
9 435
8 436
12 437
11 438
15 439
8 440
8 441
3 442
4 443
6 444
6 445
10 446
4 447
4 448
2 449
3 450
6 451
2 452
3 453
5 454
3 455
3 456
3 457
1 458
1 459
3 460
2 461
2 462
4 464
5 465
1 466
3 468
1 469
2 471
1 472
1 473
1 474
2 475
1 476
3 477
1 478
1 479
6 480
2 481
2 482
2 483
2 484
2 485
2 486
3 487
3 488
5 489
2 490
3 491
1 492
2 493
2 494
1 495
2 496
1 497
4 498
2 499
2 500
5 501
2 502
1 503
2 504
3 505
2 506
3 507
3 508
2 509
3 511
4 512
4 513
3 514
4 515
2 516
4 517
4 518
1 519
2 520
3 521
2 522
4 523
7 524
3 525
4 526
7 527
10 528
2 529
6 530
7 531
11 532
8 533
11 534
8 535
12 536
10 537
5 538
12 539
8 540
6 541
7 542
3 543
4 544
9 545
4 546
2 547
11 548
7 549
1 550
9 551
6 553
6 554
3 555
4 556
6 557
7 558
2 559
5 560
4 561
4 562
2 563
1 564
2 565
2 566
2 567
3 568
1 570
1 572
2 573
2 574
1 576
2 577
2 578
1 579
2 580
1 581
2 582
3 583
3 585
1 586
4 587
2 588
7 589
4 590
2 592
3 593
5 594
2 595
2 596
1 597
8 598
3 599
3 600
3 602
1 603
2 604
2 605
3 606
2 607
2 608
2 609
2 610
2 611
2 612
5 613
2 614
2 615
1 616
1 617
2 618
3 619
1 620
2 621
4 622
4 623
2 624
5 625
1 626
1 627
3 628
2 629
6 630
6 632
4 633
5 634
1 635
4 636
3 637
4 638
1 639
3 640
4 641
2 642
2 644
1 645
5 646
3 647
2 648
1 649
4 650
3 651
2 652
8 653
2 655
1 656
7 657
8 658
1 659
4 660
5 661
2 662
4 663
5 664
12 665
4 666
3 668
3 669
5 670
6 671
1 672
5 673
2 674
4 675
7 676
7 677
1 678
5 679
3 680
1 682
1 683
2 684
2 685
4 686
1 687
2 688
3 689
1 690
3 691
6 692
7 693
2 694
4 695
3 696
3 697
4 698
2 699
4 700
2 701
5 702
1 703
3 704
5 705
3 706
6 707
2 708
1 709
1 710
2 711
1 712
3 713
1 714
7 715
1 716
2 717
3 718
4 719
6 720
6 721
3 722
3 723
1 726
2 727
2 728
2 729
4 730
5 731
4 732
5 733
3 734
3 735
8 736
4 737
7 738
4 739
2 740
1 741
4 742
3 743
5 744
4 745
2 746
3 747
5 748
7 749
1 750
5 751
7 752
6 753
5 754
3 755
6 756
1 757
8 758
4 760
4 761
3 762
7 763
3 764
5 766
2 767
4 768
1 769
6 770
4 771
9 772
2 773
2 774
7 775
5 776
2 777
7 778
2 779
3 781
5 782
6 783
4 784
4 785
6 786
1 787
4 788
3 789
7 790
6 791
3 792
6 793
7 794
6 795
7 796
2 797
3 798
2 799
4 800
6 801
12 802
7 803
9 804
7 805
6 806
8 807
7 808
5 809
4 810
5 811
3 812
5 813
3 814
5 815
6 816
6 817
5 818
3 819
2 820
3 821
4 823
7 824
1 825
4 826
1 827
4 829
2 830
1 831
5 832
2 833
3 834
1 835
1 836
3 837
3 838
1 839
2 840
5 841
3 842
3 843
1 844
1 845
2 846
4 847
1 848
4 849
3 850
2 851
3 852
6 853
3 854
7 855
1 856
1 857
2 858
2 859
2 860
2 861
3 862
5 863
3 864
2 865
2 866
3 867
2 868
2 869
5 870
4 871
1 872
5 873
4 874
4 875
3 876
7 877
2 878
1 879
1 880
5 881
5 882
5 883
4 884
5 885
3 886
7 887
6 888
9 889
5 890
6 891
1 892
5 893
8 894
4 895
4 896
6 897
6 898
10 899
10 900
7 901
9 902
7 903
6 904
9 905
11 906
7 907
3 908
5 909
3 910
4 911
7 912
4 913
10 914
8 915
10 916
3 917
4 918
10 919
6 920
4 921
5 922
7 923
3 924
10 925
13 926
11 927
4 928
8 929
8 930
8 931
15 932
8 933
9 934
10 935
13 936
12 937
11 938
11 939
11 940
13 941
10 942
18 943
9 944
14 945
22 946
13 947
21 948
22 949
22 950
25 951
26 952
19 953
24 954
19 955
15 956
22 957
20 958
15 959
21 960
26 961
23 962
25 963
18 964
19 965
14 966
22 967
10 968
13 969
14 970
20 971
19 972
13 973
10 974
12 975
11 976
10 977
13 978
6 979
7 980
10 981
15 982
9 983
10 984
14 985
9 986
10 987
9 988
10 989
13 990
10 991
7 992
14 993
18 994
9 995
14 996
17 997
10 998
15 999
14 1000
15 1001
18 1002
10 1003
9 1004
14 1005
16 1006
14 1007
10 1008
15 1009
17 1010
12 1011
10 1012
12 1013
14 1014
12 1015
19 1016
22 1017
17 1018
9 1019
22 1020
22 1021
22 1022
23 1023
23 1024
26 1025
27 1026
30 1027
29 1028
33 1029
44 1030
41 1031
34 1032
26 1033
35 1034
35 1035
40 1036
50 1037
40 1038
37 1039
41 1040
53 1041
61 1042
46 1043
68 1044
54 1045
68 1046
98 1047
84 1048
79 1049
80 1050
81 1051
87 1052
104 1053
87 1054
90 1055
87 1056
100 1057
102 1058
96 1059
99 1060
100 1061
75 1062
96 1063
107 1064
93 1065
103 1066
93 1067
90 1068
106 1069
84 1070
89 1071
95 1072
83 1073
88 1074
102 1075
95 1076
114 1077
95 1078
114 1079
137 1080
124 1081
153 1082
151 1083
174 1084
157 1085
183 1086
191 1087
222 1088
225 1089
210 1090
246 1091
276 1092
300 1093
281 1094
288 1095
285 1096
326 1097
298 1098
340 1099
319 1100
320 1101
294 1102
275 1103
284 1104
286 1105
251 1106
261 1107
232 1108
219 1109
213 1110
173 1111
165 1112
143 1113
127 1114
94 1115
102 1116
65 1117
73 1118
65 1119
58 1120
55 1121
48 1122
29 1123
39 1124
33 1125
21 1126
23 1127
24 1128
21 1129
15 1130
9 1131
13 1132
9 1133
10 1134
11 1135
10 1136
18 1137
12 1138
7 1139
13 1140
5 1141
10 1142
9 1143
5 1144
6 1145
10 1146
12 1147
8 1148
10 1149
12 1150
10 1151
8 1152
9 1153
14 1154
9 1155
6 1156
18 1157
15 1158
16 1159
13 1160
11 1161
11 1162
11 1163
19 1164
13 1165
19 1166
18 1167
15 1168
17 1169
24 1170
19 1171
24 1172
19 1173
26 1174
31 1175
28 1176
18 1177
25 1178
31 1179
54 1180
29 1181
27 1182
30 1183
34 1184
30 1185
32 1186
35 1187
41 1188
31 1189
35 1190
38 1191
21 1192
29 1193
30 1194
37 1195
33 1196
30 1197
25 1198
26 1199
24 1200
18 1201
25 1202
12 1203
15 1204
12 1205
14 1206
19 1207
10 1208
5 1209
11 1210
12 1211
12 1212
5 1213
5 1214
5 1215
4 1216
4 1217
7 1218
7 1219
6 1220
6 1221
5 1222
2 1223
2 1224
5 1225
5 1226
1 1227
5 1228
2 1230
1 1232
3 1234
3 1235
3 1236
5 1237
2 1238
3 1240
5 1241
2 1242
2 1243
1 1244
2 1246
3 1247
4 1248
4 1249
1 1250
3 1251
2 1252
4 1253
3 1254
4 1255
4 1256
2 1257
1 1258
2 1259
3 1260
1 1261
1 1262
1 1263
1 1264
1 1265
4 1266
1 1267
1 1268
2 1269
3 1272
1 1273
2 1274
2 1275
3 1277
2 1278
2 1279
1 1280
5 1281
3 1283
3 1284
3 1285
3 1286
1 1287
2 1288
2 1289
1 1291
1 1292
2 1294
2 1295
3 1297
2 1298
4 1299
2 1300
4 1301
1 1303
3 1304
1 1305
3 1306
2 1307
1 1308
2 1310
3 1311
2 1314
1 1316
3 1318
1 1319
3 1320
1 1321
4 1322
3 1324
2 1325
2 1327
1 1328
4 1330
1 1331
2 1332
1 1333
1 1334
2 1335
2 1337
2 1338
4 1339
1 1340
2 1341
3 1342
3 1345
2 1346
3 1347
1 1348
1 1349
1 1351
1 1352
1 1353
2 1354
1 1355
1 1356
3 1357
1 1358
2 1359
4 1360
1 1361
2 1362
2 1365
1 1366
6 1367
2 1368
3 1369
2 1370
1 1371
2 1372
4 1373
1 1374
4 1375
2 1376
3 1377
1 1378
3 1379
2 1380
1 1381
4 1382
1 1383
1 1384
1 1385
1 1386
2 1387
2 1388
3 1389
2 1390
2 1391
2 1392
2 1393
5 1394
3 1395
3 1396
3 1397
1 1398
2 1399
2 1400
6 1401
3 1402
3 1403
1 1404
2 1405
1 1406
2 1407
3 1408
1 1409
2 1410
1 1411
1 1412
3 1413
4 1414
2 1415
2 1416
2 1418
1 1419
1 1420
2 1421
1 1422
3 1424
3 1425
4 1426
2 1427
2 1428
1 1429
1 1430
3 1431
3 1432
2 1433
1 1434
2 1435
3 1436
1 1437
3 1439
1 1440
3 1441
3 1442
1 1443
1 1444
2 1445
2 1446
3 1447
3 1448
3 1449
1 1450
3 1451
2 1452
2 1453
2 1454
4 1455
1 1456
1 1457
5 1458
2 1459
3 1460
2 1461
2 1462
1 1463
2 1464
3 1465
3 1466
2 1467
4 1468
4 1469
1 1470
4 1471
1 1472
4 1473
1 1474
2 1475
2 1476
1 1477
1 1479
2 1481
4 1483
1 1484
5 1485
3 1486
2 1487
2 1488
3 1489
2 1490
2 1491
1 1492
2 1493
2 1494
2 1495
3 1496
1 1497
2 1498
1 1499
3 1501
1 1502
1 1503
2 1504
1 1505
3 1506
3 1507
2 1508
2 1509
3 1510
2 1512
5 1513
3 1514
2 1515
2 1516
3 1517
1 1518
6 1520
3 1521
1 1522
6 1524
2 1525
5 1526
3 1527
4 1528
4 1529
1 1530
2 1531
3 1532
2 1533
1 1534
2 1535
2 1536
2 1537
3 1540
2 1541
4 1542
4 1543
1 1544
5 1545
4 1546
5 1547
4 1548
7 1549
5 1550
3 1551
3 1552
6 1553
1 1554
3 1555
3 1556
7 1557
5 1558
2 1559
4 1560
5 1561
7 1562
1 1563
5 1564
7 1565
6 1566
4 1567
8 1568
4 1569
5 1570
8 1571
7 1572
4 1573
5 1574
5 1575
3 1576
3 1577
5 1578
6 1579
8 1580
6 1581
5 1582
10 1583
9 1584
7 1585
8 1586
8 1587
8 1588
7 1589
3 1590
12 1591
6 1592
5 1593
10 1594
10 1595
19 1596
16 1597
6 1598
15 1599
9 1600
10 1601
17 1602
13 1603
17 1604
13 1605
10 1606
19 1607
11 1608
13 1609
9 1610
16 1611
11 1612
9 1613
8 1614
12 1615
6 1616
21 1617
16 1618
15 1619
5 1620
19 1621
16 1622
17 1623
10 1624
16 1625
21 1626
14 1627
15 1628
16 1629
12 1630
18 1631
19 1632
14 1633
27 1634
17 1635
17 1636
22 1637
16 1638
23 1639
19 1640
18 1641
16 1642
28 1643
16 1644
14 1645
17 1646
19 1647
10 1648
18 1649
20 1650
19 1651
19 1652
25 1653
20 1654
9 1655
17 1656
19 1657
17 1658
14 1659
15 1660
17 1661
16 1662
19 1663
12 1664
12 1665
12 1666
16 1667
17 1668
20 1669
19 1670
19 1671
12 1672
14 1673
20 1674
21 1675
22 1676
20 1677
17 1678
27 1679
13 1680
22 1681
13 1682
18 1683
29 1684
28 1685
18 1686
20 1687
29 1688
25 1689
32 1690
30 1691
30 1692
30 1693
38 1694
44 1695
29 1696
42 1697
48 1698
50 1699
47 1700
57 1701
59 1702
58 1703
71 1704
59 1705
59 1706
70 1707
77 1708
82 1709
69 1710
75 1711
81 1712
77 1713
93 1714
82 1715
85 1716
103 1717
89 1718
93 1719
84 1720
109 1721
104 1722
112 1723
127 1724
112 1725
109 1726
101 1727
127 1728
113 1729
116 1730
119 1731
114 1732
119 1733
108 1734
112 1735
111 1736
109 1737
104 1738
93 1739
109 1740
88 1741
104 1742
81 1743
86 1744
87 1745
80 1746
69 1747
81 1748
71 1749
58 1750
66 1751
61 1752
50 1753
53 1754
62 1755
46 1756
49 1757
45 1758
38 1759
51 1760
49 1761
31 1762
45 1763
24 1764
26 1765
38 1766
33 1767
28 1768
32 1769
26 1770
22 1771
28 1772
24 1773
25 1774
23 1775
30 1776
17 1777
18 1778
24 1779
20 1780
19 1781
13 1782
16 1783
17 1784
12 1785
21 1786
10 1787
13 1788
5 1789
16 1790
7 1791
12 1792
11 1793
10 1794
10 1795
6 1796
7 1797
6 1798
8 1799
11 1800
8 1801
12 1802
13 1803
7 1804
6 1805
6 1806
2 1807
6 1808
4 1809
7 1810
5 1811
5 1812
4 1813
5 1814
4 1815
4 1816
4 1817
5 1818
9 1819
4 1820
1 1821
5 1822
6 1823
5 1824
5 1825
2 1826
1 1827
3 1828
3 1829
3 1830
6 1831
5 1832
5 1833
6 1834
4 1835
6 1836
4 1837
3 1838
2 1839
7 1840
6 1841
3 1842
7 1843
2 1844
5 1845
4 1846
9 1847
1 1848
2 1849
2 1850
2 1851
4 1852
8 1853
4 1854
4 1855
5 1856
6 1857
6 1858
4 1859
4 1860
2 1861
2 1862
7 1863
3 1864
10 1865
4 1866
10 1867
3 1868
8 1869
9 1870
6 1871
5 1872
8 1873
6 1874
3 1875
8 1876
8 1877
3 1878
6 1879
7 1880
12 1881
13 1882
10 1883
8 1884
14 1885
12 1886
14 1887
16 1888
8 1889
14 1890
23 1891
24 1892
18 1893
18 1894
24 1895
13 1896
24 1897
25 1898
25 1899
16 1900
24 1901
28 1902
34 1903
33 1904
37 1905
26 1906
37 1907
32 1908
38 1909
39 1910
62 1911
48 1912
53 1913
50 1914
42 1915
62 1916
50 1917
41 1918
70 1919
55 1920
53 1921
50 1922
65 1923
60 1924
59 1925
62 1926
54 1927
65 1928
52 1929
49 1930
68 1931
56 1932
37 1933
46 1934
32 1935
39 1936
47 1937
40 1938
37 1939
35 1940
31 1941
28 1942
32 1943
24 1944
15 1945
22 1946
17 1947
16 1948
22 1949
13 1950
9 1951
17 1952
17 1953
14 1954
7 1955
13 1956
5 1957
10 1958
8 1959
8 1960
6 1961
4 1962
4 1963
3 1964
4 1965
4 1966
4 1967
4 1968
1 1970
4 1971
2 1972
2 1973
3 1974
1 1975
1 1977
2 1979
1 1980
1 1981
1 1982
1 1983
1 1984
3 1985
1 1988
1 1992
2 1994
1 1996
1 2007
1 2011
1 2027
1 2036
1 2070
1 2079
1 2090
1 2113
1 2125
1 2135
1 2140
1 2159
1 2164
1 2179
1 2192
1 2201
1 2215
1 2217
1 2224
1 2232
1 2243
1 2244
1 2264
1 2267
1 2270
1 2271
1 2275
1 2281
1 2289
1 2298
2 2300
1 2301
2 2302
1 2316
1 2323
1 2336
1 2344
1 2353
1 2355
1 2360
1 2376
1 2383
1 2397
1 2398
1 2405
1 2420
1 2435
1 2463
1 2484
1 2496
1 2514
1 2530
1 2588
1 2596
2 2597
1 2603
1 2611
1 2618
1 2621
2 2629
2 2632
2 2635
1 2637
1 2642
1 2649
2 2651
1 2653
2 2658
1 2667
2 2725
1 2746
1 2759
1 2778
1 2782
1 2824
1 2879
1 2883
1 2891
1 2936
1 2945
1 2947
1 2952
1 2961
1 3089
1 3117
1 3121
1 3137
1 3280
1 3340
1 3471
1 3548
1 3560
1 3567
1 3592
1 3640
1 3647
1 3741
