3 2
4 3
1 5
5 6
2 7
3 8
3 10
2 11
2 12
3 13
2 14
3 15
4 16
3 17
3 18
5 20
7 21
4 22
5 23
2 24
1 25
6 27
1 28
2 29
5 30
4 31
1 32
6 33
1 34
5 35
1 37
1 38
4 39
4 40
2 41
1 42
2 43
3 44
3 45
6 46
2 47
1 48
2 49
6 50
4 51
3 52
7 53
1 54
1 55
1 56
3 57
6 58
3 59
3 60
1 61
3 62
4 63
4 64
7 65
5 66
10 67
7 68
5 69
3 70
3 71
8 72
5 73
3 74
3 75
5 76
4 77
9 79
9 80
2 81
6 82
9 83
6 84
4 85
7 86
3 87
5 88
2 89
3 92
4 93
8 94
6 95
2 96
2 97
6 98
5 99
2 100
2 101
6 102
6 103
5 104
4 105
1 106
6 107
2 108
8 109
8 110
6 111
3 112
8 113
2 114
3 115
7 116
4 117
7 118
11 119
6 120
8 121
9 122
5 123
6 124
6 125
6 126
8 127
6 128
6 129
6 130
5 131
12 132
14 133
13 134
13 135
8 136
5 137
5 138
3 139
7 140
5 141
5 142
8 143
6 144
9 145
4 146
7 147
17 148
7 149
14 150
13 151
9 152
13 153
10 154
9 155
10 156
14 157
17 158
7 159
9 160
10 161
15 162
13 163
21 164
17 165
21 166
25 167
22 168
21 169
17 170
12 171
17 172
11 173
7 174
14 175
11 176
10 177
8 178
3 179
7 180
3 181
11 182
6 183
7 184
8 185
6 186
6 187
7 188
7 189
7 190
8 191
13 192
8 193
10 194
3 195
9 196
10 197
7 198
10 199
9 200
6 201
14 202
9 203
14 204
8 205
11 206
9 207
10 208
8 209
3 210
10 211
10 212
11 213
4 214
6 215
12 216
15 217
9 218
9 219
14 220
7 221
10 222
16 223
12 224
9 225
20 226
18 227
18 228
14 229
16 230
18 231
15 232
12 233
20 234
19 235
20 236
21 237
24 238
27 239
43 240
36 241
47 242
48 243
43 244
46 245
55 246
56 247
82 248
100 249
87 250
92 251
108 252
105 253
118 254
108 255
121 256
90 257
96 258
65 259
64 260
42 261
53 262
28 263
31 264
16 265
9 266
16 267
15 268
10 269
15 270
12 271
13 272
18 273
15 274
21 275
15 276
13 277
17 278
21 279
16 280
18 281
22 282
25 283
32 284
23 285
25 286
30 287
22 288
28 289
31 290
31 291
38 292
45 293
26 294
25 295
36 296
36 297
28 298
28 299
28 300
20 301
29 302
26 303
16 304
13 305
20 306
18 307
23 308
15 309
15 310
9 311
16 312
15 313
19 314
23 315
22 316
21 317
19 318
23 319
18 320
14 321
18 322
18 323
21 324
20 325
22 326
23 327
24 328
26 329
25 330
19 331
30 332
35 333
23 334
25 335
34 336
37 337
28 338
32 339
39 340
39 341
31 342
27 343
42 344
30 345
37 346
42 347
31 348
37 349
42 350
41 351
53 352
31 353
55 354
58 355
57 356
56 357
46 358
46 359
40 360
50 361
56 362
35 363
49 364
31 365
31 366
38 367
37 368
38 369
27 370
36 371
24 372
28 373
36 374
32 375
35 376
29 377
41 378
34 379
48 380
41 381
43 382
31 383
42 384
43 385
49 386
39 387
39 388
45 389
52 390
46 391
55 392
58 393
40 394
64 395
60 396
62 397
74 398
82 399
122 400
148 401
145 402
175 403
192 404
251 405
310 406
347 407
410 408
366 409
452 410
430 411
440 412
481 413
421 414
419 415
352 416
336 417
278 418
277 419
223 420
196 421
175 422
128 423
99 424
102 425
68 426
71 427
48 428
39 429
50 430
39 431
31 432
28 433
29 434
32 435
22 436
25 437
21 438
29 439
21 440
24 441
25 442
32 443
32 444
34 445
31 446
44 447
28 448
42 449
38 450
41 451
34 452
59 453
48 454
42 455
41 456
45 457
35 458
47 459
51 460
56 461
44 462
47 463
66 464
49 465
58 466
71 467
74 468
62 469
84 470
83 471
83 472
63 473
59 474
77 475
80 476
58 477
58 478
64 479
52 480
48 481
43 482
46 483
27 484
41 485
29 486
29 487
17 488
16 489
22 490
15 491
15 492
11 493
13 494
16 495
7 496
7 497
11 498
10 499
6 500
12 501
14 502
9 503
9 504
6 505
8 506
12 507
13 508
17 509
11 510
13 511
15 512
11 513
8 514
6 515
17 516
7 517
8 518
8 519
18 520
11 521
7 522
13 523
9 524
9 525
9 526
7 527
10 528
11 529
13 530
19 531
17 532
16 533
15 534
12 535
22 536
14 537
16 538
18 539
28 540
22 541
18 542
20 543
15 544
17 545
22 546
17 547
20 548
10 549
20 550
4 551
20 552
12 553
18 554
19 555
16 556
11 557
12 558
17 559
19 560
18 561
17 562
18 563
30 564
23 565
32 566
25 567
33 568
24 569
27 570
30 571
27 572
22 573
26 574
24 575
19 576
24 577
12 578
14 579
22 580
21 581
11 582
14 583
5 584
11 585
17 586
9 587
9 588
11 589
11 590
13 591
6 592
9 593
7 594
10 595
17 596
7 597
5 598
4 599
13 600
9 601
6 602
7 603
2 604
10 605
10 606
12 607
8 608
12 609
8 610
7 611
14 612
5 613
7 614
6 615
9 616
13 617
6 618
11 619
10 620
8 621
5 622
7 623
6 624
6 625
10 626
10 627
9 628
12 629
8 630
6 631
12 632
11 633
13 634
9 635
12 636
6 637
11 638
5 639
14 640
12 641
13 642
12 643
10 644
8 645
9 646
14 647
8 648
10 649
5 650
6 651
14 652
12 653
8 654
9 655
11 656
16 657
9 658
17 659
13 660
10 661
11 662
18 663
8 664
18 665
16 666
12 667
15 668
11 669
7 670
18 671
15 672
24 673
17 674
13 675
13 676
20 677
8 678
15 679
21 680
18 681
19 682
16 683
19 684
17 685
17 686
20 687
35 688
12 689
22 690
16 691
22 692
19 693
24 694
24 695
24 696
23 697
22 698
28 699
23 700
29 701
42 702
36 703
38 704
30 705
28 706
45 707
32 708
39 709
36 710
37 711
45 712
46 713
43 714
43 715
47 716
45 717
48 718
39 719
62 720
44 721
41 722
45 723
45 724
48 725
55 726
42 727
43 728
43 729
50 730
51 731
40 732
33 733
39 734
43 735
54 736
53 737
49 738
47 739
52 740
43 741
52 742
55 743
50 744
58 745
49 746
42 747
42 748
58 749
48 750
43 751
61 752
63 753
46 754
55 755
66 756
81 757
61 758
58 759
65 760
45 761
43 762
56 763
51 764
36 765
39 766
51 767
39 768
43 769
55 770
52 771
40 772
34 773
36 774
47 775
48 776
39 777
38 778
39 779
39 780
36 781
44 782
39 783
50 784
38 785
40 786
42 787
58 788
49 789
47 790
44 791
54 792
62 793
66 794
56 795
75 796
83 797
85 798
69 799
73 800
85 801
93 802
112 803
102 804
119 805
116 806
118 807
117 808
145 809
180 810
161 811
165 812
184 813
220 814
203 815
203 816
263 817
264 818
287 819
266 820
310 821
282 822
328 823
331 824
388 825
374 826
400 827
397 828
391 829
390 830
374 831
371 832
384 833
352 834
352 835
312 836
303 837
257 838
257 839
252 840
252 841
263 842
240 843
208 844
191 845
189 846
160 847
172 848
181 849
183 850
196 851
193 852
221 853
170 854
181 855
189 856
208 857
191 858
199 859
204 860
222 861
198 862
194 863
199 864
203 865
210 866
183 867
154 868
182 869
154 870
167 871
140 872
135 873
128 874
122 875
105 876
95 877
84 878
88 879
70 880
66 881
67 882
35 883
40 884
37 885
32 886
31 887
25 888
31 889
20 890
21 891
21 892
21 893
17 894
20 895
16 896
14 897
23 898
14 899
11 900
8 901
11 902
11 903
8 904
10 905
11 906
11 907
12 908
10 909
8 910
10 911
10 912
6 913
15 914
8 915
12 916
13 917
16 918
11 919
14 920
9 921
13 922
13 923
9 924
17 925
21 926
19 927
15 928
17 929
22 930
17 931
16 932
14 933
23 934
15 935
18 936
20 937
11 938
19 939
21 940
25 941
25 942
24 943
29 944
33 945
27 946
14 947
26 948
27 949
21 950
26 951
27 952
18 953
28 954
24 955
31 956
24 957
23 958
36 959
24 960
25 961
29 962
32 963
28 964
26 965
34 966
34 967
26 968
36 969
24 970
28 971
30 972
29 973
35 974
28 975
31 976
27 977
21 978
27 979
19 980
28 981
18 982
15 983
13 984
23 985
11 986
19 987
26 988
13 989
10 990
13 991
15 992
9 993
13 994
8 995
11 996
5 997
12 998
9 999
14 1000
15 1001
14 1002
13 1003
18 1004
8 1005
17 1006
17 1007
17 1008
18 1009
27 1010
20 1011
17 1012
17 1013
19 1014
25 1015
39 1016
42 1017
34 1018
45 1019
36 1020
41 1021
48 1022
22 1023
37 1024
41 1025
38 1026
47 1027
55 1028
41 1029
50 1030
39 1031
50 1032
33 1033
39 1034
29 1035
32 1036
30 1037
28 1038
28 1039
35 1040
24 1041
19 1042
29 1043
24 1044
24 1045
24 1046
18 1047
20 1048
23 1049
23 1050
16 1051
16 1052
14 1053
19 1054
19 1055
13 1056
25 1057
14 1058
21 1059
28 1060
21 1061
22 1062
13 1063
17 1064
23 1065
29 1066
13 1067
29 1068
16 1069
23 1070
21 1071
25 1072
30 1073
24 1074
21 1075
26 1076
30 1077
36 1078
23 1079
23 1080
24 1081
33 1082
38 1083
35 1084
35 1085
45 1086
36 1087
36 1088
42 1089
43 1090
40 1091
33 1092
33 1093
46 1094
45 1095
46 1096
38 1097
28 1098
32 1099
37 1100
38 1101
35 1102
26 1103
35 1104
41 1105
36 1106
35 1107
42 1108
31 1109
37 1110
43 1111
30 1112
34 1113
44 1114
39 1115
40 1116
39 1117
37 1118
40 1119
57 1120
48 1121
32 1122
30 1123
31 1124
35 1125
26 1126
43 1127
44 1128
38 1129
30 1130
29 1131
26 1132
28 1133
23 1134
18 1135
21 1136
10 1137
19 1138
11 1139
14 1140
11 1141
14 1142
11 1143
7 1144
9 1145
11 1146
11 1147
10 1148
10 1149
7 1150
6 1151
3 1152
2 1153
2 1154
5 1155
1 1156
3 1157
2 1158
5 1159
2 1160
2 1161
1 1162
1 1165
3 1166
1 1167
1 1168
2 1169
3 1170
1 1171
3 1173
4 1174
3 1175
1 1176
2 1177
2 1178
1 1179
1 1181
1 1182
1 1183
1 1184
2 1185
1 1187
3 1189
1 1190
2 1191
1 1192
1 1193
1 1194
1 1196
1 1197
1 1198
2 1201
1 1202
3 1206
1 1209
2 1210
1 1211
1 1212
1 1213
2 1214
1 1215
1 1216
2 1217
2 1218
1 1219
1 1221
3 1223
1 1226
1 1227
1 1229
2 1230
2 1231
1 1232
4 1233
6 1234
2 1236
2 1237
1 1238
2 1239
4 1240
2 1241
4 1242
5 1243
1 1244
4 1245
3 1246
4 1247
1 1249
2 1250
2 1251
1 1252
3 1253
3 1254
2 1255
3 1257
3 1258
2 1259
3 1262
1 1263
1 1264
5 1265
2 1266
1 1267
1 1268
3 1270
1 1271
5 1272
2 1273
2 1274
4 1275
4 1276
6 1277
4 1278
2 1279
1 1280
1 1281
3 1282
2 1283
3 1284
2 1285
4 1286
3 1287
1 1288
2 1289
3 1291
3 1292
3 1293
5 1295
2 1296
3 1297
1 1298
3 1299
3 1301
2 1302
4 1303
1 1304
3 1306
3 1307
1 1308
3 1310
2 1311
1 1312
3 1313
1 1314
3 1316
2 1317
4 1318
2 1319
6 1320
2 1321
2 1322
1 1323
3 1324
1 1325
3 1326
5 1327
5 1328
5 1330
2 1331
2 1332
2 1333
2 1334
7 1335
3 1336
3 1338
6 1339
3 1340
7 1341
5 1342
5 1343
1 1344
9 1345
10 1346
2 1347
12 1348
4 1349
7 1350
4 1351
4 1352
6 1353
8 1354
9 1355
12 1356
11 1357
7 1358
10 1359
12 1360
5 1361
14 1362
12 1363
11 1364
15 1365
19 1366
16 1367
13 1368
13 1369
23 1370
22 1371
33 1372
19 1373
19 1374
25 1375
27 1376
18 1377
27 1378
18 1379
29 1380
23 1381
23 1382
29 1383
28 1384
25 1385
20 1386
15 1387
27 1388
24 1389
19 1390
22 1391
20 1392
20 1393
21 1394
19 1395
10 1396
16 1397
8 1398
15 1399
10 1400
15 1401
9 1402
7 1403
5 1404
7 1405
9 1406
11 1407
4 1408
5 1409
3 1410
7 1411
3 1412
3 1413
3 1414
5 1415
2 1416
1 1417
1 1418
1 1419
2 1421
3 1422
2 1425
2 1426
1 1428
1 1429
1 1430
1 1431
1 1432
1 1433
1 1434
1 1435
1 1436
2 1437
1 1439
1 1441
2 1443
1 1444
2 1445
1 1447
1 1448
1 1449
1 1450
1 1451
1 1453
1 1455
3 1456
2 1462
1 1463
2 1464
1 1465
2 1466
1 1470
1 1472
1 1473
1 1474
2 1480
1 1484
1 1490
1 1495
1 1499
2 1500
1 1504
2 1505
1 1509
1 1511
2 1513
1 1516
3 1519
1 1520
1 1523
1 1525
2 1528
1 1531
1 1533
1 1535
1 1538
1 1539
1 1540
3 1542
1 1556
1 1557
1 1561
2 1564
1 1567
1 1572
2 1573
2 1580
1 1584
1 1585
1 1586
1 1588
1 1592
2 1593
2 1594
1 1599
1 1602
3 1604
1 1605
1 1608
2 1610
1 1611
1 1612
1 1613
3 1614
2 1615
1 1616
1 1619
1 1623
1 1626
1 1627
1 1628
2 1629
1 1630
3 1631
1 1637
2 1638
1 1639
2 1640
1 1641
1 1642
1 1643
1 1646
1 1648
1 1649
3 1651
1 1654
2 1656
1 1658
1 1660
1 1661
3 1665
1 1671
2 1672
1 1673
1 1674
1 1680
1 1682
1 1684
1 1685
1 1686
1 1687
1 1689
1 1691
1 1693
1 1694
1 1696
2 1697
1 1700
1 1701
2 1702
2 1703
1 1705
1 1707
2 1716
2 1722
1 1723
1 1724
1 1728
1 1729
1 1730
1 1733
3 1734
2 1735
1 1743
1 1745
1 1749
1 1752
1 1753
1 1755
1 1757
1 1760
1 1767
1 1771
2 1773
2 1774
1 1775
2 1778
1 1780
1 1781
1 1782
1 1783
1 1786
1 1787
2 1788
1 1789
1 1791
1 1792
3 1793
3 1796
1 1797
3 1798
1 1804
1 1808
2 1809
1 1812
1 1813
1 1814
1 1815
1 1817
1 1822
1 1825
3 1827
1 1829
3 1832
1 1833
1 1834
1 1835
1 1839
2 1840
2 1842
1 1843
4 1844
1 1845
1 1846
2 1847
2 1848
3 1850
2 1853
1 1854
2 1856
3 1858
1 1860
1 1862
2 1863
1 1865
1 1869
1 1872
1 1875
2 1876
2 1877
1 1878
2 1881
1 1883
1 1884
2 1885
1 1887
1 1890
1 1892
2 1893
1 1895
1 1896
2 1899
3 1904
1 1905
3 1906
1 1907
2 1910
1 1912
3 1913
1 1914
3 1917
1 1920
2 1921
2 1922
3 1924
4 1925
2 1926
1 1927
2 1928
2 1929
1 1930
1 1931
3 1932
3 1933
2 1935
1 1936
2 1937
2 1938
2 1939
1 1940
2 1941
1 1942
1 1944
4 1945
2 1946
3 1947
1 1948
1 1949
1 1950
1 1951
2 1953
3 1955
2 1956
4 1957
1 1958
2 1961
2 1963
2 1965
1 1967
1 1968
2 1969
1 1970
1 1971
1 1972
1 1976
2 1977
1 1978
1 1981
2 1982
2 1984
3 1986
1 1987
1 1990
1 1992
3 1995
1 1996
1 1997
1 1999
2 2000
1 2002
1 2003
3 2004
2 2005
2 2006
2 2008
1 2010
2 2012
4 2013
2 2014
1 2016
1 2017
3 2018
2 2019
1 2020
1 2021
3 2022
2 2023
2 2024
2 2025
1 2026
2 2027
2 2028
2 2029
2 2031
1 2032
1 2033
2 2034
1 2035
1 2036
2 2037
3 2038
1 2039
1 2041
1 2042
1 2043
1 2044
1 2045
1 2048
2 2054
1 2055
3 2056
1 2059
2 2062
1 2065
3 2066
2 2067
2 2068
1 2069
1 2070
2 2074
1 2075
2 2078
2 2079
3 2080
1 2085
1 2087
2 2095
1 2097
1 2099
1 2103
1 2104
1 2105
2 2106
2 2107
3 2108
2 2109
1 2110
1 2111
2 2113
1 2116
1 2117
1 2120
2 2122
4 2123
1 2124
2 2125
1 2126
2 2129
2 2131
1 2133
1 2135
4 2136
2 2137
2 2139
1 2140
1 2141
6 2142
1 2143
3 2144
1 2145
2 2146
1 2147
1 2148
2 2149
3 2150
3 2151
3 2152
1 2153
3 2154
2 2155
1 2156
2 2157
1 2158
3 2159
2 2160
1 2162
1 2163
3 2164
2 2165
2 2166
2 2167
1 2168
1 2169
1 2171
2 2172
2 2173
2 2174
2 2175
2 2176
2 2180
1 2184
1 2185
2 2186
2 2187
1 2188
1 2191
1 2192
2 2193
1 2196
2 2197
1 2198
1 2199
1 2204
2 2205
1 2206
1 2208
1 2209
1 2210
1 2216
2 2217
2 2220
1 2226
2 2232
1 2234
1 2235
1 2241
1 2242
1 2245
1 2248
3 2249
3 2252
1 2253
1 2254
1 2255
3 2258
1 2259
2 2260
1 2261
2 2267
1 2269
6 2271
1 2272
2 2273
1 2274
2 2275
2 2277
1 2279
1 2280
2 2281
1 2283
1 2284
2 2287
2 2289
2 2290
2 2291
1 2293
2 2294
2 2295
2 2296
1 2297
2 2298
1 2299
1 2300
1 2301
3 2302
1 2303
2 2304
2 2305
1 2306
1 2307
1 2308
1 2309
1 2310
1 2311
1 2312
1 2313
2 2314
3 2316
1 2317
3 2318
2 2319
1 2320
2 2321
1 2322
1 2323
1 2324
2 2325
2 2327
1 2328
3 2330
3 2331
2 2332
3 2334
2 2335
1 2336
2 2337
4 2338
4 2340
2 2341
1 2342
2 2343
3 2344
1 2345
3 2346
3 2347
1 2348
1 2349
3 2350
2 2351
2 2352
3 2353
3 2354
4 2355
2 2356
3 2357
2 2358
1 2359
2 2360
2 2361
1 2362
2 2364
3 2365
3 2366
2 2367
2 2368
2 2369
3 2370
5 2371
5 2372
3 2373
3 2374
3 2375
5 2376
2 2377
2 2378
2 2379
2 2380
3 2381
2 2382
6 2383
5 2384
4 2385
8 2386
1 2387
2 2388
2 2389
3 2390
8 2391
4 2392
4 2393
1 2394
3 2395
3 2396
6 2397
8 2398
7 2399
9 2400
5 2401
9 2402
7 2403
5 2404
10 2405
7 2406
7 2407
7 2408
9 2409
4 2410
10 2411
5 2412
8 2413
6 2414
8 2415
11 2416
5 2417
3 2418
4 2419
5 2420
6 2421
1 2422
7 2423
6 2424
2 2425
1 2426
7 2427
5 2428
3 2429
7 2430
4 2431
2 2432
9 2433
2 2434
8 2435
4 2436
5 2437
7 2438
8 2439
6 2440
2 2441
5 2443
5 2444
3 2445
3 2446
3 2447
5 2448
2 2449
1 2450
4 2451
2 2452
5 2453
9 2454
7 2455
2 2456
7 2457
8 2458
3 2459
3 2460
9 2461
5 2462
4 2463
11 2464
3 2465
7 2466
5 2467
6 2468
6 2469
6 2470
10 2471
10 2472
8 2473
12 2474
8 2475
5 2476
11 2477
8 2478
7 2479
4 2480
15 2481
19 2482
10 2483
14 2484
12 2485
10 2486
6 2487
8 2488
12 2489
7 2490
12 2491
13 2492
8 2493
15 2494
10 2495
14 2496
11 2497
13 2498
16 2499
9 2500
15 2501
7 2502
5 2503
12 2504
14 2505
10 2506
11 2507
9 2508
13 2509
6 2510
6 2511
5 2512
9 2513
7 2514
4 2515
4 2516
3 2517
2 2518
7 2519
7 2520
13 2521
8 2522
6 2523
4 2524
6 2525
2 2526
4 2527
3 2528
4 2529
2 2530
3 2531
2 2532
5 2533
2 2534
5 2535
3 2536
1 2537
3 2538
3 2539
1 2540
2 2541
3 2542
3 2543
2 2544
1 2545
1 2546
2 2547
1 2548
5 2549
1 2550
5 2551
1 2552
3 2554
3 2555
4 2556
3 2557
3 2558
2 2559
2 2560
1 2561
2 2562
2 2563
4 2564
1 2565
3 2566
5 2567
4 2568
1 2569
1 2571
1 2572
1 2573
2 2574
2 2575
1 2576
2 2577
2 2578
2 2580
1 2581
2 2582
1 2583
3 2585
1 2586
2 2587
2 2588
2 2590
1 2591
1 2592
3 2593
2 2594
1 2598
3 2599
1 2601
2 2602
1 2604
4 2605
1 2606
1 2607
1 2609
1 2611
1 2612
1 2613
1 2615
1 2620
1 2622
2 2623
2 2624
2 2625
2 2626
1 2627
3 2628
1 2631
1 2634
1 2635
1 2637
1 2638
2 2639
1 2640
1 2643
1 2647
2 2648
1 2649
1 2650
3 2651
2 2652
2 2654
1 2656
3 2657
2 2663
1 2664
1 2667
1 2668
1 2669
1 2671
1 2674
1 2675
1 2677
3 2678
1 2679
2 2681
2 2682
1 2683
1 2684
2 2685
1 2687
1 2688
1 2689
1 2691
1 2692
2 2694
2 2695
5 2696
3 2697
2 2698
2 2699
4 2700
3 2701
2 2702
1 2703
3 2704
3 2705
4 2706
1 2707
5 2708
1 2709
1 2710
1 2711
2 2712
3 2713
4 2714
2 2715
1 2716
3 2717
3 2718
5 2719
3 2720
3 2721
4 2722
1 2723
5 2724
4 2726
1 2727
2 2728
3 2729
5 2730
2 2731
3 2732
1 2734
2 2735
3 2736
2 2737
4 2738
1 2739
2 2740
1 2742
3 2743
1 2744
2 2746
1 2747
2 2751
2 2754
3 2755
1 2756
3 2757
1 2759
1 2760
2 2766
1 2771
3 2775
1 2784
3 2790
2 2792
1 2793
1 2794
1 2797
1 2798
1 2801
1 2802
1 2804
1 2805
1 2807
1 2808
1 2812
1 2813
2 2819
1 2820
1 2823
1 2825
2 2826
1 2829
1 2830
2 2831
1 2832
1 2833
3 2836
1 2839
1 2841
1 2842
1 2845
1 2846
2 2849
1 2850
1 2856
1 2863
2 2865
1 2877
1 2884
1 2904
1 2915
1 2916
1 2927
1 2944
1 2946
1 2962
1 2970
1 2988
1 2994
1 3009
1 3013
2 3032
1 3040
2 3041
1 3049
1 3057
1 3061
1 3066
1 3069
1 3071
2 3073
1 3087
1 3094
1 3098
1 3100
1 3103
2 3104
1 3105
1 3107
1 3108
1 3109
1 3112
1 3113
1 3114
1 3117
2 3120
1 3123
3 3124
2 3129
2 3131
1 3132
1 3135
1 3137
1 3138
1 3139
2 3141
1 3144
1 3145
1 3146
1 3147
1 3156
1 3157
1 3162
1 3163
1 3165
1 3167
1 3170
1 3171
2 3174
2 3178
1 3182
1 3184
1 3187
1 3193
1 3198
1 3230
1 3231
1 3288
1 3306
1 3501
1 3577
1 3618
1 3626
1 3671
1 3689
1 3832
1 3868
1 3949
1 4064
1 4234
1 4400
1 4496
1 4614
1 4805
1 4819
1 5193
