1 1
1 3
1 6
2 7
1 8
1 12
1 14
1 16
1 19
2 21
3 22
2 23
1 28
2 29
1 30
1 31
1 35
3 37
1 38
4 39
3 40
4 41
1 42
8 43
2 44
1 47
2 48
1 50
2 51
3 52
1 53
1 54
1 56
2 57
1 58
2 59
4 60
1 61
1 62
1 63
2 64
3 65
3 66
3 67
3 68
10 69
5 70
4 71
2 72
2 73
2 74
3 75
4 76
2 78
2 80
1 81
2 82
3 83
1 84
1 85
1 86
2 87
2 88
1 89
3 90
3 91
1 93
3 95
2 96
1 97
2 98
3 99
1 100
3 101
1 102
5 103
5 104
2 105
5 107
2 108
5 109
2 110
3 111
8 112
1 114
3 115
5 116
2 117
3 118
2 119
7 120
1 121
4 122
4 123
3 125
2 127
3 128
1 129
1 130
4 131
1 132
3 133
2 134
3 135
2 136
6 138
5 139
4 140
3 141
3 142
2 143
4 144
2 145
1 146
1 147
4 148
2 149
2 150
2 151
5 152
6 153
5 154
4 155
6 156
2 157
2 158
2 159
4 160
5 161
2 162
8 163
3 164
5 165
3 166
5 167
4 168
4 169
7 170
6 171
1 172
4 173
2 174
4 175
1 176
8 177
3 178
3 179
3 180
3 181
7 183
3 184
5 185
3 186
1 187
4 188
2 189
2 190
4 191
5 192
7 194
6 195
3 196
5 197
3 198
6 199
1 200
5 201
2 202
5 203
3 204
3 205
2 206
5 207
7 208
2 209
4 210
7 211
6 212
4 213
7 214
6 215
3 216
4 217
4 218
2 219
5 220
10 221
3 222
6 223
3 224
7 225
4 226
1 227
11 228
3 229
4 230
4 231
6 232
2 233
11 234
6 235
6 236
5 237
7 238
7 239
2 240
1 241
4 242
4 243
7 244
3 245
9 246
3 247
6 248
6 249
8 250
5 251
5 252
3 253
6 254
8 255
2 256
6 257
6 258
2 259
3 260
4 261
7 262
9 263
5 264
3 265
13 266
2 267
9 268
5 269
7 270
12 271
5 272
6 273
7 274
6 275
5 276
14 277
4 278
4 279
17 280
9 281
11 282
6 283
15 284
16 285
13 286
17 287
16 288
17 289
14 290
17 291
20 292
23 293
18 294
16 295
14 296
23 297
16 298
28 299
19 300
17 301
9 302
13 303
17 304
16 305
15 306
10 307
20 308
12 309
14 310
23 311
16 312
12 313
20 314
18 315
22 316
32 317
27 318
24 319
21 320
21 321
22 322
17 323
20 324
21 325
16 326
11 327
22 328
12 329
12 330
9 331
23 332
22 333
19 334
14 335
25 336
34 337
26 338
29 339
43 340
46 341
47 342
54 343
51 344
61 345
86 346
92 347
73 348
87 349
95 350
107 351
117 352
166 353
170 354
170 355
186 356
211 357
216 358
261 359
230 360
196 361
177 362
203 363
173 364
143 365
121 366
111 367
77 368
66 369
48 370
45 371
31 372
32 373
32 374
17 375
24 376
21 377
14 378
21 379
16 380
15 381
18 382
25 383
29 384
26 385
34 386
25 387
20 388
31 389
35 390
34 391
39 392
31 393
34 394
44 395
47 396
44 397
39 398
46 399
42 400
50 401
38 402
49 403
38 404
51 405
39 406
25 407
37 408
45 409
32 410
33 411
36 412
28 413
35 414
48 415
37 416
37 417
34 418
48 419
51 420
50 421
68 422
57 423
70 424
90 425
87 426
93 427
103 428
121 429
117 430
144 431
137 432
176 433
188 434
200 435
174 436
205 437
204 438
195 439
194 440
177 441
191 442
162 443
134 444
144 445
110 446
118 447
108 448
89 449
98 450
78 451
68 452
87 453
59 454
39 455
56 456
49 457
31 458
45 459
31 460
51 461
39 462
32 463
40 464
43 465
39 466
22 467
30 468
42 469
36 470
37 471
34 472
37 473
31 474
39 475
28 476
37 477
26 478
21 479
24 480
15 481
32 482
24 483
18 484
10 485
15 486
10 487
16 488
15 489
18 490
22 491
21 492
28 493
23 494
27 495
19 496
28 497
30 498
21 499
28 500
41 501
26 502
43 503
35 504
34 505
57 506
50 507
60 508
78 509
68 510
90 511
79 512
76 513
88 514
103 515
88 516
88 517
92 518
84 519
97 520
70 521
97 522
49 523
73 524
63 525
56 526
56 527
48 528
42 529
41 530
37 531
33 532
23 533
28 534
17 535
20 536
14 537
17 538
13 539
10 540
12 541
19 542
22 543
18 544
13 545
18 546
14 547
15 548
18 549
17 550
22 551
24 552
18 553
16 554
31 555
28 556
29 557
39 558
32 559
31 560
43 561
32 562
40 563
41 564
42 565
50 566
53 567
63 568
59 569
68 570
74 571
74 572
64 573
93 574
95 575
93 576
102 577
100 578
138 579
142 580
159 581
192 582
204 583
226 584
236 585
275 586
261 587
332 588
297 589
359 590
358 591
361 592
367 593
364 594
353 595
319 596
312 597
307 598
252 599
270 600
218 601
202 602
164 603
119 604
128 605
102 606
83 607
74 608
49 609
39 610
39 611
36 612
26 613
17 614
15 615
22 616
15 617
11 618
9 619
12 620
9 621
12 622
12 623
9 624
11 625
8 626
6 627
11 628
12 629
4 630
8 631
6 632
6 633
11 634
5 635
9 636
5 637
4 638
4 639
15 640
9 641
1 642
7 643
14 644
6 645
6 646
8 647
6 648
6 649
6 650
5 651
7 652
4 653
10 654
5 655
6 656
4 657
8 658
8 659
6 660
4 661
10 662
14 663
3 664
10 665
13 666
5 667
8 668
9 669
9 670
6 671
9 672
12 673
7 674
13 675
5 676
11 677
7 678
4 679
7 680
9 681
6 682
7 683
8 684
11 685
10 686
11 687
8 688
9 689
10 690
7 691
13 692
9 693
8 694
12 695
12 696
12 697
11 698
11 699
13 700
23 701
14 702
14 703
13 704
7 705
18 706
18 707
15 708
21 709
21 710
19 711
17 712
23 713
31 714
33 715
22 716
27 717
43 718
35 719
44 720
36 721
32 722
40 723
55 724
62 725
70 726
52 727
98 728
94 729
84 730
101 731
114 732
101 733
123 734
142 735
162 736
204 737
220 738
215 739
272 740
274 741
267 742
353 743
329 744
358 745
358 746
383 747
408 748
394 749
386 750
426 751
385 752
369 753
384 754
328 755
334 756
308 757
276 758
256 759
233 760
193 761
177 762
160 763
171 764
134 765
117 766
113 767
84 768
94 769
77 770
47 771
59 772
48 773
56 774
39 775
42 776
29 777
31 778
36 779
34 780
22 781
27 782
17 783
19 784
17 785
21 786
18 787
20 788
23 789
13 790
12 791
15 792
15 793
12 794
12 795
16 796
10 797
12 798
13 799
17 800
14 801
10 802
10 803
11 804
12 805
13 806
7 807
14 808
8 809
16 810
9 811
11 812
6 813
12 814
11 815
7 816
5 817
4 818
6 819
7 820
7 821
4 822
6 823
8 824
7 825
6 826
9 827
3 828
8 829
8 830
5 831
8 832
8 833
5 834
9 835
8 836
3 837
8 838
7 839
12 840
4 841
10 842
14 843
9 844
12 845
11 846
14 847
11 848
15 849
15 850
15 851
23 852
16 853
14 854
8 855
13 856
17 857
18 858
22 859
19 860
18 861
25 862
24 863
29 864
32 865
29 866
33 867
35 868
31 869
22 870
52 871
43 872
36 873
49 874
46 875
47 876
58 877
72 878
47 879
61 880
66 881
60 882
64 883
67 884
77 885
63 886
52 887
59 888
61 889
70 890
60 891
57 892
57 893
56 894
56 895
55 896
49 897
36 898
48 899
48 900
42 901
33 902
24 903
23 904
21 905
26 906
20 907
13 908
23 909
16 910
21 911
18 912
14 913
11 914
10 915
8 916
7 917
10 918
5 919
11 920
13 921
8 922
6 923
7 924
2 925
2 926
5 927
4 928
4 929
2 930
7 931
2 932
2 933
1 934
2 935
3 936
1 937
1 938
1 939
1 940
2 941
1 942
1 943
1 944
4 945
1 946
1 947
3 950
3 951
3 953
4 954
4 955
2 956
1 957
2 958
2 959
1 960
5 961
1 963
1 964
1 965
1 966
3 967
2 968
1 969
1 970
3 971
1 972
2 973
1 974
1 975
1 976
1 977
2 978
2 979
2 981
1 982
2 983
2 984
1 985
1 986
1 987
1 988
2 990
2 991
2 992
1 993
2 995
1 997
1 998
1 999
2 1000
1 1003
1 1004
4 1005
1 1007
2 1008
2 1013
1 1016
1 1017
1 1019
1 1020
2 1021
1 1022
1 1023
1 1024
1 1027
1 1028
1 1030
1 1033
1 1034
1 1037
1 1045
1 1047
2 1049
1 1053
1 1061
1 1063
1 1069
1 1070
1 1072
1 1077
1 1080
1 1081
1 1083
1 1085
1 1086
1 1089
1 1091
1 1094
1 1097
1 1098
1 1099
1 1103
1 1107
1 1108
2 1109
2 1110
1 1111
1 1115
1 1116
1 1117
1 1121
1 1123
1 1128
1 1132
1 1133
1 1134
1 1135
1 1138
1 1141
1 1142
1 1145
1 1147
1 1148
1 1153
1 1156
2 1157
2 1158
1 1163
2 1165
1 1166
1 1167
1 1176
1 1177
1 1178
1 1183
1 1186
1 1187
1 1189
2 1190
1 1192
1 1196
1 1197
1 1198
1 1199
1 1200
1 1201
1 1204
2 1205
1 1215
2 1217
1 1218
1 1220
1 1221
1 1223
1 1225
1 1229
1 1230
1 1231
1 1233
1 1237
2 1238
2 1245
1 1246
1 1252
1 1255
1 1256
2 1257
1 1258
2 1259
1 1260
1 1261
1 1263
2 1264
1 1265
1 1266
2 1268
1 1272
1 1273
3 1274
1 1276
2 1277
1 1278
1 1279
1 1280
3 1282
1 1284
1 1285
1 1286
1 1287
1 1289
1 1290
1 1291
1 1295
1 1296
1 1299
1 1300
1 1301
1 1302
2 1303
3 1304
1 1306
1 1307
2 1309
2 1310
1 1311
1 1314
2 1316
1 1317
1 1318
1 1319
2 1320
1 1321
1 1323
1 1324
1 1326
3 1329
3 1330
1 1334
2 1335
1 1341
1 1343
1 1344
1 1345
1 1346
1 1351
1 1353
1 1355
1 1359
3 1362
1 1366
1 1368
1 1370
3 1371
1 1372
1 1373
1 1375
2 1377
2 1378
1 1379
1 1380
1 1383
1 1384
1 1387
2 1389
1 1391
1 1392
1 1394
2 1395
1 1396
3 1399
1 1400
1 1403
2 1404
1 1406
2 1407
2 1409
2 1412
2 1413
1 1416
1 1417
1 1418
1 1419
1 1421
2 1422
1 1425
1 1426
2 1427
1 1430
2 1431
1 1432
1 1435
2 1436
1 1437
2 1439
3 1441
2 1442
1 1444
3 1445
3 1448
1 1449
1 1450
2 1451
1 1452
1 1453
1 1454
1 1455
3 1456
2 1459
1 1460
2 1461
1 1462
2 1463
1 1464
2 1465
2 1467
2 1468
3 1469
1 1471
2 1473
3 1474
4 1475
4 1476
2 1477
1 1478
3 1479
2 1483
1 1484
2 1485
1 1488
1 1490
2 1491
4 1492
4 1493
2 1494
3 1496
1 1497
1 1498
1 1499
3 1500
3 1501
2 1502
1 1503
3 1504
4 1506
3 1507
5 1508
4 1509
4 1510
2 1511
7 1513
6 1514
1 1515
7 1516
3 1517
6 1518
1 1519
4 1520
2 1521
5 1522
3 1524
3 1525
4 1526
3 1527
4 1528
7 1529
5 1530
3 1531
5 1532
3 1533
5 1534
3 1535
7 1536
3 1537
3 1538
3 1539
8 1540
4 1541
4 1542
4 1543
6 1544
6 1545
4 1547
5 1548
2 1549
5 1550
5 1551
5 1552
5 1553
5 1554
3 1555
5 1556
6 1557
6 1558
4 1559
9 1560
6 1561
4 1562
7 1563
6 1564
6 1565
9 1566
7 1567
10 1568
11 1569
3 1570
9 1571
8 1572
9 1573
6 1574
7 1575
9 1576
6 1577
5 1578
7 1579
7 1580
2 1581
12 1582
4 1583
11 1584
7 1585
7 1586
2 1587
17 1588
7 1589
10 1590
7 1591
14 1592
4 1593
15 1594
10 1595
17 1596
16 1597
13 1598
15 1599
12 1600
11 1601
17 1602
20 1603
14 1604
21 1605
10 1606
21 1607
12 1608
25 1609
20 1610
29 1611
17 1612
20 1613
16 1614
19 1615
16 1616
28 1617
16 1618
32 1619
23 1620
21 1621
20 1622
22 1623
23 1624
23 1625
18 1626
20 1627
21 1628
18 1629
16 1630
13 1631
19 1632
13 1633
11 1634
10 1635
11 1636
10 1637
10 1638
11 1639
9 1640
9 1641
9 1642
6 1643
8 1644
4 1645
7 1646
5 1647
3 1648
4 1649
3 1650
2 1651
5 1652
5 1653
4 1654
4 1655
1 1656
1 1657
3 1658
2 1659
1 1660
1 1661
2 1662
1 1663
1 1664
2 1665
1 1666
1 1667
1 1668
1 1672
1 1673
1 1675
1 1678
1 1679
1 1685
1 1688
1 1692
1 1693
2 1700
1 1702
1 1709
1 1711
1 1712
1 1713
1 1715
1 1718
1 1719
1 1723
1 1727
2 1729
1 1732
1 1733
1 1734
1 1740
1 1748
1 1753
1 1758
1 1762
1 1773
1 1776
1 1786
1 1791
1 1793
2 1800
1 1809
1 1810
1 1820
1 1827
1 1837
1 1842
1 1845
1 1850
1 1854
1 1856
1 1857
1 1866
1 1867
1 1870
1 1873
3 1875
2 1876
2 1877
1 1878
1 1879
1 1882
1 1888
1 1889
1 1890
1 1891
1 1893
1 1900
2 1903
2 1907
1 1908
1 1909
1 1914
1 1915
1 1917
1 1922
1 1924
1 1929
1 1932
1 1934
1 1935
1 1936
2 1937
1 1939
1 1941
1 1945
2 1948
1 1951
3 1952
1 1953
2 1955
2 1956
1 1957
2 1959
1 1961
2 1964
1 1967
1 1969
1 1972
1 1974
2 1975
3 1976
2 1977
1 1978
2 1980
1 1981
2 1982
5 1983
1 1984
3 1986
1 1987
1 1988
6 1989
1 1990
2 1991
2 1992
2 1993
1 1994
3 1995
5 1996
5 1997
3 1998
1 1999
3 2000
3 2001
1 2002
7 2003
8 2004
1 2005
3 2006
5 2007
5 2008
1 2009
3 2010
1 2011
4 2012
3 2013
4 2014
8 2015
5 2016
7 2017
6 2018
1 2019
2 2020
3 2021
7 2022
3 2023
3 2024
6 2025
3 2026
2 2027
4 2028
6 2029
2 2030
2 2031
1 2032
2 2033
1 2034
1 2035
2 2036
1 2039
2 2040
2 2041
1 2043
3 2045
1 2046
1 2047
2 2048
1 2049
1 2050
1 2052
1 2057
1 2058
1 2059
1 2060
2 2065
1 2066
1 2069
2 2070
1 2073
1 2074
1 2076
1 2078
1 2079
1 2080
1 2081
3 2085
1 2087
5 2089
1 2090
1 2091
2 2093
1 2097
1 2100
2 2104
1 2105
1 2106
1 2110
1 2112
2 2114
1 2115
1 2116
1 2120
1 2121
1 2127
2 2129
1 2135
1 2137
1 2144
1 2149
1 2150
1 2151
1 2152
1 2164
1 2166
1 2167
1 2175
1 2179
1 2194
1 2208
1 2215
1 2243
1 2254
1 2255
1 2275
1 2291
1 2292
1 2310
1 2312
1 2315
1 2318
2 2324
1 2326
1 2328
1 2332
1 2367
1 2391
1 2409
1 2412
1 2421
1 2424
2 2428
1 2432
1 2439
1 2440
1 2444
1 2446
1 2449
2 2451
1 2455
1 2464
1 2474
3 2477
1 2481
1 2482
2 2487
1 2490
1 2491
1 2496
1 2507
1 2517
1 2520
1 2521
1 2522
1 2527
1 2540
1 2542
1 2550
1 2551
1 2552
1 2559
1 2585
1 2588
1 2608
1 2615
1 2619
1 2620
1 2644
1 2668
1 2677
1 2693
1 2699
1 2702
1 2703
1 2720
1 2751
1 2782
1 2791
1 2796
1 2801
1 2812
2 2813
1 2820
1 2847
1 2868
1 2880
1 2906
1 2928
1 2938
1 2957
1 2959
1 2961
1 2966
1 2970
1 2986
1 2994
1 2997
1 3002
1 3006
1 3008
1 3011
2 3014
1 3027
1 3032
1 3043
2 3045
1 3048
1 3050
3 3051
2 3053
1 3057
2 3058
1 3062
1 3063
2 3066
1 3069
1 3070
1 3071
1 3073
1 3075
1 3076
1 3078
3 3079
1 3082
1 3083
2 3085
2 3088
2 3090
2 3091
2 3092
2 3093
1 3094
3 3095
2 3097
4 3098
1 3099
1 3102
1 3104
2 3105
2 3106
3 3107
1 3108
3 3109
1 3110
1 3111
2 3113
1 3114
1 3115
3 3116
2 3117
2 3119
1 3120
2 3121
1 3122
2 3124
1 3127
2 3132
1 3135
1 3137
2 3138
1 3142
1 3143
2 3144
1 3147
1 3148
1 3151
1 3155
2 3161
1 3172
1 3174
1 3196
1 3209
1 3220
1 3228
2 3230
1 3233
1 3239
1 3251
1 3253
2 3255
1 3258
1 3266
1 3278
1 3372
1 3434
1 3448
1 3453
1 3551
1 3799
1 3839
1 3860
1 3965
1 4074
