4 1
6 2
5 3
2 4
6 5
3 7
1 8
5 9
5 10
2 11
2 12
5 13
1 15
2 16
7 17
4 19
1 20
3 21
2 22
5 23
2 24
3 25
2 26
3 27
6 28
2 29
3 30
3 31
7 32
3 33
7 34
2 35
2 36
2 37
4 38
7 39
2 40
5 41
3 42
6 43
8 44
3 45
7 46
1 47
3 48
5 49
6 50
3 51
4 52
6 53
3 54
1 55
8 56
7 57
4 58
1 59
5 60
6 61
4 62
3 63
4 64
4 65
5 66
2 67
4 68
2 69
3 70
5 71
4 72
6 73
4 74
5 75
5 76
2 77
6 78
1 79
5 80
2 81
5 82
3 83
4 84
7 85
3 86
4 87
7 88
6 89
5 90
6 91
4 92
8 93
9 94
9 95
6 96
9 97
11 98
8 99
2 100
4 101
5 102
5 103
5 104
3 105
7 106
6 107
4 108
9 109
6 110
6 111
8 112
8 113
7 114
12 115
9 116
9 117
7 118
6 119
7 120
6 121
9 122
7 123
7 124
11 125
7 126
9 127
2 128
7 129
13 130
7 131
7 132
9 133
4 134
8 135
13 136
9 137
10 138
7 139
8 140
11 141
10 142
4 143
13 144
9 145
9 146
10 147
14 148
9 149
10 150
11 151
20 152
14 153
16 154
9 155
4 156
11 157
4 158
10 159
8 160
7 161
6 162
3 163
7 164
5 165
11 166
4 167
6 168
4 169
5 170
9 171
9 172
10 173
5 174
8 175
8 176
15 177
14 178
8 179
7 180
12 181
11 182
12 183
9 184
5 185
11 186
14 187
11 188
9 189
10 190
18 191
9 192
11 193
12 194
11 195
10 196
13 197
12 198
16 199
20 200
12 201
10 202
16 203
21 204
23 205
15 206
24 207
21 208
25 209
23 210
27 211
38 212
26 213
33 214
37 215
43 216
32 217
25 218
40 219
37 220
46 221
49 222
44 223
48 224
54 225
66 226
59 227
78 228
107 229
121 230
107 231
118 232
111 233
115 234
101 235
101 236
88 237
60 238
77 239
48 240
56 241
52 242
40 243
35 244
34 245
47 246
42 247
42 248
45 249
43 250
68 251
70 252
39 253
67 254
46 255
57 256
49 257
49 258
44 259
42 260
33 261
30 262
31 263
14 264
21 265
16 266
20 267
14 268
12 269
20 270
11 271
15 272
17 273
13 274
18 275
16 276
16 277
14 278
11 279
11 280
11 281
12 282
9 283
9 284
6 285
5 286
9 287
12 288
7 289
9 290
12 291
7 292
14 293
11 294
8 295
11 296
9 297
16 298
11 299
13 300
12 301
12 302
17 303
12 304
18 305
17 306
19 307
22 308
29 309
23 310
21 311
23 312
29 313
18 314
26 315
27 316
22 317
36 318
29 319
23 320
26 321
25 322
26 323
24 324
28 325
38 326
24 327
41 328
36 329
18 330
27 331
34 332
31 333
27 334
25 335
27 336
30 337
28 338
29 339
32 340
24 341
31 342
26 343
23 344
25 345
24 346
23 347
25 348
20 349
23 350
29 351
29 352
33 353
34 354
33 355
52 356
47 357
59 358
51 359
68 360
76 361
70 362
103 363
104 364
87 365
110 366
125 367
126 368
127 369
117 370
109 371
131 372
98 373
99 374
58 375
70 376
59 377
49 378
40 379
38 380
42 381
42 382
47 383
31 384
28 385
29 386
33 387
27 388
26 389
23 390
21 391
15 392
19 393
20 394
12 395
14 396
23 397
19 398
16 399
15 400
11 401
23 402
21 403
19 404
19 405
26 406
31 407
21 408
34 409
25 410
28 411
31 412
38 413
25 414
42 415
25 416
27 417
27 418
39 419
23 420
47 421
54 422
45 423
56 424
54 425
49 426
48 427
60 428
62 429
50 430
69 431
56 432
69 433
53 434
60 435
64 436
74 437
42 438
44 439
39 440
35 441
30 442
35 443
35 444
41 445
37 446
29 447
29 448
30 449
31 450
27 451
29 452
22 453
22 454
19 455
17 456
9 457
15 458
18 459
20 460
13 461
14 462
17 463
18 464
15 465
16 466
20 467
14 468
14 469
19 470
13 471
19 472
22 473
21 474
24 475
17 476
15 477
21 478
17 479
17 480
12 481
20 482
18 483
12 484
13 485
16 486
10 487
14 488
9 489
6 490
10 491
13 492
6 493
5 494
17 495
4 496
9 497
12 498
11 499
12 500
11 501
5 502
8 503
9 504
6 505
16 506
10 507
9 508
10 509
13 510
11 511
11 512
17 513
25 514
15 515
27 516
19 517
27 518
21 519
25 520
28 521
23 522
39 523
40 524
37 525
38 526
44 527
35 528
50 529
50 530
55 531
56 532
73 533
64 534
64 535
68 536
62 537
59 538
67 539
59 540
76 541
62 542
63 543
51 544
37 545
39 546
45 547
37 548
26 549
24 550
19 551
28 552
22 553
18 554
21 555
11 556
15 557
17 558
9 559
15 560
11 561
8 562
11 563
12 564
4 565
12 566
5 567
10 568
3 569
7 570
6 571
11 572
10 573
9 574
10 575
9 576
9 577
13 578
8 579
9 580
5 581
9 582
8 583
7 584
5 585
5 586
8 587
12 588
12 589
6 590
6 591
9 592
5 593
14 594
9 595
4 596
9 597
7 598
11 599
10 600
3 601
5 602
8 603
6 604
2 605
3 606
3 607
2 608
6 609
6 610
4 611
3 612
6 613
8 614
5 615
6 616
3 617
5 618
6 619
6 620
5 622
7 623
5 624
4 625
7 626
4 627
8 628
4 629
6 630
5 631
8 632
8 633
7 634
7 635
6 636
4 637
6 638
4 639
7 640
8 641
3 642
7 643
6 644
4 645
12 646
12 647
5 648
6 649
10 650
11 651
5 652
10 653
9 654
7 655
10 656
9 657
8 658
7 659
11 660
9 661
8 662
7 663
11 664
19 665
10 666
12 667
16 668
13 669
11 670
11 671
7 672
10 673
12 674
9 675
9 676
8 677
9 678
7 679
10 680
10 681
10 682
12 683
9 684
6 685
14 686
5 687
11 688
9 689
14 690
12 691
11 692
6 693
11 694
14 695
10 696
5 697
8 698
9 699
5 700
7 701
6 702
2 703
11 704
9 705
5 706
6 707
5 708
5 709
10 710
6 711
7 712
6 713
8 714
4 715
6 716
6 717
3 718
9 719
3 720
3 721
10 722
8 723
4 724
8 725
8 726
3 727
8 728
8 729
6 730
10 731
10 732
5 733
7 734
12 735
11 736
6 737
7 738
14 739
17 740
11 741
8 742
17 743
16 744
13 745
10 746
15 747
21 748
20 749
15 750
13 751
20 752
24 753
20 754
12 755
20 756
23 757
14 758
11 759
15 760
12 761
19 762
16 763
11 764
11 765
7 766
21 767
9 768
18 769
11 770
6 771
7 772
10 773
5 774
3 775
6 776
11 777
2 778
6 779
8 780
5 781
7 782
4 783
5 784
5 785
8 786
7 787
6 788
4 789
9 790
6 791
9 792
7 793
7 794
3 795
6 796
10 797
4 798
1 799
2 800
4 801
2 802
9 803
8 804
11 805
7 806
9 807
3 808
7 809
8 810
5 811
4 812
10 813
8 814
7 815
5 816
5 817
10 818
11 819
4 820
11 821
3 822
4 823
10 824
5 825
9 826
8 827
12 828
7 829
7 830
13 831
11 832
12 833
20 834
11 835
10 836
8 837
9 838
12 839
12 840
6 841
9 842
6 843
12 844
11 845
7 846
8 847
7 848
9 849
16 850
8 851
17 852
10 853
9 854
9 855
12 856
10 857
7 858
6 859
10 860
7 861
6 862
7 863
5 864
11 865
3 866
8 867
7 868
7 869
7 870
9 871
6 872
14 873
8 874
7 875
5 876
5 877
4 878
7 879
5 880
7 881
3 882
10 883
5 884
8 885
1 886
9 887
3 888
6 889
4 890
10 891
3 892
7 893
8 894
8 895
4 896
5 897
7 898
7 899
7 900
6 901
6 902
5 903
7 904
6 905
6 906
4 907
7 908
9 909
6 910
8 911
6 912
5 913
6 914
3 915
5 916
5 917
6 918
8 919
6 920
6 921
7 922
3 923
6 924
3 925
5 926
7 927
3 928
9 929
2 930
6 931
6 932
8 933
5 934
7 935
11 936
10 937
3 938
10 939
11 940
7 941
11 942
9 943
7 944
7 945
8 946
11 947
10 948
13 949
15 950
10 951
13 952
11 953
13 954
12 955
3 956
14 957
11 958
11 959
12 960
12 961
10 962
10 963
14 964
16 965
9 966
12 967
10 968
14 969
11 970
9 971
10 972
7 973
8 974
8 975
7 976
14 977
4 978
5 979
7 980
10 981
8 982
8 983
7 984
5 985
6 986
12 987
7 988
5 989
8 990
4 991
10 992
9 993
7 994
14 995
7 996
13 997
7 998
10 999
12 1000
13 1001
12 1002
15 1003
11 1004
17 1005
11 1006
13 1007
15 1008
17 1009
21 1010
17 1011
14 1012
20 1013
21 1014
14 1015
20 1016
13 1017
19 1018
21 1019
15 1020
23 1021
19 1022
27 1023
20 1024
22 1025
22 1026
21 1027
19 1028
35 1029
26 1030
23 1031
39 1032
29 1033
27 1034
33 1035
35 1036
34 1037
27 1038
38 1039
31 1040
29 1041
36 1042
48 1043
40 1044
57 1045
41 1046
58 1047
43 1048
63 1049
60 1050
62 1051
44 1052
54 1053
78 1054
61 1055
56 1056
45 1057
60 1058
76 1059
55 1060
67 1061
69 1062
51 1063
64 1064
57 1065
43 1066
55 1067
63 1068
56 1069
57 1070
54 1071
48 1072
60 1073
59 1074
59 1075
69 1076
58 1077
87 1078
72 1079
80 1080
88 1081
85 1082
93 1083
102 1084
80 1085
114 1086
100 1087
130 1088
136 1089
154 1090
152 1091
158 1092
146 1093
171 1094
188 1095
199 1096
201 1097
178 1098
164 1099
167 1100
188 1101
162 1102
180 1103
147 1104
139 1105
155 1106
129 1107
131 1108
118 1109
118 1110
95 1111
99 1112
72 1113
69 1114
61 1115
71 1116
48 1117
44 1118
29 1119
28 1120
39 1121
40 1122
24 1123
26 1124
17 1125
15 1126
17 1127
16 1128
16 1129
14 1130
17 1131
4 1132
12 1133
11 1134
8 1135
6 1136
13 1137
5 1138
8 1139
10 1140
13 1141
6 1142
8 1143
4 1144
6 1145
4 1146
7 1147
7 1148
5 1149
6 1150
9 1151
6 1152
7 1153
9 1154
6 1155
6 1156
10 1157
7 1158
9 1159
13 1160
15 1161
13 1162
15 1163
4 1164
13 1165
14 1166
21 1167
11 1168
8 1169
13 1170
9 1171
15 1172
13 1173
10 1174
15 1175
12 1176
21 1177
23 1178
26 1179
34 1180
26 1181
19 1182
24 1183
23 1184
22 1185
31 1186
21 1187
20 1188
19 1189
31 1190
16 1191
24 1192
22 1193
22 1194
19 1195
14 1196
16 1197
13 1198
13 1199
11 1200
14 1201
16 1202
11 1203
11 1204
9 1205
7 1206
5 1207
13 1208
10 1209
9 1210
7 1211
9 1212
13 1213
4 1214
8 1215
4 1216
7 1217
3 1218
4 1219
2 1220
5 1221
2 1222
2 1223
6 1224
3 1225
5 1226
4 1227
5 1229
6 1230
3 1231
2 1232
3 1233
1 1234
2 1235
3 1236
3 1237
3 1238
5 1239
2 1240
2 1242
11 1243
4 1244
1 1245
2 1246
5 1247
4 1248
2 1249
2 1250
2 1251
1 1252
4 1253
6 1254
2 1255
1 1256
3 1257
5 1258
4 1259
8 1260
6 1261
5 1262
9 1263
2 1264
4 1265
4 1266
9 1268
6 1269
6 1270
2 1271
6 1272
3 1273
7 1274
6 1275
6 1276
1 1277
4 1278
4 1279
9 1280
2 1281
4 1282
5 1283
1 1284
2 1285
2 1286
3 1287
2 1288
8 1289
4 1291
7 1292
2 1293
2 1294
10 1295
8 1296
5 1297
8 1298
3 1299
2 1300
6 1301
4 1302
5 1303
5 1304
3 1305
4 1306
2 1307
1 1308
4 1309
3 1310
2 1311
2 1312
2 1313
1 1314
3 1315
2 1316
2 1317
2 1318
2 1319
1 1320
2 1321
1 1323
1 1324
1 1325
2 1326
2 1327
1 1329
4 1332
2 1334
1 1335
3 1337
2 1338
1 1339
2 1340
3 1342
1 1343
2 1344
2 1345
3 1346
3 1348
1 1349
5 1350
2 1351
1 1352
3 1353
1 1354
4 1355
2 1356
2 1357
1 1358
2 1359
2 1360
7 1362
3 1363
3 1364
4 1365
1 1366
1 1367
3 1368
4 1369
3 1370
3 1372
2 1373
2 1374
1 1375
3 1376
2 1377
3 1378
5 1380
3 1381
3 1382
1 1383
6 1384
1 1385
4 1386
5 1387
7 1388
9 1389
5 1390
7 1391
5 1392
6 1393
4 1394
5 1395
9 1396
4 1397
2 1398
5 1399
3 1400
8 1401
3 1402
4 1403
6 1404
2 1405
6 1406
10 1407
4 1408
6 1409
4 1410
6 1411
2 1412
4 1413
4 1414
2 1415
3 1416
4 1417
4 1418
2 1420
4 1421
4 1422
3 1423
3 1424
2 1425
4 1426
3 1427
4 1428
1 1429
1 1430
3 1431
4 1432
5 1433
2 1434
6 1435
4 1436
3 1437
2 1438
1 1439
5 1440
5 1441
2 1442
5 1443
1 1444
3 1445
4 1446
4 1447
3 1448
4 1449
4 1450
3 1451
1 1452
2 1453
2 1454
2 1455
5 1456
5 1457
3 1458
4 1459
4 1460
1 1461
4 1462
4 1463
3 1464
2 1465
4 1466
2 1467
2 1468
4 1469
1 1470
1 1471
5 1472
5 1473
4 1474
1 1475
2 1476
6 1478
2 1479
6 1480
4 1481
3 1482
1 1483
2 1484
1 1486
1 1487
2 1488
3 1489
1 1490
3 1491
1 1492
2 1493
3 1494
2 1495
5 1497
3 1498
3 1499
3 1500
1 1501
1 1502
1 1503
1 1504
2 1505
3 1506
1 1507
1 1508
2 1510
2 1511
3 1512
2 1513
2 1514
3 1515
3 1516
1 1517
3 1518
5 1520
4 1521
1 1523
3 1524
3 1525
3 1526
2 1527
8 1528
1 1529
3 1530
1 1531
4 1533
4 1535
4 1536
2 1537
1 1538
6 1539
1 1540
3 1542
2 1543
2 1544
1 1545
1 1546
3 1547
1 1548
2 1549
3 1550
5 1553
4 1554
3 1555
4 1556
1 1557
2 1558
3 1559
2 1560
1 1561
3 1562
2 1563
5 1564
2 1565
3 1566
1 1567
1 1568
2 1569
5 1570
5 1571
4 1572
5 1573
5 1574
2 1575
4 1576
8 1577
1 1578
3 1579
8 1580
4 1581
6 1582
1 1583
4 1584
6 1585
5 1586
9 1587
2 1588
5 1589
8 1590
3 1591
5 1592
6 1593
3 1594
8 1595
3 1596
2 1597
3 1598
11 1599
7 1600
12 1601
5 1602
7 1603
11 1604
5 1605
7 1606
6 1607
8 1608
9 1609
7 1610
8 1611
10 1612
5 1613
7 1614
6 1615
6 1616
7 1617
6 1618
9 1619
9 1620
7 1621
10 1622
7 1623
6 1624
6 1625
14 1626
13 1627
8 1628
12 1629
11 1630
13 1631
10 1632
11 1633
11 1634
7 1635
12 1636
10 1637
15 1638
7 1639
10 1640
12 1641
10 1642
14 1643
13 1644
11 1645
6 1646
18 1647
12 1648
8 1649
8 1650
13 1651
11 1652
6 1653
13 1654
16 1655
6 1656
13 1657
5 1658
11 1659
12 1660
10 1661
8 1662
12 1663
8 1664
10 1665
9 1666
13 1667
13 1668
14 1669
7 1670
13 1671
8 1672
9 1673
6 1674
12 1675
10 1676
7 1677
11 1678
6 1679
17 1680
8 1681
14 1682
9 1683
11 1684
11 1685
13 1686
14 1687
20 1688
12 1689
13 1690
13 1691
22 1692
17 1693
16 1694
23 1695
21 1696
27 1697
31 1698
28 1699
21 1700
17 1701
26 1702
30 1703
34 1704
27 1705
28 1706
33 1707
39 1708
49 1709
34 1710
51 1711
40 1712
40 1713
37 1714
51 1715
56 1716
52 1717
55 1718
51 1719
56 1720
57 1721
49 1722
53 1723
67 1724
78 1725
62 1726
58 1727
70 1728
59 1729
72 1730
79 1731
76 1732
72 1733
69 1734
64 1735
76 1736
74 1737
68 1738
63 1739
70 1740
60 1741
70 1742
63 1743
56 1744
54 1745
61 1746
67 1747
49 1748
44 1749
52 1750
50 1751
38 1752
41 1753
29 1754
41 1755
39 1756
30 1757
35 1758
36 1759
28 1760
33 1761
30 1762
23 1763
37 1764
28 1765
27 1766
18 1767
25 1768
22 1769
22 1770
24 1771
23 1772
16 1773
10 1774
16 1775
19 1776
18 1777
12 1778
20 1779
12 1780
14 1781
15 1782
13 1783
17 1784
15 1785
10 1786
11 1787
8 1788
6 1789
12 1790
9 1791
9 1792
15 1793
6 1794
11 1795
6 1796
8 1797
4 1798
7 1799
12 1800
5 1801
9 1802
7 1803
8 1804
4 1805
3 1806
8 1807
8 1808
10 1809
9 1810
3 1811
8 1812
3 1813
11 1814
12 1815
9 1816
10 1817
7 1818
7 1819
8 1820
6 1821
5 1822
9 1823
8 1824
8 1825
8 1826
9 1827
6 1828
7 1829
8 1830
8 1831
6 1832
4 1833
8 1834
7 1835
9 1836
5 1837
2 1838
8 1839
9 1840
8 1841
6 1842
8 1843
12 1844
7 1845
10 1846
7 1847
6 1848
3 1849
12 1850
10 1851
7 1852
11 1853
11 1854
5 1855
2 1856
7 1857
7 1858
10 1859
3 1860
8 1861
4 1862
6 1863
9 1864
11 1865
4 1866
9 1867
6 1868
6 1869
5 1870
6 1871
10 1872
6 1873
6 1874
13 1875
5 1876
5 1877
6 1878
6 1879
14 1880
11 1881
4 1882
6 1883
6 1884
10 1885
14 1886
10 1887
7 1888
8 1889
18 1890
9 1891
6 1892
10 1893
17 1894
23 1895
14 1896
18 1897
16 1898
20 1899
22 1900
22 1901
24 1902
28 1903
21 1904
28 1905
26 1906
22 1907
28 1908
30 1909
22 1910
24 1911
51 1912
32 1913
38 1914
42 1915
54 1916
32 1917
47 1918
39 1919
38 1920
40 1921
31 1922
39 1923
36 1924
49 1925
48 1926
56 1927
37 1928
40 1929
41 1930
34 1931
38 1932
33 1933
42 1934
29 1935
33 1936
28 1937
27 1938
27 1939
23 1940
22 1941
20 1942
30 1943
18 1944
27 1945
17 1946
20 1947
18 1948
16 1949
12 1950
21 1951
11 1952
10 1953
8 1954
12 1955
6 1956
7 1957
7 1958
8 1959
6 1960
5 1961
6 1962
1 1963
4 1964
2 1965
4 1966
5 1967
8 1968
6 1969
1 1970
2 1971
1 1972
3 1973
2 1974
1 1976
3 1978
1 1979
2 1980
1 1981
5 1982
1 1984
1 1987
1 1989
1 1990
1 1991
1 1993
2 1995
1 1996
3 1997
2 1999
1 2004
1 2006
1 2009
1 2010
1 2012
2 2019
1 2024
2 2025
1 2028
1 2034
1 2059
1 2060
1 2064
1 2066
1 2069
1 2072
1 2078
1 2081
1 2082
1 2087
1 2091
1 2110
1 2116
1 2118
1 2124
1 2133
1 2138
1 2140
1 2142
1 2146
1 2150
1 2154
1 2155
1 2160
2 2172
1 2178
1 2192
1 2194
1 2196
1 2197
1 2203
1 2204
1 2207
1 2219
1 2224
1 2231
1 2243
1 2249
1 2251
1 2255
1 2256
1 2280
1 2287
2 2288
1 2290
1 2316
2 2317
1 2320
1 2328
1 2339
1 2341
1 2347
1 2353
1 2380
1 2386
1 2394
1 2408
1 2413
2 2415
1 2420
1 2427
1 2431
1 2433
1 2441
1 2446
1 2452
1 2459
2 2461
1 2465
1 2470
1 2471
1 2475
1 2478
1 2498
1 2505
1 2509
1 2510
1 2516
1 2531
2 2535
1 2538
1 2542
2 2544
1 2549
1 2555
1 2556
1 2557
1 2562
1 2566
2 2567
1 2569
1 2570
1 2573
1 2575
1 2579
1 2583
2 2584
1 2585
2 2587
2 2589
2 2592
2 2593
1 2594
1 2595
3 2597
1 2598
2 2600
4 2602
1 2603
3 2604
2 2605
1 2609
2 2610
1 2611
2 2614
1 2615
1 2617
3 2620
1 2622
2 2623
5 2624
1 2625
1 2626
3 2627
7 2628
2 2629
1 2630
2 2631
4 2632
1 2633
3 2634
2 2635
1 2636
3 2638
1 2639
2 2640
2 2641
1 2642
1 2643
3 2644
1 2645
3 2646
1 2648
2 2650
1 2651
2 2652
2 2653
2 2654
3 2655
2 2656
1 2659
1 2660
1 2661
1 2664
1 2665
1 2667
1 2676
1 2677
1 2679
1 2680
1 2684
1 2698
1 2709
1 2711
1 2722
1 2724
1 2729
1 2739
1 2751
1 2793
1 2833
1 2842
1 2844
1 2853
1 2863
1 2885
1 2906
1 2917
1 2928
1 2931
2 2936
1 2939
1 2946
1 2954
1 2968
1 2973
1 2993
1 3007
1 3027
1 3030
1 3042
1 3072
1 3106
1 3115
1 3134
1 3146
1 3148
1 3178
1 3192
1 3193
1 3208
1 3232
1 3281
1 3292
1 3315
1 3349
1 3446
1 3457
1 3472
1 3510
1 3812
1 3924
1 4452
1 4521
1 4602
1 5246
