2 1
1 2
3 3
1 4
7 5
3 6
2 8
2 9
2 10
2 11
2 12
3 14
6 15
4 16
5 17
3 18
2 19
1 20
3 22
4 23
4 24
3 26
1 27
7 28
2 29
4 30
3 31
4 32
1 33
2 34
6 35
8 36
4 37
3 38
3 39
3 40
3 41
5 42
6 43
4 44
5 45
7 46
13 47
4 48
6 49
5 50
7 51
1 52
2 53
3 54
2 55
7 56
5 57
2 58
8 59
5 60
5 61
2 62
3 63
6 64
5 65
1 66
1 67
4 68
7 69
3 70
7 71
7 72
7 73
3 74
2 75
9 76
6 77
2 78
7 79
3 80
4 81
11 82
8 83
6 84
9 85
2 86
5 87
12 88
8 89
8 90
5 91
5 92
10 93
11 94
6 95
8 96
7 97
18 98
9 99
8 100
8 101
6 102
7 103
11 104
11 105
2 106
7 107
3 108
6 109
13 110
14 111
17 112
13 113
20 114
13 115
14 116
17 117
12 118
11 119
14 120
15 121
12 122
4 123
10 124
6 125
5 126
9 127
7 128
3 129
12 130
11 131
6 132
13 133
10 134
12 135
9 136
13 137
13 138
11 139
11 140
13 141
16 142
14 143
14 144
17 145
12 146
24 147
15 148
18 149
21 150
12 151
21 152
11 153
19 154
9 155
13 156
14 157
12 158
8 159
16 160
16 161
12 162
11 163
9 164
12 165
12 166
8 167
12 168
6 169
7 170
13 171
17 172
13 173
11 174
7 175
11 176
11 177
14 178
12 179
11 180
15 181
18 182
20 183
22 184
16 185
19 186
18 187
22 188
21 189
20 190
15 191
14 192
21 193
16 194
15 195
14 196
10 197
13 198
22 199
25 200
21 201
25 202
36 203
38 204
36 205
31 206
36 207
58 208
54 209
46 210
58 211
61 212
66 213
59 214
75 215
77 216
69 217
65 218
71 219
93 220
77 221
78 222
101 223
107 224
137 225
145 226
143 227
183 228
203 229
261 230
249 231
279 232
288 233
298 234
264 235
281 236
246 237
205 238
166 239
159 240
134 241
103 242
88 243
90 244
64 245
73 246
62 247
74 248
65 249
90 250
73 251
80 252
90 253
117 254
112 255
120 256
106 257
99 258
96 259
83 260
68 261
67 262
57 263
35 264
38 265
33 266
30 267
28 268
27 269
16 270
24 271
24 272
18 273
26 274
29 275
25 276
19 277
24 278
14 279
20 280
20 281
10 282
11 283
11 284
14 285
19 286
18 287
15 288
14 289
18 290
14 291
17 292
20 293
19 294
20 295
14 296
26 297
18 298
18 299
21 300
29 301
24 302
20 303
31 304
30 305
43 306
26 307
29 308
30 309
43 310
44 311
46 312
50 313
47 314
44 315
58 316
43 317
55 318
48 319
56 320
44 321
52 322
54 323
50 324
47 325
62 326
45 327
48 328
58 329
52 330
55 331
58 332
50 333
47 334
64 335
59 336
58 337
72 338
45 339
62 340
52 341
55 342
48 343
46 344
55 345
47 346
57 347
59 348
52 349
49 350
53 351
68 352
69 353
66 354
77 355
94 356
86 357
116 358
125 359
147 360
154 361
175 362
222 363
239 364
279 365
303 366
286 367
330 368
330 369
316 370
282 371
270 372
250 373
209 374
191 375
158 376
125 377
136 378
105 379
87 380
95 381
78 382
73 383
67 384
59 385
52 386
33 387
42 388
46 389
30 390
33 391
32 392
35 393
24 394
28 395
27 396
25 397
19 398
25 399
25 400
24 401
31 402
33 403
31 404
27 405
36 406
38 407
39 408
45 409
41 410
52 411
37 412
47 413
55 414
66 415
83 416
84 417
73 418
87 419
112 420
81 421
84 422
107 423
131 424
115 425
125 426
132 427
126 428
140 429
123 430
127 431
116 432
133 433
141 434
141 435
141 436
128 437
118 438
99 439
123 440
110 441
83 442
76 443
67 444
69 445
61 446
47 447
38 448
49 449
28 450
41 451
20 452
33 453
22 454
19 455
16 456
17 457
6 458
20 459
13 460
14 461
9 462
8 463
7 464
15 465
5 466
10 467
11 468
9 469
9 470
17 471
7 472
11 473
13 474
16 475
13 476
9 477
11 478
12 479
9 480
12 481
13 482
13 483
14 484
17 485
8 486
14 487
11 488
4 489
11 490
11 491
8 492
11 493
9 494
6 495
15 496
7 497
8 498
11 499
5 500
13 501
11 502
11 503
12 504
13 505
6 506
14 507
25 508
14 509
23 510
27 511
21 512
21 513
24 514
34 515
28 516
31 517
43 518
38 519
44 520
57 521
56 522
61 523
60 524
59 525
69 526
79 527
85 528
85 529
78 530
78 531
104 532
114 533
116 534
128 535
99 536
141 537
124 538
124 539
111 540
134 541
102 542
104 543
105 544
91 545
67 546
73 547
59 548
49 549
37 550
26 551
29 552
28 553
19 554
14 555
11 556
11 557
20 558
18 559
13 560
15 561
19 562
10 563
13 564
14 565
21 566
12 567
20 568
12 569
17 570
7 571
14 572
20 573
17 574
9 575
14 576
13 577
16 578
14 579
8 580
17 581
9 582
13 583
18 584
22 585
11 586
14 587
7 588
19 589
25 590
17 591
11 592
19 593
18 594
16 595
15 596
18 597
17 598
15 599
15 600
9 601
17 602
14 603
7 604
2 605
6 606
9 607
6 608
9 609
9 610
7 611
8 612
3 613
7 614
6 615
6 616
6 617
5 618
9 619
6 620
11 621
7 622
2 623
5 624
11 625
7 626
6 627
8 628
7 629
5 630
8 631
7 632
4 633
9 634
8 635
11 636
13 637
7 638
8 639
8 640
13 641
12 642
7 643
14 644
12 645
10 646
12 647
3 648
12 649
13 650
8 651
15 652
8 653
11 654
12 655
17 656
16 657
14 658
13 659
6 660
9 661
20 662
19 663
11 664
16 665
16 666
18 667
16 668
26 669
16 670
24 671
16 672
17 673
12 674
14 675
17 676
13 677
15 678
14 679
11 680
10 681
11 682
11 683
16 684
11 685
6 686
15 687
7 688
10 689
15 690
11 691
10 692
12 693
9 694
6 695
8 696
11 697
5 698
6 699
7 700
4 701
5 702
9 703
3 704
7 705
8 706
3 707
11 708
5 709
6 710
6 711
11 712
3 713
8 714
3 715
9 716
9 718
2 719
12 720
5 721
5 722
6 723
10 724
7 725
7 726
9 727
11 728
7 729
6 730
8 731
7 732
4 733
9 734
6 735
7 736
8 737
11 738
10 739
9 740
9 741
12 742
16 743
18 744
17 745
14 746
13 747
16 748
18 749
11 750
20 751
16 752
19 753
18 754
22 755
23 756
16 757
24 758
16 759
12 760
8 761
12 762
16 763
22 764
15 765
14 766
9 767
7 768
11 769
6 770
11 771
8 772
5 773
4 774
3 775
3 776
5 777
3 778
5 779
8 780
3 781
7 782
4 783
7 784
9 785
1 786
11 787
6 788
2 789
7 790
7 791
4 792
9 793
7 794
7 795
5 796
9 797
11 798
3 799
7 800
3 801
4 802
8 803
9 804
12 805
6 806
5 807
3 808
5 809
11 810
7 811
12 812
7 813
13 814
7 815
8 816
7 817
7 818
11 819
11 820
12 821
11 822
10 823
16 824
11 825
11 826
17 827
13 828
8 829
6 830
14 831
20 832
15 833
24 834
20 835
19 836
21 837
16 838
16 839
25 840
22 841
14 842
15 843
16 844
17 845
13 846
10 847
11 848
22 849
11 850
20 851
12 852
12 853
9 854
15 855
7 856
12 857
6 858
6 859
5 860
8 861
5 862
6 863
5 864
5 865
11 866
4 867
9 868
4 869
10 870
6 871
9 872
10 873
9 874
3 875
6 876
3 877
3 878
4 879
5 880
3 881
3 882
9 883
3 884
4 885
8 886
5 887
6 888
5 889
4 890
5 891
2 892
6 893
1 894
3 895
8 896
5 897
7 898
2 899
6 900
3 901
4 902
3 903
4 904
3 905
10 906
7 907
6 908
8 909
6 910
5 911
3 912
10 913
6 914
4 915
6 916
8 917
4 918
5 919
6 920
4 921
7 922
2 923
2 924
9 925
5 926
8 927
5 928
7 929
9 930
4 931
2 932
9 933
7 934
6 935
11 936
7 937
8 938
7 939
7 940
9 941
7 942
8 943
11 944
9 945
7 946
8 947
9 948
9 949
5 950
21 951
8 952
12 953
9 954
10 955
9 956
12 957
10 958
7 959
10 960
9 961
21 962
8 963
5 964
10 965
13 966
4 967
7 968
11 969
11 970
10 971
11 972
12 973
11 974
7 975
4 976
6 977
10 978
11 979
7 980
7 981
9 982
6 983
10 984
6 985
4 986
10 987
8 988
14 989
2 990
7 991
8 992
9 993
3 994
5 995
8 996
9 997
9 998
10 999
10 1000
6 1001
11 1002
9 1003
9 1004
13 1005
7 1006
11 1007
9 1008
12 1009
17 1010
14 1011
18 1012
10 1013
14 1014
15 1015
16 1016
8 1017
16 1018
11 1019
14 1020
14 1021
18 1022
21 1023
13 1024
24 1025
22 1026
18 1027
27 1028
23 1029
22 1030
18 1031
23 1032
20 1033
25 1034
22 1035
25 1036
28 1037
21 1038
35 1039
21 1040
30 1041
19 1042
24 1043
28 1044
38 1045
32 1046
32 1047
35 1048
21 1049
35 1050
35 1051
50 1052
43 1053
44 1054
49 1055
37 1056
47 1057
33 1058
39 1059
45 1060
33 1061
41 1062
45 1063
39 1064
44 1065
44 1066
40 1067
42 1068
41 1069
49 1070
34 1071
45 1072
50 1073
54 1074
46 1075
42 1076
50 1077
55 1078
55 1079
46 1080
49 1081
82 1082
70 1083
67 1084
77 1085
90 1086
83 1087
93 1088
106 1089
98 1090
133 1091
112 1092
115 1093
131 1094
131 1095
131 1096
134 1097
128 1098
148 1099
126 1100
118 1101
147 1102
137 1103
141 1104
119 1105
112 1106
106 1107
108 1108
80 1109
88 1110
76 1111
75 1112
65 1113
51 1114
53 1115
46 1116
39 1117
27 1118
28 1119
22 1120
23 1121
20 1122
19 1123
14 1124
19 1125
16 1126
9 1127
6 1128
9 1129
7 1130
7 1131
4 1132
6 1133
9 1134
3 1135
6 1136
6 1137
8 1138
3 1139
9 1140
4 1141
3 1142
7 1143
3 1144
6 1145
4 1146
4 1147
5 1148
3 1149
6 1150
6 1151
5 1152
7 1153
8 1154
14 1155
10 1156
5 1157
11 1158
7 1159
7 1160
8 1161
7 1162
8 1163
12 1164
7 1165
5 1166
8 1167
11 1168
12 1169
12 1170
15 1171
7 1172
14 1173
10 1174
16 1175
15 1176
13 1177
11 1178
12 1179
10 1180
25 1181
18 1182
15 1183
9 1184
20 1185
19 1186
13 1187
16 1188
20 1189
21 1190
16 1191
14 1192
10 1193
17 1194
20 1195
10 1196
15 1197
5 1198
14 1199
11 1200
14 1201
8 1202
6 1203
10 1204
5 1205
12 1206
2 1207
6 1208
6 1209
3 1210
3 1211
7 1212
5 1213
4 1214
4 1215
3 1216
4 1217
1 1218
2 1219
2 1220
1 1221
2 1222
2 1223
2 1224
2 1226
2 1227
2 1229
1 1230
4 1231
2 1233
2 1234
2 1235
3 1236
2 1237
2 1238
2 1239
3 1240
2 1241
2 1242
5 1243
2 1244
4 1245
2 1246
3 1247
1 1248
1 1249
2 1250
1 1252
3 1253
2 1254
3 1256
5 1257
5 1258
3 1259
2 1260
3 1261
1 1262
2 1263
2 1264
2 1265
1 1266
1 1267
3 1268
3 1269
4 1272
2 1273
3 1274
2 1275
2 1278
5 1279
3 1280
4 1281
3 1282
2 1283
2 1284
1 1285
3 1286
8 1287
6 1288
4 1289
4 1290
2 1292
5 1293
3 1296
1 1297
2 1298
2 1299
1 1300
1 1301
4 1302
3 1303
3 1304
1 1305
1 1306
1 1307
2 1309
3 1310
1 1313
3 1314
1 1315
1 1316
2 1317
3 1319
1 1320
1 1322
2 1323
1 1324
4 1325
2 1327
1 1328
1 1330
3 1331
1 1332
1 1333
1 1336
2 1337
1 1338
1 1340
3 1341
2 1342
2 1343
1 1344
2 1346
2 1347
1 1348
2 1349
2 1350
3 1351
2 1353
2 1354
2 1355
2 1356
2 1357
2 1358
3 1360
2 1361
2 1362
2 1363
4 1364
1 1365
2 1366
2 1368
3 1369
3 1370
2 1371
2 1372
3 1373
2 1374
1 1375
2 1376
1 1379
3 1380
1 1381
1 1383
1 1384
1 1385
2 1388
1 1389
1 1390
2 1391
2 1393
1 1394
2 1395
4 1396
2 1397
1 1400
3 1401
2 1402
4 1403
1 1404
1 1405
1 1407
1 1408
1 1409
1 1410
1 1411
1 1412
2 1413
3 1414
4 1417
1 1418
4 1419
2 1420
2 1421
4 1422
1 1424
2 1425
2 1427
2 1428
5 1429
1 1430
1 1431
2 1432
3 1433
2 1434
1 1435
1 1438
1 1439
1 1441
1 1442
4 1443
1 1444
2 1445
1 1446
1 1447
3 1448
1 1449
2 1450
1 1451
1 1453
2 1454
1 1455
3 1456
2 1459
3 1460
1 1462
3 1463
2 1464
6 1465
4 1466
1 1470
1 1471
3 1472
2 1473
4 1475
1 1478
1 1479
3 1483
1 1485
1 1486
1 1487
2 1488
1 1489
2 1490
2 1491
4 1492
1 1494
2 1496
1 1499
2 1500
3 1501
2 1502
3 1504
1 1505
1 1506
1 1507
1 1508
3 1509
1 1511
1 1512
2 1513
2 1514
2 1515
1 1516
2 1517
3 1519
4 1521
1 1523
1 1524
1 1525
1 1526
1 1527
2 1529
2 1530
2 1532
2 1533
1 1535
2 1536
1 1537
3 1538
3 1539
1 1540
1 1541
1 1543
1 1544
2 1545
1 1546
2 1547
2 1548
1 1549
2 1551
1 1554
3 1555
3 1556
1 1557
1 1559
4 1560
3 1561
1 1562
3 1564
2 1565
1 1566
2 1567
5 1568
5 1569
3 1570
4 1571
1 1572
4 1573
3 1574
3 1575
1 1576
3 1577
1 1578
5 1579
4 1580
3 1581
3 1582
4 1583
2 1584
6 1585
5 1586
4 1587
3 1588
7 1589
7 1590
1 1591
2 1592
11 1593
5 1594
3 1595
6 1596
3 1597
10 1598
3 1599
4 1600
4 1601
2 1602
13 1603
4 1604
7 1605
6 1606
3 1607
5 1608
11 1609
5 1610
9 1611
4 1612
5 1613
8 1614
5 1615
12 1616
6 1617
3 1618
9 1619
3 1620
8 1621
2 1622
6 1623
3 1624
11 1625
2 1626
6 1627
10 1628
14 1629
9 1630
2 1631
1 1632
8 1633
11 1634
9 1635
13 1636
10 1637
9 1638
10 1639
6 1640
14 1641
8 1642
6 1643
9 1644
15 1645
15 1646
9 1647
5 1648
5 1649
12 1650
5 1651
13 1652
7 1653
8 1654
11 1655
7 1656
7 1657
8 1658
15 1659
4 1660
7 1661
6 1662
6 1663
5 1664
3 1665
4 1666
8 1667
7 1668
8 1669
6 1670
11 1671
3 1672
9 1673
5 1674
7 1675
6 1676
6 1677
5 1678
6 1679
9 1680
9 1681
7 1682
8 1683
4 1684
8 1685
9 1686
7 1687
10 1688
6 1689
14 1690
7 1691
17 1692
20 1693
14 1694
14 1695
11 1696
10 1697
14 1698
13 1699
16 1700
13 1701
14 1702
20 1703
21 1704
20 1705
20 1706
25 1707
27 1708
28 1709
31 1710
25 1711
27 1712
41 1713
29 1714
30 1715
56 1716
37 1717
45 1718
28 1719
44 1720
59 1721
38 1722
45 1723
50 1724
47 1725
57 1726
37 1727
51 1728
48 1729
44 1730
60 1731
58 1732
48 1733
52 1734
43 1735
57 1736
43 1737
52 1738
54 1739
43 1740
30 1741
31 1742
42 1743
46 1744
37 1745
47 1746
36 1747
30 1748
37 1749
30 1750
26 1751
28 1752
41 1753
29 1754
26 1755
22 1756
26 1757
16 1758
18 1759
23 1760
21 1761
26 1762
17 1763
25 1764
27 1765
13 1766
26 1767
12 1768
14 1769
17 1770
20 1771
13 1772
13 1773
15 1774
11 1775
7 1776
7 1777
15 1778
3 1779
11 1780
6 1781
10 1782
12 1783
15 1784
8 1785
8 1786
4 1787
13 1788
8 1789
10 1790
6 1791
8 1792
5 1793
8 1794
7 1795
9 1796
11 1797
5 1798
7 1799
6 1800
6 1801
8 1802
4 1803
3 1804
6 1805
6 1806
6 1807
3 1808
3 1809
8 1810
1 1811
3 1812
5 1813
4 1814
2 1815
7 1816
2 1817
6 1818
2 1819
3 1820
3 1821
4 1822
5 1823
5 1824
6 1825
6 1826
4 1827
4 1828
7 1829
6 1830
13 1831
7 1832
8 1833
4 1834
11 1835
8 1836
4 1837
5 1838
5 1839
4 1840
4 1841
6 1842
2 1843
6 1844
2 1845
5 1846
8 1847
5 1848
5 1849
4 1850
2 1851
3 1852
5 1853
8 1854
7 1855
8 1856
8 1857
8 1858
10 1859
4 1860
8 1861
4 1862
4 1863
6 1864
4 1865
5 1866
5 1867
4 1868
7 1869
6 1870
5 1871
1 1872
4 1873
6 1874
9 1875
9 1876
6 1877
5 1878
5 1879
7 1880
3 1881
10 1882
3 1883
9 1884
9 1885
7 1886
10 1887
5 1888
8 1889
15 1890
9 1891
7 1892
11 1893
7 1894
8 1895
13 1896
9 1897
8 1898
12 1899
17 1900
14 1901
13 1902
20 1903
17 1904
16 1905
28 1906
23 1907
20 1908
25 1909
25 1910
24 1911
31 1912
35 1913
19 1914
35 1915
38 1916
26 1917
32 1918
31 1919
28 1920
21 1921
35 1922
34 1923
27 1924
31 1925
40 1926
24 1927
30 1928
35 1929
31 1930
31 1931
32 1932
26 1933
30 1934
22 1935
19 1936
23 1937
23 1938
18 1939
23 1940
15 1941
15 1942
15 1943
13 1944
11 1945
17 1946
13 1947
8 1948
11 1949
10 1950
11 1951
12 1952
8 1953
6 1954
5 1955
9 1956
3 1957
10 1958
8 1959
1 1960
5 1961
4 1962
4 1963
3 1964
1 1966
4 1967
1 1968
1 1969
2 1970
6 1971
1 1973
1 1975
2 1976
1 1977
3 1978
1 1979
1 1980
2 1981
2 1994
1 2004
1 2005
1 2011
1 2026
3 2030
1 2034
1 2046
2 2049
1 2051
2 2056
1 2071
1 2078
1 2102
1 2108
1 2125
1 2127
1 2131
2 2134
1 2149
1 2150
1 2153
1 2189
1 2191
1 2203
1 2215
1 2238
1 2262
1 2263
1 2267
1 2272
1 2281
1 2282
1 2298
1 2316
1 2321
1 2322
1 2327
1 2329
1 2333
1 2341
1 2345
1 2346
1 2349
1 2354
1 2360
1 2363
2 2371
2 2378
1 2386
2 2393
1 2413
1 2430
1 2439
1 2448
1 2452
1 2469
1 2489
1 2490
1 2494
1 2496
1 2500
1 2513
1 2518
1 2527
2 2546
1 2557
1 2564
1 2565
1 2577
1 2579
1 2584
1 2587
1 2591
1 2592
1 2597
1 2601
1 2607
3 2608
1 2611
2 2612
2 2613
1 2615
2 2616
3 2617
2 2618
2 2619
2 2620
1 2621
1 2624
1 2625
1 2626
2 2627
3 2629
1 2631
3 2632
1 2633
1 2635
2 2636
1 2637
1 2638
3 2639
1 2640
3 2642
2 2643
4 2645
2 2647
2 2648
3 2650
1 2651
1 2652
1 2654
1 2655
1 2658
1 2659
1 2660
2 2662
1 2663
1 2666
2 2672
1 2677
1 2678
1 2708
1 2723
1 2771
1 2798
1 2809
1 2814
1 2831
1 2841
1 2845
2 2862
1 2879
1 2883
1 2897
1 2902
1 2913
1 2933
1 2935
1 2938
1 2949
1 2951
1 2963
1 2976
1 2981
1 2997
1 3007
1 3038
1 3044
1 3048
1 3050
1 3124
2 3174
1 3176
1 3283
1 3350
1 3483
1 3514
1 3592
1 3687
1 3835
1 4094
1 4106
1 4580
1 4934
