1 1
1 2
3 4
1 6
1 9
1 10
1 12
1 13
1 15
1 22
1 25
2 28
2 29
2 30
1 31
1 32
2 33
1 35
2 36
1 37
3 38
2 40
1 41
1 43
1 44
2 46
1 47
2 48
1 49
1 50
3 53
1 55
2 56
3 58
1 60
1 62
3 63
1 65
3 66
1 67
2 68
2 69
1 71
2 72
1 73
2 74
3 75
1 76
2 77
2 78
1 79
4 80
3 81
1 82
3 83
3 84
1 85
1 86
1 87
2 88
3 89
2 90
2 91
1 92
5 93
2 94
4 96
2 97
4 98
4 99
5 100
2 102
4 103
5 104
6 105
3 106
7 107
8 108
5 109
1 110
6 111
7 112
5 113
6 114
6 115
7 116
3 117
7 118
4 119
4 120
4 121
4 122
3 123
2 124
8 125
4 126
3 127
5 128
3 129
5 130
8 131
4 132
3 133
9 134
5 135
7 136
8 137
9 138
5 139
4 140
5 141
5 142
4 143
8 144
7 145
7 146
4 147
2 148
4 149
6 150
1 151
5 152
2 153
1 154
6 155
1 156
2 157
1 158
3 159
2 160
1 161
7 162
5 163
7 164
2 165
6 166
5 167
4 168
3 169
3 170
6 171
5 172
4 173
5 174
5 175
3 176
13 177
6 178
5 179
4 180
8 181
6 182
5 183
5 184
7 185
5 186
12 187
4 188
5 189
9 190
7 191
7 192
10 193
4 194
4 195
5 196
8 197
8 198
8 199
8 200
8 201
6 202
3 203
4 204
7 205
3 206
11 207
4 208
5 209
10 210
7 211
6 212
8 213
9 214
5 215
8 216
9 217
4 218
4 219
2 220
6 221
12 222
7 223
3 224
8 225
8 226
7 227
5 228
7 229
5 230
8 231
6 232
5 233
5 234
8 235
8 236
11 237
10 238
14 239
7 240
10 241
8 242
9 243
7 244
7 245
15 246
10 247
6 248
11 249
7 250
8 251
9 252
8 253
13 254
11 255
16 256
5 257
11 258
8 259
6 260
6 261
20 262
8 263
12 264
13 265
8 266
14 267
9 268
22 269
20 270
20 271
14 272
16 273
15 274
16 275
13 276
8 277
13 278
14 279
15 280
9 281
12 282
11 283
7 284
9 285
9 286
4 287
22 288
5 289
8 290
18 291
17 292
19 293
12 294
11 295
15 296
9 297
15 298
23 299
24 300
26 301
36 302
26 303
35 304
28 305
23 306
28 307
32 308
27 309
28 310
25 311
26 312
31 313
22 314
24 315
22 316
34 317
20 318
20 319
23 320
17 321
25 322
15 323
10 324
11 325
9 326
17 327
16 328
15 329
15 330
10 331
13 332
17 333
16 334
10 335
13 336
12 337
12 338
19 339
19 340
16 341
12 342
17 343
12 344
21 345
15 346
20 347
22 348
18 349
13 350
24 351
21 352
21 353
17 354
22 355
25 356
28 357
30 358
19 359
32 360
32 361
38 362
40 363
35 364
45 365
47 366
38 367
45 368
41 369
39 370
48 371
37 372
44 373
37 374
32 375
31 376
29 377
15 378
41 379
25 380
23 381
44 382
32 383
34 384
24 385
31 386
49 387
42 388
40 389
52 390
51 391
52 392
72 393
57 394
68 395
51 396
67 397
61 398
63 399
59 400
56 401
56 402
42 403
48 404
35 405
16 406
26 407
30 408
23 409
21 410
13 411
20 412
16 413
12 414
10 415
13 416
12 417
14 418
12 419
13 420
16 421
15 422
11 423
8 424
12 425
14 426
9 427
11 428
7 429
8 430
9 431
8 432
13 433
11 434
7 435
7 436
11 437
10 438
9 439
8 440
7 441
7 442
8 443
7 444
7 445
9 446
4 447
8 448
6 449
10 450
9 451
11 452
8 453
10 454
15 455
15 456
8 457
11 458
8 459
19 460
10 461
10 462
11 463
22 464
14 465
12 466
18 467
12 468
16 469
20 470
13 471
13 472
16 473
18 474
17 475
19 476
14 477
16 478
14 479
13 480
16 481
5 482
14 483
13 484
18 485
16 486
16 487
11 488
14 489
22 490
12 491
15 492
18 493
23 494
10 495
17 496
13 497
20 498
21 499
28 500
24 501
29 502
29 503
27 504
40 505
27 506
24 507
33 508
28 509
34 510
27 511
25 512
22 513
22 514
25 515
28 516
23 517
35 518
22 519
21 520
32 521
24 522
24 523
28 524
35 525
28 526
30 527
30 528
49 529
34 530
53 531
69 532
51 533
69 534
63 535
57 536
55 537
75 538
85 539
80 540
95 541
98 542
91 543
103 544
114 545
102 546
110 547
111 548
111 549
108 550
92 551
80 552
71 553
68 554
65 555
63 556
58 557
56 558
49 559
47 560
38 561
54 562
37 563
44 564
33 565
30 566
29 567
33 568
41 569
36 570
38 571
30 572
24 573
29 574
34 575
37 576
36 577
30 578
17 579
40 580
31 581
23 582
27 583
28 584
25 585
33 586
34 587
20 588
18 589
25 590
29 591
21 592
19 593
24 594
31 595
29 596
26 597
31 598
31 599
27 600
21 601
23 602
26 603
32 604
42 605
44 606
42 607
38 608
40 609
42 610
36 611
56 612
34 613
49 614
55 615
59 616
59 617
60 618
58 619
71 620
77 621
75 622
76 623
87 624
91 625
106 626
92 627
100 628
95 629
106 630
91 631
90 632
110 633
82 634
79 635
84 636
83 637
86 638
89 639
74 640
75 641
81 642
70 643
56 644
68 645
44 646
57 647
45 648
50 649
56 650
48 651
55 652
39 653
52 654
42 655
45 656
38 657
44 658
59 659
53 660
55 661
54 662
64 663
59 664
54 665
57 666
67 667
76 668
72 669
89 670
87 671
65 672
86 673
94 674
115 675
106 676
132 677
131 678
151 679
167 680
172 681
168 682
201 683
207 684
263 685
257 686
279 687
264 688
301 689
328 690
353 691
340 692
323 693
341 694
382 695
351 696
366 697
325 698
316 699
299 700
313 701
289 702
264 703
226 704
198 705
216 706
169 707
121 708
118 709
92 710
96 711
88 712
79 713
72 714
57 715
54 716
45 717
43 718
38 719
40 720
50 721
26 722
47 723
44 724
36 725
38 726
42 727
42 728
42 729
40 730
39 731
54 732
46 733
48 734
55 735
52 736
46 737
60 738
74 739
65 740
68 741
73 742
85 743
92 744
121 745
105 746
129 747
146 748
111 749
134 750
170 751
186 752
169 753
183 754
188 755
245 756
221 757
238 758
266 759
247 760
288 761
264 762
256 763
301 764
283 765
269 766
262 767
257 768
241 769
239 770
179 771
198 772
174 773
159 774
146 775
119 776
114 777
99 778
84 779
96 780
69 781
71 782
39 783
50 784
42 785
34 786
45 787
39 788
24 789
33 790
26 791
21 792
13 793
19 794
16 795
14 796
19 797
20 798
12 799
15 800
18 801
21 802
11 803
11 804
20 805
15 806
14 807
11 808
25 809
10 810
22 811
13 812
12 813
13 814
17 815
14 816
23 817
29 818
13 819
16 820
17 821
11 822
16 823
16 824
24 825
17 826
15 827
14 828
14 829
16 830
16 831
11 832
9 833
7 834
17 835
16 836
18 837
11 838
24 839
15 840
11 841
15 842
12 843
18 844
10 845
17 846
10 847
12 848
9 849
6 850
11 851
12 852
15 853
18 854
15 855
12 856
13 857
10 858
25 859
17 860
18 861
15 862
18 863
17 864
15 865
18 866
14 867
25 868
13 869
26 870
16 871
17 872
23 873
27 874
18 875
17 876
17 877
18 878
28 879
17 880
24 881
20 882
12 883
24 884
22 885
20 886
26 887
29 888
23 889
28 890
27 891
27 892
27 893
37 894
19 895
26 896
29 897
30 898
41 899
35 900
31 901
44 902
35 903
37 904
38 905
36 906
40 907
40 908
41 909
45 910
36 911
41 912
44 913
50 914
60 915
53 916
53 917
60 918
52 919
52 920
81 921
60 922
103 923
83 924
83 925
72 926
102 927
101 928
135 929
105 930
139 931
137 932
123 933
124 934
131 935
103 936
144 937
143 938
163 939
131 940
163 941
150 942
172 943
197 944
171 945
200 946
194 947
192 948
205 949
229 950
232 951
245 952
223 953
273 954
247 955
304 956
294 957
334 958
310 959
365 960
375 961
362 962
378 963
387 964
386 965
404 966
411 967
386 968
359 969
377 970
357 971
361 972
334 973
284 974
272 975
286 976
228 977
213 978
179 979
179 980
170 981
173 982
136 983
132 984
113 985
95 986
71 987
73 988
76 989
46 990
46 991
33 992
39 993
32 994
35 995
29 996
24 997
11 998
22 999
14 1000
5 1001
12 1002
6 1003
11 1004
10 1005
10 1006
12 1007
8 1008
2 1009
6 1010
5 1011
6 1012
4 1013
6 1014
7 1015
8 1016
5 1017
7 1018
3 1019
1 1020
2 1021
7 1022
2 1023
3 1024
4 1025
2 1026
6 1027
2 1028
2 1029
2 1030
3 1031
7 1032
5 1033
3 1034
5 1035
3 1036
5 1037
2 1038
1 1039
3 1040
4 1041
2 1042
4 1043
2 1044
2 1045
1 1046
1 1047
2 1048
2 1050
3 1051
2 1052
2 1053
5 1054
3 1057
5 1058
2 1059
3 1060
1 1061
3 1062
3 1063
1 1064
4 1065
3 1066
2 1067
1 1068
5 1069
1 1070
1 1071
3 1072
2 1073
4 1074
2 1075
4 1076
2 1077
3 1078
5 1080
9 1081
1 1082
3 1083
1 1084
4 1085
1 1086
1 1087
1 1088
3 1089
3 1090
3 1091
3 1092
2 1093
6 1094
1 1095
7 1096
5 1097
5 1098
3 1099
3 1100
4 1101
7 1102
5 1103
5 1104
1 1105
3 1106
4 1107
3 1108
4 1109
5 1110
5 1111
7 1112
9 1113
13 1114
7 1115
6 1116
7 1117
4 1118
3 1119
6 1120
6 1121
9 1122
5 1123
4 1124
12 1125
8 1126
10 1127
6 1128
11 1129
11 1130
12 1131
18 1132
13 1133
14 1134
17 1135
13 1136
16 1137
14 1138
18 1139
16 1140
17 1141
22 1142
20 1143
18 1144
20 1145
17 1146
13 1147
18 1148
22 1149
21 1150
18 1151
21 1152
24 1153
23 1154
21 1155
19 1156
18 1157
23 1158
24 1159
25 1160
23 1161
33 1162
29 1163
16 1164
19 1165
23 1166
11 1167
17 1168
9 1169
11 1170
11 1171
14 1172
6 1173
6 1174
7 1175
4 1176
6 1177
9 1178
4 1179
5 1180
4 1181
4 1182
7 1183
5 1184
3 1185
5 1186
4 1187
3 1188
2 1189
5 1191
3 1192
4 1193
2 1194
5 1195
5 1196
3 1199
3 1200
2 1201
4 1202
7 1203
2 1204
7 1205
4 1207
4 1208
1 1209
3 1210
4 1211
1 1212
3 1213
3 1214
2 1215
3 1216
6 1217
3 1219
1 1220
1 1221
2 1222
3 1223
2 1225
3 1226
7 1228
4 1229
7 1230
2 1231
2 1232
4 1233
7 1234
8 1235
4 1236
6 1237
3 1238
5 1239
9 1240
3 1241
9 1242
3 1243
7 1244
6 1245
4 1246
5 1247
4 1248
3 1249
3 1250
7 1251
4 1252
4 1253
6 1254
6 1255
11 1256
8 1257
5 1258
9 1259
2 1260
8 1261
4 1262
2 1263
8 1264
9 1265
4 1266
3 1267
5 1268
4 1269
5 1270
2 1271
2 1272
5 1273
9 1274
6 1275
5 1276
2 1277
5 1278
6 1279
5 1280
8 1281
7 1282
3 1283
4 1284
4 1285
8 1286
1 1287
1 1288
5 1289
1 1290
5 1291
6 1292
6 1293
6 1294
4 1295
4 1296
4 1297
7 1298
6 1299
3 1300
5 1301
3 1302
11 1303
6 1304
6 1305
6 1306
10 1307
8 1308
4 1309
7 1310
4 1311
6 1312
4 1313
6 1314
6 1315
7 1316
5 1317
5 1318
8 1319
9 1320
6 1321
7 1322
3 1323
2 1324
5 1325
8 1326
2 1327
8 1328
9 1329
9 1330
3 1331
7 1332
2 1333
4 1334
3 1335
6 1336
5 1337
7 1338
4 1339
8 1340
6 1341
3 1342
7 1343
3 1344
6 1345
9 1346
8 1347
8 1348
13 1349
5 1350
8 1351
3 1352
6 1353
7 1354
8 1355
4 1356
8 1357
3 1358
11 1359
9 1360
4 1361
10 1362
5 1363
6 1364
10 1365
6 1366
4 1367
6 1368
9 1369
9 1370
9 1371
9 1372
3 1373
17 1374
10 1375
9 1376
6 1377
9 1378
11 1379
6 1380
6 1381
17 1382
6 1383
14 1384
15 1385
10 1386
8 1387
9 1388
13 1389
13 1390
12 1391
8 1392
13 1393
18 1394
10 1395
19 1396
19 1397
10 1398
19 1399
28 1400
25 1401
26 1402
21 1403
22 1404
33 1405
27 1406
29 1407
19 1408
25 1409
29 1410
31 1411
36 1412
43 1413
35 1414
53 1415
44 1416
43 1417
48 1418
58 1419
61 1420
73 1421
65 1422
61 1423
53 1424
57 1425
64 1426
59 1427
66 1428
67 1429
49 1430
78 1431
54 1432
57 1433
66 1434
67 1435
62 1436
59 1437
47 1438
61 1439
53 1440
60 1441
46 1442
50 1443
42 1444
38 1445
38 1446
39 1447
32 1448
31 1449
27 1450
26 1451
25 1452
29 1453
16 1454
18 1455
25 1456
10 1457
17 1458
19 1459
16 1460
14 1461
12 1462
21 1463
15 1464
12 1465
10 1466
16 1467
13 1468
14 1469
14 1470
15 1471
16 1472
19 1473
13 1474
16 1475
22 1476
11 1477
19 1478
12 1479
12 1480
27 1481
18 1482
21 1483
18 1484
22 1485
29 1486
17 1487
23 1488
21 1489
24 1490
23 1491
26 1492
33 1493
23 1494
41 1495
35 1496
32 1497
32 1498
21 1499
18 1500
29 1501
30 1502
30 1503
32 1504
47 1505
25 1506
25 1507
29 1508
19 1509
24 1510
26 1511
25 1512
27 1513
24 1514
18 1515
14 1516
22 1517
19 1518
10 1519
17 1520
13 1521
11 1522
11 1523
10 1524
12 1525
7 1526
9 1527
9 1528
5 1529
2 1531
7 1532
8 1533
4 1534
7 1535
2 1536
4 1537
3 1538
5 1539
2 1540
3 1541
5 1542
2 1543
6 1544
4 1545
1 1546
4 1547
3 1548
3 1549
1 1550
4 1551
2 1552
1 1553
3 1554
2 1555
1 1556
1 1557
2 1558
2 1559
1 1560
1 1561
1 1562
1 1565
1 1566
3 1567
3 1568
5 1569
2 1570
1 1571
3 1573
2 1574
1 1577
3 1578
1 1579
2 1581
2 1584
1 1585
3 1586
3 1587
5 1588
1 1589
5 1590
1 1591
2 1592
1 1593
1 1594
1 1595
4 1596
5 1597
1 1598
4 1599
2 1600
1 1601
1 1602
3 1603
2 1604
1 1605
3 1606
2 1607
2 1609
4 1610
2 1611
1 1612
4 1613
4 1616
3 1617
1 1618
1 1620
2 1621
2 1623
1 1624
1 1625
1 1626
2 1627
1 1629
2 1631
1 1634
1 1635
1 1638
1 1641
2 1642
1 1645
1 1646
1 1650
1 1653
2 1654
1 1655
1 1656
1 1657
1 1659
2 1661
3 1662
1 1663
1 1667
1 1668
3 1669
1 1672
3 1673
1 1675
3 1676
2 1683
1 1684
1 1685
1 1686
1 1692
2 1693
3 1694
2 1695
1 1696
1 1700
2 1702
1 1703
1 1704
3 1706
1 1707
2 1709
4 1711
2 1713
2 1714
2 1715
2 1716
3 1717
2 1718
2 1720
2 1722
1 1724
1 1726
2 1727
1 1728
1 1731
1 1733
2 1734
2 1735
1 1736
2 1739
1 1741
1 1743
1 1744
2 1745
1 1747
1 1751
1 1752
1 1753
1 1757
1 1758
1 1760
2 1761
2 1762
2 1764
1 1768
1 1774
1 1777
1 1778
1 1781
1 1784
1 1788
2 1790
1 1791
1 1792
1 1793
1 1796
1 1797
1 1799
1 1800
1 1805
1 1806
1 1807
2 1809
3 1810
1 1811
2 1814
1 1816
1 1817
1 1819
1 1823
3 1826
2 1829
1 1830
1 1832
1 1836
1 1837
1 1842
1 1843
1 1845
1 1849
1 1852
1 1853
1 1855
2 1856
1 1857
2 1858
1 1860
1 1861
2 1863
1 1867
1 1871
1 1876
1 1879
1 1881
1 1882
2 1884
1 1885
2 1886
2 1887
1 1889
1 1890
2 1891
2 1892
1 1894
2 1895
1 1897
1 1899
3 1902
1 1909
2 1911
2 1912
2 1915
1 1917
1 1918
1 1919
1 1921
1 1923
2 1927
1 1933
1 1935
1 1940
1 1941
1 1942
1 1943
1 1944
1 1945
1 1946
1 1947
3 1948
1 1951
1 1952
2 1954
2 1955
2 1956
1 1959
1 1960
2 1963
1 1964
1 1965
1 1967
1 1968
1 1970
3 1972
1 1973
1 1975
1 1976
1 1982
1 1983
1 1984
1 1987
1 1990
1 1995
2 1998
1 2000
1 2002
1 2005
1 2006
1 2007
3 2008
1 2009
2 2010
1 2011
2 2012
2 2013
2 2015
2 2019
1 2021
2 2023
1 2024
2 2026
3 2027
1 2031
1 2038
1 2040
1 2043
1 2044
2 2045
1 2046
2 2049
1 2050
1 2051
1 2052
2 2053
1 2055
1 2058
1 2059
3 2060
1 2064
1 2066
2 2068
1 2069
1 2070
1 2072
1 2073
1 2076
1 2077
1 2078
2 2079
1 2080
1 2081
1 2084
3 2086
4 2087
1 2088
1 2089
4 2090
1 2092
1 2093
2 2094
2 2095
4 2096
1 2097
1 2098
1 2100
1 2103
2 2106
1 2107
1 2110
1 2111
4 2112
1 2113
1 2114
1 2115
5 2117
1 2118
2 2119
3 2121
1 2122
1 2125
1 2126
1 2127
1 2128
1 2129
1 2130
3 2131
3 2132
1 2133
2 2134
2 2135
1 2136
3 2138
3 2139
2 2140
3 2141
2 2142
1 2143
1 2145
2 2146
2 2147
3 2148
3 2149
1 2151
3 2152
1 2153
3 2154
3 2155
2 2156
2 2157
2 2158
5 2159
5 2160
3 2161
4 2163
2 2164
4 2165
6 2166
3 2167
4 2168
2 2169
3 2170
4 2171
4 2172
1 2173
2 2174
5 2175
7 2176
6 2177
4 2178
3 2179
4 2180
2 2181
2 2182
4 2183
3 2184
3 2185
4 2186
2 2187
6 2188
2 2189
8 2190
3 2191
2 2192
3 2193
2 2194
5 2195
2 2196
7 2197
2 2198
3 2199
12 2200
8 2201
6 2202
7 2203
4 2204
2 2205
7 2206
11 2207
11 2208
7 2209
6 2210
7 2211
4 2212
6 2213
10 2214
8 2215
6 2216
9 2217
15 2218
15 2219
9 2220
9 2221
6 2222
11 2223
11 2224
11 2225
11 2226
13 2227
9 2228
18 2229
12 2230
11 2231
10 2232
16 2233
12 2234
9 2235
18 2236
15 2237
15 2238
15 2239
13 2240
12 2241
12 2242
15 2243
12 2244
12 2245
11 2246
11 2247
20 2248
20 2249
25 2250
19 2251
17 2252
21 2253
21 2254
25 2255
20 2256
15 2257
17 2258
21 2259
16 2260
26 2261
18 2262
19 2263
28 2264
21 2265
22 2266
29 2267
36 2268
16 2269
19 2270
20 2271
17 2272
25 2273
19 2274
17 2275
22 2276
19 2277
16 2278
22 2279
18 2280
14 2281
13 2282
14 2283
16 2284
13 2285
17 2286
14 2287
6 2288
9 2289
9 2290
12 2291
11 2292
10 2293
7 2294
8 2295
6 2296
7 2297
8 2298
12 2299
3 2300
5 2301
4 2302
6 2303
2 2304
1 2305
6 2306
3 2307
4 2308
2 2309
3 2310
2 2311
2 2312
3 2313
2 2314
3 2315
1 2316
1 2317
3 2320
1 2322
2 2323
3 2324
1 2327
1 2328
2 2330
2 2331
3 2333
1 2335
1 2337
1 2338
1 2339
1 2340
1 2347
1 2348
3 2351
1 2352
1 2353
2 2355
1 2356
2 2357
1 2358
3 2359
2 2360
1 2361
1 2362
2 2366
1 2367
3 2368
3 2369
5 2371
2 2372
1 2373
1 2374
2 2375
1 2376
2 2378
1 2379
3 2380
2 2381
2 2382
1 2383
2 2384
2 2386
1 2388
3 2389
1 2390
2 2392
2 2393
1 2396
2 2398
1 2401
3 2402
1 2411
1 2412
1 2415
1 2416
2 2417
1 2419
1 2420
2 2422
1 2423
1 2429
1 2436
2 2437
1 2440
1 2447
1 2450
1 2453
2 2454
1 2457
1 2459
1 2476
1 2493
1 2496
1 2497
2 2499
1 2503
1 2510
1 2515
2 2525
1 2536
2 2546
1 2547
1 2555
1 2558
1 2561
1 2568
1 2570
1 2574
1 2585
1 2596
1 2613
1 2614
1 2617
1 2619
1 2639
1 2640
1 2648
1 2654
1 2655
1 2659
1 2682
1 2683
1 2693
1 2695
1 2712
1 2725
1 2731
1 2737
1 2749
1 2767
1 2770
1 2788
1 2790
2 2798
1 2817
1 2850
1 2864
1 2888
1 2931
1 2937
1 2970
1 2979
1 2999
1 3020
1 3038
1 3056
1 3065
1 3099
1 3101
1 3119
1 3165
1 3175
1 3222
1 3263
1 3320
1 3418
1 3590
1 3631
1 3638
1 3674
1 3756
1 3865
1 3925
