2 1
1 2
2 4
2 6
4 8
2 13
1 14
2 17
2 19
3 20
2 21
1 23
2 24
3 26
2 29
1 31
1 32
2 34
1 35
2 36
2 39
1 41
3 42
4 43
1 45
1 46
2 47
1 48
2 50
1 51
1 52
3 54
1 55
2 56
2 57
2 58
3 60
1 61
2 62
3 63
1 64
1 65
1 68
3 69
1 71
2 72
2 73
5 74
4 75
1 76
4 77
2 78
5 79
2 80
2 81
1 82
3 84
1 85
3 86
4 87
1 88
4 89
5 90
8 91
7 92
8 93
10 94
6 95
11 96
13 97
7 98
3 99
5 100
5 101
4 102
3 103
3 104
7 105
3 106
2 107
3 108
3 109
1 110
2 111
3 112
2 113
2 114
4 115
2 116
2 117
4 118
1 119
5 120
4 121
4 122
4 123
2 124
4 125
5 126
4 127
2 128
4 129
2 130
8 131
3 132
5 133
3 134
9 135
3 136
3 137
5 138
5 139
4 140
2 141
6 142
4 143
7 144
2 145
6 146
3 147
5 148
3 149
5 150
4 151
2 152
2 153
3 154
1 155
2 156
2 157
2 159
5 160
3 161
3 162
5 163
3 164
1 166
4 167
2 168
6 169
5 170
2 171
6 172
9 173
3 174
7 175
7 176
9 177
6 178
6 179
3 180
7 181
6 182
11 183
6 184
16 185
9 186
12 187
4 188
9 189
12 190
13 191
22 192
9 193
5 194
6 195
16 196
5 197
5 198
4 199
4 200
6 201
5 202
8 203
5 204
9 206
3 207
3 208
5 209
7 210
8 211
7 212
10 213
9 214
6 215
11 216
9 217
7 218
10 219
9 220
15 221
15 222
21 223
29 224
25 225
21 226
29 227
50 228
44 229
63 230
55 231
64 232
91 233
109 234
136 235
158 236
171 237
165 238
159 239
152 240
142 241
120 242
81 243
82 244
63 245
40 246
40 247
39 248
32 249
27 250
18 251
27 252
21 253
17 254
16 255
30 256
22 257
19 258
12 259
15 260
20 261
19 262
9 263
9 264
11 265
10 266
6 267
11 268
5 269
9 270
4 271
5 272
10 273
6 274
8 275
3 276
8 277
3 278
7 279
4 280
5 281
4 282
7 283
3 284
8 285
5 286
4 287
5 288
2 289
5 290
9 291
4 292
7 293
6 294
9 295
7 296
4 297
6 298
5 299
4 300
5 301
10 302
3 303
8 304
8 305
7 306
7 307
5 308
5 309
5 310
11 311
1 312
9 313
8 314
6 315
8 316
11 317
11 318
11 319
13 320
9 321
8 322
8 323
12 324
12 325
12 326
19 327
11 328
17 329
20 330
15 331
19 332
36 333
14 334
21 335
22 336
32 337
28 338
34 339
35 340
26 341
36 342
36 343
33 344
39 345
40 346
29 347
31 348
26 349
29 350
28 351
27 352
30 353
29 354
25 355
34 356
41 357
38 358
37 359
37 360
44 361
45 362
53 363
51 364
39 365
32 366
29 367
27 368
39 369
26 370
21 371
32 372
16 373
23 374
20 375
23 376
17 377
22 378
31 379
25 380
17 381
21 382
15 383
19 384
17 385
10 386
20 387
11 388
9 389
11 390
12 391
8 392
10 393
10 394
7 395
10 396
6 397
6 398
8 399
10 400
8 401
7 402
8 403
8 404
6 405
5 406
8 407
10 408
10 409
6 410
3 411
8 412
7 413
9 414
9 415
7 416
8 417
7 418
8 419
5 420
12 421
4 422
5 423
6 424
10 425
12 426
10 427
3 428
6 429
10 430
13 431
5 432
9 433
9 434
8 435
9 436
10 437
6 438
13 439
10 440
12 441
10 442
11 443
3 444
16 445
14 446
7 447
6 448
14 449
10 450
8 451
10 452
10 453
7 454
17 455
14 456
13 457
13 458
10 459
15 460
17 461
20 462
23 463
28 464
14 465
25 466
38 467
21 468
28 469
25 470
36 471
34 472
24 473
36 474
33 475
36 476
24 477
26 478
31 479
16 480
17 481
27 482
25 483
14 484
13 485
16 486
18 487
24 488
19 489
20 490
20 491
19 492
11 493
21 494
16 495
10 496
16 497
13 498
19 499
24 500
14 501
21 502
16 503
24 504
22 505
21 506
31 507
25 508
32 509
38 510
24 511
30 512
32 513
37 514
36 515
41 516
49 517
56 518
55 519
62 520
50 521
63 522
72 523
79 524
61 525
100 526
84 527
82 528
85 529
103 530
126 531
102 532
105 533
137 534
111 535
126 536
124 537
122 538
104 539
101 540
97 541
86 542
78 543
91 544
70 545
54 546
59 547
54 548
48 549
41 550
30 551
30 552
21 553
25 554
24 555
20 556
22 557
20 558
19 559
18 560
19 561
5 562
21 563
21 564
14 565
19 566
18 567
17 568
15 569
6 570
24 571
18 572
20 573
14 574
32 575
21 576
34 577
20 578
26 579
27 580
17 581
31 582
33 583
20 584
29 585
30 586
25 587
35 588
30 589
40 590
25 591
22 592
19 593
21 594
29 595
20 596
19 597
11 598
19 599
14 600
17 601
27 602
30 603
33 604
40 605
17 606
23 607
30 608
32 609
30 610
37 611
43 612
28 613
39 614
32 615
45 616
39 617
47 618
54 619
53 620
59 621
55 622
48 623
52 624
43 625
48 626
36 627
54 628
48 629
40 630
42 631
33 632
37 633
34 634
38 635
26 636
26 637
35 638
26 639
29 640
20 641
23 642
19 643
20 644
26 645
20 646
19 647
18 648
27 649
24 650
18 651
23 652
21 653
26 654
26 655
23 656
25 657
24 658
29 659
37 660
29 661
40 662
30 663
48 664
37 665
39 666
54 667
55 668
45 669
45 670
48 671
45 672
59 673
70 674
55 675
63 676
58 677
55 678
61 679
55 680
53 681
40 682
49 683
51 684
48 685
45 686
47 687
32 688
40 689
52 690
24 691
41 692
37 693
33 694
35 695
25 696
27 697
32 698
38 699
29 700
36 701
36 702
31 703
28 704
24 705
25 706
25 707
31 708
22 709
25 710
15 711
12 712
13 713
14 714
21 715
23 716
22 717
13 718
15 719
14 720
11 721
15 722
14 723
5 724
12 725
5 726
14 727
8 728
14 729
14 730
8 731
6 732
7 733
7 734
4 735
11 736
6 737
7 738
7 739
5 740
8 741
9 742
8 743
7 744
11 745
12 746
5 747
13 748
9 749
11 750
11 751
9 752
14 753
7 754
12 755
20 756
7 757
11 758
19 759
14 760
15 761
9 762
18 763
15 764
19 765
15 766
17 767
21 768
22 769
17 770
22 771
22 772
25 773
26 774
26 775
34 776
36 777
42 778
36 779
35 780
43 781
42 782
46 783
50 784
55 785
62 786
64 787
60 788
68 789
104 790
90 791
100 792
105 793
116 794
118 795
159 796
137 797
165 798
172 799
167 800
157 801
170 802
179 803
152 804
162 805
188 806
190 807
148 808
162 809
153 810
165 811
149 812
139 813
111 814
116 815
102 816
93 817
83 818
85 819
60 820
57 821
52 822
45 823
35 824
37 825
27 826
20 827
22 828
27 829
25 830
22 831
21 832
24 833
13 834
15 835
10 836
22 837
14 838
17 839
6 840
10 841
14 842
7 843
18 844
6 845
14 846
13 847
10 848
4 849
10 850
14 851
12 852
10 853
7 854
11 855
14 856
11 857
9 858
13 859
18 860
11 861
15 862
15 863
13 864
14 865
17 866
16 867
18 868
19 869
20 870
27 871
15 872
29 873
29 874
29 875
26 876
25 877
28 878
34 879
28 880
33 881
20 882
35 883
31 884
37 885
39 886
43 887
54 888
42 889
33 890
42 891
54 892
41 893
40 894
60 895
48 896
52 897
38 898
42 899
45 900
37 901
41 902
31 903
38 904
28 905
24 906
24 907
29 908
18 909
27 910
31 911
26 912
18 913
14 914
14 915
13 916
12 917
13 918
17 919
9 920
11 921
10 922
14 923
10 924
9 925
6 926
15 927
15 928
17 929
18 930
12 931
19 932
15 933
16 934
14 935
26 936
19 937
19 938
22 939
23 940
27 941
19 942
19 943
22 944
27 945
21 946
16 947
19 948
20 949
26 950
26 951
16 952
20 953
19 954
14 955
23 956
20 957
29 958
23 959
17 960
15 961
16 962
17 963
11 964
14 965
16 966
16 967
13 968
12 969
16 970
12 971
14 972
17 973
11 974
17 975
17 976
11 977
7 978
12 979
10 980
9 981
7 982
10 983
11 984
5 985
13 986
11 987
12 988
8 989
13 990
4 991
8 992
8 993
14 994
8 995
6 996
6 997
9 998
7 999
10 1000
2 1001
6 1002
5 1003
8 1004
4 1005
7 1006
9 1007
8 1008
11 1009
13 1010
8 1011
5 1012
6 1013
11 1014
4 1015
9 1016
8 1017
9 1018
11 1019
10 1020
8 1021
8 1022
7 1023
17 1024
6 1025
10 1026
11 1027
8 1028
8 1029
7 1030
13 1031
9 1032
6 1033
16 1034
10 1035
8 1036
9 1037
15 1038
9 1039
11 1040
7 1041
3 1042
10 1043
11 1044
9 1045
6 1046
13 1047
9 1048
9 1049
8 1050
10 1051
9 1052
13 1053
8 1054
10 1055
5 1056
6 1057
11 1058
11 1059
6 1060
6 1061
6 1062
8 1063
18 1064
13 1065
9 1066
5 1067
9 1068
14 1069
13 1070
12 1071
10 1072
10 1073
6 1074
8 1075
8 1076
14 1077
19 1078
7 1079
14 1080
16 1081
12 1082
14 1083
12 1084
14 1085
7 1086
14 1087
15 1088
12 1089
17 1090
13 1091
17 1092
13 1093
18 1094
15 1095
8 1096
14 1097
14 1098
14 1099
12 1100
17 1101
16 1102
18 1103
27 1104
19 1105
21 1106
15 1107
22 1108
22 1109
18 1110
17 1111
19 1112
21 1113
24 1114
27 1115
32 1116
22 1117
28 1118
24 1119
32 1120
27 1121
35 1122
35 1123
35 1124
43 1125
41 1126
41 1127
47 1128
44 1129
56 1130
60 1131
66 1132
55 1133
58 1134
68 1135
89 1136
80 1137
72 1138
93 1139
97 1140
99 1141
104 1142
100 1143
115 1144
97 1145
112 1146
114 1147
122 1148
131 1149
116 1150
96 1151
112 1152
124 1153
89 1154
105 1155
98 1156
94 1157
95 1158
75 1159
77 1160
79 1161
55 1162
60 1163
62 1164
60 1165
40 1166
33 1167
45 1168
33 1169
44 1170
28 1171
20 1172
26 1173
23 1174
32 1175
20 1176
25 1177
30 1178
21 1179
19 1180
13 1181
19 1182
24 1183
15 1184
18 1185
22 1186
16 1187
13 1188
15 1189
33 1190
25 1191
23 1192
16 1193
25 1194
36 1195
24 1196
30 1197
29 1198
31 1199
31 1200
26 1201
29 1202
45 1203
20 1204
39 1205
39 1206
37 1207
39 1208
39 1209
26 1210
34 1211
44 1212
36 1213
34 1214
29 1215
30 1216
44 1217
38 1218
19 1219
32 1220
23 1221
24 1222
28 1223
27 1224
30 1225
31 1226
22 1227
21 1228
31 1229
17 1230
12 1231
12 1232
11 1233
13 1234
16 1235
11 1236
13 1237
10 1238
11 1239
11 1240
8 1241
11 1242
9 1243
16 1244
15 1245
17 1246
19 1247
16 1248
13 1249
15 1250
16 1251
17 1252
8 1253
9 1254
11 1255
12 1256
11 1257
11 1258
14 1259
5 1260
15 1261
14 1262
15 1263
9 1264
13 1265
12 1266
14 1267
13 1268
11 1269
14 1270
20 1271
14 1272
16 1273
20 1274
11 1275
13 1276
15 1277
17 1278
19 1279
16 1280
15 1281
16 1282
13 1283
18 1284
16 1285
13 1286
16 1287
25 1288
23 1289
20 1290
20 1291
17 1292
28 1293
16 1294
27 1295
22 1296
23 1297
33 1298
27 1299
30 1300
23 1301
32 1302
33 1303
30 1304
43 1305
32 1306
21 1307
41 1308
31 1309
37 1310
26 1311
35 1312
32 1313
28 1314
30 1315
27 1316
29 1317
39 1318
24 1319
23 1320
31 1321
28 1322
28 1323
30 1324
27 1325
34 1326
25 1327
31 1328
24 1329
16 1330
19 1331
13 1332
20 1333
18 1334
17 1335
12 1336
13 1337
15 1338
16 1339
18 1340
16 1341
16 1342
25 1343
12 1344
12 1345
18 1346
15 1347
14 1348
20 1349
10 1350
10 1351
7 1352
15 1353
22 1354
16 1355
25 1356
30 1357
18 1358
16 1359
13 1360
17 1361
20 1362
26 1363
17 1364
15 1365
15 1366
14 1367
22 1368
22 1369
17 1370
22 1371
25 1372
22 1373
15 1374
14 1375
24 1376
24 1377
18 1378
22 1379
22 1380
20 1381
21 1382
20 1383
40 1384
21 1385
32 1386
16 1387
20 1388
25 1389
23 1390
20 1391
33 1392
26 1393
26 1394
23 1395
35 1396
33 1397
43 1398
36 1399
36 1400
29 1401
40 1402
34 1403
45 1404
44 1405
46 1406
52 1407
50 1408
46 1409
50 1410
57 1411
56 1412
60 1413
57 1414
51 1415
60 1416
50 1417
71 1418
58 1419
51 1420
51 1421
66 1422
48 1423
51 1424
44 1425
63 1426
66 1427
46 1428
57 1429
58 1430
47 1431
56 1432
59 1433
52 1434
58 1435
68 1436
51 1437
62 1438
58 1439
56 1440
32 1441
52 1442
48 1443
43 1444
38 1445
33 1446
47 1447
40 1448
31 1449
29 1450
41 1451
37 1452
32 1453
29 1454
31 1455
29 1456
25 1457
22 1458
22 1459
27 1460
12 1461
18 1462
19 1463
16 1464
14 1465
12 1466
7 1467
9 1468
13 1469
6 1470
2 1471
9 1472
14 1473
9 1474
5 1475
4 1476
3 1477
5 1478
7 1479
2 1480
6 1481
1 1482
3 1483
4 1484
3 1485
3 1486
4 1487
4 1489
3 1490
2 1491
4 1492
5 1493
1 1494
1 1495
3 1496
3 1497
1 1498
2 1500
1 1501
3 1502
2 1503
3 1504
2 1506
2 1511
5 1514
4 1515
2 1516
2 1517
2 1518
1 1519
2 1522
1 1523
1 1524
1 1525
2 1526
2 1527
2 1528
1 1529
1 1530
1 1532
2 1534
1 1535
2 1536
2 1538
2 1539
2 1540
2 1541
2 1542
2 1544
2 1545
1 1547
3 1548
1 1552
2 1553
1 1554
3 1555
1 1558
2 1559
1 1561
1 1562
2 1563
2 1564
1 1565
1 1566
1 1567
2 1568
2 1569
3 1570
2 1571
1 1573
2 1574
2 1576
3 1578
1 1579
1 1580
4 1581
3 1583
3 1584
1 1585
1 1586
3 1587
1 1588
1 1589
4 1590
1 1591
2 1592
1 1593
1 1594
1 1595
2 1596
2 1597
4 1598
3 1599
4 1600
1 1603
1 1604
1 1605
3 1607
2 1608
1 1609
1 1610
2 1611
2 1612
1 1613
3 1614
1 1615
2 1616
1 1617
4 1618
2 1619
1 1620
2 1621
3 1622
1 1623
3 1624
2 1625
1 1626
3 1627
1 1628
4 1631
1 1632
1 1633
1 1635
1 1636
4 1637
2 1638
3 1639
1 1640
2 1641
2 1642
1 1643
1 1644
5 1645
3 1646
2 1647
1 1648
1 1649
2 1650
2 1651
1 1652
3 1653
2 1654
2 1655
4 1656
3 1657
5 1658
2 1659
1 1660
5 1661
1 1662
2 1663
3 1664
1 1665
4 1667
3 1668
2 1669
2 1670
5 1671
2 1672
3 1673
7 1674
3 1675
3 1676
2 1677
8 1678
3 1679
8 1680
4 1681
4 1682
5 1683
6 1684
5 1685
4 1686
6 1687
8 1688
2 1689
7 1690
6 1691
5 1692
9 1693
9 1694
8 1695
8 1696
15 1697
10 1698
8 1699
7 1700
3 1701
5 1702
6 1703
5 1704
11 1705
4 1706
8 1707
4 1708
12 1709
6 1710
4 1711
13 1712
6 1713
12 1714
6 1715
8 1716
10 1717
10 1718
7 1719
4 1720
6 1721
10 1722
7 1723
10 1724
5 1725
8 1726
5 1727
9 1728
10 1729
4 1730
5 1731
3 1732
3 1733
5 1734
12 1735
12 1736
4 1737
5 1738
2 1739
6 1740
2 1741
9 1742
5 1743
9 1744
2 1745
5 1746
3 1747
3 1748
5 1749
7 1750
3 1751
2 1752
3 1753
3 1754
2 1755
1 1756
2 1757
3 1758
5 1759
2 1760
1 1761
2 1763
2 1764
3 1765
3 1766
1 1767
1 1769
2 1770
4 1771
1 1772
1 1773
1 1774
1 1775
3 1778
1 1779
1 1780
2 1781
2 1782
1 1783
3 1784
4 1785
2 1787
2 1793
5 1795
1 1796
3 1797
1 1798
4 1799
1 1800
2 1801
5 1802
1 1803
2 1804
2 1805
1 1806
4 1808
2 1809
1 1810
1 1811
2 1812
3 1813
6 1814
1 1815
3 1816
5 1817
1 1818
1 1820
4 1821
4 1822
3 1823
3 1824
3 1825
2 1826
2 1828
1 1830
2 1831
2 1833
2 1834
2 1836
2 1837
2 1838
4 1839
4 1841
5 1842
4 1843
3 1844
2 1846
1 1847
2 1848
3 1849
2 1850
4 1851
4 1852
2 1853
2 1854
1 1855
3 1856
1 1857
5 1858
2 1859
3 1860
1 1862
1 1863
6 1864
3 1865
4 1866
7 1867
1 1868
1 1869
4 1870
1 1871
6 1872
2 1873
5 1874
3 1875
2 1876
1 1877
2 1878
4 1879
1 1882
5 1883
4 1884
4 1885
2 1886
5 1887
3 1888
2 1889
1 1890
5 1891
5 1892
3 1893
5 1894
2 1895
3 1896
3 1897
4 1898
3 1899
9 1900
2 1901
4 1902
6 1903
4 1904
8 1905
5 1906
9 1907
7 1908
7 1909
7 1910
7 1911
4 1912
3 1913
9 1914
5 1915
10 1916
11 1917
8 1918
8 1919
9 1920
10 1921
10 1922
10 1923
7 1924
11 1925
8 1926
8 1927
8 1928
6 1929
13 1930
15 1931
10 1932
12 1933
7 1934
15 1935
18 1936
11 1937
15 1938
16 1939
18 1940
10 1941
15 1942
7 1943
21 1944
22 1945
17 1946
12 1947
9 1948
15 1949
22 1950
21 1951
18 1952
16 1953
20 1954
21 1955
29 1956
19 1957
28 1958
21 1959
23 1960
25 1961
24 1962
29 1963
17 1964
29 1965
22 1966
22 1967
31 1968
37 1969
29 1970
32 1971
32 1972
28 1973
22 1974
33 1975
21 1976
27 1977
22 1978
28 1979
30 1980
23 1981
28 1982
19 1983
25 1984
23 1985
25 1986
22 1987
20 1988
19 1989
17 1990
20 1991
19 1992
18 1993
13 1994
9 1995
18 1996
12 1997
21 1998
11 1999
9 2000
6 2001
13 2002
10 2003
16 2004
8 2005
10 2006
7 2007
4 2008
4 2009
7 2010
6 2011
3 2012
4 2013
7 2014
6 2015
2 2016
6 2017
4 2018
4 2019
3 2020
5 2021
2 2022
3 2023
2 2024
2 2025
3 2026
5 2027
2 2028
1 2029
3 2031
2 2032
3 2033
1 2034
3 2035
2 2036
4 2037
3 2038
2 2039
2 2040
1 2041
3 2042
1 2044
2 2046
4 2048
3 2050
1 2051
2 2052
1 2053
2 2054
3 2056
1 2057
4 2059
1 2060
4 2061
2 2062
3 2063
2 2064
3 2065
3 2066
3 2067
8 2068
4 2069
4 2070
3 2071
5 2072
5 2073
7 2074
4 2075
6 2076
4 2077
4 2078
6 2079
5 2080
4 2081
4 2082
6 2083
6 2084
4 2085
1 2086
3 2087
9 2088
6 2089
4 2090
10 2091
5 2092
4 2093
3 2094
8 2095
6 2096
4 2097
2 2098
5 2099
9 2100
8 2101
3 2102
3 2103
4 2104
5 2105
5 2106
3 2107
8 2108
1 2109
2 2110
3 2111
4 2112
4 2113
2 2114
4 2115
2 2116
4 2117
4 2118
2 2120
2 2121
2 2122
1 2123
4 2124
3 2125
1 2126
2 2127
1 2128
1 2132
1 2133
1 2140
2 2145
1 2146
1 2148
1 2149
1 2155
1 2156
1 2157
1 2159
2 2160
2 2163
1 2166
1 2167
1 2168
1 2169
1 2171
1 2173
1 2175
1 2177
2 2184
1 2185
1 2188
1 2191
1 2195
1 2198
1 2202
1 2206
1 2208
1 2210
1 2215
1 2217
1 2219
1 2220
1 2221
1 2226
1 2234
1 2236
1 2242
1 2243
1 2247
1 2250
1 2256
1 2261
1 2265
1 2273
1 2284
1 2289
1 2298
1 2304
1 2322
1 2325
1 2329
1 2330
1 2332
1 2335
1 2336
1 2340
1 2341
1 2346
1 2352
2 2354
1 2362
1 2363
1 2377
1 2379
1 2385
2 2386
2 2388
1 2389
1 2390
1 2392
1 2400
1 2402
1 2403
2 2406
1 2416
1 2419
2 2420
1 2424
1 2439
1 2442
1 2444
1 2458
1 2464
1 2468
1 2480
1 2486
1 2489
1 2493
1 2497
1 2514
1 2515
1 2516
1 2519
1 2521
1 2523
2 2526
1 2531
1 2539
1 2559
1 2561
1 2565
1 2566
1 2572
1 2574
1 2580
1 2592
1 2594
1 2597
1 2603
2 2609
1 2620
1 2634
1 2641
1 2648
1 2650
1 2660
1 2661
1 2674
1 2679
2 2682
1 2688
2 2689
3 2692
1 2696
1 2708
1 2710
1 2725
1 2729
1 2733
1 2736
1 2738
1 2740
1 2741
1 2751
1 2752
1 2755
1 2763
1 2775
1 2779
2 2782
1 2792
1 2796
1 2797
1 2802
1 2806
1 2810
1 2811
1 2813
1 2814
1 2816
2 2820
1 2825
1 2832
1 2834
1 2836
1 2837
1 2840
1 2842
1 2843
1 2847
1 2852
1 2853
1 2856
1 2859
1 2866
1 2868
2 2872
2 2874
2 2876
1 2881
1 2884
1 2887
1 2892
1 2902
1 2936
1 2943
1 2945
1 2949
1 2968
1 2985
1 3063
1 3098
1 3124
1 3125
1 3197
1 3273
1 3378
1 3451
1 3513
1 3756
1 3768
1 3929
1 4176
1 4193
1 4197
1 4255
1 5547
