1 6
2 7
2 10
1 12
2 18
1 19
1 20
1 22
1 24
3 28
3 30
2 31
2 32
1 33
2 35
1 36
1 37
2 39
2 43
1 45
1 47
1 48
1 49
1 51
2 52
3 53
1 54
4 55
1 58
2 60
2 61
1 62
3 63
2 64
2 65
3 66
3 68
3 69
5 70
3 71
3 72
8 73
5 74
1 75
3 76
3 78
3 79
2 80
3 81
1 82
4 83
1 84
4 85
3 86
3 88
2 89
4 90
2 91
2 92
2 94
2 95
2 96
8 97
7 99
2 100
3 101
1 102
3 103
8 104
2 105
3 106
2 107
3 109
3 110
1 111
3 112
1 113
4 114
5 115
6 116
5 117
3 118
6 119
5 120
3 121
5 122
6 123
7 124
6 125
3 126
1 127
2 128
1 129
4 130
3 131
4 133
2 134
2 135
1 136
4 137
2 138
4 139
1 141
6 142
5 143
11 144
4 145
5 146
7 147
1 148
5 149
5 150
6 151
3 153
5 154
3 155
6 156
3 157
4 158
8 159
9 160
7 161
5 162
8 163
5 164
5 165
5 166
8 167
6 168
4 169
6 170
7 171
6 172
4 173
6 174
4 175
4 176
2 177
2 178
2 179
1 180
5 181
11 182
6 183
10 184
5 185
11 186
15 187
17 188
13 189
25 190
21 191
29 192
35 193
22 194
39 195
53 196
41 197
44 198
45 199
45 200
40 201
30 202
20 203
24 204
14 205
14 206
8 207
9 208
7 209
7 210
7 211
5 212
3 213
6 214
3 215
4 216
5 217
3 218
7 219
5 220
6 221
9 222
7 223
3 224
5 225
5 226
5 227
1 228
8 229
5 230
5 231
2 232
4 233
8 234
7 235
6 236
6 237
8 238
7 239
10 240
9 241
7 242
4 243
9 244
11 245
12 246
4 247
8 248
13 249
7 250
12 251
8 252
14 253
11 254
7 255
6 256
14 257
17 258
8 259
11 260
15 261
12 262
11 263
10 264
6 265
9 266
10 267
10 268
8 269
8 270
10 271
8 272
9 273
9 274
12 275
10 276
10 277
12 278
15 279
16 280
16 281
10 282
13 283
7 284
13 285
10 286
8 287
12 288
13 289
15 290
13 291
16 292
14 293
15 294
16 295
20 296
22 297
27 298
30 299
26 300
46 301
41 302
34 303
45 304
36 305
29 306
34 307
44 308
35 309
20 310
24 311
27 312
22 313
29 314
22 315
29 316
32 317
35 318
32 319
31 320
47 321
51 322
45 323
58 324
60 325
56 326
60 327
54 328
60 329
62 330
57 331
46 332
39 333
50 334
32 335
33 336
29 337
28 338
28 339
24 340
16 341
25 342
27 343
22 344
25 345
28 346
27 347
27 348
25 349
27 350
36 351
31 352
20 353
25 354
31 355
24 356
25 357
27 358
16 359
21 360
13 361
19 362
18 363
16 364
18 365
17 366
17 367
15 368
25 369
21 370
19 371
21 372
24 373
25 374
20 375
17 376
24 377
21 378
16 379
25 380
17 381
27 382
20 383
25 384
15 385
15 386
22 387
17 388
14 389
24 390
20 391
17 392
13 393
14 394
17 395
14 396
23 397
13 398
17 399
16 400
23 401
20 402
18 403
9 404
20 405
28 406
27 407
18 408
18 409
23 410
19 411
25 412
22 413
21 414
38 415
31 416
35 417
36 418
36 419
40 420
53 421
55 422
55 423
71 424
54 425
80 426
89 427
78 428
116 429
114 430
146 431
162 432
181 433
192 434
175 435
178 436
160 437
188 438
171 439
187 440
166 441
153 442
115 443
98 444
101 445
91 446
75 447
51 448
49 449
52 450
54 451
45 452
41 453
32 454
34 455
40 456
41 457
46 458
44 459
40 460
40 461
46 462
37 463
37 464
32 465
43 466
47 467
31 468
36 469
52 470
24 471
29 472
30 473
29 474
14 475
14 476
12 477
13 478
12 479
16 480
14 481
16 482
19 483
14 484
14 485
15 486
10 487
16 488
14 489
15 490
16 491
16 492
15 493
20 494
16 495
17 496
21 497
16 498
27 499
20 500
22 501
31 502
35 503
42 504
22 505
31 506
44 507
38 508
46 509
35 510
40 511
45 512
51 513
60 514
61 515
56 516
76 517
70 518
69 519
56 520
76 521
72 522
71 523
78 524
71 525
63 526
65 527
76 528
71 529
70 530
59 531
59 532
61 533
56 534
46 535
36 536
35 537
19 538
28 539
12 540
22 541
10 542
3 543
8 544
10 545
8 546
10 547
12 548
4 549
8 550
6 551
9 552
4 553
9 554
7 555
2 556
2 557
4 558
4 559
4 560
2 561
3 562
1 563
3 564
5 565
3 566
4 567
6 568
3 569
1 570
5 571
5 572
2 573
7 574
7 575
3 576
3 577
1 578
2 579
4 580
3 581
3 582
4 583
4 584
1 585
8 586
3 587
9 588
6 589
5 590
6 591
6 592
3 593
11 594
8 595
6 596
5 597
14 598
9 599
5 600
8 601
8 602
4 603
12 604
5 605
7 606
10 607
9 608
6 609
3 610
2 611
3 612
4 613
6 614
5 615
3 616
6 617
3 618
7 619
3 620
7 621
5 622
1 623
2 624
5 625
6 626
2 627
4 628
3 629
3 630
4 631
5 632
3 633
5 634
6 635
5 636
7 637
3 638
2 639
2 640
5 641
7 642
6 643
6 644
7 645
1 646
9 647
13 648
7 649
14 650
15 651
8 652
10 653
10 654
9 655
9 656
15 657
13 658
14 659
14 660
11 661
18 662
15 663
19 664
12 665
10 666
23 667
13 668
19 669
21 670
14 671
12 672
11 673
8 674
10 675
13 676
5 677
11 678
7 679
13 680
12 681
6 682
6 683
7 684
3 685
5 686
10 687
9 688
8 689
6 690
10 691
7 692
7 693
8 694
7 695
8 696
1 697
7 698
11 699
5 700
7 701
8 702
6 703
5 704
10 705
4 706
9 707
9 708
5 709
8 710
3 711
4 712
6 713
7 714
4 715
3 716
4 717
4 718
6 719
8 720
8 721
5 722
8 723
6 724
4 725
7 726
3 727
5 728
2 729
2 730
1 731
8 732
2 733
4 734
8 735
5 736
10 737
3 738
5 739
8 740
8 741
6 742
2 743
2 744
4 745
4 746
2 747
5 748
3 750
8 751
5 752
3 753
1 754
5 755
9 756
4 757
2 758
6 759
4 760
5 761
5 762
1 763
6 764
5 765
3 766
4 767
5 768
8 769
4 770
5 771
4 772
4 773
4 774
6 775
4 776
14 777
5 778
9 779
4 780
9 781
5 782
10 783
9 784
13 785
7 786
8 787
11 788
7 789
3 790
10 791
6 792
6 793
8 794
6 795
9 796
8 797
5 798
6 799
8 800
9 801
5 802
9 803
5 804
10 805
3 806
3 807
6 808
7 809
6 810
8 811
5 812
9 813
2 814
4 815
9 816
5 817
4 818
3 819
8 820
4 821
9 822
8 823
6 824
4 825
10 826
12 827
9 828
4 829
16 830
13 831
10 832
10 833
9 834
11 835
7 836
12 837
12 838
15 839
17 840
14 841
9 842
10 843
6 844
10 845
12 846
13 847
15 848
16 849
20 850
19 851
14 852
8 853
26 854
20 855
23 856
25 857
15 858
26 859
21 860
30 861
34 862
23 863
31 864
24 865
16 866
29 867
12 868
24 869
21 870
22 871
21 872
29 873
13 874
17 875
17 876
21 877
17 878
13 879
15 880
15 881
9 882
14 883
18 884
16 885
21 886
16 887
16 888
20 889
19 890
22 891
23 892
45 893
24 894
31 895
35 896
31 897
28 898
45 899
41 900
34 901
35 902
34 903
31 904
41 905
29 906
27 907
29 908
24 909
30 910
18 911
22 912
21 913
22 914
27 915
21 916
14 917
13 918
12 919
8 920
16 921
4 922
7 923
5 924
7 925
4 926
3 927
7 928
6 929
4 930
4 931
4 932
3 933
4 934
2 935
5 936
3 937
2 938
1 939
4 941
1 942
1 945
2 946
1 947
1 948
3 949
2 950
2 951
2 954
2 955
1 957
2 958
1 959
1 960
1 961
1 962
4 966
1 969
2 970
2 971
1 973
1 974
1 977
4 980
1 981
1 982
1 984
1 986
1 989
1 990
2 994
3 997
3 998
1 999
1 1000
1 1002
1 1003
2 1004
1 1005
2 1006
2 1007
2 1008
1 1010
1 1011
1 1012
2 1014
1 1015
1 1016
1 1017
2 1018
1 1019
1 1020
1 1022
2 1023
1 1024
2 1025
2 1028
3 1030
2 1031
4 1033
1 1034
4 1035
1 1037
1 1038
1 1039
2 1040
2 1041
1 1042
2 1043
2 1044
2 1047
2 1050
2 1051
1 1053
1 1054
1 1055
1 1056
1 1057
3 1058
2 1059
2 1061
1 1062
1 1063
1 1066
1 1067
3 1068
1 1069
1 1070
2 1071
1 1072
1 1074
2 1075
4 1078
1 1079
1 1080
1 1081
3 1082
2 1083
1 1084
2 1085
1 1086
1 1088
1 1089
3 1090
4 1092
3 1093
2 1094
1 1095
2 1096
1 1097
1 1099
2 1101
5 1102
4 1103
1 1104
3 1105
3 1106
1 1107
2 1108
2 1109
4 1110
2 1111
3 1113
1 1114
1 1115
6 1116
5 1117
1 1118
4 1119
1 1120
2 1121
4 1122
1 1123
3 1125
1 1126
1 1127
1 1128
1 1129
1 1131
2 1132
4 1133
1 1134
1 1135
2 1136
1 1138
1 1139
2 1140
1 1142
1 1143
1 1144
3 1145
2 1146
3 1147
3 1148
1 1149
1 1150
2 1152
1 1153
1 1154
1 1155
4 1156
1 1157
1 1158
3 1159
2 1160
4 1161
4 1162
2 1163
3 1165
4 1166
4 1167
4 1168
4 1169
2 1170
4 1171
7 1172
1 1173
7 1174
7 1175
3 1176
5 1177
4 1178
4 1179
7 1180
6 1181
5 1182
14 1183
5 1184
6 1185
7 1186
6 1187
2 1188
13 1189
12 1190
4 1191
5 1192
8 1193
9 1194
6 1195
5 1196
5 1197
5 1198
6 1199
6 1200
5 1201
6 1202
7 1203
8 1204
1 1205
3 1206
2 1207
6 1208
3 1209
1 1210
2 1211
4 1212
7 1213
1 1214
2 1215
5 1216
1 1217
3 1218
1 1219
4 1220
1 1221
2 1223
5 1225
2 1226
2 1227
2 1228
5 1229
3 1230
1 1232
1 1233
2 1235
2 1236
5 1238
1 1239
2 1240
4 1241
2 1242
4 1243
5 1244
3 1245
2 1246
2 1247
4 1248
4 1249
4 1250
3 1251
3 1252
2 1253
2 1254
1 1255
2 1256
3 1257
6 1259
2 1260
5 1261
3 1262
4 1263
3 1264
4 1265
4 1266
1 1267
1 1268
10 1269
6 1270
7 1271
10 1272
5 1273
9 1274
3 1275
7 1276
6 1277
6 1278
19 1279
11 1280
7 1281
7 1282
11 1283
16 1284
7 1285
9 1286
15 1287
19 1288
12 1289
16 1290
16 1291
20 1292
17 1293
6 1294
16 1295
10 1296
9 1297
10 1298
14 1299
13 1300
9 1301
12 1302
16 1303
12 1304
11 1305
8 1306
6 1307
7 1308
10 1309
6 1310
6 1311
6 1312
8 1313
7 1314
7 1315
7 1316
6 1317
6 1318
3 1319
2 1320
4 1321
4 1322
4 1323
8 1324
4 1325
5 1326
3 1327
6 1328
3 1329
2 1331
3 1332
2 1333
4 1334
5 1335
2 1336
2 1337
2 1338
2 1339
2 1340
2 1342
3 1344
3 1345
5 1346
5 1347
4 1348
2 1349
1 1350
1 1351
3 1352
3 1353
3 1354
1 1356
5 1357
4 1358
3 1359
2 1360
2 1361
1 1362
1 1363
1 1364
3 1365
2 1366
1 1367
1 1368
4 1369
1 1370
1 1371
1 1372
4 1374
1 1375
3 1376
3 1377
5 1378
2 1379
3 1380
5 1381
4 1382
2 1383
5 1384
5 1385
4 1386
3 1387
2 1388
1 1390
3 1391
2 1394
2 1395
3 1396
3 1397
2 1398
1 1399
2 1400
4 1401
1 1402
2 1403
6 1404
2 1405
1 1406
3 1407
1 1408
3 1409
4 1410
5 1411
1 1412
1 1413
3 1414
1 1415
1 1416
5 1419
1 1420
3 1421
1 1422
2 1424
2 1426
2 1427
2 1428
1 1429
1 1430
1 1431
3 1432
3 1433
1 1434
2 1435
2 1437
6 1438
2 1440
3 1441
3 1443
1 1444
3 1445
3 1446
1 1447
2 1448
1 1450
3 1453
3 1454
2 1455
1 1456
3 1457
3 1458
1 1459
3 1461
3 1463
4 1464
6 1465
1 1466
3 1467
3 1468
1 1469
4 1470
3 1471
4 1472
2 1473
1 1474
1 1475
3 1476
3 1477
5 1478
3 1479
2 1481
3 1482
4 1483
4 1484
5 1485
4 1486
3 1487
1 1488
5 1489
4 1490
1 1491
4 1493
2 1494
8 1495
4 1496
2 1497
4 1498
2 1499
1 1500
4 1501
2 1502
3 1503
6 1504
4 1505
4 1506
7 1507
6 1508
7 1509
7 1510
5 1511
1 1512
4 1513
5 1514
3 1515
9 1516
7 1517
7 1518
4 1519
8 1520
12 1521
5 1522
15 1523
16 1524
4 1525
9 1526
9 1527
7 1528
12 1529
9 1530
11 1531
18 1532
14 1533
15 1534
15 1535
19 1536
16 1537
14 1538
12 1539
15 1540
14 1541
10 1542
15 1543
14 1544
20 1545
20 1546
13 1547
12 1548
13 1549
5 1550
15 1551
11 1552
9 1553
8 1554
9 1555
7 1556
12 1557
7 1558
9 1559
7 1560
10 1561
5 1562
8 1563
3 1564
9 1565
3 1566
9 1567
3 1568
5 1569
8 1570
7 1571
3 1573
7 1574
1 1575
1 1576
3 1577
5 1578
2 1579
4 1580
3 1581
4 1584
3 1585
5 1586
4 1587
3 1589
3 1590
4 1591
1 1592
1 1593
2 1595
3 1596
3 1597
4 1598
3 1600
1 1601
3 1602
4 1604
1 1605
2 1608
1 1609
3 1611
2 1612
3 1613
1 1614
1 1615
2 1616
2 1617
4 1618
3 1619
3 1620
5 1621
2 1622
3 1623
4 1624
5 1625
3 1627
2 1628
3 1629
3 1630
3 1631
3 1632
1 1633
4 1634
3 1635
4 1636
3 1637
1 1638
4 1639
2 1640
9 1641
5 1642
2 1643
4 1644
4 1646
5 1647
9 1648
4 1649
1 1650
6 1651
1 1652
2 1653
4 1654
1 1655
6 1656
3 1657
4 1658
6 1659
1 1660
2 1661
7 1662
6 1663
8 1664
2 1665
1 1666
1 1667
2 1668
2 1669
2 1670
4 1671
4 1673
5 1674
1 1676
6 1677
2 1678
1 1679
1 1680
2 1681
3 1682
1 1683
3 1684
2 1686
3 1687
4 1688
1 1689
1 1691
1 1692
3 1693
1 1695
3 1696
1 1697
3 1698
1 1699
1 1702
2 1704
1 1705
1 1706
1 1707
3 1708
2 1709
4 1710
1 1711
1 1712
3 1713
1 1714
4 1715
4 1716
1 1717
1 1718
3 1719
2 1720
2 1721
3 1724
3 1725
2 1726
1 1728
3 1729
3 1730
1 1731
3 1732
2 1733
2 1735
2 1736
2 1737
1 1738
5 1739
3 1740
3 1741
2 1744
2 1745
3 1746
1 1747
3 1748
3 1749
3 1750
2 1751
6 1752
3 1753
6 1754
4 1755
4 1756
3 1757
2 1758
6 1759
4 1760
6 1761
3 1762
3 1763
5 1764
2 1766
8 1767
5 1768
6 1769
4 1770
4 1771
4 1772
4 1773
10 1774
7 1775
7 1776
7 1777
2 1778
8 1779
10 1780
10 1781
8 1782
6 1783
7 1784
7 1785
7 1786
11 1787
3 1788
2 1789
1 1790
8 1791
3 1792
7 1793
6 1794
5 1795
7 1796
7 1797
5 1798
7 1799
4 1800
6 1801
5 1802
4 1803
5 1804
3 1805
3 1806
2 1807
5 1808
2 1809
4 1810
2 1811
5 1812
3 1813
2 1814
4 1815
2 1816
4 1817
1 1818
3 1819
2 1820
1 1821
1 1822
3 1823
1 1824
2 1825
2 1827
3 1828
2 1829
3 1830
5 1831
1 1832
1 1833
1 1834
3 1835
1 1837
3 1838
2 1839
1 1840
1 1841
2 1842
3 1843
4 1844
2 1845
4 1846
4 1847
8 1848
4 1849
2 1851
4 1852
5 1853
6 1854
7 1855
5 1856
2 1857
4 1858
8 1859
5 1860
4 1861
7 1862
2 1863
6 1864
4 1865
4 1866
3 1867
8 1868
3 1869
7 1870
5 1871
6 1872
5 1873
8 1874
8 1875
2 1876
7 1877
5 1878
2 1879
4 1880
3 1881
9 1882
6 1883
7 1884
10 1885
5 1886
3 1887
8 1888
11 1889
10 1890
5 1891
7 1892
7 1893
7 1894
11 1895
7 1896
10 1897
4 1898
6 1899
5 1900
3 1901
8 1902
5 1903
6 1904
3 1905
8 1906
2 1907
3 1908
3 1909
5 1910
5 1911
5 1912
2 1913
5 1914
2 1915
5 1916
1 1917
5 1918
9 1919
2 1920
1 1921
3 1922
1 1923
1 1924
3 1925
3 1926
2 1927
1 1928
3 1929
2 1930
1 1931
2 1932
2 1933
2 1934
2 1937
2 1938
3 1939
2 1940
3 1942
1 1943
3 1944
2 1945
2 1947
3 1948
2 1949
1 1950
6 1951
2 1952
2 1953
4 1954
3 1955
1 1956
3 1957
3 1958
1 1959
2 1960
2 1961
1 1962
3 1963
3 1964
2 1965
2 1966
3 1967
3 1968
3 1969
3 1971
5 1972
3 1973
2 1974
5 1975
4 1976
2 1977
1 1978
1 1979
1 1980
1 1981
3 1983
1 1985
3 1986
2 1988
2 1990
3 1991
2 1992
1 1993
1 1995
1 1996
1 1997
2 1999
1 2000
2 2002
2 2003
3 2005
2 2008
3 2009
1 2010
3 2012
1 2019
2 2020
1 2021
2 2022
2 2024
1 2026
2 2028
1 2030
2 2034
1 2035
1 2036
2 2038
1 2042
1 2043
2 2044
1 2046
1 2052
1 2054
1 2055
1 2056
1 2058
1 2061
1 2064
1 2066
1 2067
1 2068
1 2069
1 2071
2 2074
2 2075
2 2076
1 2077
1 2078
1 2079
1 2080
2 2081
1 2082
1 2083
2 2086
1 2087
2 2089
2 2091
2 2092
1 2093
1 2094
2 2097
1 2104
1 2105
1 2107
1 2108
1 2109
2 2111
3 2122
2 2123
1 2124
1 2126
2 2129
1 2131
1 2132
1 2134
1 2137
1 2138
2 2140
2 2142
1 2144
2 2145
1 2147
3 2148
1 2153
2 2154
1 2155
3 2156
2 2157
1 2161
3 2165
2 2167
3 2168
1 2170
1 2171
2 2174
2 2175
1 2176
1 2178
1 2179
1 2180
1 2182
4 2183
1 2184
1 2185
2 2187
1 2188
3 2189
3 2190
5 2191
1 2192
2 2194
4 2195
2 2196
2 2198
1 2199
3 2200
2 2201
5 2202
1 2203
5 2205
1 2206
2 2207
3 2208
3 2209
2 2211
3 2212
4 2213
2 2214
2 2215
2 2217
3 2218
2 2219
3 2220
2 2221
4 2223
2 2224
5 2225
1 2226
4 2227
3 2228
3 2229
3 2230
6 2231
3 2232
1 2233
2 2234
8 2235
1 2236
7 2238
2 2239
2 2240
4 2241
3 2242
2 2243
6 2244
5 2245
2 2246
3 2247
4 2248
2 2249
3 2250
6 2251
2 2252
3 2253
5 2254
2 2255
5 2256
1 2257
3 2258
3 2259
2 2260
4 2261
3 2262
4 2263
3 2264
5 2265
3 2266
3 2267
4 2268
4 2269
4 2270
3 2271
5 2272
7 2273
3 2274
4 2275
2 2276
9 2277
6 2278
8 2279
5 2280
2 2281
9 2282
3 2283
6 2284
8 2285
9 2286
7 2287
5 2288
4 2289
11 2290
4 2291
8 2292
4 2293
2 2294
13 2295
9 2296
7 2297
10 2298
9 2299
10 2300
8 2301
6 2302
9 2303
6 2304
6 2305
8 2306
9 2307
5 2308
5 2309
13 2310
6 2311
12 2312
8 2313
10 2314
7 2315
4 2316
4 2317
7 2318
3 2319
6 2320
6 2321
12 2322
4 2323
3 2324
5 2325
7 2326
9 2327
7 2328
4 2329
5 2330
4 2331
9 2332
5 2333
8 2334
6 2335
9 2336
8 2337
7 2338
6 2339
1 2340
6 2341
8 2342
5 2343
6 2344
6 2345
8 2346
6 2347
2 2348
1 2349
13 2350
6 2351
6 2352
7 2353
9 2354
6 2355
5 2356
11 2357
8 2358
12 2359
13 2360
4 2361
10 2362
9 2363
12 2364
14 2365
18 2366
15 2367
5 2368
13 2369
13 2370
16 2371
7 2372
14 2373
17 2374
14 2375
15 2376
13 2377
18 2378
20 2379
12 2380
21 2381
17 2382
23 2383
21 2384
13 2385
24 2386
19 2387
21 2388
21 2389
21 2390
24 2391
29 2392
25 2393
23 2394
42 2395
20 2396
27 2397
29 2398
28 2399
27 2400
21 2401
34 2402
29 2403
28 2404
31 2405
29 2406
22 2407
23 2408
22 2409
21 2410
26 2411
26 2412
30 2413
20 2414
19 2415
30 2416
23 2417
12 2418
16 2419
23 2420
10 2421
6 2422
18 2423
16 2424
18 2425
10 2426
13 2427
8 2428
14 2429
9 2430
10 2431
14 2432
5 2433
13 2434
4 2435
6 2436
3 2437
3 2438
7 2439
3 2440
2 2441
6 2442
2 2443
4 2444
8 2445
2 2446
3 2447
2 2448
4 2449
3 2450
6 2451
3 2452
5 2453
1 2454
2 2455
2 2456
3 2457
3 2459
1 2460
2 2461
4 2462
1 2463
1 2466
1 2467
1 2471
2 2472
1 2475
2 2476
1 2477
1 2478
1 2479
2 2480
1 2482
1 2485
2 2486
1 2490
1 2492
2 2494
2 2496
1 2497
1 2498
2 2500
1 2505
1 2506
1 2507
1 2511
1 2513
1 2515
1 2520
1 2521
2 2523
1 2525
2 2528
1 2530
1 2531
1 2532
1 2533
1 2535
1 2538
2 2545
1 2546
1 2555
1 2558
1 2559
2 2560
1 2561
1 2562
2 2564
1 2567
2 2569
1 2572
2 2573
1 2574
1 2576
1 2579
2 2580
1 2582
1 2583
2 2585
1 2586
2 2587
2 2591
1 2592
2 2594
1 2597
1 2598
2 2600
1 2603
2 2604
2 2606
2 2609
1 2610
2 2612
1 2618
3 2619
2 2625
1 2627
1 2628
1 2629
3 2630
1 2634
3 2635
1 2637
1 2638
6 2639
1 2641
3 2642
1 2643
1 2644
4 2645
1 2646
3 2647
2 2650
2 2651
1 2654
1 2655
1 2656
1 2657
1 2658
2 2659
2 2660
4 2661
2 2662
1 2663
2 2665
1 2666
2 2667
2 2668
3 2669
3 2670
1 2671
1 2672
2 2673
3 2674
3 2675
1 2676
2 2677
2 2678
1 2679
1 2680
2 2681
1 2682
1 2683
4 2684
1 2685
3 2686
4 2687
1 2688
3 2689
2 2690
2 2692
2 2693
1 2694
2 2695
1 2696
1 2698
2 2699
2 2701
2 2702
6 2703
3 2705
3 2706
5 2707
2 2708
1 2709
2 2710
3 2711
3 2712
2 2713
6 2714
3 2715
3 2716
4 2717
1 2718
3 2719
2 2721
2 2722
2 2723
5 2724
2 2725
2 2726
5 2728
1 2730
1 2732
1 2733
1 2735
1 2736
1 2737
1 2738
1 2739
3 2740
2 2741
1 2742
1 2743
1 2744
1 2745
2 2747
1 2748
1 2749
4 2751
1 2752
1 2753
2 2754
2 2756
1 2757
1 2759
2 2761
1 2763
1 2765
1 2767
3 2768
1 2769
1 2771
2 2772
1 2775
2 2777
2 2778
1 2780
3 2781
3 2782
4 2783
1 2784
1 2786
1 2787
3 2788
1 2789
2 2790
2 2792
1 2793
1 2795
1 2796
3 2797
1 2799
1 2800
4 2801
3 2802
1 2803
4 2805
1 2806
4 2807
1 2808
3 2809
3 2810
2 2812
3 2814
3 2816
3 2817
1 2818
2 2819
1 2820
1 2821
4 2822
3 2823
4 2824
3 2825
3 2826
6 2828
1 2829
3 2830
3 2831
4 2832
2 2833
4 2834
3 2835
1 2836
5 2837
3 2838
1 2840
4 2841
4 2842
3 2843
2 2844
3 2845
8 2846
3 2847
6 2848
7 2849
1 2850
2 2851
4 2852
3 2853
1 2854
2 2855
1 2856
3 2857
3 2858
8 2859
4 2860
8 2861
6 2862
5 2863
4 2864
5 2865
3 2866
2 2867
8 2868
3 2869
5 2870
4 2871
5 2872
2 2873
8 2874
5 2875
5 2876
5 2877
3 2878
6 2879
6 2880
7 2881
4 2882
3 2883
8 2884
6 2885
5 2886
6 2887
5 2888
6 2889
3 2890
12 2891
5 2892
11 2893
7 2894
2 2895
5 2896
7 2897
5 2898
4 2899
5 2900
5 2901
9 2902
11 2903
7 2904
6 2905
5 2906
10 2907
9 2908
5 2909
11 2910
12 2911
12 2912
9 2913
12 2914
14 2915
9 2916
12 2917
13 2918
14 2919
13 2920
17 2921
17 2922
17 2923
26 2924
14 2925
14 2926
12 2927
13 2928
13 2929
19 2930
16 2931
16 2932
20 2933
16 2934
20 2935
22 2936
21 2937
14 2938
28 2939
24 2940
17 2941
24 2942
13 2943
18 2944
18 2945
18 2946
13 2947
21 2948
15 2949
13 2950
16 2951
19 2952
12 2953
12 2954
17 2955
18 2956
9 2957
10 2958
12 2959
9 2960
17 2961
12 2962
6 2963
9 2964
13 2965
12 2966
8 2967
8 2968
13 2969
5 2970
2 2971
8 2972
2 2973
5 2974
5 2975
6 2976
4 2977
2 2978
6 2979
2 2980
4 2981
6 2982
3 2983
4 2984
3 2985
4 2986
2 2987
5 2988
2 2989
3 2990
2 2991
1 2992
1 2993
1 2994
2 2995
1 2998
1 2999
2 3001
3 3002
1 3006
1 3007
2 3009
1 3010
1 3011
1 3013
2 3016
2 3020
1 3023
1 3032
1 3036
1 3038
1 3041
1 3047
1 3050
1 3107
1 3133
1 3139
1 3142
1 3146
1 3161
1 3168
1 3182
1 3191
2 3202
1 3203
1 3211
1 3241
2 3243
1 3245
1 3258
1 3271
1 3282
2 3291
1 3302
1 3308
1 3309
1 3313
1 3314
1 3317
1 3322
1 3338
1 3347
1 3350
1 3355
1 3361
1 3377
1 3387
1 3399
1 3414
1 3418
1 3480
1 3482
1 3489
1 3491
1 3494
1 3527
1 3528
1 3546
1 3584
1 3592
1 3593
1 3601
1 3623
1 3634
1 3681
1 3684
1 3706
1 3709
2 3721
1 3728
1 3729
1 3732
1 3747
1 3751
1 3753
1 3756
1 3764
1 3766
1 3772
1 3773
1 3778
1 3779
1 3868
1 3881
1 3892
1 3899
1 3943
1 3955
1 3991
1 3997
1 4032
1 4050
1 4052
1 4059
1 4089
1 4112
1 4142
1 4145
1 4146
1 4182
1 4250
1 4252
1 4261
1 4281
1 4282
1 4293
1 4298
1 4303
1 4304
1 4309
1 4311
1 4323
1 4332
1 4335
1 4341
1 4350
1 4351
1 4353
1 4354
1 4371
2 4373
1 4389
1 4392
1 4397
1 4406
1 4412
1 4414
1 4475
1 4583
1 4595
1 4619
1 4642
1 4668
1 4678
2 4680
1 4683
2 4693
1 4698
1 4722
1 4738
1 4753
1 4891
2 4956
1 4995
1 5016
1 5131
1 5142
1 5413
1 5414
1 5486
1 5530
1 5548
1 5583
1 5610
1 5938
