2 2
1 3
1 7
2 11
1 14
1 18
1 22
1 23
1 24
1 25
2 27
3 29
1 31
2 32
1 33
2 35
1 36
5 37
4 38
4 39
2 40
6 41
5 42
4 43
2 44
4 45
1 50
1 51
1 54
4 58
2 59
1 64
1 65
1 66
1 67
1 68
2 71
1 72
2 73
1 74
1 82
1 83
2 85
1 86
2 87
1 88
2 92
3 93
1 97
1 102
2 103
1 104
1 106
3 107
2 109
1 110
2 111
2 112
1 113
1 115
1 116
1 117
1 118
2 119
1 120
1 123
1 125
1 127
1 128
1 129
2 130
1 131
1 132
1 133
3 134
3 135
2 136
3 137
2 138
5 139
2 140
5 141
4 142
4 143
4 144
3 145
3 146
2 147
2 148
2 149
1 150
3 151
2 153
2 155
1 156
1 157
1 159
2 161
1 162
1 163
2 165
1 167
1 168
3 169
2 171
2 172
1 175
1 176
2 177
2 178
2 179
3 180
6 181
1 182
6 183
1 184
1 185
2 186
2 187
2 188
2 189
4 191
1 192
4 193
5 194
5 195
6 196
6 197
2 198
3 199
4 200
3 201
1 202
4 203
3 204
4 205
3 206
4 207
2 209
2 210
2 211
3 212
1 214
1 216
1 217
2 218
2 219
1 220
5 222
1 223
1 224
4 225
2 226
3 227
4 228
1 229
2 230
3 231
1 232
2 233
3 234
1 235
2 236
5 238
1 239
1 240
1 241
7 242
4 243
4 244
1 245
9 246
1 247
3 248
2 249
4 250
4 251
3 252
1 253
1 254
3 255
3 256
4 257
4 258
3 259
3 260
7 261
3 262
1 263
9 264
2 265
4 267
2 268
6 269
4 270
5 271
5 272
3 273
4 274
3 275
2 276
1 277
3 278
6 279
1 280
3 281
1 282
2 283
2 284
6 285
5 286
2 287
2 288
2 289
1 290
4 291
7 292
2 293
1 294
5 295
5 296
3 297
3 298
3 299
3 300
3 301
5 302
3 303
8 304
3 305
4 306
8 307
4 308
3 309
3 310
1 311
5 312
6 313
2 314
9 315
5 316
4 317
3 318
3 319
6 320
5 321
2 322
6 323
5 324
6 325
3 326
4 327
7 328
5 329
3 330
8 331
2 332
2 333
6 334
4 335
5 336
5 337
5 338
6 339
4 340
6 341
5 342
5 343
5 344
8 345
9 346
5 347
4 348
10 349
5 350
6 351
4 352
4 353
6 354
3 355
6 356
6 357
5 358
8 359
9 360
7 361
6 362
6 363
6 364
5 365
5 366
10 367
9 368
5 369
4 370
8 371
11 372
8 373
5 374
10 375
12 376
9 377
7 378
8 379
13 380
12 381
14 382
11 383
10 384
11 385
12 386
9 387
16 388
12 389
12 390
6 391
10 392
13 393
9 394
12 395
9 396
20 397
21 398
18 399
19 400
30 401
22 402
27 403
29 404
29 405
27 406
26 407
28 408
30 409
24 410
29 411
26 412
31 413
16 414
26 415
15 416
16 417
19 418
19 419
19 420
18 421
19 422
19 423
24 424
20 425
21 426
30 427
21 428
22 429
27 430
35 431
35 432
34 433
37 434
33 435
58 436
56 437
57 438
46 439
61 440
63 441
44 442
47 443
41 444
43 445
40 446
33 447
26 448
35 449
26 450
30 451
21 452
19 453
20 454
24 455
15 456
29 457
26 458
23 459
14 460
18 461
22 462
28 463
33 464
38 465
33 466
35 467
37 468
50 469
32 470
40 471
48 472
54 473
43 474
50 475
59 476
61 477
47 478
64 479
59 480
56 481
77 482
62 483
85 484
99 485
104 486
121 487
141 488
161 489
170 490
207 491
209 492
279 493
317 494
331 495
346 496
430 497
471 498
497 499
542 500
524 501
528 502
541 503
539 504
508 505
491 506
461 507
425 508
392 509
311 510
259 511
229 512
216 513
184 514
134 515
93 516
76 517
85 518
49 519
48 520
36 521
23 522
26 523
16 524
17 525
19 526
10 527
10 528
9 529
9 530
6 531
6 532
8 533
3 534
1 535
2 536
1 537
2 538
3 539
2 540
4 541
2 542
4 543
4 544
1 545
2 546
4 547
3 548
4 549
1 550
3 551
2 552
2 553
2 554
1 555
5 556
4 557
2 558
1 559
1 560
1 561
2 562
3 563
1 564
1 565
2 566
1 571
4 572
2 573
1 574
1 575
1 576
1 578
2 579
2 580
2 581
1 582
1 583
5 584
3 585
1 587
4 589
3 590
1 591
2 592
1 593
3 594
2 595
6 596
4 597
2 598
2 599
1 600
2 602
1 603
2 604
1 605
1 606
1 607
2 608
6 612
2 614
2 616
2 617
2 618
1 620
2 621
5 622
4 623
2 624
2 625
1 626
3 627
1 628
3 629
1 630
2 631
1 632
2 634
2 635
1 636
2 637
4 638
3 639
4 640
2 641
5 643
2 644
3 645
3 646
2 647
5 648
2 649
4 650
1 651
3 652
6 653
1 654
3 655
3 656
2 658
2 659
1 660
2 661
5 662
7 663
2 664
1 665
1 666
4 667
5 668
9 669
3 670
3 671
4 672
1 673
1 675
2 676
5 677
4 678
3 679
3 680
3 681
5 682
6 683
5 684
5 685
7 686
9 687
4 688
6 689
7 690
7 691
4 692
5 693
6 694
3 695
5 696
4 697
2 698
6 699
8 700
6 701
5 702
6 703
5 704
8 705
5 706
12 707
6 708
8 709
7 710
5 711
7 712
5 713
6 714
5 715
5 716
3 717
2 718
7 719
4 720
8 721
4 722
5 723
5 724
4 725
6 726
5 727
8 728
5 729
6 730
11 731
6 732
11 733
4 734
5 735
7 736
12 737
12 738
5 739
12 740
9 741
10 742
15 743
8 744
9 745
13 746
10 747
8 748
14 749
11 750
11 751
14 752
12 753
8 754
10 755
18 756
15 757
11 758
18 759
16 760
17 761
15 762
15 763
13 764
14 765
13 766
14 767
14 768
15 769
17 770
20 771
14 772
12 773
16 774
15 775
17 776
11 777
21 778
12 779
15 780
18 781
17 782
15 783
17 784
11 785
16 786
15 787
18 788
13 789
14 790
13 791
22 792
10 793
15 794
17 795
15 796
20 797
19 798
24 799
26 800
25 801
18 802
28 803
35 804
35 805
34 806
31 807
41 808
47 809
43 810
43 811
54 812
56 813
55 814
59 815
59 816
59 817
63 818
62 819
75 820
80 821
80 822
79 823
74 824
92 825
86 826
84 827
105 828
100 829
96 830
98 831
115 832
144 833
102 834
98 835
114 836
106 837
124 838
110 839
110 840
88 841
83 842
75 843
66 844
75 845
69 846
48 847
39 848
42 849
38 850
30 851
26 852
25 853
21 854
27 855
17 856
16 857
23 858
5 859
14 860
14 861
7 862
4 863
5 864
5 865
9 866
8 867
9 868
8 869
6 870
9 871
3 872
4 873
9 874
8 875
3 876
3 877
8 878
10 879
9 880
10 881
15 882
17 883
8 884
14 885
7 886
12 887
25 888
16 889
17 890
16 891
26 892
18 893
17 894
22 895
16 896
14 897
14 898
21 899
17 900
20 901
19 902
20 903
17 904
20 905
12 906
19 907
14 908
12 909
14 910
12 911
12 912
13 913
11 914
10 915
16 916
8 917
5 918
9 919
9 920
4 921
5 922
4 923
3 924
6 925
5 926
3 927
3 928
7 929
5 930
4 931
6 932
1 933
2 934
4 935
3 936
2 937
4 938
1 939
3 940
1 941
4 942
2 943
2 944
3 945
2 948
1 951
2 952
1 953
5 954
1 956
2 957
3 958
3 959
2 960
2 961
1 962
1 963
2 964
3 966
5 967
4 968
2 969
1 970
3 971
1 972
4 974
4 975
3 976
6 977
1 978
2 979
2 980
1 981
3 982
6 984
5 985
8 986
9 987
7 988
5 989
4 990
8 991
4 992
3 993
13 994
7 995
4 996
7 997
7 998
8 999
3 1000
7 1001
6 1002
10 1003
7 1004
3 1005
7 1006
4 1007
3 1008
2 1009
4 1010
1 1011
3 1012
1 1013
1 1014
2 1015
2 1016
2 1017
2 1018
2 1019
2 1020
1 1022
2 1023
2 1024
1 1026
1 1027
1 1030
1 1034
1 1038
1 1039
1 1041
2 1043
1 1046
1 1051
1 1052
1 1053
1 1057
2 1058
2 1059
3 1060
2 1061
2 1062
1 1064
3 1066
1 1067
1 1068
2 1070
1 1071
1 1073
1 1074
1 1077
1 1078
2 1079
2 1080
2 1086
1 1089
1 1090
4 1092
1 1094
1 1095
2 1096
2 1099
2 1100
1 1102
2 1103
3 1104
3 1105
1 1106
2 1107
1 1109
4 1110
3 1111
2 1112
2 1113
2 1114
3 1115
3 1116
1 1118
1 1119
4 1120
2 1121
1 1122
1 1123
1 1124
3 1125
3 1127
2 1129
3 1130
2 1131
1 1132
5 1133
4 1134
2 1135
3 1136
3 1137
2 1138
2 1139
2 1140
2 1141
2 1142
2 1143
3 1145
4 1146
1 1147
4 1148
2 1149
1 1150
2 1153
2 1158
1 1161
1 1162
1 1164
1 1165
4 1166
2 1167
1 1168
2 1169
2 1170
2 1171
1 1173
1 1174
2 1175
1 1178
1 1179
3 1181
2 1183
1 1184
2 1192
2 1193
1 1194
1 1198
1 1204
2 1209
2 1210
1 1220
1 1223
3 1224
1 1227
1 1231
1 1237
2 1239
1 1247
1 1248
1 1253
1 1258
1 1260
2 1262
2 1263
1 1266
1 1268
1 1269
1 1278
1 1279
1 1284
1 1285
1 1288
1 1295
1 1296
1 1300
1 1301
1 1306
1 1310
1 1314
1 1316
3 1317
1 1319
1 1325
1 1326
1 1327
1 1331
1 1332
1 1333
1 1338
2 1340
2 1342
1 1343
2 1345
2 1346
1 1348
1 1349
1 1352
1 1355
1 1356
1 1359
2 1360
1 1361
1 1366
1 1367
2 1371
1 1374
1 1377
2 1382
1 1384
1 1385
1 1386
1 1388
1 1391
1 1392
2 1393
1 1395
1 1396
1 1398
2 1399
2 1402
1 1404
1 1408
1 1411
1 1413
1 1416
2 1419
1 1420
2 1422
1 1424
2 1426
1 1427
2 1428
1 1429
1 1430
1 1431
2 1435
2 1437
2 1438
2 1440
5 1441
1 1442
2 1443
3 1444
1 1445
1 1446
1 1447
2 1449
1 1451
1 1452
1 1453
2 1456
2 1457
2 1458
1 1459
2 1460
1 1461
1 1462
1 1463
2 1464
2 1467
2 1468
2 1469
1 1470
1 1471
1 1474
1 1476
2 1477
1 1478
3 1479
2 1480
1 1481
4 1482
4 1483
2 1484
2 1485
5 1486
3 1487
2 1488
3 1489
3 1491
2 1492
1 1493
1 1494
3 1495
2 1496
4 1497
4 1498
1 1499
3 1500
1 1502
2 1503
1 1504
3 1505
5 1506
6 1507
1 1509
2 1510
1 1511
5 1512
2 1513
1 1515
3 1516
2 1517
1 1519
2 1520
3 1521
3 1522
3 1523
1 1528
1 1529
1 1532
2 1534
2 1535
2 1536
2 1537
1 1542
1 1543
2 1546
2 1548
4 1549
1 1550
1 1551
2 1552
2 1553
1 1555
1 1556
2 1558
1 1559
2 1560
1 1561
1 1562
1 1564
4 1565
3 1566
1 1567
2 1568
4 1570
1 1571
2 1572
3 1575
1 1576
1 1577
1 1578
1 1579
1 1580
2 1582
2 1583
2 1584
2 1585
1 1586
1 1587
1 1588
1 1589
1 1590
1 1591
1 1592
1 1593
1 1597
1 1598
1 1599
1 1602
2 1603
2 1606
1 1608
1 1613
1 1615
1 1617
1 1619
1 1621
3 1624
1 1628
2 1634
1 1637
1 1638
1 1639
1 1644
1 1648
2 1650
1 1651
1 1653
2 1655
1 1656
1 1659
1 1661
1 1662
1 1663
1 1665
1 1667
2 1668
1 1674
2 1677
1 1679
3 1680
1 1682
1 1684
2 1686
1 1687
1 1689
3 1690
1 1691
2 1692
1 1693
1 1694
1 1696
1 1699
1 1701
2 1702
3 1703
1 1704
1 1705
1 1706
1 1708
2 1709
1 1712
1 1713
1 1715
1 1716
1 1717
2 1718
1 1719
1 1720
1 1721
2 1722
1 1723
4 1724
1 1725
1 1726
1 1727
1 1728
3 1730
1 1733
1 1734
2 1735
1 1736
2 1737
1 1738
2 1739
3 1742
4 1743
2 1744
1 1745
5 1747
2 1751
2 1752
1 1754
4 1755
1 1757
3 1758
3 1759
2 1760
1 1761
4 1763
2 1764
5 1766
1 1767
4 1768
1 1769
4 1770
1 1771
3 1773
4 1774
2 1775
3 1776
1 1777
2 1778
1 1779
4 1780
6 1781
3 1782
2 1783
5 1784
1 1785
5 1786
6 1787
3 1788
2 1789
4 1790
3 1791
3 1792
1 1793
4 1794
3 1795
5 1796
6 1797
7 1798
5 1799
3 1800
4 1801
4 1802
7 1803
4 1804
8 1805
8 1806
2 1807
4 1808
4 1809
9 1811
3 1812
4 1813
7 1814
5 1815
4 1816
5 1817
4 1818
3 1819
6 1820
6 1821
8 1822
3 1823
3 1824
3 1825
3 1826
4 1827
5 1828
3 1829
6 1830
1 1831
6 1832
1 1833
2 1834
2 1835
1 1836
4 1837
2 1838
5 1839
4 1840
1 1841
2 1842
2 1844
5 1845
4 1846
1 1847
2 1848
2 1849
4 1850
2 1851
1 1852
2 1853
1 1854
3 1855
4 1857
4 1859
2 1860
2 1861
1 1862
2 1863
4 1864
3 1865
3 1866
5 1867
3 1868
7 1869
4 1870
3 1871
4 1872
6 1874
2 1875
4 1876
4 1877
5 1878
4 1879
2 1881
3 1882
4 1883
5 1884
7 1885
2 1886
3 1887
5 1888
3 1889
2 1890
5 1891
6 1893
4 1894
11 1895
1 1896
4 1897
5 1898
1 1899
2 1900
5 1901
4 1902
7 1903
6 1904
2 1905
3 1906
5 1907
8 1908
4 1909
7 1910
1 1911
9 1912
1 1913
4 1914
12 1915
6 1916
4 1917
6 1918
10 1919
10 1920
6 1921
12 1922
12 1923
12 1924
7 1925
12 1926
13 1927
19 1928
16 1929
14 1930
6 1931
10 1932
14 1933
13 1934
12 1935
15 1936
17 1937
15 1938
25 1939
22 1940
27 1941
26 1942
24 1943
24 1944
26 1945
31 1946
28 1947
29 1948
22 1949
26 1950
29 1951
31 1952
36 1953
30 1954
49 1955
28 1956
31 1957
32 1958
34 1959
40 1960
36 1961
31 1962
26 1963
28 1964
22 1965
25 1966
32 1967
31 1968
31 1969
31 1970
30 1971
17 1972
17 1973
22 1974
15 1975
29 1976
13 1977
8 1978
15 1979
18 1980
14 1981
9 1982
11 1983
7 1984
4 1985
3 1986
4 1987
5 1988
5 1989
6 1990
2 1991
5 1992
2 1993
4 1994
4 1995
1 1996
3 1997
1 1998
2 1999
1 2000
2 2001
1 2002
1 2004
1 2007
2 2008
1 2009
1 2010
1 2013
1 2017
1 2019
1 2023
1 2028
1 2031
1 2049
1 2052
1 2074
2 2075
2 2076
2 2079
1 2082
1 2085
1 2087
1 2088
1 2091
1 2095
3 2097
1 2101
2 2103
1 2106
1 2108
1 2110
1 2111
1 2118
1 2121
1 2126
1 2128
2 2129
1 2131
1 2132
1 2136
1 2140
1 2144
1 2145
1 2146
1 2150
1 2153
1 2154
1 2162
1 2163
1 2168
1 2171
1 2174
1 2176
2 2178
2 2180
1 2181
1 2185
1 2189
1 2195
1 2197
1 2198
1 2201
1 2202
1 2205
1 2207
2 2210
1 2212
1 2214
1 2217
1 2219
1 2220
2 2221
1 2222
2 2224
1 2231
1 2232
1 2234
1 2236
2 2237
2 2238
2 2240
2 2242
1 2244
2 2246
1 2247
3 2248
2 2249
3 2250
1 2251
1 2254
3 2256
2 2257
2 2258
1 2259
1 2260
1 2261
2 2263
1 2264
2 2265
3 2266
2 2267
5 2268
1 2269
4 2270
2 2271
3 2273
2 2274
1 2275
1 2276
1 2277
1 2278
1 2279
2 2280
2 2281
2 2283
2 2284
1 2285
4 2286
2 2287
1 2288
7 2289
2 2290
3 2291
1 2293
1 2296
1 2298
1 2300
1 2302
1 2303
1 2304
2 2307
1 2309
1 2311
1 2312
1 2313
2 2315
2 2316
1 2320
1 2321
1 2327
3 2328
2 2329
1 2330
1 2332
1 2334
1 2335
1 2337
1 2338
1 2339
2 2340
2 2343
2 2344
1 2345
1 2346
1 2347
2 2348
2 2349
2 2350
1 2351
1 2352
1 2354
2 2355
1 2356
2 2357
2 2358
2 2359
2 2361
4 2362
2 2363
3 2364
2 2365
2 2366
4 2367
1 2368
1 2369
2 2370
5 2372
4 2373
1 2374
1 2375
1 2376
3 2377
2 2378
5 2379
4 2381
2 2382
3 2383
2 2384
5 2385
2 2386
4 2387
7 2388
5 2389
1 2390
1 2391
6 2392
5 2393
3 2394
6 2395
7 2396
6 2397
6 2398
9 2399
7 2400
11 2401
8 2402
7 2403
6 2404
5 2405
14 2406
7 2407
9 2408
12 2409
13 2410
10 2411
12 2412
16 2413
17 2414
10 2415
15 2416
22 2417
12 2418
19 2419
14 2420
18 2421
22 2422
13 2423
14 2424
13 2425
15 2426
15 2427
9 2428
21 2429
13 2430
17 2431
10 2432
15 2433
20 2434
22 2435
10 2436
17 2437
13 2438
9 2439
11 2440
8 2441
8 2442
5 2443
9 2444
5 2445
7 2446
8 2447
6 2448
5 2449
8 2450
6 2451
3 2452
7 2453
2 2454
4 2455
4 2456
7 2457
1 2458
4 2459
3 2460
1 2462
2 2463
1 2465
1 2467
1 2468
1 2469
2 2472
1 2473
1 2474
1 2475
1 2476
1 2478
1 2481
2 2482
1 2485
1 2487
1 2489
3 2491
2 2492
1 2493
1 2496
1 2497
1 2499
1 2500
3 2502
1 2503
1 2505
3 2510
3 2512
1 2514
1 2516
1 2518
1 2523
1 2526
2 2529
2 2530
2 2531
1 2532
3 2533
1 2535
1 2536
1 2537
1 2538
3 2539
3 2541
1 2542
2 2543
2 2545
1 2547
1 2548
1 2549
1 2550
4 2551
1 2552
4 2553
3 2555
1 2556
1 2557
3 2558
1 2559
2 2560
4 2561
2 2562
1 2563
1 2564
2 2565
2 2566
4 2567
5 2568
4 2569
3 2570
2 2571
4 2572
3 2573
4 2574
3 2575
4 2576
3 2577
6 2578
7 2579
4 2580
5 2581
7 2582
4 2583
4 2584
11 2585
10 2586
6 2587
6 2588
5 2589
7 2590
4 2591
6 2592
2 2594
2 2595
2 2596
3 2597
4 2598
4 2599
7 2600
3 2601
4 2602
3 2603
2 2604
6 2605
4 2606
1 2607
3 2608
3 2609
4 2610
2 2611
3 2612
1 2613
3 2614
2 2615
5 2617
1 2618
3 2619
1 2620
1 2621
2 2624
2 2628
2 2631
2 2640
1 2642
1 2643
1 2645
1 2650
1 2664
1 2666
2 2671
1 2690
1 2697
1 2698
1 2706
1 2708
2 2715
1 2716
1 2724
1 2726
2 2735
1 2737
1 2738
1 2742
1 2743
1 2746
1 2747
1 2750
2 2754
1 2755
2 2756
1 2757
1 2759
1 2762
3 2763
1 2764
1 2771
1 2773
1 2778
1 2782
1 2785
1 2824
1 2854
1 2862
1 2868
1 2870
1 2872
1 2877
1 2890
1 2900
1 2915
1 2920
1 2938
1 2947
1 2955
1 3029
1 3034
1 3076
1 3119
1 3131
1 3134
1 3143
1 3146
1 3208
1 3217
1 3269
1 3317
1 3340
1 3383
1 3390
1 3514
1 3534
1 3563
1 3632
1 3664
1 3671
1 3714
1 3721
1 3736
1 3876
1 3928
1 3948
1 3962
1 3968
2 3972
1 3976
1 4001
1 4008
1 4009
1 4010
1 4022
1 4026
1 4031
2 4033
2 4035
1 4037
1 4039
2 4042
1 4044
1 4048
1 4051
2 4052
2 4056
2 4058
2 4062
1 4063
2 4064
1 4067
2 4068
1 4069
1 4070
1 4073
1 4075
1 4076
1 4077
1 4083
1 4084
1 4085
4 4088
1 4089
1 4090
1 4092
1 4096
1 4101
1 4102
1 4106
1 4108
2 4111
1 4112
1 4114
1 4118
2 4119
1 4120
1 4123
1 4124
1 4126
1 4130
2 4131
1 4132
1 4133
1 4134
1 4138
1 4145
1 4146
1 4161
1 4162
1 4170
1 4855
1 5055
1 5550
1 5562
