1 1
1 2
1 3
2 4
1 5
1 8
1 13
2 14
1 15
1 16
1 18
2 21
2 22
3 23
1 25
1 26
2 28
1 30
1 31
1 32
1 33
1 34
3 36
1 37
2 39
3 40
2 41
2 42
1 43
1 44
1 46
1 47
1 48
2 49
1 50
1 51
1 52
2 54
2 55
1 56
2 57
1 59
2 60
1 61
2 62
3 64
1 66
1 67
2 68
2 69
1 70
2 71
2 72
1 73
2 75
3 76
1 77
2 79
2 82
3 83
1 84
2 86
4 87
2 88
3 89
1 90
2 91
3 92
3 93
2 94
2 95
4 96
2 97
1 98
3 99
2 100
2 102
2 103
1 105
4 106
2 108
1 109
3 110
2 111
1 112
3 113
4 114
4 115
3 116
2 117
2 118
6 120
1 121
3 122
2 123
2 124
4 125
3 126
3 127
3 128
3 129
1 130
2 131
3 132
3 133
5 134
2 135
5 136
1 137
1 138
3 139
4 140
3 141
4 142
1 143
4 144
3 145
1 146
2 147
2 148
5 149
1 150
3 151
5 152
3 153
5 154
8 155
7 156
3 157
2 158
3 159
2 160
1 161
4 162
2 163
1 164
1 165
6 166
1 167
3 168
1 169
5 170
1 171
3 172
6 173
2 174
4 175
3 176
1 177
2 178
5 179
3 180
3 181
4 182
3 183
3 184
5 185
3 186
10 187
7 188
6 189
5 190
4 191
2 192
5 193
2 194
6 195
7 196
3 197
4 198
6 199
2 200
8 201
5 202
5 203
6 204
6 205
12 206
12 207
16 208
11 209
13 210
12 211
10 212
8 213
11 214
18 215
16 216
17 217
16 218
10 219
20 220
28 221
15 222
22 223
32 224
43 225
43 226
44 227
47 228
42 229
55 230
58 231
65 232
69 233
48 234
57 235
65 236
47 237
39 238
27 239
23 240
20 241
19 242
17 243
19 244
22 245
17 246
13 247
22 248
18 249
29 250
30 251
29 252
24 253
32 254
30 255
34 256
28 257
39 258
32 259
26 260
18 261
12 262
10 263
7 264
13 265
2 266
8 267
9 268
7 269
2 270
1 271
13 272
3 273
3 274
10 275
4 276
11 277
5 278
4 279
7 280
3 281
8 282
4 283
4 284
5 285
4 286
5 287
5 288
5 289
6 290
5 291
5 292
6 293
7 294
8 295
5 296
8 297
4 298
12 299
4 300
3 301
7 302
9 303
8 304
11 305
10 306
11 307
13 308
12 309
14 310
11 311
15 312
11 313
11 314
15 315
14 316
19 317
16 318
20 319
23 320
15 321
11 322
9 323
17 324
17 325
13 326
14 327
12 328
25 329
20 330
21 331
19 332
19 333
15 334
12 335
15 336
17 337
20 338
20 339
15 340
14 341
20 342
15 343
19 344
11 345
16 346
14 347
13 348
13 349
19 350
16 351
18 352
19 353
20 354
24 355
26 356
31 357
34 358
33 359
36 360
59 361
82 362
68 363
82 364
86 365
93 366
91 367
90 368
113 369
100 370
87 371
89 372
78 373
53 374
59 375
45 376
38 377
46 378
29 379
26 380
24 381
15 382
20 383
21 384
23 385
15 386
9 387
9 388
12 389
10 390
4 391
12 392
10 393
7 394
4 395
7 396
6 397
7 398
7 399
14 400
6 401
5 402
8 403
8 404
9 405
10 406
11 407
14 408
9 409
13 410
11 411
5 412
12 413
10 414
14 415
11 416
16 417
23 418
14 419
11 420
17 421
20 422
18 423
19 424
21 425
26 426
24 427
36 428
26 429
30 430
30 431
28 432
30 433
29 434
37 435
38 436
31 437
25 438
18 439
22 440
21 441
22 442
22 443
20 444
9 445
15 446
7 447
17 448
7 449
8 450
1 451
7 452
4 453
9 454
3 455
5 456
5 457
6 458
5 459
1 460
6 461
7 462
2 463
5 464
6 465
4 466
2 467
4 468
4 469
5 470
6 471
5 472
7 473
6 474
5 475
4 476
5 477
4 478
4 479
10 480
4 481
4 482
8 483
1 484
5 485
3 486
4 487
6 488
4 489
3 490
3 491
5 492
5 493
3 494
6 495
7 496
7 497
10 498
9 499
12 500
6 501
16 502
8 503
3 504
10 505
12 506
7 507
3 508
16 509
11 510
15 511
6 512
13 513
19 514
13 515
9 516
20 517
27 518
18 519
18 520
26 521
30 522
24 523
27 524
32 525
48 526
34 527
47 528
35 529
44 530
37 531
41 532
52 533
56 534
61 535
55 536
56 537
56 538
50 539
62 540
58 541
39 542
38 543
51 544
43 545
27 546
31 547
21 548
21 549
14 550
17 551
9 552
12 553
12 554
4 555
11 556
8 557
7 558
7 559
5 560
2 561
6 562
4 563
5 564
7 565
2 566
4 567
9 568
10 569
5 570
4 571
7 572
7 573
8 574
6 575
5 576
5 577
6 578
3 579
2 580
4 581
3 582
6 583
3 584
5 585
3 586
7 587
1 588
6 589
8 590
8 591
4 592
3 593
7 594
3 595
3 596
5 597
8 598
5 599
5 600
2 601
2 602
5 603
1 604
4 605
6 606
4 607
2 608
4 609
1 610
4 611
1 612
5 613
4 614
1 615
2 616
3 617
1 618
3 619
4 620
4 621
6 622
3 623
4 624
1 625
2 626
3 627
2 628
6 629
2 630
2 631
2 632
4 633
5 634
6 635
2 636
2 637
3 638
6 639
8 640
2 641
6 642
2 643
4 644
3 645
6 646
7 647
2 648
8 649
5 650
6 651
5 652
2 653
5 654
3 655
2 656
6 657
5 658
7 659
4 660
11 661
7 662
6 663
2 664
7 665
4 666
9 667
8 668
8 669
4 670
5 671
4 672
9 673
3 674
8 675
7 676
6 677
5 678
4 679
4 680
3 681
5 682
5 683
5 684
2 685
3 686
3 687
4 688
3 689
2 690
8 692
3 693
6 694
1 695
4 696
3 697
8 698
2 699
7 700
1 701
5 702
2 703
8 704
7 705
7 706
10 707
3 708
7 709
3 710
8 711
4 712
3 713
1 714
2 715
6 716
5 717
2 718
3 719
7 720
5 722
5 723
2 724
1 725
1 726
2 727
3 728
3 729
2 730
5 731
6 732
1 733
2 734
4 735
2 736
5 737
4 738
3 739
5 740
5 741
8 742
5 743
2 744
9 745
7 746
6 747
9 748
4 749
7 750
8 751
5 752
11 753
5 754
10 755
8 756
8 757
5 758
5 759
5 760
3 761
2 762
11 763
5 764
7 765
7 766
4 767
3 768
4 769
5 770
3 771
2 772
6 773
1 774
6 775
7 776
4 777
3 778
2 779
2 780
1 781
1 782
3 783
4 784
5 785
1 786
6 787
1 788
2 790
1 791
1 792
5 793
1 794
2 795
4 796
1 797
2 798
4 799
1 800
3 801
3 802
5 803
5 804
5 806
7 807
5 808
5 809
3 810
6 811
3 812
3 813
3 814
2 815
5 816
3 817
5 818
7 819
5 820
5 821
5 822
6 823
6 824
4 825
6 826
6 827
7 828
5 829
5 830
7 831
7 832
6 833
5 834
8 835
6 836
3 837
7 838
14 839
2 840
10 841
6 842
8 843
3 844
6 845
4 846
7 847
3 848
11 849
4 850
4 851
6 852
2 853
5 854
5 855
3 856
1 857
3 858
5 859
1 860
2 861
3 862
3 863
5 864
3 865
7 866
4 867
5 868
3 869
2 870
3 871
3 872
3 873
6 874
5 875
3 876
4 877
4 878
2 879
6 880
2 881
3 882
3 883
1 884
4 885
3 886
3 887
4 888
5 889
2 890
1 891
4 892
2 893
6 894
6 895
3 896
3 897
3 898
5 899
5 900
1 901
3 902
6 903
4 904
1 905
3 906
5 907
5 908
4 909
1 910
3 911
5 912
2 913
5 914
2 915
4 916
2 917
5 918
2 919
4 920
4 921
5 922
4 923
2 924
7 925
10 926
3 928
2 929
10 931
5 932
6 933
4 934
8 935
9 936
6 937
9 938
5 939
7 940
8 941
4 942
5 943
6 944
9 945
5 946
7 947
8 948
6 949
7 950
11 951
7 952
8 953
5 954
8 955
6 956
13 957
7 958
12 959
7 960
5 961
11 962
3 963
9 964
7 965
9 966
8 967
8 968
12 969
8 970
8 971
6 972
1 973
6 974
8 975
10 976
6 977
5 978
8 979
8 980
5 981
6 982
3 983
5 984
6 985
8 986
10 987
7 988
8 989
7 990
14 991
9 992
8 993
3 994
7 995
5 996
7 997
5 998
5 999
8 1000
10 1001
4 1002
6 1003
7 1004
9 1005
9 1006
10 1007
14 1008
11 1009
11 1010
7 1011
12 1012
10 1013
7 1014
15 1015
15 1016
15 1017
14 1018
12 1019
8 1020
20 1021
8 1022
15 1023
9 1024
17 1025
13 1026
15 1027
20 1028
25 1029
19 1030
23 1031
17 1032
31 1033
19 1034
17 1035
27 1036
23 1037
30 1038
31 1039
35 1040
26 1041
32 1042
36 1043
44 1044
44 1045
40 1046
45 1047
47 1048
50 1049
54 1050
46 1051
44 1052
63 1053
53 1054
66 1055
58 1056
68 1057
55 1058
62 1059
66 1060
53 1061
65 1062
52 1063
56 1064
67 1065
58 1066
41 1067
46 1068
72 1069
76 1070
67 1071
55 1072
69 1073
63 1074
66 1075
68 1076
64 1077
66 1078
67 1079
80 1080
63 1081
89 1082
112 1083
112 1084
112 1085
101 1086
135 1087
158 1088
141 1089
141 1090
149 1091
153 1092
158 1093
174 1094
174 1095
189 1096
194 1097
186 1098
188 1099
207 1100
179 1101
181 1102
174 1103
153 1104
178 1105
179 1106
147 1107
141 1108
112 1109
110 1110
108 1111
95 1112
82 1113
66 1114
72 1115
58 1116
56 1117
47 1118
41 1119
31 1120
31 1121
31 1122
29 1123
20 1124
18 1125
7 1126
9 1127
11 1128
10 1129
6 1130
9 1131
7 1132
3 1133
2 1134
5 1135
5 1136
10 1137
6 1138
10 1139
5 1140
5 1141
8 1142
8 1143
8 1144
5 1145
5 1146
7 1147
8 1148
1 1149
9 1150
4 1151
9 1152
7 1153
7 1154
4 1155
7 1156
7 1157
5 1158
8 1159
14 1160
13 1161
10 1162
8 1163
5 1164
6 1165
7 1166
15 1167
10 1168
15 1169
15 1170
10 1171
16 1172
18 1173
17 1174
18 1175
19 1176
17 1177
20 1178
25 1179
21 1180
21 1181
15 1182
25 1183
28 1184
21 1185
26 1186
21 1187
12 1188
23 1189
27 1190
15 1191
21 1192
22 1193
24 1194
14 1195
14 1196
15 1197
10 1198
14 1199
7 1200
11 1201
8 1202
6 1203
14 1204
10 1205
17 1206
9 1207
5 1208
7 1209
4 1210
6 1211
4 1212
4 1213
3 1214
2 1215
3 1216
3 1217
2 1218
4 1219
4 1220
4 1221
1 1222
3 1223
1 1224
2 1225
3 1226
1 1227
2 1228
3 1229
2 1230
3 1231
1 1233
1 1234
1 1235
1 1237
1 1238
1 1239
3 1240
1 1241
2 1242
1 1243
1 1244
2 1245
1 1246
1 1247
1 1248
1 1250
2 1251
4 1252
9 1253
3 1254
1 1255
2 1256
1 1257
1 1258
1 1259
5 1260
2 1261
1 1262
3 1263
2 1264
4 1265
1 1266
3 1267
3 1268
3 1269
3 1270
2 1272
2 1273
2 1274
3 1275
4 1276
5 1277
3 1278
3 1279
2 1280
5 1281
1 1282
6 1283
3 1284
1 1285
2 1286
4 1287
2 1288
3 1289
3 1290
2 1291
1 1292
2 1293
3 1294
4 1295
2 1296
2 1297
3 1298
1 1299
1 1300
3 1301
1 1303
2 1304
1 1305
1 1306
1 1310
1 1311
1 1312
2 1314
3 1315
1 1316
1 1317
1 1318
2 1319
2 1322
1 1325
1 1327
1 1328
1 1329
1 1334
2 1336
1 1337
2 1338
3 1339
4 1340
2 1344
2 1345
3 1347
2 1350
1 1351
2 1352
1 1356
3 1358
4 1359
3 1361
4 1362
2 1363
1 1364
1 1365
1 1366
2 1367
1 1368
2 1369
2 1370
3 1371
1 1372
1 1373
4 1374
6 1375
1 1376
4 1377
3 1378
1 1379
2 1380
2 1381
2 1382
4 1383
2 1384
1 1385
2 1386
2 1387
4 1388
2 1389
4 1390
2 1391
1 1392
1 1393
5 1394
3 1395
5 1396
1 1397
4 1398
4 1399
3 1400
2 1401
2 1402
2 1403
2 1404
1 1405
3 1406
3 1407
2 1408
3 1409
2 1410
1 1411
1 1412
1 1413
2 1414
2 1415
3 1416
3 1417
2 1418
6 1420
1 1421
5 1422
2 1423
3 1424
2 1426
2 1428
1 1429
2 1430
1 1431
5 1433
2 1434
1 1435
1 1436
1 1437
4 1438
1 1439
4 1440
5 1441
2 1442
2 1444
2 1445
1 1446
2 1447
2 1448
5 1449
2 1450
1 1451
3 1453
1 1454
1 1455
1 1456
1 1458
3 1460
2 1461
1 1462
2 1463
5 1464
2 1465
3 1466
2 1467
1 1468
2 1469
1 1470
1 1471
1 1472
3 1474
2 1475
1 1476
2 1477
1 1478
1 1480
1 1481
1 1483
5 1484
2 1485
2 1486
5 1487
2 1488
3 1489
3 1492
1 1493
1 1494
2 1496
1 1497
1 1498
1 1499
3 1501
3 1503
3 1504
1 1505
3 1506
1 1508
2 1509
5 1511
2 1512
8 1513
3 1514
1 1515
1 1516
2 1517
2 1518
1 1519
2 1520
5 1521
3 1522
3 1523
2 1524
2 1525
2 1526
1 1527
1 1528
2 1529
3 1531
1 1533
3 1534
5 1535
2 1536
2 1537
1 1538
4 1539
2 1540
4 1541
1 1542
4 1543
4 1544
4 1545
3 1547
1 1548
1 1549
5 1551
2 1552
1 1553
4 1554
2 1555
2 1556
2 1557
3 1558
2 1559
2 1560
3 1561
4 1562
2 1563
6 1564
9 1565
5 1568
2 1569
5 1570
1 1571
2 1572
2 1573
4 1574
3 1575
2 1576
5 1577
2 1578
4 1579
5 1580
7 1581
7 1582
6 1583
4 1584
5 1585
6 1586
8 1587
6 1588
4 1589
9 1590
5 1591
6 1592
5 1593
7 1594
5 1595
8 1596
7 1597
5 1598
5 1599
6 1600
5 1601
10 1602
7 1603
4 1604
6 1605
5 1606
6 1607
7 1608
12 1609
8 1610
5 1611
9 1612
12 1613
6 1614
9 1615
10 1616
5 1617
6 1618
10 1619
7 1620
11 1621
9 1622
4 1623
8 1624
8 1625
17 1626
12 1627
9 1628
9 1629
16 1630
9 1631
11 1632
9 1633
12 1634
14 1635
10 1636
7 1637
4 1638
12 1639
10 1640
11 1641
11 1642
9 1643
11 1644
17 1645
11 1646
19 1647
8 1648
11 1649
9 1650
18 1651
7 1652
12 1653
12 1654
10 1655
12 1656
3 1657
8 1658
13 1659
14 1660
17 1661
10 1662
11 1663
14 1664
6 1665
12 1666
6 1667
7 1668
10 1669
7 1670
11 1671
10 1672
12 1673
10 1674
10 1675
13 1676
12 1677
17 1678
15 1679
16 1680
13 1681
10 1682
22 1683
10 1684
18 1685
19 1686
11 1687
14 1688
15 1689
22 1690
11 1691
18 1692
26 1693
27 1694
25 1695
21 1696
25 1697
20 1698
41 1699
26 1700
30 1701
26 1702
38 1703
40 1704
34 1705
34 1706
42 1707
46 1708
30 1709
42 1710
35 1711
58 1712
45 1713
47 1714
59 1715
75 1716
65 1717
50 1718
73 1719
61 1720
52 1721
78 1722
82 1723
67 1724
69 1725
74 1726
57 1727
70 1728
70 1729
85 1730
98 1731
65 1732
78 1733
70 1734
67 1735
66 1736
67 1737
58 1738
63 1739
50 1740
51 1741
61 1742
50 1743
55 1744
54 1745
40 1746
41 1747
51 1748
49 1749
25 1750
35 1751
32 1752
29 1753
20 1754
31 1755
30 1756
36 1757
26 1758
26 1759
23 1760
24 1761
15 1762
17 1763
24 1764
20 1765
19 1766
15 1767
18 1768
18 1769
19 1770
22 1771
11 1772
10 1773
10 1774
16 1775
17 1776
8 1777
14 1778
15 1779
15 1780
10 1781
12 1782
4 1783
10 1784
11 1785
6 1786
8 1787
2 1788
8 1789
6 1790
6 1791
9 1792
7 1793
7 1794
10 1795
5 1796
4 1797
2 1798
4 1799
2 1800
6 1801
4 1802
3 1803
4 1804
7 1805
3 1806
4 1807
4 1808
1 1809
3 1810
2 1811
3 1812
2 1813
2 1815
1 1816
1 1817
4 1818
5 1819
4 1820
4 1821
1 1822
7 1823
2 1824
2 1825
3 1826
3 1827
4 1828
5 1829
3 1830
2 1831
2 1832
3 1833
3 1835
2 1836
7 1837
5 1838
2 1839
5 1840
1 1841
1 1842
7 1843
2 1844
1 1845
4 1846
2 1847
4 1848
2 1849
4 1850
3 1851
5 1852
4 1853
7 1854
3 1855
3 1857
4 1858
3 1859
4 1860
2 1861
9 1862
4 1863
2 1864
1 1865
3 1866
10 1867
6 1868
2 1869
5 1870
7 1871
3 1872
4 1873
9 1874
5 1875
5 1876
4 1877
5 1878
6 1879
4 1880
6 1881
5 1882
2 1883
5 1884
10 1885
6 1886
7 1887
7 1888
10 1889
10 1890
6 1891
17 1892
13 1893
7 1894
9 1895
8 1896
12 1897
11 1898
14 1899
16 1900
17 1901
13 1902
15 1903
21 1904
20 1905
21 1906
18 1907
23 1908
23 1909
28 1910
32 1911
21 1912
43 1913
31 1914
40 1915
34 1916
32 1917
30 1918
41 1919
34 1920
47 1921
38 1922
35 1923
45 1924
39 1925
38 1926
34 1927
35 1928
23 1929
38 1930
30 1931
25 1932
23 1933
28 1934
28 1935
25 1936
20 1937
20 1938
24 1939
17 1940
15 1941
10 1942
12 1943
19 1944
12 1945
10 1946
13 1947
7 1948
6 1949
4 1950
4 1951
5 1952
6 1953
5 1954
3 1955
1 1956
5 1957
3 1958
1 1959
2 1961
2 1962
2 1963
4 1965
1 1966
2 1967
2 1968
2 1970
1 1971
3 1974
1 1975
1 1976
1 1977
1 1979
1 1980
1 1981
1 1984
1 1989
1 1997
1 2006
1 2016
1 2023
1 2033
1 2050
1 2065
1 2105
1 2106
1 2108
1 2112
1 2120
1 2121
1 2127
1 2164
1 2183
1 2187
1 2189
1 2210
1 2227
1 2238
1 2240
1 2269
1 2277
1 2279
1 2294
1 2298
1 2302
1 2312
1 2318
1 2320
1 2337
2 2352
1 2355
1 2363
2 2370
1 2380
1 2387
1 2392
1 2430
1 2444
1 2474
1 2480
1 2486
1 2506
1 2511
1 2523
1 2537
1 2564
1 2565
1 2571
1 2581
1 2590
1 2591
1 2594
1 2596
1 2604
1 2606
1 2613
1 2616
1 2620
1 2622
1 2623
2 2626
2 2631
1 2632
1 2636
2 2640
1 2642
1 2659
1 2674
1 2679
1 2683
1 2694
1 2725
1 2750
1 2768
1 2769
1 2793
1 2808
1 2822
1 2871
1 2875
1 2881
1 2885
1 2903
1 2923
1 2988
1 3007
1 3021
1 3052
1 3076
1 3104
1 3120
1 3220
1 3253
1 3310
1 3371
1 3532
2 3544
1 3589
1 4298
