2 3
1 5
1 9
1 10
1 14
1 16
1 18
1 20
1 21
1 22
1 27
4 29
1 30
1 31
2 33
1 34
1 35
1 37
1 38
2 39
1 41
1 44
1 48
1 49
1 50
2 53
1 55
1 57
1 58
2 60
1 61
1 62
1 64
1 68
2 70
5 72
1 74
1 75
1 78
4 79
3 80
1 81
1 82
4 83
1 84
2 85
2 86
3 87
2 88
2 89
3 90
1 93
1 94
2 95
1 96
2 97
2 98
3 99
1 100
3 101
1 103
4 104
2 105
3 106
2 107
5 108
2 109
7 110
6 111
4 112
4 113
7 114
5 115
4 116
4 117
2 118
4 119
4 120
5 121
2 122
3 124
1 125
3 126
5 127
1 128
1 129
3 130
1 131
3 132
4 133
1 134
2 135
2 136
2 137
8 138
3 139
1 140
2 141
2 142
4 143
3 144
1 145
2 146
1 147
1 148
1 149
1 150
2 151
5 152
2 154
2 155
3 156
1 157
3 158
1 159
1 160
2 161
4 162
2 165
2 166
1 167
2 168
3 170
4 171
2 172
2 173
1 174
4 175
2 177
2 178
2 180
5 181
5 183
7 184
1 185
2 186
4 187
2 188
2 189
1 190
4 192
4 193
5 194
3 195
1 196
3 197
4 198
2 199
3 200
1 201
3 202
3 203
3 204
5 205
2 206
3 207
1 208
3 209
2 210
4 211
2 212
3 213
3 214
3 215
8 216
1 217
3 218
5 219
1 220
2 221
1 222
6 223
3 225
2 226
3 227
3 228
3 229
5 230
2 231
1 232
3 233
3 234
1 235
3 236
2 237
1 238
4 239
3 240
1 241
4 242
2 243
2 244
5 245
3 246
1 247
4 248
4 249
5 250
1 251
3 252
4 253
4 254
3 255
1 256
1 257
7 258
4 259
5 260
4 261
5 262
2 263
2 264
2 265
3 266
7 267
3 268
10 269
8 270
3 271
8 272
6 273
6 274
5 275
6 276
2 277
5 278
1 279
4 280
5 281
2 282
5 283
1 284
6 285
5 286
5 287
3 288
5 289
3 290
4 291
2 292
2 293
5 294
5 295
6 296
6 297
6 298
5 299
10 300
11 301
3 302
10 303
5 304
7 305
13 306
12 307
5 308
9 309
11 310
10 311
10 312
12 313
9 314
4 315
7 316
12 317
8 318
10 319
7 320
9 321
4 322
11 323
5 324
4 325
5 326
2 327
5 328
9 329
3 330
7 331
2 332
4 333
4 334
6 335
4 336
3 337
4 338
10 339
5 340
9 341
4 342
8 343
3 344
5 345
9 346
9 347
7 348
7 349
7 350
5 351
4 352
8 353
6 354
9 355
7 356
7 357
2 358
10 359
8 360
8 361
9 362
12 363
18 364
16 365
12 366
10 367
12 368
13 369
20 370
10 371
9 372
5 373
8 374
10 375
8 376
16 377
10 378
9 379
5 380
11 381
5 382
7 383
13 384
15 385
12 386
12 387
16 388
16 389
14 390
21 391
24 392
19 393
18 394
14 395
25 396
18 397
14 398
13 399
28 400
20 401
17 402
6 403
10 404
10 405
16 406
8 407
8 408
5 409
8 410
10 411
6 412
6 413
6 414
2 415
4 416
9 417
8 418
1 419
3 420
4 422
4 423
4 424
3 425
4 426
6 427
4 428
4 429
3 430
4 431
5 432
7 433
7 434
6 435
4 436
1 437
4 438
3 439
6 440
1 441
4 442
3 443
6 444
7 445
5 446
2 447
4 448
3 449
7 450
1 451
3 452
6 453
2 454
1 455
5 456
7 457
4 458
2 459
2 460
8 461
6 462
6 463
8 464
5 465
3 466
9 467
4 468
6 469
9 470
2 471
5 472
8 473
6 474
7 475
5 476
3 477
10 478
3 479
6 480
5 481
4 482
10 483
9 484
6 485
6 486
14 487
5 488
5 489
6 490
5 491
2 492
6 493
6 494
3 495
8 496
4 497
4 498
10 499
5 500
11 501
11 502
11 503
11 504
7 505
7 506
5 507
18 508
8 509
9 510
11 511
13 512
13 513
5 514
10 515
10 516
9 517
5 518
6 519
9 520
8 521
13 522
14 523
4 524
14 525
9 526
12 527
21 528
15 529
18 530
18 531
27 532
15 533
23 534
21 535
24 536
32 537
28 538
36 539
37 540
39 541
41 542
62 543
47 544
47 545
49 546
58 547
53 548
41 549
36 550
39 551
34 552
33 553
34 554
26 555
29 556
23 557
21 558
24 559
22 560
18 561
32 562
12 563
17 564
24 565
14 566
17 567
18 568
11 569
14 570
13 571
10 572
26 573
16 574
13 575
18 576
19 577
15 578
14 579
16 580
7 581
16 582
19 583
21 584
10 585
14 586
13 587
13 588
11 589
19 590
23 591
19 592
16 593
14 594
20 595
18 596
9 597
13 598
12 599
17 600
14 601
13 602
19 603
17 604
15 605
22 606
21 607
21 608
17 609
29 610
21 611
28 612
34 613
36 614
26 615
33 616
32 617
40 618
45 619
43 620
32 621
46 622
48 623
48 624
53 625
54 626
59 627
49 628
57 629
59 630
54 631
59 632
53 633
55 634
57 635
62 636
63 637
54 638
56 639
48 640
45 641
40 642
45 643
35 644
45 645
49 646
36 647
33 648
36 649
22 650
27 651
35 652
39 653
38 654
32 655
26 656
22 657
29 658
22 659
33 660
28 661
13 662
33 663
42 664
43 665
36 666
46 667
46 668
51 669
31 670
60 671
67 672
65 673
66 674
71 675
68 676
87 677
94 678
105 679
87 680
107 681
137 682
133 683
150 684
158 685
160 686
205 687
186 688
206 689
217 690
213 691
234 692
243 693
224 694
222 695
212 696
226 697
215 698
205 699
172 700
178 701
154 702
121 703
146 704
106 705
97 706
84 707
91 708
74 709
61 710
40 711
47 712
59 713
31 714
46 715
29 716
30 717
30 718
27 719
24 720
23 721
27 722
23 723
17 724
19 725
23 726
29 727
21 728
34 729
24 730
27 731
41 732
33 733
39 734
25 735
36 736
39 737
35 738
37 739
47 740
39 741
43 742
49 743
61 744
57 745
64 746
69 747
84 748
85 749
89 750
97 751
126 752
128 753
142 754
129 755
147 756
144 757
162 758
165 759
174 760
176 761
163 762
160 763
163 764
158 765
188 766
160 767
150 768
162 769
151 770
128 771
106 772
105 773
123 774
103 775
77 776
83 777
53 778
49 779
40 780
50 781
31 782
34 783
35 784
24 785
16 786
12 787
11 788
15 789
10 790
7 791
11 792
17 793
6 794
7 795
13 796
10 797
9 798
8 799
15 800
7 801
11 802
10 803
5 804
14 805
11 806
6 807
7 808
12 809
17 810
12 811
11 812
14 813
11 814
9 815
14 816
13 817
9 818
16 819
7 820
14 821
15 822
14 823
13 824
5 825
8 826
11 827
10 828
11 829
3 830
13 831
14 832
9 833
9 834
9 835
12 836
12 837
10 838
15 839
16 840
14 841
7 842
8 843
10 844
9 845
10 846
8 847
18 848
9 849
12 850
12 851
7 852
17 853
11 854
17 855
9 856
12 857
13 858
13 859
10 860
11 861
17 862
12 863
15 864
14 865
15 866
17 867
15 868
9 869
17 870
12 871
24 872
21 873
14 874
17 875
12 876
22 877
15 878
16 879
19 880
22 881
20 882
16 883
12 884
17 885
17 886
26 887
27 888
24 889
21 890
25 891
25 892
31 893
22 894
20 895
26 896
24 897
24 898
32 899
26 900
28 901
28 902
34 903
39 904
29 905
21 906
61 907
42 908
44 909
39 910
39 911
45 912
43 913
58 914
65 915
43 916
50 917
68 918
55 919
52 920
61 921
79 922
98 923
63 924
81 925
93 926
86 927
97 928
99 929
83 930
120 931
125 932
127 933
119 934
111 935
128 936
129 937
125 938
145 939
135 940
158 941
139 942
153 943
156 944
169 945
200 946
160 947
170 948
183 949
207 950
200 951
240 952
225 953
295 954
277 955
290 956
310 957
321 958
344 959
308 960
312 961
367 962
352 963
370 964
375 965
361 966
378 967
380 968
332 969
346 970
329 971
333 972
285 973
294 974
245 975
215 976
216 977
196 978
182 979
150 980
147 981
141 982
118 983
105 984
101 985
79 986
75 987
57 988
45 989
48 990
43 991
41 992
20 993
18 994
19 995
10 996
16 997
11 998
8 999
5 1000
7 1001
5 1002
9 1003
5 1004
8 1005
5 1006
5 1007
1 1008
1 1009
5 1010
2 1011
1 1012
5 1013
4 1014
1 1015
2 1016
4 1017
3 1018
2 1019
3 1021
3 1022
1 1023
3 1024
2 1026
3 1027
1 1028
2 1029
1 1030
2 1031
1 1032
3 1034
2 1036
1 1038
1 1040
1 1042
1 1046
1 1047
1 1048
3 1049
2 1051
6 1052
2 1053
1 1054
2 1057
2 1058
2 1059
2 1061
1 1062
2 1064
3 1065
5 1066
4 1069
1 1072
2 1073
4 1074
1 1075
3 1076
1 1077
2 1078
3 1082
3 1084
3 1086
1 1087
1 1088
1 1089
2 1090
2 1092
2 1093
2 1094
5 1095
4 1096
5 1097
4 1099
4 1100
1 1101
1 1102
5 1103
2 1104
4 1105
2 1106
2 1107
6 1108
4 1109
2 1110
4 1111
3 1112
3 1113
2 1114
6 1115
2 1116
5 1117
6 1118
4 1119
8 1120
3 1121
5 1122
7 1123
5 1124
7 1125
7 1126
6 1127
3 1128
8 1129
3 1130
5 1131
5 1132
2 1133
6 1134
7 1135
7 1136
14 1137
16 1138
11 1139
3 1140
7 1141
9 1142
15 1143
17 1144
12 1145
12 1146
12 1147
17 1148
7 1149
15 1150
16 1151
18 1152
16 1153
15 1154
9 1155
18 1156
16 1157
9 1158
12 1159
12 1160
12 1161
14 1162
9 1163
9 1164
7 1165
9 1166
8 1167
11 1168
7 1169
8 1170
3 1171
7 1172
6 1173
5 1174
5 1175
3 1176
6 1177
3 1178
4 1179
5 1180
4 1182
3 1183
5 1184
2 1185
4 1186
5 1187
1 1188
2 1189
2 1190
3 1191
3 1192
1 1193
2 1194
3 1197
1 1198
3 1201
2 1202
2 1203
4 1204
5 1205
3 1206
3 1207
2 1209
6 1211
1 1212
4 1213
1 1214
4 1215
1 1216
3 1217
3 1218
1 1219
4 1220
4 1221
4 1222
3 1223
2 1224
4 1225
4 1226
3 1227
3 1228
2 1229
6 1230
1 1231
3 1232
3 1233
3 1234
1 1235
7 1236
1 1237
2 1238
4 1239
4 1240
2 1241
4 1242
6 1243
1 1244
4 1245
6 1246
4 1247
6 1248
8 1249
5 1250
6 1251
4 1252
1 1253
7 1254
3 1255
8 1256
4 1257
13 1258
6 1260
1 1261
5 1262
3 1263
5 1264
3 1265
5 1266
1 1267
3 1268
6 1269
4 1270
3 1271
2 1272
5 1273
4 1274
5 1275
4 1276
1 1277
4 1278
4 1279
5 1280
12 1281
9 1282
5 1283
4 1284
6 1285
5 1286
7 1287
2 1288
5 1289
3 1290
5 1291
4 1292
3 1293
4 1294
4 1295
1 1296
4 1297
1 1298
5 1299
7 1300
3 1301
5 1302
5 1303
4 1304
5 1305
7 1306
7 1307
3 1308
4 1309
5 1310
7 1311
10 1312
5 1313
4 1314
4 1315
2 1316
4 1317
8 1318
7 1319
8 1320
5 1321
5 1322
1 1323
4 1324
6 1325
5 1326
6 1327
2 1328
1 1329
4 1330
8 1331
10 1332
7 1333
3 1334
6 1335
8 1336
14 1337
8 1338
6 1339
8 1340
10 1341
13 1342
3 1343
10 1344
6 1345
8 1346
7 1347
11 1348
4 1349
9 1350
8 1351
1 1352
6 1353
9 1354
10 1355
7 1356
9 1357
6 1358
7 1359
5 1360
6 1361
7 1362
4 1363
9 1364
3 1365
8 1366
7 1367
8 1368
12 1369
8 1370
8 1371
11 1372
5 1373
9 1374
6 1375
14 1376
6 1377
5 1378
13 1379
5 1380
9 1381
8 1382
17 1383
8 1384
16 1385
15 1386
8 1387
10 1388
7 1389
9 1390
15 1391
12 1392
12 1393
9 1394
17 1395
14 1396
14 1397
15 1398
19 1399
11 1400
18 1401
17 1402
25 1403
25 1404
28 1405
26 1406
23 1407
31 1408
41 1409
35 1410
40 1411
43 1412
49 1413
46 1414
40 1415
42 1416
40 1417
58 1418
74 1419
48 1420
49 1421
62 1422
57 1423
65 1424
74 1425
74 1426
71 1427
63 1428
73 1429
54 1430
72 1431
57 1432
57 1433
73 1434
59 1435
70 1436
73 1437
61 1438
55 1439
44 1440
59 1441
39 1442
42 1443
39 1444
36 1445
38 1446
42 1447
39 1448
27 1449
28 1450
20 1451
43 1452
22 1453
23 1454
17 1455
19 1456
17 1457
27 1458
11 1459
10 1460
20 1461
16 1462
17 1463
11 1464
19 1465
16 1466
13 1467
17 1468
20 1469
12 1470
13 1471
21 1472
21 1473
18 1474
19 1475
16 1476
14 1477
18 1478
13 1479
23 1480
18 1481
19 1482
18 1483
27 1484
31 1485
21 1486
24 1487
24 1488
29 1489
32 1490
26 1491
32 1492
24 1493
26 1494
22 1495
31 1496
36 1497
27 1498
35 1499
31 1500
28 1501
28 1502
28 1503
24 1504
41 1505
24 1506
15 1507
33 1508
25 1509
19 1510
30 1511
19 1512
27 1513
26 1514
27 1515
26 1516
20 1517
14 1518
17 1519
15 1520
13 1521
11 1522
6 1523
13 1524
11 1525
5 1526
5 1527
3 1528
5 1529
7 1530
6 1531
6 1532
5 1533
7 1534
4 1535
6 1536
5 1537
1 1538
4 1539
3 1540
1 1541
3 1542
1 1543
2 1545
5 1546
2 1547
1 1549
2 1550
2 1551
2 1553
1 1554
3 1556
3 1559
1 1560
3 1561
1 1564
1 1568
1 1569
2 1570
3 1571
2 1572
1 1573
2 1574
1 1575
5 1576
2 1577
2 1578
2 1581
2 1582
4 1583
2 1584
3 1585
2 1586
1 1587
3 1588
1 1589
3 1590
2 1591
1 1592
3 1593
3 1594
2 1596
3 1597
2 1598
3 1599
1 1600
2 1601
1 1602
3 1603
3 1605
3 1606
1 1607
2 1608
2 1609
1 1610
3 1611
3 1612
3 1613
2 1614
1 1615
1 1616
1 1619
2 1620
1 1621
1 1624
1 1625
1 1626
1 1627
4 1628
1 1629
1 1630
1 1632
1 1634
1 1637
1 1641
1 1644
1 1646
1 1647
2 1648
1 1652
1 1653
1 1654
1 1656
2 1659
1 1660
2 1661
1 1662
1 1663
1 1664
1 1665
1 1668
1 1670
1 1672
1 1673
2 1674
2 1678
1 1682
1 1683
1 1684
1 1685
2 1689
1 1691
1 1692
1 1693
1 1694
1 1695
2 1696
1 1697
1 1699
1 1701
1 1704
1 1706
2 1708
2 1710
1 1711
1 1712
1 1713
1 1714
1 1715
2 1716
1 1717
1 1718
2 1720
2 1721
1 1722
1 1726
1 1727
3 1729
2 1731
1 1732
1 1734
2 1736
1 1737
1 1743
1 1744
2 1746
2 1747
1 1748
1 1749
2 1750
1 1756
2 1757
1 1758
3 1761
1 1763
1 1766
1 1769
1 1770
1 1771
1 1772
1 1773
1 1775
2 1776
3 1777
1 1778
1 1784
2 1785
1 1786
1 1787
1 1788
2 1790
1 1793
1 1798
1 1805
2 1807
1 1808
1 1812
2 1816
1 1818
4 1823
1 1824
2 1825
1 1827
1 1828
1 1833
1 1837
1 1840
5 1842
1 1843
1 1848
2 1849
1 1851
1 1853
4 1856
1 1858
1 1861
1 1865
1 1869
1 1870
2 1873
1 1874
1 1878
1 1881
1 1887
1 1889
1 1891
1 1892
1 1893
1 1894
2 1895
1 1897
2 1904
2 1905
2 1906
2 1907
1 1914
1 1915
2 1916
1 1917
1 1924
1 1929
1 1932
1 1934
1 1936
3 1938
1 1939
1 1940
2 1941
2 1942
2 1944
2 1945
1 1947
1 1948
2 1949
2 1951
1 1953
2 1954
2 1957
3 1959
1 1960
2 1963
1 1965
1 1966
2 1967
2 1968
2 1969
4 1970
1 1972
1 1973
1 1974
1 1975
3 1977
1 1979
1 1981
2 1985
2 1986
1 1988
3 1989
3 1991
3 1992
1 1993
3 1994
2 1996
3 1997
1 1998
3 2000
1 2001
3 2002
1 2004
1 2006
1 2007
1 2008
1 2010
2 2011
3 2012
3 2013
3 2014
1 2016
1 2017
2 2020
3 2021
1 2022
4 2024
1 2025
3 2027
2 2028
1 2029
1 2031
1 2032
1 2034
2 2035
1 2037
1 2041
2 2043
1 2047
2 2048
1 2049
1 2053
2 2054
1 2057
3 2058
2 2059
1 2060
1 2061
9 2062
4 2064
3 2065
1 2066
1 2068
1 2070
2 2071
2 2072
2 2073
3 2074
3 2075
2 2077
2 2078
1 2079
1 2080
4 2081
1 2082
3 2083
1 2084
1 2085
1 2086
1 2087
1 2090
2 2091
1 2092
1 2093
3 2094
1 2096
2 2097
1 2098
1 2099
1 2100
1 2101
1 2102
1 2103
5 2104
2 2106
3 2107
2 2108
1 2109
2 2110
2 2111
1 2113
3 2114
3 2115
1 2116
3 2117
1 2118
1 2119
2 2120
2 2121
1 2122
6 2123
4 2124
3 2125
3 2128
4 2129
3 2130
4 2131
3 2133
3 2134
2 2135
1 2136
3 2137
2 2139
4 2140
3 2141
4 2142
3 2143
2 2144
5 2145
1 2146
4 2147
5 2148
2 2149
5 2150
3 2151
3 2152
4 2153
4 2154
6 2155
7 2156
1 2157
2 2158
3 2159
5 2160
3 2161
3 2162
3 2163
3 2164
4 2165
6 2166
6 2167
3 2168
4 2169
6 2170
4 2171
6 2172
4 2173
6 2174
3 2175
11 2176
8 2177
3 2178
7 2179
7 2180
4 2181
7 2182
7 2183
4 2184
12 2185
4 2186
4 2187
3 2188
6 2189
9 2190
7 2191
10 2192
12 2193
8 2194
7 2195
6 2196
9 2197
7 2198
8 2199
5 2200
4 2201
10 2202
8 2203
11 2204
10 2205
15 2206
10 2207
7 2208
13 2209
15 2210
7 2211
7 2212
15 2213
14 2214
15 2215
4 2216
14 2217
9 2218
12 2219
15 2220
19 2221
14 2222
15 2223
10 2224
17 2225
22 2226
14 2227
19 2228
14 2229
14 2230
16 2231
17 2232
20 2233
15 2234
14 2235
14 2236
20 2237
20 2238
19 2239
31 2240
28 2241
21 2242
27 2243
33 2244
25 2245
21 2246
21 2247
22 2248
28 2249
27 2250
28 2251
28 2252
33 2253
36 2254
30 2255
33 2256
37 2257
29 2258
34 2259
41 2260
32 2261
38 2262
39 2263
39 2264
30 2265
38 2266
34 2267
38 2268
30 2269
36 2270
48 2271
34 2272
39 2273
38 2274
35 2275
33 2276
22 2277
23 2278
30 2279
31 2280
22 2281
32 2282
33 2283
17 2284
30 2285
28 2286
15 2287
23 2288
18 2289
22 2290
23 2291
17 2292
22 2293
10 2294
18 2295
11 2296
14 2297
12 2298
13 2299
11 2300
10 2301
7 2302
13 2303
3 2304
10 2305
7 2306
9 2307
4 2308
5 2309
6 2310
1 2311
5 2312
6 2313
7 2314
3 2315
4 2316
3 2317
1 2318
1 2319
2 2320
1 2322
2 2323
2 2324
2 2325
4 2326
1 2327
1 2328
2 2329
3 2330
2 2331
1 2332
1 2333
4 2334
2 2335
2 2337
2 2338
2 2339
2 2340
3 2341
4 2343
3 2344
2 2345
3 2346
3 2347
3 2348
2 2349
3 2351
2 2352
2 2354
3 2355
1 2356
3 2357
5 2358
3 2359
1 2360
5 2361
2 2362
4 2363
1 2364
3 2365
5 2366
3 2367
1 2369
5 2370
5 2371
2 2372
2 2373
6 2374
2 2375
4 2376
4 2377
5 2378
3 2379
3 2380
3 2381
7 2382
3 2383
3 2384
1 2385
2 2387
2 2388
1 2389
1 2390
1 2391
3 2392
2 2393
2 2394
2 2395
1 2396
2 2397
1 2398
2 2399
1 2400
2 2404
1 2405
1 2407
2 2409
1 2411
2 2412
1 2414
1 2418
1 2425
2 2428
1 2429
1 2431
1 2437
1 2439
1 2444
1 2445
1 2456
1 2457
1 2464
1 2477
1 2479
1 2480
1 2482
1 2486
2 2491
1 2496
1 2515
1 2518
1 2523
1 2533
1 2534
1 2539
1 2541
1 2542
1 2549
1 2553
1 2556
1 2559
1 2561
1 2572
1 2573
1 2588
1 2594
1 2602
1 2603
1 2609
1 2629
1 2630
1 2645
1 2650
1 2667
1 2675
1 2679
1 2681
1 2685
1 2694
1 2700
1 2716
1 2718
1 2726
1 2754
1 2755
1 2762
1 2801
1 2808
1 2822
1 2854
1 2857
1 2883
1 2897
1 2905
1 2907
1 2941
1 2984
1 2993
1 3038
1 3042
1 3064
1 3078
1 3100
1 3120
1 3129
1 3239
1 3270
1 3308
1 3374
1 3483
1 3486
1 3489
1 3567
1 3669
1 3816
1 4204
1 4839
