1 2
3 3
1 4
2 5
2 6
3 7
1 8
4 9
3 10
5 11
2 12
3 13
3 14
2 16
3 17
5 18
2 19
3 20
2 21
7 22
5 23
2 24
1 25
1 26
1 27
3 28
2 29
3 30
7 31
4 32
1 33
4 34
5 35
3 36
3 37
6 38
4 39
5 40
1 41
5 42
1 43
5 44
1 45
6 46
10 47
5 48
2 49
4 50
2 51
2 52
3 53
5 54
2 55
7 56
5 57
5 58
7 59
7 60
4 61
2 62
4 63
6 64
4 65
7 66
9 67
9 68
9 69
4 70
8 71
11 72
10 73
5 74
5 75
2 76
4 77
4 78
2 79
6 80
6 81
10 82
6 83
6 84
6 85
4 86
5 87
6 88
10 89
4 90
6 91
5 92
1 93
8 94
8 96
8 97
10 98
3 99
6 100
12 101
10 102
10 103
6 104
4 105
5 106
4 107
10 108
5 109
7 110
4 111
4 112
6 113
10 114
5 115
5 116
8 117
4 118
8 119
13 120
8 121
10 122
4 123
8 124
12 125
11 126
5 127
8 128
11 129
7 130
11 131
12 132
13 133
19 134
7 135
9 136
3 137
7 138
6 139
9 140
7 141
8 142
6 143
13 144
5 145
7 146
3 147
9 148
8 149
9 150
10 151
3 152
6 153
13 154
7 155
13 156
15 157
10 158
11 159
10 160
10 161
14 162
11 163
13 164
16 165
13 166
16 167
17 168
10 169
13 170
16 171
14 172
13 173
6 174
10 175
12 176
9 177
10 178
7 179
5 180
11 181
7 182
9 183
12 184
10 185
9 186
9 187
14 188
16 189
5 190
8 191
8 192
9 193
12 194
8 195
11 196
7 197
9 198
15 199
11 200
10 201
15 202
12 203
9 204
9 205
11 206
6 207
9 208
7 209
8 210
7 211
12 212
10 213
8 214
9 215
10 216
9 217
15 218
9 219
9 220
11 221
12 222
6 223
15 224
9 225
11 226
9 227
5 228
13 229
6 230
16 231
15 232
10 233
7 234
19 235
17 236
22 237
20 238
23 239
22 240
24 241
28 242
24 243
28 244
34 245
54 246
45 247
48 248
53 249
60 250
66 251
87 252
79 253
82 254
75 255
80 256
66 257
46 258
49 259
45 260
38 261
36 262
19 263
19 264
18 265
24 266
14 267
16 268
12 269
12 270
21 271
9 272
19 273
13 274
13 275
14 276
15 277
20 278
20 279
16 280
19 281
28 282
20 283
39 284
29 285
31 286
31 287
38 288
36 289
34 290
37 291
32 292
28 293
38 294
30 295
24 296
20 297
22 298
23 299
22 300
20 301
15 302
12 303
17 304
14 305
10 306
20 307
8 308
12 309
11 310
8 311
13 312
11 313
8 314
11 315
15 316
14 317
11 318
17 319
16 320
21 321
16 322
24 323
15 324
22 325
26 326
25 327
29 328
39 329
41 330
27 331
41 332
44 333
48 334
46 335
40 336
50 337
32 338
35 339
34 340
26 341
26 342
26 343
27 344
28 345
17 346
25 347
23 348
28 349
26 350
37 351
31 352
35 353
44 354
40 355
29 356
28 357
39 358
30 359
40 360
45 361
38 362
37 363
30 364
28 365
43 366
29 367
22 368
20 369
29 370
14 371
17 372
18 373
35 374
27 375
20 376
15 377
17 378
14 379
20 380
16 381
19 382
17 383
14 384
16 385
19 386
16 387
17 388
11 389
17 390
13 391
20 392
17 393
9 394
15 395
11 396
17 397
21 398
16 399
17 400
14 401
20 402
11 403
17 404
8 405
10 406
12 407
6 408
14 409
19 410
17 411
9 412
14 413
12 414
12 415
11 416
11 417
8 418
13 419
10 420
11 421
16 422
10 423
25 424
16 425
18 426
15 427
10 428
13 429
19 430
19 431
16 432
16 433
21 434
25 435
19 436
21 437
28 438
21 439
30 440
40 441
32 442
34 443
30 444
36 445
27 446
33 447
30 448
42 449
46 450
49 451
51 452
56 453
59 454
84 455
78 456
87 457
104 458
118 459
152 460
155 461
192 462
190 463
206 464
227 465
279 466
278 467
294 468
289 469
352 470
324 471
371 472
290 473
315 474
318 475
272 476
262 477
230 478
200 479
165 480
154 481
95 482
108 483
95 484
62 485
62 486
66 487
38 488
43 489
34 490
21 491
34 492
27 493
24 494
15 495
25 496
29 497
23 498
20 499
23 500
19 501
26 502
12 503
19 504
27 505
23 506
30 507
22 508
30 509
23 510
26 511
31 512
20 513
24 514
22 515
22 516
31 517
24 518
18 519
12 520
14 521
19 522
9 523
11 524
14 525
21 526
10 527
14 528
16 529
14 530
7 531
10 532
12 533
11 534
23 535
11 536
24 537
9 538
14 539
16 540
11 541
17 542
16 543
21 544
24 545
8 546
10 547
12 548
18 549
18 550
18 551
20 552
16 553
12 554
15 555
13 556
15 557
15 558
11 559
11 560
11 561
11 562
7 563
12 564
7 565
16 566
11 567
13 568
9 569
8 570
8 571
8 572
6 573
7 574
10 575
8 576
12 577
8 578
8 579
2 580
5 581
10 582
10 583
3 584
7 585
10 586
4 587
7 588
9 589
7 590
6 591
8 592
5 593
6 594
8 595
8 596
12 597
13 598
11 599
15 600
9 601
7 602
6 603
3 604
11 605
10 606
10 607
12 608
12 609
6 610
7 611
15 612
8 613
11 614
2 615
5 616
10 617
10 618
9 619
5 620
12 621
10 622
8 623
12 624
9 625
6 626
7 627
8 628
12 629
11 630
10 631
9 632
19 633
11 634
13 635
8 636
12 637
6 638
22 639
10 640
12 641
10 642
14 643
16 644
12 645
8 646
13 647
5 648
19 649
15 650
10 651
17 652
15 653
13 654
13 655
12 656
14 657
9 658
18 659
15 660
24 661
15 662
25 663
30 664
15 665
14 666
22 667
13 668
22 669
18 670
22 671
25 672
21 673
29 674
18 675
20 676
32 677
23 678
22 679
27 680
38 681
31 682
38 683
39 684
42 685
39 686
34 687
51 688
35 689
29 690
34 691
30 692
28 693
31 694
30 695
44 696
35 697
42 698
50 699
41 700
39 701
51 702
36 703
55 704
54 705
52 706
69 707
66 708
72 709
72 710
72 711
74 712
70 713
81 714
73 715
74 716
67 717
66 718
73 719
82 720
68 721
84 722
80 723
57 724
71 725
66 726
69 727
84 728
69 729
78 730
84 731
86 732
62 733
67 734
67 735
61 736
74 737
82 738
77 739
78 740
81 741
80 742
94 743
81 744
88 745
82 746
90 747
72 748
77 749
99 750
92 751
87 752
79 753
75 754
91 755
100 756
100 757
98 758
107 759
87 760
86 761
84 762
72 763
91 764
74 765
88 766
66 767
83 768
64 769
83 770
73 771
66 772
70 773
79 774
85 775
68 776
68 777
82 778
83 779
96 780
87 781
96 782
102 783
96 784
98 785
137 786
135 787
154 788
152 789
150 790
183 791
208 792
207 793
199 794
234 795
237 796
267 797
294 798
305 799
329 800
325 801
330 802
329 803
351 804
311 805
330 806
339 807
336 808
301 809
326 810
381 811
343 812
354 813
308 814
370 815
404 816
351 817
423 818
411 819
396 820
386 821
430 822
481 823
498 824
421 825
456 826
509 827
450 828
465 829
495 830
475 831
445 832
484 833
432 834
405 835
385 836
382 837
334 838
322 839
320 840
249 841
206 842
233 843
207 844
201 845
207 846
184 847
168 848
179 849
158 850
149 851
160 852
152 853
150 854
133 855
138 856
136 857
143 858
141 859
147 860
128 861
112 862
117 863
116 864
105 865
113 866
91 867
88 868
70 869
78 870
70 871
65 872
64 873
60 874
48 875
55 876
35 877
55 878
27 879
44 880
42 881
32 882
31 883
29 884
31 885
32 886
16 887
21 888
21 889
21 890
20 891
27 892
19 893
30 894
21 895
24 896
28 897
17 898
15 899
17 900
25 901
22 902
11 903
15 904
22 905
21 906
21 907
19 908
14 909
22 910
20 911
13 912
22 913
17 914
16 915
17 916
19 917
28 918
21 919
37 920
20 921
18 922
21 923
33 924
24 925
27 926
29 927
23 928
26 929
36 930
32 931
31 932
34 933
36 934
31 935
39 936
43 937
36 938
34 939
39 940
34 941
32 942
43 943
43 944
51 945
55 946
42 947
44 948
41 949
38 950
46 951
24 952
56 953
40 954
27 955
37 956
38 957
49 958
34 959
35 960
35 961
43 962
45 963
36 964
28 965
37 966
43 967
29 968
31 969
35 970
41 971
28 972
39 973
40 974
34 975
47 976
45 977
58 978
43 979
46 980
54 981
51 982
45 983
67 984
52 985
65 986
63 987
69 988
73 989
67 990
56 991
63 992
64 993
75 994
61 995
68 996
53 997
60 998
62 999
57 1000
62 1001
51 1002
65 1003
53 1004
48 1005
41 1006
60 1007
58 1008
59 1009
45 1010
54 1011
76 1012
61 1013
59 1014
52 1015
50 1016
62 1017
68 1018
87 1019
73 1020
74 1021
84 1022
75 1023
91 1024
110 1025
92 1026
108 1027
126 1028
111 1029
98 1030
127 1031
130 1032
160 1033
146 1034
145 1035
147 1036
169 1037
173 1038
191 1039
186 1040
218 1041
215 1042
208 1043
217 1044
231 1045
252 1046
232 1047
307 1048
235 1049
250 1050
261 1051
238 1052
232 1053
216 1054
218 1055
244 1056
216 1057
203 1058
179 1059
161 1060
150 1061
151 1062
133 1063
153 1064
138 1065
109 1066
116 1067
117 1068
113 1069
112 1070
107 1071
106 1072
116 1073
113 1074
108 1075
132 1076
137 1077
136 1078
149 1079
146 1080
115 1081
157 1082
138 1083
138 1084
178 1085
183 1086
161 1087
170 1088
151 1089
160 1090
159 1091
175 1092
169 1093
160 1094
143 1095
133 1096
144 1097
133 1098
136 1099
129 1100
114 1101
100 1102
104 1103
97 1104
84 1105
74 1106
86 1107
81 1108
84 1109
70 1110
55 1111
75 1112
64 1113
62 1114
55 1115
61 1116
71 1117
58 1118
54 1119
60 1120
54 1121
42 1122
68 1123
59 1124
54 1125
48 1126
66 1127
46 1128
43 1129
38 1130
39 1131
43 1132
43 1133
34 1134
32 1135
41 1136
35 1137
51 1138
30 1139
25 1140
34 1141
31 1142
28 1143
27 1144
25 1145
47 1146
33 1147
48 1148
38 1149
41 1150
44 1151
44 1152
53 1153
48 1154
40 1155
51 1156
42 1157
66 1158
64 1159
44 1160
56 1161
57 1162
41 1163
52 1164
55 1165
52 1166
47 1167
57 1168
56 1169
60 1170
64 1171
43 1172
51 1173
36 1174
58 1175
47 1176
51 1177
60 1178
40 1179
44 1180
63 1181
44 1182
44 1183
48 1184
44 1185
43 1186
40 1187
44 1188
39 1189
41 1190
61 1191
45 1192
53 1193
52 1194
53 1195
56 1196
49 1197
50 1198
66 1199
67 1200
73 1201
72 1202
61 1203
78 1204
71 1205
70 1206
99 1207
86 1208
108 1209
104 1210
109 1211
105 1212
115 1213
113 1214
113 1215
107 1216
123 1217
119 1218
112 1219
114 1220
131 1221
126 1222
109 1223
93 1224
95 1225
98 1226
86 1227
78 1228
83 1229
72 1230
68 1231
66 1232
61 1233
56 1234
42 1235
57 1236
39 1237
35 1238
25 1239
30 1240
30 1241
28 1242
27 1243
17 1244
24 1245
19 1246
34 1247
16 1248
13 1249
26 1250
18 1251
16 1252
17 1253
17 1254
18 1255
15 1256
13 1257
15 1258
12 1259
9 1260
7 1261
12 1262
12 1263
6 1264
10 1265
4 1266
10 1267
6 1268
6 1269
4 1270
5 1271
5 1272
3 1273
3 1274
6 1275
2 1276
6 1277
1 1278
5 1279
2 1281
2 1282
2 1283
2 1284
2 1285
3 1286
3 1287
1 1288
2 1289
2 1290
2 1291
2 1292
5 1293
2 1294
2 1295
2 1296
1 1297
1 1299
3 1300
3 1301
2 1302
3 1303
2 1304
2 1305
2 1306
1 1307
1 1310
2 1311
2 1312
1 1313
3 1314
1 1315
1 1316
5 1317
2 1318
6 1319
3 1320
2 1323
2 1324
2 1325
3 1326
4 1327
4 1328
2 1329
1 1330
6 1332
1 1333
3 1334
5 1335
1 1336
2 1337
2 1338
7 1339
5 1340
3 1341
3 1342
7 1343
2 1344
4 1345
4 1346
8 1347
6 1348
6 1349
1 1350
2 1351
3 1352
8 1353
12 1354
10 1355
9 1356
7 1357
6 1358
11 1359
5 1360
14 1361
14 1362
13 1363
17 1364
14 1365
17 1366
21 1367
14 1368
19 1369
26 1370
20 1371
21 1372
26 1373
20 1374
23 1375
24 1376
20 1377
25 1378
22 1379
25 1380
30 1381
25 1382
38 1383
34 1384
25 1385
28 1386
24 1387
32 1388
31 1389
20 1390
25 1391
17 1392
22 1393
22 1394
15 1395
16 1396
17 1397
19 1398
12 1399
12 1400
15 1401
10 1402
10 1403
9 1404
5 1405
6 1406
3 1407
5 1408
5 1409
3 1410
4 1411
1 1412
3 1414
7 1415
3 1416
3 1417
2 1419
2 1420
2 1421
1 1422
1 1423
2 1424
2 1425
1 1426
1 1427
1 1428
1 1429
1 1430
1 1431
2 1432
1 1434
1 1435
3 1436
3 1438
1 1439
1 1441
1 1443
1 1444
3 1445
1 1446
1 1447
1 1449
1 1450
2 1451
2 1452
2 1454
1 1460
2 1461
1 1464
1 1465
1 1469
1 1470
1 1471
1 1472
1 1476
1 1480
2 1485
1 1491
1 1495
1 1502
1 1504
1 1508
1 1510
1 1511
1 1514
1 1515
1 1516
1 1518
2 1520
1 1521
2 1522
3 1524
1 1525
1 1527
1 1531
1 1533
1 1534
1 1536
1 1545
2 1547
1 1548
1 1549
1 1551
1 1556
1 1557
1 1558
1 1564
1 1567
1 1571
1 1575
1 1578
2 1580
1 1581
1 1582
1 1584
1 1586
1 1595
1 1596
1 1598
1 1600
1 1602
1 1604
1 1607
1 1608
1 1609
1 1614
2 1615
1 1617
1 1622
1 1623
1 1625
2 1626
1 1629
1 1632
2 1636
2 1642
1 1644
1 1646
2 1649
1 1651
2 1652
1 1654
1 1657
1 1658
1 1660
1 1662
2 1664
2 1667
1 1670
1 1671
1 1674
2 1676
2 1678
1 1679
1 1685
1 1687
3 1689
1 1690
2 1695
1 1696
1 1698
1 1699
2 1700
2 1701
1 1712
1 1716
1 1718
2 1723
1 1724
1 1726
1 1732
1 1733
1 1738
1 1744
1 1749
2 1751
1 1756
1 1759
1 1773
1 1774
1 1776
1 1780
1 1781
1 1783
1 1792
1 1793
1 1797
1 1799
1 1801
1 1803
1 1805
1 1806
1 1809
1 1810
1 1817
2 1818
1 1820
1 1822
1 1828
1 1829
1 1831
1 1835
1 1842
1 1843
1 1844
1 1845
1 1848
1 1849
1 1856
1 1858
1 1859
1 1865
1 1867
1 1874
1 1876
1 1877
1 1880
1 1883
1 1888
1 1892
1 1898
1 1899
2 1911
2 1924
1 1925
1 1927
1 1929
2 1935
3 1938
1 1942
1 1945
3 1947
2 1948
1 1949
2 1951
2 1952
2 1955
1 1957
3 1959
1 1961
1 1962
3 1963
1 1968
2 1969
1 1970
1 1971
2 1972
1 1974
1 1977
1 1978
3 1979
2 1980
1 1982
1 1983
1 1985
1 1987
4 1988
1 1989
3 1991
1 1992
1 1994
2 1995
1 1996
2 1998
1 1999
1 2000
1 2001
1 2003
1 2006
1 2007
2 2008
1 2013
2 2015
1 2016
3 2017
2 2018
3 2021
1 2022
1 2026
2 2027
1 2030
1 2032
2 2033
1 2039
1 2040
1 2041
1 2043
1 2047
1 2057
1 2058
1 2060
1 2073
1 2075
2 2076
1 2078
1 2085
1 2091
1 2092
1 2095
1 2096
1 2098
1 2101
1 2105
2 2107
1 2109
1 2110
1 2121
1 2125
1 2128
1 2129
2 2133
1 2134
1 2138
1 2141
1 2146
1 2150
1 2151
1 2153
1 2154
4 2155
1 2157
2 2158
2 2160
1 2162
2 2163
2 2164
1 2165
2 2166
2 2168
1 2169
1 2170
1 2171
1 2172
1 2175
1 2184
1 2185
1 2190
1 2192
1 2195
1 2201
1 2210
2 2213
1 2214
1 2216
1 2220
1 2225
2 2226
1 2227
1 2228
1 2232
1 2238
2 2251
1 2254
2 2263
1 2265
2 2270
1 2274
1 2275
1 2276
1 2277
1 2279
1 2288
1 2289
2 2291
1 2293
1 2294
1 2297
2 2299
1 2300
3 2303
1 2304
1 2305
2 2308
1 2309
2 2310
1 2312
1 2315
2 2322
1 2323
1 2327
1 2330
1 2331
1 2333
1 2334
3 2340
3 2341
2 2343
2 2346
1 2347
1 2348
2 2349
2 2350
1 2351
1 2352
2 2353
3 2355
1 2356
1 2359
2 2361
1 2363
1 2364
3 2365
1 2366
2 2368
2 2373
1 2374
4 2376
1 2377
2 2379
3 2380
2 2381
3 2382
2 2383
1 2384
1 2385
3 2387
3 2388
1 2389
1 2391
2 2393
3 2395
2 2396
1 2397
2 2398
1 2399
3 2400
1 2401
3 2402
3 2403
3 2404
2 2405
3 2406
3 2407
2 2408
1 2409
1 2410
1 2411
4 2412
2 2413
5 2415
5 2416
5 2417
1 2419
4 2420
1 2421
1 2422
1 2423
1 2425
1 2427
6 2428
2 2429
2 2430
1 2431
1 2432
3 2433
1 2434
2 2435
1 2436
3 2437
1 2438
2 2439
1 2440
2 2441
2 2442
1 2443
1 2445
3 2446
1 2448
3 2449
4 2450
1 2452
3 2453
1 2454
3 2455
3 2456
2 2457
2 2458
4 2460
2 2461
4 2462
2 2463
3 2464
3 2465
2 2466
2 2467
4 2468
5 2469
5 2470
4 2471
3 2472
5 2473
5 2474
5 2475
3 2476
6 2477
4 2478
9 2479
5 2480
6 2481
7 2482
3 2483
5 2484
5 2485
6 2486
6 2487
6 2488
6 2489
4 2490
4 2491
8 2492
11 2493
5 2494
5 2495
5 2496
6 2497
5 2498
3 2499
2 2500
5 2501
6 2502
12 2503
4 2504
7 2505
7 2506
4 2507
1 2508
4 2509
4 2510
4 2511
4 2512
5 2513
8 2514
2 2515
2 2516
5 2517
3 2518
1 2519
2 2520
3 2522
6 2524
3 2525
3 2527
1 2529
4 2530
1 2531
2 2533
1 2536
1 2537
1 2539
1 2540
1 2544
1 2558
1 2560
1 2561
1 2564
1 2569
1 2570
1 2576
1 2578
1 2579
1 2580
1 2584
1 2586
1 2588
1 2589
1 2591
2 2593
1 2596
1 2598
1 2601
1 2611
1 2613
2 2615
1 2616
1 2618
1 2619
1 2622
1 2643
1 2664
2 2671
1 2690
1 2691
1 2693
1 2700
1 2704
1 2706
1 2708
3 2713
1 2714
1 2715
1 2717
1 2719
1 2720
2 2721
1 2722
2 2726
1 2729
1 2730
1 2734
1 2735
1 2738
1 2745
1 2746
1 2749
1 2760
1 2802
1 2806
1 2807
1 2810
1 2818
1 2826
1 2835
2 2842
1 2854
1 2857
1 2875
1 2894
1 2904
1 2911
1 2946
1 3024
2 3042
1 3048
1 3082
1 3102
1 3110
1 3119
1 3130
1 3146
1 3168
1 3276
1 3294
1 3349
1 3355
1 3359
1 3367
1 3371
1 3398
1 3431
1 3577
1 3923
1 4055
1 4247
1 4381
