1 18
1 22
1 32
2 34
1 36
2 38
1 39
1 41
1 46
1 47
1 55
1 56
1 57
3 58
1 60
1 66
1 67
1 68
1 71
1 76
1 77
1 78
2 79
1 80
1 81
1 84
3 85
4 88
3 89
4 90
1 91
2 93
2 94
2 96
2 99
5 100
2 102
2 103
2 104
1 105
3 106
1 107
3 108
1 109
2 111
4 112
1 113
2 114
5 115
2 117
2 118
4 119
5 120
1 123
1 124
1 126
1 127
2 128
2 129
1 130
1 131
1 132
3 133
2 134
2 135
4 136
5 137
3 138
2 139
2 140
3 141
2 142
1 143
4 144
1 145
2 147
1 149
1 150
1 152
1 153
1 154
2 155
1 156
2 158
1 159
1 160
3 161
1 162
1 165
1 166
2 168
2 169
1 171
2 172
1 173
1 174
1 175
3 176
1 178
2 180
2 181
1 182
1 183
1 184
1 185
3 187
1 188
1 189
4 190
1 191
1 192
1 195
3 196
1 197
4 198
3 199
3 200
5 201
1 203
3 204
3 205
2 206
1 207
2 208
1 210
3 211
2 213
2 214
4 215
4 216
1 217
2 220
1 221
5 222
2 223
4 224
4 226
3 227
4 228
2 229
1 230
3 231
4 232
2 233
1 234
1 235
3 236
1 237
2 238
2 239
4 240
1 241
1 242
2 243
2 244
3 245
2 246
2 247
3 248
2 249
1 250
3 252
1 253
5 254
3 255
4 256
1 257
1 258
2 259
1 260
1 261
4 262
3 263
4 264
2 265
5 267
4 269
2 270
1 271
2 272
3 273
6 274
3 275
2 276
4 277
4 278
2 279
6 280
2 281
3 282
3 283
1 284
2 285
2 286
4 287
4 288
3 289
2 290
3 291
3 292
1 293
1 294
4 295
5 296
6 297
2 298
6 299
2 300
5 301
4 302
5 303
3 304
5 305
3 306
6 307
7 308
3 309
1 310
6 311
3 312
8 313
3 314
5 315
4 316
3 317
5 318
1 319
1 320
1 321
6 322
3 323
6 324
5 325
4 326
3 327
4 328
5 329
3 330
3 331
3 332
4 333
3 334
3 335
1 336
6 337
2 338
2 339
2 340
7 342
3 343
1 344
3 345
2 346
6 347
5 348
4 349
5 350
3 351
3 352
3 353
2 354
3 355
1 356
1 357
2 358
4 359
8 360
7 361
6 362
3 363
8 364
3 365
5 366
3 367
7 368
4 369
9 370
4 371
3 372
8 373
4 374
6 375
5 376
3 377
4 378
3 379
6 380
6 381
7 382
8 383
2 384
3 385
3 386
2 387
3 388
3 389
4 390
4 391
8 392
9 393
9 394
10 395
5 396
6 397
5 398
8 399
7 400
6 401
6 402
7 403
3 404
9 405
4 406
6 407
6 408
7 409
3 410
5 411
4 412
2 413
5 414
3 415
3 416
2 417
4 418
2 419
2 420
4 422
1 423
4 424
1 425
3 426
1 427
6 428
1 429
3 430
1 431
4 432
4 433
2 434
3 435
5 437
1 438
3 439
2 440
1 441
4 442
2 444
2 445
3 446
2 447
4 448
1 449
2 451
4 452
2 453
3 454
2 455
2 456
3 457
3 458
4 459
5 460
5 461
3 462
5 463
4 464
1 466
2 467
5 468
5 469
2 470
3 471
1 473
2 474
1 475
6 476
2 477
2 478
3 479
2 480
1 481
2 483
9 484
3 485
3 486
3 487
1 488
1 489
3 490
2 491
2 492
3 493
1 494
1 495
7 496
5 497
3 498
2 499
2 500
1 501
3 502
3 503
5 504
9 505
2 506
2 507
1 509
3 510
3 511
2 512
2 513
1 515
4 516
1 517
2 518
9 519
3 520
6 521
1 522
1 523
3 524
10 525
2 526
2 527
6 528
3 529
2 530
5 531
7 532
6 533
4 534
9 535
5 536
8 537
8 538
10 539
8 540
6 541
4 542
8 543
8 544
11 545
6 546
8 547
6 548
8 549
9 550
7 551
10 552
2 553
9 554
6 555
10 556
8 557
5 558
1 559
4 560
8 561
7 562
2 563
5 564
4 565
7 566
4 567
5 568
5 569
7 570
3 571
6 572
2 573
8 574
6 575
4 576
2 577
3 578
5 579
5 580
6 581
4 582
6 583
6 584
8 585
3 586
2 587
1 588
1 589
2 590
4 591
1 592
5 593
2 594
7 595
5 596
3 597
4 598
6 599
5 600
8 601
6 602
5 603
5 604
5 605
10 606
8 607
7 608
8 609
9 610
5 611
3 612
4 613
6 614
9 615
8 616
10 617
8 618
6 619
10 620
7 621
11 622
8 623
8 624
10 625
12 626
12 627
10 628
18 629
10 630
12 631
17 632
9 633
19 634
15 635
16 636
8 637
12 638
25 639
14 640
16 641
14 642
9 643
8 644
10 645
9 646
12 647
14 648
6 649
15 650
7 651
13 652
7 653
8 654
12 655
10 656
9 657
6 658
6 659
22 660
9 661
4 662
10 663
10 664
10 665
12 666
11 667
16 668
11 669
11 670
14 671
15 672
17 673
21 674
15 675
17 676
21 677
15 678
24 679
30 680
28 681
24 682
33 683
31 684
26 685
38 686
34 687
39 688
65 689
58 690
37 691
57 692
58 693
55 694
53 695
58 696
61 697
51 698
71 699
59 700
53 701
50 702
50 703
42 704
30 705
40 706
27 707
23 708
25 709
15 710
24 711
16 712
10 713
12 714
14 715
11 716
10 717
17 718
10 719
5 720
7 721
9 722
9 723
12 724
9 725
11 726
10 727
6 728
17 729
10 730
8 731
12 732
7 733
8 734
14 735
12 736
10 737
13 738
13 739
15 740
13 741
21 742
20 743
15 744
20 745
27 746
24 747
34 748
28 749
27 750
34 751
38 752
39 753
43 754
55 755
53 756
53 757
50 758
52 759
64 760
61 761
61 762
57 763
65 764
57 765
61 766
52 767
48 768
46 769
39 770
73 771
40 772
46 773
45 774
35 775
35 776
27 777
23 778
18 779
25 780
13 781
16 782
17 783
15 784
13 785
11 786
11 787
4 788
13 789
5 790
4 791
6 792
6 793
4 794
4 795
9 796
3 797
6 798
6 799
6 800
5 801
8 802
6 803
7 804
2 805
6 806
7 807
5 808
9 809
4 810
5 811
4 812
6 813
9 814
7 815
4 816
6 817
4 818
5 819
5 820
3 821
7 822
6 823
8 824
4 825
7 826
2 827
10 828
9 829
1 830
7 831
10 832
9 833
6 834
6 835
11 836
11 837
5 838
5 839
1 840
12 841
4 842
5 843
4 844
4 845
9 846
3 847
10 848
4 849
6 850
6 851
9 852
12 853
11 854
8 855
6 856
5 857
6 858
2 859
12 860
5 861
4 862
8 863
6 864
11 865
10 866
10 867
8 868
14 869
11 870
10 871
2 872
7 873
7 874
11 875
11 876
7 877
10 878
16 879
8 880
13 881
9 882
12 883
10 884
11 885
15 886
10 887
14 888
8 889
15 890
12 891
18 892
13 893
13 894
11 895
14 896
15 897
16 898
24 899
15 900
21 901
16 902
17 903
26 904
25 905
20 906
19 907
33 908
38 909
27 910
22 911
31 912
23 913
33 914
23 915
25 916
24 917
29 918
45 919
32 920
47 921
43 922
33 923
48 924
58 925
48 926
65 927
45 928
46 929
58 930
60 931
72 932
73 933
71 934
67 935
61 936
92 937
70 938
84 939
75 940
95 941
86 942
96 943
85 944
107 945
99 946
98 947
108 948
120 949
113 950
136 951
119 952
119 953
134 954
143 955
151 956
161 957
164 958
178 959
209 960
175 961
208 962
208 963
207 964
226 965
222 966
187 967
185 968
195 969
186 970
202 971
198 972
184 973
157 974
155 975
152 976
163 977
122 978
127 979
91 980
73 981
81 982
77 983
75 984
67 985
55 986
47 987
33 988
27 989
30 990
19 991
16 992
14 993
16 994
10 995
9 996
13 997
10 998
11 999
5 1000
2 1001
3 1002
3 1003
3 1004
1 1005
3 1006
2 1007
1 1008
1 1010
1 1011
3 1012
2 1013
2 1015
3 1016
2 1017
1 1018
2 1019
3 1020
3 1021
1 1022
3 1023
3 1024
2 1025
3 1026
2 1030
1 1031
1 1032
2 1035
1 1036
1 1037
1 1039
3 1041
2 1042
1 1043
2 1045
1 1046
2 1048
1 1049
3 1050
2 1052
2 1053
2 1054
3 1057
1 1058
4 1060
1 1062
1 1063
1 1064
1 1065
1 1066
1 1068
1 1071
1 1072
1 1075
1 1080
2 1085
2 1086
2 1088
4 1091
1 1094
1 1096
3 1097
2 1098
1 1100
2 1101
2 1102
1 1103
1 1104
3 1105
1 1106
4 1107
1 1108
1 1109
2 1110
1 1111
3 1112
4 1115
2 1116
2 1117
1 1118
1 1119
3 1120
4 1121
3 1122
5 1123
2 1124
2 1125
3 1126
2 1127
2 1128
4 1129
2 1130
5 1131
7 1133
5 1134
6 1135
6 1136
3 1137
8 1138
2 1139
2 1140
3 1141
5 1142
4 1143
8 1144
3 1145
9 1146
5 1147
5 1148
14 1149
7 1150
15 1151
6 1152
6 1153
7 1154
5 1155
8 1156
6 1157
5 1158
2 1159
7 1160
8 1161
8 1162
3 1163
6 1164
8 1165
10 1166
8 1167
5 1168
4 1169
4 1170
8 1171
3 1172
4 1173
2 1174
3 1175
5 1176
4 1177
4 1178
3 1179
1 1180
4 1181
1 1182
1 1184
2 1185
1 1187
2 1188
1 1190
3 1191
1 1192
2 1193
1 1194
1 1195
2 1198
1 1199
1 1200
2 1202
3 1203
2 1204
4 1208
1 1209
1 1210
3 1211
3 1212
2 1213
1 1215
1 1217
3 1218
1 1219
3 1222
1 1223
6 1224
1 1225
5 1227
3 1228
1 1229
2 1230
2 1231
3 1232
3 1233
3 1234
3 1235
3 1236
2 1237
5 1239
1 1240
6 1241
3 1242
1 1243
2 1244
3 1245
6 1246
4 1247
2 1248
2 1249
5 1252
2 1253
2 1254
3 1255
8 1256
1 1257
4 1258
1 1259
4 1261
3 1262
1 1263
2 1264
2 1265
5 1266
4 1267
3 1268
4 1269
4 1270
3 1271
2 1272
4 1273
1 1274
1 1275
2 1276
2 1277
3 1278
2 1279
4 1281
1 1283
1 1284
4 1285
2 1286
4 1287
3 1288
3 1289
2 1290
3 1291
4 1292
3 1293
3 1295
3 1296
5 1297
1 1298
1 1299
6 1300
2 1301
1 1302
5 1303
4 1304
1 1305
2 1306
1 1307
2 1308
2 1309
2 1310
3 1311
5 1312
5 1314
2 1315
7 1316
3 1317
3 1318
7 1319
5 1320
5 1321
4 1322
2 1323
3 1324
2 1325
5 1326
1 1327
5 1328
4 1329
5 1330
4 1331
2 1332
9 1333
3 1334
6 1335
6 1336
2 1337
4 1338
11 1339
4 1340
8 1341
4 1342
6 1343
4 1344
7 1345
7 1346
5 1347
10 1348
5 1349
6 1350
7 1351
9 1352
6 1353
7 1354
5 1355
8 1356
7 1357
6 1358
12 1359
9 1360
7 1361
8 1362
8 1363
10 1364
7 1365
5 1366
4 1367
7 1368
7 1369
13 1370
8 1371
8 1372
8 1373
7 1374
5 1375
7 1376
8 1377
12 1378
7 1379
6 1380
6 1381
7 1382
9 1383
6 1384
9 1385
8 1386
7 1387
12 1388
10 1389
9 1390
17 1391
11 1392
14 1393
11 1394
17 1395
9 1396
20 1397
14 1398
21 1399
17 1400
16 1401
22 1402
27 1403
18 1404
22 1405
27 1406
23 1407
29 1408
27 1409
33 1410
31 1411
30 1412
40 1413
34 1414
54 1415
37 1416
56 1417
46 1418
41 1419
50 1420
47 1421
74 1422
58 1423
71 1424
68 1425
64 1426
76 1427
77 1428
61 1429
70 1430
79 1431
75 1432
61 1433
75 1434
73 1435
64 1436
66 1437
61 1438
68 1439
52 1440
49 1441
52 1442
38 1443
46 1444
45 1445
36 1446
32 1447
34 1448
29 1449
27 1450
23 1451
23 1452
22 1453
16 1454
15 1455
24 1456
21 1457
14 1458
22 1459
11 1460
12 1461
16 1462
15 1463
15 1464
11 1465
14 1466
8 1467
14 1468
15 1469
19 1470
20 1471
16 1472
13 1473
11 1474
10 1475
18 1476
18 1477
20 1478
26 1479
14 1480
15 1481
26 1482
17 1483
18 1484
27 1485
15 1486
24 1487
33 1488
29 1489
22 1490
29 1491
31 1492
28 1493
37 1494
22 1495
28 1496
28 1497
18 1498
34 1499
29 1500
33 1501
34 1502
24 1503
28 1504
30 1505
30 1506
34 1507
36 1508
25 1509
20 1510
21 1511
22 1512
25 1513
24 1514
17 1515
20 1516
8 1517
18 1518
13 1519
7 1520
15 1521
17 1522
12 1523
9 1524
6 1525
6 1526
4 1527
12 1528
8 1529
12 1530
5 1531
2 1532
5 1533
7 1534
3 1535
4 1536
4 1537
2 1538
3 1539
5 1540
2 1541
2 1542
2 1543
7 1544
1 1545
4 1546
2 1547
1 1548
6 1549
1 1550
5 1551
2 1552
2 1557
1 1558
2 1559
2 1562
1 1563
1 1564
2 1565
1 1566
2 1570
4 1571
1 1572
1 1577
1 1579
1 1584
2 1585
1 1586
1 1587
3 1588
2 1589
2 1590
1 1591
1 1592
1 1593
3 1594
1 1596
1 1599
1 1601
1 1604
1 1606
3 1607
1 1611
2 1616
2 1617
2 1618
1 1620
1 1625
1 1626
1 1628
1 1629
1 1630
1 1632
1 1633
1 1635
1 1638
1 1644
1 1645
1 1646
1 1648
1 1649
1 1650
1 1655
1 1656
1 1658
1 1659
1 1662
1 1664
1 1674
1 1675
1 1677
1 1679
1 1687
1 1690
1 1692
1 1695
1 1699
1 1700
1 1702
2 1703
1 1704
2 1705
1 1706
1 1708
1 1711
2 1712
1 1714
3 1717
1 1718
2 1719
1 1722
1 1723
1 1724
2 1726
2 1729
1 1731
1 1736
1 1737
1 1738
2 1743
1 1744
1 1746
1 1747
1 1748
1 1750
1 1752
2 1753
1 1756
2 1758
1 1763
1 1765
1 1767
1 1772
1 1777
1 1778
1 1781
2 1782
1 1783
3 1785
1 1786
1 1789
1 1790
1 1791
2 1794
1 1795
1 1798
2 1801
2 1802
2 1806
1 1807
1 1809
1 1813
1 1814
2 1817
1 1818
1 1820
1 1822
1 1824
2 1826
2 1829
1 1830
1 1831
1 1832
1 1836
1 1842
3 1846
2 1848
1 1851
1 1852
1 1853
1 1858
1 1860
1 1861
1 1862
1 1868
2 1872
1 1879
1 1881
1 1883
1 1887
1 1888
1 1889
2 1890
2 1891
2 1893
1 1894
1 1897
1 1898
1 1900
1 1902
2 1903
2 1906
1 1907
1 1913
1 1915
1 1921
1 1922
1 1924
1 1926
1 1927
1 1929
1 1930
1 1933
2 1934
2 1937
1 1939
1 1942
1 1943
2 1945
2 1946
1 1950
1 1952
2 1953
1 1957
1 1959
1 1966
3 1967
2 1968
1 1971
1 1974
2 1977
1 1979
3 1981
1 1982
1 1984
1 1989
1 1990
1 1992
2 1993
1 1995
1 1997
1 2000
1 2003
1 2004
1 2008
1 2009
1 2010
1 2011
2 2012
2 2013
1 2014
1 2015
1 2016
1 2017
1 2018
1 2019
1 2020
1 2021
4 2030
2 2031
2 2038
1 2040
2 2041
2 2042
1 2044
1 2046
3 2047
1 2048
2 2050
1 2054
2 2055
1 2058
2 2059
1 2061
3 2063
1 2064
1 2066
2 2067
3 2068
1 2071
2 2072
2 2073
1 2075
2 2076
1 2077
2 2078
1 2079
4 2080
1 2083
2 2085
1 2086
3 2087
2 2089
2 2090
1 2091
2 2092
1 2093
1 2094
1 2096
1 2097
2 2099
1 2102
4 2103
1 2104
3 2106
3 2107
1 2108
2 2109
3 2110
1 2111
2 2113
1 2114
3 2115
1 2117
2 2118
2 2119
2 2120
2 2121
1 2122
2 2124
2 2125
1 2128
2 2129
3 2130
2 2131
2 2132
1 2133
1 2134
1 2136
3 2137
1 2139
2 2140
1 2141
1 2142
3 2143
2 2144
4 2145
2 2146
2 2148
4 2149
2 2150
5 2151
5 2152
6 2153
4 2154
2 2155
2 2156
1 2157
1 2158
1 2159
1 2160
4 2161
1 2162
4 2163
2 2164
3 2165
5 2166
6 2167
5 2168
3 2169
7 2170
6 2171
5 2172
3 2173
2 2174
1 2175
3 2176
5 2177
5 2178
8 2179
5 2180
4 2181
3 2182
4 2183
6 2184
5 2185
6 2186
5 2187
4 2188
2 2189
2 2190
10 2191
3 2192
5 2193
5 2194
5 2195
12 2196
7 2197
13 2198
6 2199
5 2200
9 2201
8 2202
8 2203
11 2204
9 2205
10 2206
13 2207
11 2208
9 2209
13 2210
8 2211
12 2212
7 2213
14 2214
15 2215
12 2216
11 2217
14 2218
16 2219
9 2220
13 2221
10 2222
13 2223
16 2224
19 2225
7 2226
8 2227
14 2228
14 2229
14 2230
13 2231
16 2232
13 2233
20 2234
20 2235
13 2236
11 2237
22 2238
19 2239
22 2240
21 2241
17 2242
18 2243
22 2244
25 2245
20 2246
28 2247
17 2248
27 2249
21 2250
20 2251
17 2252
19 2253
28 2254
26 2255
25 2256
22 2257
24 2258
29 2259
27 2260
22 2261
30 2262
26 2263
35 2264
29 2265
36 2266
28 2267
36 2268
32 2269
35 2270
32 2271
27 2272
29 2273
31 2274
31 2275
24 2276
25 2277
29 2278
29 2279
20 2280
32 2281
24 2282
18 2283
23 2284
18 2285
25 2286
12 2287
24 2288
23 2289
21 2290
15 2291
9 2292
11 2293
10 2294
15 2295
12 2296
9 2297
3 2298
6 2299
13 2300
9 2301
11 2302
7 2303
5 2304
7 2305
4 2306
4 2307
6 2308
2 2309
3 2310
2 2311
4 2312
3 2313
1 2314
3 2315
1 2316
3 2319
1 2320
4 2322
2 2323
1 2324
1 2326
1 2328
2 2329
1 2331
1 2332
2 2333
2 2334
1 2336
3 2338
4 2339
2 2340
1 2342
1 2345
1 2346
4 2347
3 2349
1 2350
2 2352
1 2353
1 2354
2 2355
2 2356
1 2359
3 2360
1 2361
3 2362
3 2363
1 2365
1 2366
1 2367
2 2368
2 2369
1 2370
2 2371
4 2372
2 2374
1 2375
2 2376
1 2377
2 2379
1 2380
2 2381
3 2382
4 2383
1 2384
2 2385
3 2386
3 2387
1 2388
1 2389
2 2390
2 2391
1 2392
1 2393
1 2394
2 2395
1 2396
1 2397
1 2399
2 2402
2 2403
1 2404
1 2405
1 2406
2 2407
1 2408
1 2409
1 2412
2 2413
1 2414
2 2417
1 2419
1 2422
2 2426
1 2427
2 2429
1 2465
1 2467
1 2469
1 2485
1 2496
1 2498
1 2525
1 2534
1 2535
1 2538
1 2552
1 2556
1 2591
1 2597
1 2604
1 2633
2 2635
1 2640
1 2641
1 2647
1 2656
1 2664
2 2667
1 2675
2 2678
1 2686
1 2697
1 2749
1 2865
1 2887
1 2890
1 2893
1 2894
1 2929
1 2947
1 2998
1 3008
1 3088
1 3106
1 3115
1 3242
1 3304
1 3332
1 3343
1 3360
1 3425
1 3446
1 3789
1 3931
1 4381
