1 1
1 3
2 4
1 7
3 8
1 9
2 11
2 12
4 13
1 15
1 18
3 20
2 21
2 22
5 23
3 24
3 25
2 26
3 28
1 29
2 30
2 34
2 35
2 36
1 37
1 38
2 39
2 40
1 42
4 43
1 44
1 45
3 46
2 48
2 49
4 51
2 52
3 53
3 54
1 55
2 56
2 58
3 59
2 60
3 61
4 63
1 64
3 65
3 66
1 67
3 68
1 69
1 70
2 71
2 72
1 73
1 74
3 75
2 76
1 77
3 78
1 79
3 80
3 81
1 82
3 83
3 84
5 85
3 86
5 87
2 88
4 89
3 90
3 91
1 92
3 94
3 95
1 96
2 97
2 98
2 99
2 100
1 101
1 102
1 103
2 104
2 105
8 106
6 107
4 108
2 109
3 110
3 111
3 112
5 113
1 114
3 115
4 116
5 117
4 118
1 119
2 120
5 121
6 122
4 123
2 124
3 125
4 126
4 127
2 128
3 129
4 130
4 131
6 132
5 133
5 134
7 135
5 136
3 137
4 138
3 139
4 140
7 141
6 142
8 143
5 144
13 145
2 146
6 147
5 148
10 149
7 150
8 151
8 152
7 153
15 154
14 155
7 156
3 157
5 158
4 159
7 160
8 161
8 162
9 163
3 164
4 165
3 166
6 167
11 168
4 169
3 170
7 171
5 172
7 173
6 174
1 175
6 176
7 177
5 178
4 179
7 180
2 181
6 182
4 183
4 184
10 185
6 186
6 188
4 189
2 190
5 191
3 192
9 193
4 194
8 195
1 196
10 197
8 198
5 199
7 200
8 201
7 202
3 203
5 204
11 205
7 206
10 207
8 208
10 209
5 210
7 211
4 212
3 213
7 214
9 215
7 216
7 217
6 218
4 219
5 220
7 221
6 222
9 223
6 224
10 225
9 226
9 227
17 228
8 229
20 230
20 231
19 232
20 233
43 234
44 235
37 236
54 237
60 238
65 239
56 240
44 241
43 242
28 243
21 244
17 245
33 246
10 247
11 248
15 249
18 250
12 251
22 252
11 253
15 254
25 255
22 256
22 257
14 258
22 259
30 260
22 261
28 262
34 263
29 264
44 265
34 266
33 267
25 268
27 269
25 270
31 271
24 272
22 273
18 274
12 275
18 276
10 277
13 278
12 279
8 280
5 281
10 282
6 283
6 284
3 285
10 286
9 287
12 288
6 289
8 290
5 291
13 292
16 293
8 294
9 295
9 296
13 297
19 298
4 299
8 300
10 301
9 302
10 303
10 304
7 305
5 306
3 307
7 308
3 309
5 310
4 311
6 312
4 313
2 314
5 315
8 316
14 317
6 318
7 319
10 320
6 321
8 322
4 323
7 324
5 325
10 326
13 327
6 328
6 329
12 330
10 331
10 332
4 333
4 334
11 335
15 336
6 337
7 338
5 339
8 340
10 341
6 342
5 343
12 344
10 345
11 346
8 347
9 348
15 349
15 350
12 351
13 352
12 353
11 354
12 355
17 356
18 357
17 358
16 359
23 360
21 361
21 362
20 363
26 364
19 365
26 366
26 367
26 368
30 369
29 370
26 371
29 372
38 373
24 374
25 375
36 376
32 377
20 378
29 379
32 380
22 381
21 382
22 383
20 384
21 385
16 386
10 387
15 388
13 389
14 390
18 391
13 392
17 393
10 394
14 395
11 396
17 397
5 398
13 399
12 400
10 401
13 402
16 403
15 404
18 405
18 406
16 407
23 408
30 409
26 410
40 411
24 412
44 413
38 414
42 415
63 416
67 417
44 418
82 419
79 420
93 421
69 422
83 423
96 424
79 425
83 426
79 427
61 428
79 429
65 430
66 431
54 432
42 433
47 434
42 435
40 436
33 437
34 438
21 439
25 440
13 441
16 442
20 443
10 444
12 445
11 446
13 447
5 448
8 449
10 450
20 451
11 452
2 453
14 454
9 455
5 456
7 457
10 458
9 459
8 460
14 461
10 462
9 463
8 464
3 465
5 466
6 467
9 468
12 469
8 470
8 471
10 472
22 473
11 474
9 475
14 476
16 477
11 478
15 479
13 480
15 481
17 482
12 483
23 484
12 485
16 486
16 487
18 488
11 489
12 490
17 491
14 492
18 493
13 494
14 495
11 496
13 497
7 498
7 499
18 500
17 501
8 502
13 503
9 504
9 505
14 506
14 507
18 508
7 509
13 510
16 511
17 512
21 513
18 514
30 515
25 516
26 517
36 518
37 519
54 520
55 521
57 522
80 523
59 524
93 525
82 526
78 527
94 528
102 529
115 530
118 531
108 532
108 533
110 534
109 535
105 536
72 537
77 538
61 539
54 540
64 541
49 542
38 543
34 544
33 545
33 546
14 547
26 548
12 549
16 550
13 551
7 552
10 553
8 554
9 555
10 556
11 557
5 558
13 559
4 560
10 561
5 562
8 563
11 564
9 565
9 566
7 567
8 568
10 569
9 570
8 571
9 572
9 573
9 574
5 575
10 576
6 577
9 578
6 579
9 580
4 581
10 582
7 583
12 584
11 585
6 586
7 587
8 588
10 589
7 590
14 591
6 592
10 593
10 594
6 595
10 596
11 597
10 598
6 599
15 600
8 601
9 602
13 603
8 604
12 605
13 606
10 607
12 608
11 609
12 610
13 611
13 612
13 613
12 614
11 615
13 616
12 617
12 618
10 619
8 620
13 621
11 622
13 623
13 624
12 625
19 626
16 627
9 628
14 629
17 630
14 631
16 632
12 633
14 634
17 635
20 636
16 637
13 638
18 639
28 640
14 641
18 642
20 643
21 644
22 645
28 646
24 647
24 648
27 649
26 650
26 651
37 652
35 653
27 654
37 655
36 656
37 657
42 658
43 659
49 660
45 661
50 662
40 663
52 664
43 665
56 666
38 667
51 668
49 669
54 670
49 671
52 672
48 673
44 674
49 675
42 676
49 677
49 678
69 679
53 680
66 681
59 682
61 683
68 684
64 685
64 686
73 687
70 688
68 689
70 690
80 691
66 692
68 693
68 694
69 695
64 696
40 697
55 698
50 699
37 700
33 701
29 702
34 703
20 704
24 705
14 706
26 707
14 708
15 709
16 710
17 711
16 712
11 713
8 714
7 715
12 716
9 717
13 718
6 719
9 720
8 721
7 722
19 723
14 724
9 725
13 726
9 727
9 728
13 729
14 730
18 731
13 732
15 733
18 734
11 735
14 736
5 737
28 738
21 739
18 740
18 741
25 742
21 743
27 744
19 745
27 746
20 747
19 748
25 749
25 750
19 751
26 752
18 753
23 754
23 755
24 756
27 757
24 758
20 759
13 760
22 761
29 762
31 763
15 764
23 765
20 766
22 767
28 768
27 769
26 770
31 771
19 772
32 773
34 774
25 775
24 776
34 777
32 778
55 779
45 780
48 781
58 782
74 783
73 784
89 785
80 786
86 787
87 788
91 789
104 790
122 791
114 792
108 793
134 794
149 795
136 796
157 797
131 798
136 799
159 800
140 801
146 802
155 803
137 804
117 805
102 806
109 807
107 808
84 809
94 810
64 811
69 812
64 813
50 814
69 815
58 816
50 817
45 818
54 819
49 820
48 821
49 822
43 823
46 824
49 825
63 826
52 827
59 828
56 829
51 830
57 831
60 832
45 833
57 834
61 835
56 836
72 837
56 838
45 839
55 840
42 841
58 842
59 843
62 844
48 845
57 846
52 847
41 848
49 849
49 850
66 851
76 852
70 853
76 854
86 855
83 856
78 857
110 858
109 859
105 860
127 861
129 862
121 863
126 864
133 865
158 866
145 867
152 868
159 869
147 870
183 871
183 872
182 873
194 874
194 875
183 876
182 877
215 878
171 879
194 880
174 881
158 882
134 883
161 884
152 885
152 886
145 887
167 888
152 889
146 890
159 891
140 892
152 893
112 894
140 895
143 896
110 897
109 898
103 899
90 900
90 901
91 902
60 903
74 904
55 905
51 906
54 907
55 908
47 909
36 910
35 911
34 912
22 913
19 914
24 915
15 916
24 917
22 918
17 919
24 920
23 921
12 922
16 923
10 924
14 925
10 926
7 927
9 928
11 929
15 930
4 931
15 932
6 933
5 934
8 935
4 936
8 937
5 938
9 939
5 940
6 941
6 942
1 943
5 944
3 945
5 946
4 947
7 948
3 949
2 950
1 951
2 952
3 953
3 954
2 955
3 956
2 957
1 958
7 959
5 960
2 961
1 962
3 963
6 965
3 966
4 967
3 968
2 969
7 970
3 972
1 973
2 974
2 975
5 976
7 977
4 978
4 979
2 980
2 981
4 982
3 983
2 984
4 985
4 986
3 987
2 988
2 989
4 990
2 991
3 992
2 993
2 994
7 995
2 996
2 997
3 998
3 999
1 1000
3 1001
2 1003
4 1004
2 1005
2 1006
3 1007
4 1008
6 1009
4 1011
4 1012
3 1013
3 1014
2 1015
2 1016
2 1017
7 1018
4 1019
5 1020
1 1021
1 1022
3 1023
1 1024
3 1025
5 1026
5 1027
3 1028
3 1029
1 1030
3 1031
2 1032
1 1033
4 1034
1 1035
5 1036
3 1037
2 1038
5 1039
2 1040
2 1041
2 1042
2 1043
1 1044
7 1045
3 1046
4 1047
6 1048
2 1049
7 1050
5 1051
3 1052
2 1053
5 1054
5 1055
5 1056
1 1057
2 1058
4 1059
1 1060
6 1061
6 1062
3 1063
3 1064
6 1065
5 1066
7 1067
8 1068
8 1069
5 1070
7 1071
2 1072
6 1073
3 1074
5 1075
2 1076
1 1077
3 1078
7 1079
9 1080
3 1081
4 1082
5 1083
7 1084
1 1085
5 1086
1 1087
3 1088
4 1089
2 1090
9 1091
6 1092
2 1093
6 1094
11 1095
5 1096
5 1097
4 1098
4 1099
5 1100
4 1101
3 1102
3 1103
6 1104
3 1105
4 1106
4 1107
7 1108
4 1109
8 1110
4 1111
3 1112
1 1113
5 1114
3 1115
8 1116
10 1117
5 1118
8 1119
5 1120
2 1121
4 1122
7 1123
5 1124
7 1125
7 1126
4 1127
10 1128
7 1129
7 1130
8 1131
7 1132
8 1133
13 1134
7 1135
7 1136
6 1137
8 1138
5 1139
12 1140
10 1141
8 1142
8 1143
11 1144
8 1145
7 1146
5 1147
4 1148
7 1149
5 1150
4 1151
10 1152
7 1153
9 1154
7 1155
8 1156
9 1157
8 1158
7 1159
9 1160
8 1161
6 1162
7 1163
12 1164
6 1165
12 1166
11 1167
8 1168
10 1169
8 1170
15 1171
10 1172
10 1173
10 1174
9 1175
9 1176
16 1177
9 1178
9 1179
9 1180
14 1181
8 1182
11 1183
18 1184
13 1185
17 1186
12 1187
10 1188
10 1189
17 1190
10 1191
19 1192
15 1193
10 1194
14 1195
17 1196
14 1197
16 1198
13 1199
22 1200
20 1201
17 1202
21 1203
14 1204
15 1205
20 1206
25 1207
18 1208
20 1209
19 1210
28 1211
32 1212
22 1213
32 1214
38 1215
40 1216
33 1217
45 1218
33 1219
46 1220
46 1221
40 1222
67 1223
45 1224
51 1225
60 1226
57 1227
58 1228
66 1229
62 1230
73 1231
68 1232
84 1233
73 1234
73 1235
81 1236
65 1237
66 1238
81 1239
77 1240
98 1241
66 1242
100 1243
77 1244
63 1245
71 1246
66 1247
87 1248
71 1249
64 1250
66 1251
60 1252
47 1253
43 1254
53 1255
48 1256
56 1257
46 1258
41 1259
46 1260
47 1261
43 1262
24 1263
34 1264
28 1265
37 1266
39 1267
35 1268
37 1269
33 1270
29 1271
41 1272
38 1273
36 1274
36 1275
30 1276
32 1277
39 1278
29 1279
36 1280
43 1281
33 1282
35 1283
30 1284
42 1285
34 1286
33 1287
26 1288
26 1289
38 1290
25 1291
26 1292
35 1293
32 1294
29 1295
22 1296
27 1297
22 1298
17 1299
21 1300
14 1301
26 1302
17 1303
22 1304
15 1305
16 1306
12 1307
21 1308
14 1309
10 1310
17 1311
11 1312
18 1313
14 1314
17 1315
13 1316
16 1317
11 1318
24 1319
13 1320
13 1321
12 1322
13 1323
12 1324
17 1325
14 1326
23 1327
27 1328
18 1329
7 1330
21 1331
22 1332
18 1333
17 1334
25 1335
23 1336
27 1337
18 1338
33 1339
26 1340
26 1341
37 1342
32 1343
36 1344
28 1345
41 1346
46 1347
47 1348
35 1349
31 1350
48 1351
46 1352
47 1353
54 1354
52 1355
50 1356
54 1357
59 1358
54 1359
58 1360
52 1361
49 1362
57 1363
48 1364
61 1365
38 1366
45 1367
51 1368
48 1369
41 1370
48 1371
37 1372
35 1373
38 1374
27 1375
34 1376
35 1377
25 1378
26 1379
22 1380
19 1381
20 1382
24 1383
17 1384
13 1385
18 1386
21 1387
17 1388
14 1389
22 1390
20 1391
13 1392
16 1393
14 1394
19 1395
11 1396
21 1397
17 1398
10 1399
14 1400
10 1401
18 1402
19 1403
17 1404
14 1405
18 1406
11 1407
10 1408
22 1409
15 1410
17 1411
17 1412
19 1413
24 1414
20 1415
27 1416
21 1417
16 1418
24 1419
28 1420
27 1421
19 1422
14 1423
17 1424
23 1425
34 1426
26 1427
22 1428
23 1429
25 1430
21 1431
28 1432
26 1433
31 1434
25 1435
32 1436
26 1437
31 1438
28 1439
19 1440
40 1441
28 1442
23 1443
16 1444
26 1445
29 1446
28 1447
25 1448
22 1449
25 1450
22 1451
27 1452
23 1453
12 1454
27 1455
20 1456
23 1457
23 1458
20 1459
28 1460
24 1461
19 1462
29 1463
16 1464
21 1465
23 1466
21 1467
18 1468
26 1469
23 1470
18 1471
19 1472
28 1473
25 1474
24 1475
29 1476
19 1477
40 1478
25 1479
40 1480
29 1481
23 1482
35 1483
28 1484
34 1485
41 1486
23 1487
38 1488
29 1489
26 1490
32 1491
26 1492
34 1493
28 1494
22 1495
23 1496
28 1497
30 1498
19 1499
34 1500
26 1501
26 1502
17 1503
17 1504
22 1505
14 1506
23 1507
14 1508
12 1509
20 1510
14 1511
14 1512
13 1513
6 1514
16 1515
10 1516
5 1517
10 1518
3 1519
8 1520
14 1521
6 1522
6 1523
3 1524
3 1525
12 1526
5 1527
5 1528
3 1529
5 1530
2 1531
6 1532
3 1533
4 1534
2 1535
8 1536
4 1537
1 1538
4 1539
7 1540
4 1541
1 1542
1 1544
2 1545
4 1546
4 1547
2 1548
1 1549
3 1550
5 1551
4 1552
4 1553
2 1554
5 1555
3 1556
4 1557
1 1558
4 1559
3 1560
3 1561
3 1562
3 1563
3 1564
6 1565
4 1566
2 1568
5 1569
2 1570
3 1571
2 1572
3 1573
5 1574
5 1575
7 1576
4 1577
7 1578
5 1579
5 1580
6 1581
5 1582
2 1583
3 1584
5 1585
3 1586
5 1587
5 1588
6 1589
5 1590
4 1591
2 1592
5 1593
5 1594
3 1595
9 1596
4 1597
2 1598
5 1599
7 1600
7 1601
8 1602
4 1603
9 1604
5 1605
7 1606
7 1607
6 1608
8 1609
3 1610
4 1611
6 1612
3 1613
5 1614
5 1615
11 1616
7 1617
3 1618
3 1619
5 1620
9 1621
8 1622
2 1623
3 1624
5 1625
6 1626
6 1627
5 1628
5 1629
3 1630
2 1631
3 1632
4 1633
4 1634
3 1635
1 1636
5 1637
2 1638
3 1639
4 1640
2 1641
3 1642
3 1643
3 1644
2 1646
2 1647
1 1648
3 1649
3 1652
2 1653
2 1654
2 1655
1 1656
3 1657
3 1658
2 1659
5 1660
1 1661
3 1662
3 1663
4 1665
3 1666
4 1667
2 1669
1 1670
5 1671
2 1672
1 1673
4 1674
4 1675
3 1677
3 1678
4 1679
1 1680
3 1681
2 1682
8 1683
6 1684
4 1685
6 1686
5 1687
5 1688
2 1689
14 1690
3 1691
3 1693
7 1694
5 1695
5 1696
3 1697
2 1698
3 1699
2 1700
8 1701
5 1702
6 1703
1 1704
4 1705
5 1706
4 1707
3 1708
7 1709
4 1710
11 1711
5 1712
6 1713
8 1714
10 1715
4 1716
10 1717
5 1718
7 1719
8 1720
8 1721
6 1722
8 1723
4 1724
5 1725
5 1726
5 1727
5 1728
2 1729
4 1730
3 1731
3 1732
2 1733
3 1734
6 1735
2 1736
4 1737
3 1738
6 1739
5 1740
4 1741
4 1742
3 1743
5 1744
2 1745
1 1746
2 1747
1 1748
1 1749
1 1750
5 1751
2 1752
4 1753
2 1754
1 1755
2 1756
1 1757
1 1758
2 1759
1 1760
3 1763
1 1764
2 1765
1 1766
1 1767
2 1768
2 1769
1 1770
2 1772
1 1773
2 1774
1 1775
1 1776
2 1777
3 1778
1 1779
2 1781
2 1782
1 1783
2 1784
1 1785
4 1786
3 1787
2 1790
2 1791
3 1792
3 1793
2 1794
1 1798
1 1799
3 1800
2 1801
4 1802
1 1804
1 1805
2 1808
2 1809
2 1810
1 1811
2 1812
2 1815
2 1816
1 1819
3 1820
1 1821
2 1822
2 1823
1 1824
3 1825
3 1826
2 1827
3 1828
2 1829
2 1830
5 1831
2 1832
3 1833
3 1834
4 1835
1 1837
1 1838
2 1839
2 1840
1 1843
1 1844
5 1845
3 1846
3 1848
4 1849
3 1851
1 1852
3 1853
2 1854
3 1855
1 1856
3 1857
6 1858
4 1859
1 1860
2 1861
1 1862
2 1863
3 1864
1 1865
5 1866
2 1868
3 1869
3 1870
8 1871
4 1872
5 1873
3 1874
3 1875
1 1876
1 1877
6 1878
4 1879
3 1880
5 1881
3 1882
5 1883
4 1884
2 1885
4 1886
2 1887
5 1888
2 1889
5 1890
3 1891
2 1892
5 1893
4 1894
6 1895
4 1896
3 1897
5 1898
2 1899
7 1900
5 1901
2 1902
7 1903
2 1904
3 1905
2 1906
3 1907
1 1908
6 1909
6 1910
6 1911
5 1912
3 1913
4 1914
5 1915
2 1916
3 1917
3 1918
4 1919
8 1920
3 1921
4 1922
4 1923
5 1924
4 1925
5 1926
9 1927
4 1928
5 1929
4 1930
4 1931
4 1932
9 1933
2 1934
2 1935
3 1936
3 1937
5 1938
4 1939
5 1940
6 1941
4 1942
9 1943
5 1944
9 1945
4 1946
10 1947
4 1948
5 1949
8 1950
3 1951
1 1952
9 1953
6 1954
3 1955
3 1956
9 1957
5 1958
2 1959
10 1960
5 1961
8 1962
9 1963
6 1964
5 1965
5 1966
7 1967
6 1968
6 1969
13 1970
3 1971
9 1972
8 1973
10 1974
7 1975
6 1976
6 1977
14 1978
8 1979
16 1980
10 1981
10 1982
9 1983
10 1984
11 1985
11 1986
10 1987
10 1988
6 1989
16 1990
14 1991
14 1992
10 1993
13 1994
18 1995
8 1996
15 1997
9 1998
13 1999
16 2000
13 2001
20 2002
19 2003
11 2004
9 2005
21 2006
15 2007
15 2008
18 2009
21 2010
14 2011
11 2012
19 2013
17 2014
13 2015
15 2016
10 2017
13 2018
13 2019
9 2020
10 2021
9 2022
9 2023
11 2024
8 2025
7 2026
7 2027
6 2028
10 2029
8 2030
6 2031
9 2032
8 2033
12 2034
7 2035
4 2036
7 2037
4 2038
6 2039
7 2040
5 2041
5 2042
7 2043
3 2044
5 2045
5 2046
5 2047
9 2048
9 2049
7 2050
4 2051
6 2052
7 2053
9 2054
8 2055
5 2056
1 2057
2 2058
8 2059
8 2060
6 2061
5 2062
6 2063
3 2064
5 2065
4 2066
10 2067
8 2068
9 2069
4 2070
6 2071
6 2072
10 2073
6 2074
5 2075
11 2076
6 2077
10 2078
8 2079
7 2080
11 2081
9 2082
7 2083
5 2084
13 2085
7 2086
8 2087
7 2088
16 2089
12 2090
11 2091
6 2092
12 2093
13 2094
14 2095
14 2096
13 2097
11 2098
4 2099
18 2100
15 2101
8 2102
21 2103
22 2104
23 2105
23 2106
13 2107
18 2108
21 2109
20 2110
19 2111
18 2112
25 2113
23 2114
28 2115
16 2116
26 2117
19 2118
18 2119
23 2120
23 2121
37 2122
45 2123
37 2124
48 2125
32 2126
28 2127
39 2128
48 2129
33 2130
45 2131
57 2132
49 2133
40 2134
50 2135
49 2136
54 2137
73 2138
46 2139
53 2140
52 2141
52 2142
59 2143
52 2144
59 2145
57 2146
60 2147
46 2148
56 2149
52 2150
60 2151
48 2152
54 2153
53 2154
48 2155
49 2156
44 2157
44 2158
52 2159
54 2160
42 2161
46 2162
37 2163
41 2164
46 2165
35 2166
36 2167
18 2168
30 2169
29 2170
25 2171
23 2172
21 2173
17 2174
12 2175
20 2176
18 2177
18 2178
18 2179
25 2180
14 2181
15 2182
8 2183
13 2184
10 2185
6 2186
6 2187
3 2188
7 2189
8 2190
10 2191
7 2192
7 2193
3 2194
5 2195
1 2196
6 2197
1 2198
3 2199
5 2200
1 2201
3 2204
1 2205
1 2206
4 2207
1 2209
4 2210
1 2211
2 2212
1 2215
1 2218
1 2221
1 2229
1 2248
1 2250
2 2269
2 2283
1 2284
1 2285
1 2287
1 2289
1 2290
1 2291
1 2295
1 2297
1 2299
2 2310
1 2311
1 2314
1 2317
2 2322
1 2324
3 2325
1 2329
1 2331
2 2333
1 2334
1 2336
1 2339
1 2343
1 2345
1 2346
1 2347
1 2356
1 2357
1 2360
2 2364
1 2370
1 2373
1 2374
1 2375
1 2382
1 2384
2 2385
1 2389
1 2390
2 2393
1 2424
2 2425
1 2427
1 2434
1 2439
1 2444
1 2446
1 2447
1 2455
1 2465
1 2467
1 2469
1 2474
1 2477
1 2478
1 2482
1 2487
2 2488
1 2494
1 2512
1 2514
1 2517
1 2519
1 2526
2 2527
1 2532
1 2533
2 2536
1 2538
1 2543
1 2544
1 2545
2 2549
2 2555
1 2557
1 2558
1 2560
1 2562
2 2563
1 2566
1 2570
1 2579
1 2580
1 2583
1 2585
1 2597
1 2603
1 2606
2 2607
2 2608
1 2611
1 2613
1 2614
1 2615
1 2621
1 2624
1 2625
1 2627
1 2628
1 2636
1 2643
1 2645
1 2646
1 2648
1 2649
1 2653
1 2655
1 2657
2 2677
1 2678
1 2684
1 2685
1 2686
2 2692
1 2695
1 2702
1 2710
2 2714
3 2715
1 2716
2 2717
1 2718
2 2722
2 2723
2 2724
2 2729
1 2730
1 2732
2 2733
1 2735
1 2736
3 2737
2 2738
1 2739
2 2741
1 2745
1 2746
1 2749
1 2750
2 2752
2 2754
1 2760
1 2761
1 2764
1 2765
1 2770
1 2773
1 2775
2 2776
2 2777
1 2783
1 2785
1 2786
1 2791
2 2792
1 2794
1 2795
2 2799
2 2800
1 2804
2 2807
1 2809
1 2815
1 2817
1 2818
1 2820
1 2821
1 2826
1 2833
1 2839
1 2842
1 2843
1 2847
1 2869
1 2871
1 2875
1 2908
1 2910
1 2933
1 2936
1 2961
1 2965
1 2975
1 2996
1 2999
1 3000
1 3002
1 3007
1 3014
1 3025
1 3032
1 3039
1 3054
2 3057
1 3083
2 3093
1 3114
1 3116
1 3123
1 3135
1 3140
1 3149
1 3162
1 3166
1 3179
1 3196
1 3210
1 3248
1 3269
1 3275
1 3282
1 3284
1 3286
1 3292
1 3313
1 3322
1 3328
1 3333
1 3335
1 3365
1 3369
1 3372
1 3380
1 3388
1 3396
1 3403
1 3406
1 3412
1 3435
1 3437
1 3444
1 3475
1 3501
1 3529
1 3541
1 3585
1 3587
1 3600
1 3678
1 3685
1 3697
1 3701
1 3749
1 3768
1 3938
1 3984
1 4061
1 4302
1 4328
1 4395
1 4609
1 4626
1 4664
1 5042
