1 1
2 2
2 3
2 5
3 6
1 7
3 8
4 9
1 10
2 11
1 13
1 14
2 15
1 16
1 18
2 19
2 23
1 24
3 25
1 27
1 28
1 29
3 30
2 32
1 33
1 34
4 35
2 37
1 38
1 39
2 40
3 41
3 42
1 43
3 44
2 45
1 46
4 47
2 48
2 50
1 51
1 52
1 53
2 54
1 55
1 56
2 58
3 59
1 61
2 62
3 63
1 65
1 67
4 68
1 69
2 70
2 71
2 72
4 73
2 74
1 75
2 78
1 79
1 80
1 81
2 82
2 83
1 84
4 85
1 86
2 87
1 90
3 91
1 92
1 93
2 94
3 96
2 97
2 100
3 101
2 103
1 105
2 106
2 107
3 108
3 109
2 110
3 111
4 112
2 113
4 114
2 115
3 116
3 117
1 119
3 120
3 121
3 122
3 123
3 125
2 126
1 127
1 128
1 129
2 130
3 131
5 132
2 133
3 134
4 135
3 136
1 137
3 138
1 139
1 140
1 141
1 142
4 143
3 144
1 145
1 146
1 147
2 148
3 149
2 150
5 151
1 152
3 153
4 154
3 155
3 156
3 157
1 158
2 159
5 160
2 161
2 162
4 164
5 165
1 166
1 167
3 168
2 169
2 170
2 171
4 172
6 173
4 174
2 175
6 176
1 177
1 178
2 179
2 180
6 181
9 182
4 183
1 184
3 185
4 186
2 187
4 188
6 189
1 190
2 191
5 192
5 193
2 194
4 195
6 196
4 197
5 198
4 199
5 200
1 201
1 202
4 203
1 204
2 205
2 206
4 207
3 208
1 209
3 210
4 211
1 212
4 213
1 214
7 215
2 216
6 217
5 218
3 219
5 220
4 221
7 222
5 224
4 225
3 226
5 227
4 228
3 229
2 230
3 231
7 232
3 233
4 234
3 235
6 236
7 237
4 238
7 239
4 240
6 241
4 242
1 243
4 244
3 245
1 246
7 247
6 248
4 249
3 250
6 251
2 252
5 253
5 254
5 255
5 256
3 257
5 258
4 259
7 260
2 261
2 262
4 263
4 264
5 265
7 266
6 267
3 268
12 269
5 270
5 271
3 272
8 273
2 274
8 275
3 276
5 277
13 278
2 279
11 280
6 281
6 282
9 283
9 284
9 285
5 286
6 287
13 288
14 289
10 290
8 291
13 292
11 293
22 294
14 295
10 296
17 297
16 298
11 299
10 300
13 301
11 302
9 303
12 304
9 305
12 306
13 307
13 308
14 309
19 310
16 311
11 312
21 313
19 314
13 315
25 316
17 317
22 318
27 319
24 320
17 321
18 322
24 323
18 324
19 325
12 326
16 327
10 328
11 329
9 330
12 331
12 332
23 333
12 334
18 335
30 336
24 337
32 338
35 339
32 340
34 341
37 342
59 343
59 344
56 345
46 346
66 347
73 348
77 349
73 350
102 351
101 352
117 353
153 354
150 355
163 356
162 357
181 358
156 359
157 360
153 361
148 362
139 363
126 364
100 365
93 366
68 367
57 368
54 369
37 370
34 371
31 372
26 373
18 374
17 375
18 376
18 377
15 378
13 379
13 380
10 381
18 382
15 383
16 384
14 385
14 386
21 387
21 388
22 389
22 390
24 391
25 392
28 393
32 394
36 395
37 396
31 397
26 398
39 399
41 400
48 401
40 402
35 403
25 404
32 405
32 406
38 407
27 408
34 409
33 410
34 411
28 412
37 413
33 414
31 415
36 416
46 417
44 418
45 419
41 420
50 421
56 422
45 423
54 424
66 425
82 426
90 427
86 428
101 429
114 430
119 431
137 432
124 433
160 434
160 435
182 436
170 437
182 438
176 439
154 440
157 441
145 442
121 443
123 444
133 445
104 446
111 447
87 448
70 449
86 450
88 451
66 452
52 453
58 454
58 455
56 456
44 457
40 458
38 459
26 460
31 461
37 462
38 463
35 464
33 465
41 466
25 467
34 468
35 469
28 470
43 471
24 472
38 473
29 474
21 475
20 476
27 477
31 478
21 479
25 480
31 481
28 482
9 483
21 484
17 485
18 486
21 487
15 488
14 489
14 490
20 491
19 492
22 493
17 494
22 495
25 496
28 497
36 498
22 499
37 500
21 501
33 502
41 503
43 504
43 505
43 506
48 507
50 508
60 509
53 510
77 511
82 512
75 513
80 514
81 515
87 516
83 517
78 518
73 519
87 520
71 521
52 522
56 523
61 524
50 525
51 526
37 527
38 528
39 529
23 530
27 531
22 532
17 533
26 534
19 535
20 536
8 537
15 538
15 539
11 540
14 541
14 542
23 543
14 544
11 545
19 546
13 547
18 548
18 549
14 550
22 551
17 552
13 553
36 554
29 555
23 556
28 557
32 558
32 559
34 560
35 561
30 562
28 563
42 564
45 565
51 566
55 567
65 568
58 569
51 570
56 571
75 572
71 573
91 574
81 575
105 576
93 577
117 578
136 579
157 580
168 581
186 582
211 583
208 584
227 585
256 586
280 587
311 588
312 589
297 590
348 591
359 592
351 593
329 594
355 595
336 596
295 597
274 598
259 599
223 600
195 601
181 602
169 603
134 604
101 605
103 606
92 607
74 608
68 609
47 610
28 611
26 612
25 613
24 614
15 615
14 616
20 617
20 618
7 619
18 620
9 621
12 622
13 623
9 624
7 625
5 626
9 627
12 628
9 629
7 630
7 631
13 632
10 633
8 634
4 635
7 636
3 637
5 638
7 639
7 640
5 641
9 642
7 643
6 644
12 645
5 646
3 647
10 648
5 649
5 650
6 651
7 652
8 653
9 654
9 655
6 656
11 657
8 658
10 659
7 660
8 661
10 662
8 663
9 664
10 665
10 666
10 667
12 668
12 669
3 670
7 671
8 672
6 673
6 674
11 675
7 676
12 677
9 678
15 679
8 680
4 681
11 682
6 683
13 684
7 685
10 686
12 687
9 688
10 689
9 690
10 691
15 692
10 693
6 694
10 695
10 696
11 697
15 698
6 699
12 700
13 701
14 702
20 703
24 704
16 705
23 706
11 707
14 708
17 709
14 710
17 711
20 712
17 713
23 714
21 715
23 716
29 717
20 718
29 719
36 720
47 721
41 722
57 723
52 724
64 725
76 726
77 727
82 728
92 729
102 730
97 731
102 732
136 733
157 734
179 735
177 736
192 737
188 738
228 739
254 740
284 741
307 742
340 743
321 744
389 745
395 746
392 747
421 748
433 749
394 750
414 751
412 752
394 753
388 754
362 755
357 756
313 757
249 758
257 759
239 760
205 761
211 762
172 763
153 764
140 765
148 766
99 767
104 768
98 769
99 770
84 771
75 772
85 773
55 774
46 775
33 776
31 777
42 778
42 779
34 780
20 781
22 782
28 783
24 784
16 785
10 786
16 787
10 788
24 789
18 790
14 791
21 792
14 793
10 794
14 795
11 796
11 797
13 798
20 799
18 800
14 801
10 802
16 803
5 804
9 805
9 806
4 807
10 808
6 809
11 810
8 811
4 812
9 813
10 814
12 815
8 816
7 817
7 818
9 819
10 820
7 821
10 822
6 823
10 824
3 825
4 826
5 827
7 828
5 829
7 830
7 831
10 832
13 833
10 834
7 835
12 836
15 837
10 838
9 839
10 840
12 841
10 842
7 843
13 844
16 845
14 846
14 847
13 848
17 849
20 850
24 851
14 852
13 853
15 854
19 855
27 856
18 857
22 858
21 859
21 860
40 861
24 862
27 863
29 864
33 865
32 866
25 867
29 868
45 869
36 870
36 871
40 872
51 873
46 874
57 875
63 876
55 877
58 878
60 879
71 880
71 881
70 882
68 883
64 884
77 885
71 886
69 887
69 888
59 889
67 890
70 891
73 892
62 893
68 894
70 895
51 896
48 897
43 898
45 899
37 900
45 901
38 902
26 903
19 904
30 905
25 906
31 907
30 908
25 909
28 910
19 911
17 912
22 913
7 914
12 915
8 916
14 917
11 918
12 919
8 920
10 921
4 922
7 923
5 924
4 925
5 926
7 927
7 928
6 929
2 930
7 931
3 932
2 933
1 934
1 935
4 936
5 937
1 938
2 939
1 940
2 941
3 942
1 944
1 946
1 947
1 949
3 950
1 953
3 954
3 955
1 956
2 957
3 958
1 960
2 961
1 962
1 963
2 964
1 965
5 966
4 967
4 968
3 969
2 970
2 971
5 972
5 973
3 974
2 975
2 976
1 977
1 978
3 979
1 980
5 981
3 982
1 983
2 984
1 985
1 986
1 987
2 989
1 991
2 993
1 994
1 996
1 997
2 998
1 1003
2 1004
1 1007
1 1011
2 1015
1 1016
1 1020
2 1022
1 1023
1 1024
1 1025
1 1027
1 1029
3 1030
1 1033
2 1034
1 1036
1 1037
1 1042
2 1043
1 1046
1 1048
1 1050
1 1052
1 1053
1 1060
1 1062
1 1064
1 1071
2 1072
1 1074
1 1077
1 1079
1 1080
1 1082
2 1083
2 1085
2 1086
1 1087
1 1093
1 1100
1 1105
1 1106
1 1116
1 1119
1 1120
3 1124
1 1126
1 1127
1 1128
3 1129
1 1130
1 1132
3 1134
1 1138
1 1140
1 1141
1 1142
1 1145
2 1147
1 1149
1 1151
1 1156
1 1157
1 1159
1 1160
1 1167
1 1169
1 1170
1 1172
1 1174
1 1177
1 1178
1 1180
1 1190
2 1191
1 1195
2 1196
1 1197
1 1198
1 1200
2 1201
1 1204
2 1206
1 1207
1 1210
1 1211
1 1212
1 1214
1 1216
2 1220
1 1228
1 1230
1 1233
1 1234
1 1236
1 1238
1 1241
1 1243
1 1245
1 1248
1 1251
1 1254
4 1255
3 1257
1 1258
1 1261
1 1262
3 1263
2 1266
2 1267
1 1268
2 1269
2 1270
3 1272
1 1273
1 1274
2 1275
1 1276
1 1277
1 1278
2 1280
1 1281
3 1282
2 1285
1 1286
2 1287
3 1288
3 1289
3 1290
2 1291
1 1292
1 1293
1 1294
2 1296
1 1297
2 1298
1 1300
4 1302
1 1303
1 1307
1 1310
1 1311
1 1312
2 1313
1 1314
2 1319
1 1321
1 1323
1 1324
1 1325
1 1326
1 1328
2 1331
2 1333
1 1334
3 1336
1 1337
1 1338
1 1339
1 1342
1 1343
1 1346
1 1347
1 1349
1 1350
1 1351
2 1352
1 1353
1 1354
2 1357
1 1359
1 1361
1 1362
1 1364
1 1365
2 1367
2 1368
1 1369
1 1370
1 1371
2 1372
1 1376
1 1377
1 1379
1 1381
2 1382
1 1383
2 1384
2 1385
1 1387
1 1388
1 1390
1 1392
2 1393
4 1395
2 1396
1 1397
3 1399
3 1400
2 1401
2 1402
3 1403
1 1404
2 1405
4 1406
1 1408
1 1409
2 1410
2 1414
1 1416
3 1417
2 1418
3 1419
1 1420
1 1421
2 1422
1 1423
1 1426
2 1427
3 1428
3 1429
2 1430
3 1431
2 1432
5 1433
4 1434
1 1435
3 1436
2 1439
1 1440
4 1441
1 1442
2 1443
5 1444
1 1445
3 1446
5 1447
1 1449
4 1450
2 1451
4 1452
1 1453
3 1454
1 1455
2 1456
3 1457
3 1458
2 1459
3 1460
5 1462
2 1464
3 1466
2 1467
4 1468
1 1469
2 1470
3 1472
5 1473
3 1475
1 1478
2 1480
2 1481
1 1482
1 1483
1 1485
4 1486
2 1487
1 1488
3 1489
3 1490
6 1492
3 1493
2 1494
3 1495
3 1496
1 1497
5 1498
2 1499
3 1500
4 1501
5 1502
4 1503
3 1504
1 1505
3 1506
3 1507
1 1508
6 1509
5 1510
4 1511
1 1512
10 1513
4 1514
4 1515
3 1516
5 1517
3 1518
3 1519
2 1520
10 1521
4 1522
4 1524
3 1525
7 1526
4 1527
3 1528
7 1529
8 1530
8 1531
3 1532
5 1533
6 1534
4 1535
5 1536
4 1537
8 1538
7 1539
7 1540
2 1541
6 1542
5 1543
5 1544
4 1545
6 1546
5 1547
5 1548
9 1549
8 1550
9 1551
10 1552
9 1553
6 1554
10 1555
17 1556
8 1557
10 1558
7 1559
8 1560
6 1561
12 1562
8 1563
8 1564
10 1565
14 1566
12 1567
11 1568
7 1569
19 1570
7 1571
17 1572
11 1573
9 1574
15 1575
11 1576
17 1577
12 1578
8 1579
12 1580
14 1581
9 1582
6 1583
12 1584
6 1585
15 1586
15 1587
17 1588
22 1589
14 1590
10 1591
19 1592
13 1593
21 1594
14 1595
18 1596
25 1597
27 1598
26 1599
19 1600
15 1601
38 1602
14 1603
18 1604
18 1605
19 1606
36 1607
22 1608
20 1609
31 1610
40 1611
42 1612
44 1613
36 1614
31 1615
35 1616
27 1617
47 1618
29 1619
38 1620
40 1621
27 1622
42 1623
26 1624
34 1625
26 1626
25 1627
35 1628
28 1629
28 1630
26 1631
28 1632
21 1633
21 1634
20 1635
16 1636
14 1637
10 1638
22 1639
10 1640
10 1641
10 1642
12 1643
7 1644
16 1645
10 1646
8 1647
10 1648
9 1649
5 1650
5 1651
8 1652
6 1653
3 1654
3 1655
3 1656
4 1657
4 1658
2 1659
3 1660
2 1661
2 1662
3 1664
2 1665
1 1667
3 1668
1 1669
1 1674
1 1676
2 1677
3 1678
1 1679
1 1682
1 1684
1 1685
1 1687
1 1689
1 1693
1 1694
1 1697
1 1699
1 1702
1 1704
1 1705
1 1706
1 1714
1 1715
1 1722
1 1724
1 1725
1 1726
1 1727
1 1731
1 1734
2 1735
1 1746
2 1748
1 1751
1 1753
1 1755
1 1762
1 1770
1 1771
1 1774
1 1775
1 1777
1 1782
2 1783
1 1788
1 1796
1 1802
1 1805
1 1817
1 1819
1 1820
3 1822
1 1824
1 1828
1 1829
1 1833
2 1838
1 1843
1 1845
1 1846
1 1849
1 1854
2 1857
2 1860
1 1861
1 1864
2 1865
2 1869
1 1872
1 1873
1 1875
1 1876
3 1878
1 1880
1 1881
2 1882
2 1883
1 1885
1 1886
1 1887
2 1888
1 1890
2 1892
1 1895
1 1898
1 1902
1 1904
1 1905
1 1907
2 1908
1 1909
1 1910
1 1913
3 1914
1 1915
1 1917
2 1925
2 1931
2 1933
1 1937
1 1938
1 1939
2 1940
3 1945
3 1947
1 1952
1 1953
2 1960
2 1962
1 1966
2 1967
1 1968
1 1969
1 1970
1 1971
6 1973
2 1974
2 1975
1 1976
3 1977
2 1978
2 1980
4 1981
2 1982
4 1983
2 1984
3 1985
4 1986
4 1987
2 1988
4 1989
2 1990
5 1991
2 1992
6 1993
5 1994
3 1995
5 1996
5 1997
6 1998
2 1999
3 2000
6 2001
5 2002
4 2003
8 2004
5 2005
4 2006
5 2007
7 2008
7 2009
6 2010
6 2011
3 2012
3 2013
7 2014
6 2015
8 2016
6 2017
8 2018
6 2019
3 2020
6 2021
6 2022
5 2023
5 2024
5 2025
6 2026
7 2027
6 2028
9 2029
3 2030
1 2031
4 2032
5 2033
5 2034
3 2035
2 2036
6 2037
3 2038
1 2039
3 2040
4 2041
3 2042
1 2043
4 2044
1 2045
1 2046
3 2047
1 2049
2 2052
1 2053
1 2054
4 2055
1 2056
1 2057
2 2058
1 2060
1 2063
1 2065
2 2066
1 2067
1 2068
1 2070
1 2071
1 2072
1 2074
2 2075
1 2076
3 2079
2 2081
2 2082
1 2084
1 2087
2 2088
1 2089
2 2090
1 2091
1 2092
1 2093
3 2094
3 2098
1 2100
1 2101
1 2102
1 2105
1 2106
1 2107
1 2108
2 2111
1 2114
3 2115
2 2117
1 2118
1 2121
1 2122
1 2123
1 2125
1 2126
1 2131
1 2132
1 2137
1 2138
2 2139
1 2140
1 2141
1 2143
1 2144
1 2149
1 2154
2 2156
2 2157
1 2162
1 2171
2 2174
1 2182
1 2186
2 2193
1 2194
1 2199
1 2210
1 2212
1 2215
1 2222
1 2225
1 2240
1 2254
1 2272
2 2277
1 2279
1 2282
1 2293
1 2294
1 2300
1 2323
1 2325
1 2339
1 2340
1 2343
2 2349
1 2352
2 2356
1 2377
1 2389
1 2391
1 2403
1 2405
1 2412
1 2416
1 2420
1 2423
1 2435
1 2440
1 2448
1 2449
2 2454
1 2455
1 2459
1 2460
1 2470
1 2471
1 2474
2 2482
1 2485
3 2487
3 2491
2 2495
1 2499
2 2502
1 2504
1 2505
1 2506
1 2512
1 2513
1 2525
1 2532
1 2543
1 2552
1 2571
1 2576
1 2589
2 2597
1 2602
1 2609
1 2610
1 2623
1 2631
1 2668
1 2673
1 2674
1 2677
1 2699
1 2701
1 2702
1 2703
1 2724
1 2727
1 2738
1 2744
1 2747
1 2771
1 2780
1 2783
1 2799
1 2808
1 2809
1 2810
1 2811
1 2839
1 2841
1 2856
1 2861
1 2880
1 2883
1 2888
1 2896
1 2905
2 2912
1 2915
1 2920
1 2937
1 2950
1 2954
1 2955
1 2961
2 2963
1 2964
1 2965
1 2974
1 2980
1 2981
1 2982
1 2985
1 2988
1 2989
1 2999
1 3000
1 3002
1 3005
1 3006
1 3009
1 3012
1 3017
1 3021
1 3025
1 3031
1 3034
2 3036
1 3040
1 3041
2 3044
1 3045
1 3046
1 3047
1 3048
1 3050
1 3053
1 3054
1 3057
1 3059
1 3060
2 3062
2 3064
1 3066
1 3071
1 3072
1 3073
1 3074
1 3075
1 3076
1 3078
1 3079
2 3080
1 3082
1 3083
3 3084
4 3085
3 3086
2 3087
2 3088
1 3089
3 3090
4 3091
1 3092
2 3093
1 3094
2 3096
1 3097
4 3098
4 3099
2 3101
3 3103
1 3104
1 3105
1 3107
1 3108
4 3109
2 3111
1 3112
1 3113
3 3114
1 3116
2 3117
1 3118
1 3119
3 3120
3 3121
1 3122
1 3123
1 3125
3 3126
1 3128
1 3132
1 3136
1 3138
1 3141
1 3144
1 3148
1 3155
1 3161
1 3162
1 3163
1 3164
1 3165
2 3183
1 3186
1 3191
1 3198
1 3199
1 3201
1 3203
1 3204
1 3206
1 3207
1 3215
1 3216
1 3219
1 3220
1 3225
1 3227
2 3230
1 3231
2 3232
1 3233
1 3234
1 3236
1 3237
1 3242
1 3244
1 3245
1 3246
1 3250
1 3251
1 3259
2 3270
1 3275
1 3277
2 3278
1 3284
1 3296
1 3306
1 3354
1 3497
1 3529
1 3624
1 3633
1 3920
1 3980
1 4267
1 4623
1 5111
