2 2
3 5
1 6
2 9
1 10
1 12
3 13
1 14
3 15
2 16
2 17
2 18
1 19
1 20
1 21
3 22
1 23
1 25
2 26
1 27
1 28
2 29
1 30
3 31
3 33
1 34
2 35
1 37
1 38
1 39
2 40
1 41
1 42
3 43
5 44
2 45
5 46
2 47
1 48
1 49
2 50
3 53
2 54
1 55
3 56
1 58
5 59
1 61
1 62
2 63
1 64
2 65
6 66
3 67
4 68
4 69
1 70
2 71
1 72
1 73
3 74
1 75
5 76
3 77
9 78
4 79
4 80
2 81
1 82
2 83
3 84
1 85
2 86
1 88
1 89
1 90
3 91
1 92
2 93
2 94
5 95
4 96
5 97
4 98
4 99
4 100
3 101
4 102
7 104
2 105
3 106
5 107
2 108
5 109
3 110
8 111
8 112
3 113
6 114
4 115
6 116
5 117
7 118
8 119
7 120
3 121
5 122
4 123
2 124
4 125
3 126
4 127
2 128
3 129
2 130
5 131
3 132
5 133
3 134
2 135
3 136
7 137
4 138
2 139
3 140
2 141
3 142
7 143
2 144
4 145
7 146
4 147
7 148
6 149
8 150
9 151
6 152
7 153
4 154
5 155
5 156
4 157
4 158
3 159
3 160
2 161
2 162
3 163
4 165
8 166
5 167
3 168
1 169
8 170
3 171
2 172
4 173
2 174
4 175
4 176
2 177
7 178
7 179
5 180
3 181
5 182
4 183
8 184
1 185
7 186
4 187
4 188
6 189
8 190
7 191
7 192
4 193
5 194
5 195
14 196
5 197
8 198
4 199
4 200
8 201
12 202
4 203
12 204
4 205
9 206
7 207
6 208
22 209
16 210
7 211
11 212
13 213
16 214
9 215
17 216
17 217
16 218
18 219
19 220
29 221
25 222
18 223
34 224
31 225
36 226
35 227
37 228
45 229
44 230
77 231
76 232
61 233
51 234
73 235
64 236
51 237
48 238
39 239
29 240
38 241
29 242
17 243
20 244
23 245
17 246
18 247
15 248
31 249
27 250
33 251
27 252
31 253
47 254
43 255
42 256
47 257
30 258
49 259
38 260
30 261
23 262
16 263
21 264
17 265
15 266
5 267
11 268
4 269
13 270
9 271
9 272
11 273
5 274
12 275
11 276
7 277
7 278
8 279
5 280
5 281
3 282
7 283
5 284
10 285
5 286
5 287
1 288
8 289
8 290
8 291
4 292
4 293
7 294
6 295
6 296
1 297
7 298
5 299
8 300
4 301
3 302
8 303
14 304
14 305
12 306
8 307
11 308
10 309
11 310
9 311
13 312
14 313
16 314
12 315
26 316
22 317
20 318
27 319
12 320
10 321
19 322
18 323
15 324
19 325
22 326
20 327
14 328
34 329
15 330
19 331
27 332
12 333
24 334
23 335
20 336
10 337
19 338
15 339
15 340
23 341
14 342
11 343
16 344
15 345
21 346
24 347
16 348
17 349
12 350
16 351
17 352
29 353
20 354
25 355
22 356
36 357
37 358
59 359
41 360
68 361
65 362
74 363
94 364
109 365
118 366
100 367
126 368
117 369
118 370
108 371
105 372
79 373
84 374
64 375
66 376
46 377
40 378
36 379
32 380
21 381
25 382
24 383
17 384
17 385
22 386
12 387
8 388
11 389
13 390
10 391
5 392
9 393
11 394
10 395
13 396
7 397
6 398
4 399
6 400
10 401
9 402
13 403
11 404
5 405
15 406
9 407
9 408
12 409
9 410
10 411
15 412
18 413
16 414
15 415
18 416
17 417
26 418
13 419
27 420
25 421
28 422
29 423
21 424
22 425
37 426
28 427
44 428
41 429
45 430
35 431
31 432
32 433
28 434
33 435
33 436
29 437
26 438
28 439
28 440
22 441
20 442
25 443
17 444
9 445
8 446
10 447
10 448
13 449
4 450
9 451
8 452
4 453
6 454
7 455
1 456
9 457
8 458
6 459
5 460
7 461
1 462
3 463
4 464
2 465
4 466
4 467
4 468
5 469
6 470
4 471
6 472
4 473
6 474
8 475
3 476
1 477
7 478
3 479
7 480
12 481
6 482
5 483
10 484
4 485
9 486
12 487
4 488
3 489
2 490
7 491
7 492
6 493
4 494
5 495
5 496
7 497
6 498
7 499
7 500
9 501
12 502
5 503
7 504
11 505
12 506
12 507
13 508
7 509
6 510
12 511
12 512
12 513
18 514
17 515
17 516
15 517
11 518
29 519
20 520
23 521
30 522
27 523
23 524
32 525
35 526
25 527
33 528
59 529
46 530
30 531
43 532
52 533
48 534
55 535
63 536
67 537
68 538
70 539
71 540
49 541
44 542
46 543
34 544
41 545
26 546
31 547
21 548
23 549
23 550
15 551
11 552
15 553
11 554
12 555
10 556
7 557
3 558
5 559
5 560
7 561
2 562
4 563
6 564
5 565
8 566
6 567
7 568
5 569
2 570
8 571
10 572
7 573
3 574
4 575
2 576
6 577
6 578
5 579
4 580
5 581
4 582
8 583
7 584
3 585
5 586
5 587
5 588
3 589
7 590
7 591
4 592
8 593
5 594
5 595
4 596
3 597
2 598
2 599
3 600
6 601
5 602
4 603
3 604
2 605
6 606
5 607
6 608
3 609
3 610
3 611
9 612
2 613
2 614
2 615
3 616
4 617
2 618
1 619
9 620
1 621
4 622
4 623
3 624
6 625
4 626
4 627
5 628
3 629
1 630
4 631
6 632
2 633
6 634
2 635
7 636
9 637
3 638
3 639
7 640
1 641
2 642
6 643
3 644
8 645
4 646
1 647
6 648
5 649
3 650
6 651
9 652
7 653
10 654
4 655
6 656
10 657
8 658
8 659
11 660
7 661
11 662
10 663
5 664
5 665
2 666
10 667
10 668
10 669
6 670
6 671
9 672
3 673
7 674
3 675
3 676
3 677
5 678
3 679
4 680
8 681
3 682
9 683
3 684
6 685
5 686
4 687
2 688
4 689
2 690
4 691
6 692
4 693
4 694
4 695
2 696
4 697
2 700
3 701
7 702
3 703
3 704
2 705
4 706
3 707
4 708
3 709
2 710
3 711
6 712
6 713
1 714
6 715
2 716
2 717
6 718
5 719
3 720
4 721
5 722
1 723
5 724
5 725
1 726
3 727
2 728
3 729
5 730
2 731
3 732
3 733
4 734
9 735
3 736
3 737
5 738
4 739
12 740
3 741
5 742
7 743
5 744
7 745
13 746
6 747
6 748
6 749
8 750
7 751
7 752
6 753
5 754
4 755
10 756
7 757
5 758
4 759
4 760
2 761
4 762
6 763
5 764
7 765
3 766
5 767
4 768
1 769
6 770
5 771
4 772
3 773
2 774
3 775
2 776
3 777
6 778
3 779
5 780
5 781
3 782
3 784
1 785
1 786
4 787
2 788
1 789
1 790
3 791
6 792
2 793
5 794
4 795
4 796
1 797
2 798
2 799
6 800
8 801
3 802
3 803
5 804
1 805
4 806
3 807
2 808
3 809
4 810
8 811
2 813
4 814
2 815
3 816
2 817
3 818
5 819
2 820
5 821
4 822
4 823
5 824
2 825
2 826
3 827
7 828
10 829
7 830
5 832
1 833
6 834
6 835
8 836
1 837
4 838
5 839
4 840
5 841
6 842
4 843
2 844
6 845
2 846
8 847
4 848
3 850
5 851
4 852
2 853
4 854
10 855
6 856
4 857
6 858
4 859
4 860
5 861
4 862
2 863
2 864
5 865
2 866
5 867
6 868
3 869
2 870
5 871
1 872
4 873
7 874
6 875
4 876
1 877
2 878
3 879
1 880
3 881
3 882
4 883
5 884
5 885
1 886
2 887
5 888
2 889
1 890
2 891
5 892
1 894
3 895
2 896
2 897
1 898
1 899
4 900
6 901
6 902
4 903
6 904
3 905
7 906
2 907
3 908
2 909
6 910
3 911
3 912
7 913
2 914
3 915
7 916
5 917
8 918
5 919
5 920
5 921
4 922
8 923
5 924
2 925
3 926
1 927
3 928
9 929
5 930
3 931
6 932
4 933
3 934
7 935
8 936
5 937
5 938
7 939
4 940
9 941
8 942
6 943
8 944
2 945
11 946
10 947
9 948
12 949
9 950
12 951
9 952
9 953
7 954
10 955
9 956
7 957
7 958
8 959
9 960
13 961
9 962
10 963
8 964
10 965
5 966
7 967
11 968
10 969
5 970
6 971
4 972
11 973
3 974
5 975
8 976
5 977
11 978
6 979
12 980
6 981
11 982
6 983
9 984
9 985
8 986
7 987
8 988
4 989
9 990
7 991
14 992
11 993
8 994
9 995
12 996
4 997
3 998
11 999
10 1000
5 1001
9 1002
10 1003
18 1004
9 1005
8 1006
14 1007
16 1008
14 1009
8 1010
10 1011
14 1012
18 1013
12 1014
10 1015
9 1016
13 1017
10 1018
17 1019
13 1020
17 1021
17 1022
17 1023
15 1024
23 1025
18 1026
23 1027
32 1028
19 1029
21 1030
17 1031
28 1032
24 1033
25 1034
32 1035
29 1036
38 1037
24 1038
30 1039
36 1040
37 1041
42 1042
53 1043
39 1044
41 1045
36 1046
42 1047
62 1048
62 1049
60 1050
48 1051
55 1052
66 1053
57 1054
58 1055
56 1056
74 1057
62 1058
73 1059
60 1060
53 1061
50 1062
69 1063
67 1064
57 1065
67 1066
54 1067
48 1068
58 1069
54 1070
55 1071
58 1072
57 1073
62 1074
62 1075
71 1076
73 1077
71 1078
76 1079
92 1080
86 1081
94 1082
91 1083
102 1084
124 1085
130 1086
121 1087
128 1088
148 1089
182 1090
155 1091
188 1092
209 1093
200 1094
188 1095
220 1096
186 1097
197 1098
201 1099
182 1100
221 1101
232 1102
181 1103
184 1104
161 1105
175 1106
151 1107
146 1108
134 1109
116 1110
135 1111
100 1112
97 1113
88 1114
79 1115
65 1116
56 1117
50 1118
34 1119
37 1120
32 1121
21 1122
35 1123
21 1124
19 1125
19 1126
8 1127
10 1128
16 1129
10 1130
9 1131
5 1132
7 1133
8 1134
10 1135
9 1136
6 1137
10 1138
5 1139
5 1140
8 1141
3 1142
5 1143
8 1144
6 1145
8 1146
6 1147
7 1148
12 1149
3 1150
7 1151
13 1152
5 1153
7 1154
10 1155
10 1156
6 1157
9 1158
4 1159
7 1160
7 1161
6 1162
11 1163
6 1164
11 1165
10 1166
6 1167
9 1168
21 1169
13 1170
10 1171
9 1172
14 1173
18 1174
23 1175
20 1176
29 1177
19 1178
18 1179
15 1180
26 1181
31 1182
29 1183
21 1184
17 1185
14 1186
13 1187
14 1188
20 1189
17 1190
23 1191
28 1192
25 1193
19 1194
24 1195
26 1196
17 1197
12 1198
9 1199
16 1200
13 1201
14 1202
11 1203
14 1204
12 1205
12 1206
4 1207
6 1208
4 1209
6 1210
6 1211
4 1212
4 1213
4 1214
3 1215
1 1216
2 1217
1 1219
3 1220
3 1221
3 1222
3 1223
1 1226
2 1227
1 1228
1 1230
2 1233
1 1234
1 1235
3 1237
1 1239
3 1241
1 1242
3 1244
2 1246
2 1247
2 1249
1 1250
1 1251
1 1253
2 1254
2 1255
2 1256
2 1257
2 1258
1 1259
2 1260
1 1261
2 1262
1 1264
3 1265
4 1266
3 1270
1 1271
3 1273
1 1274
4 1275
1 1277
3 1279
1 1280
2 1281
1 1282
1 1283
3 1284
1 1285
1 1286
2 1287
2 1288
3 1290
4 1291
3 1292
2 1293
1 1294
3 1295
1 1296
2 1298
2 1299
2 1300
1 1301
5 1303
2 1304
2 1305
3 1308
2 1309
1 1311
3 1315
3 1316
1 1317
1 1319
1 1320
1 1321
2 1322
3 1324
1 1325
1 1328
1 1329
2 1331
3 1332
2 1333
1 1335
1 1336
1 1337
1 1339
1 1341
1 1342
1 1344
2 1345
2 1346
2 1347
2 1348
1 1351
2 1353
1 1354
3 1355
4 1358
2 1359
3 1360
2 1362
1 1363
3 1365
2 1366
1 1367
1 1368
1 1369
3 1371
2 1372
1 1373
1 1374
1 1375
2 1376
1 1378
3 1379
2 1380
3 1381
2 1382
1 1383
1 1384
1 1385
1 1386
1 1387
1 1388
2 1389
1 1390
2 1391
1 1393
1 1394
4 1395
2 1397
3 1398
2 1400
1 1402
1 1403
2 1404
1 1405
1 1406
1 1407
2 1408
4 1409
4 1410
1 1413
2 1414
3 1416
2 1417
1 1419
2 1421
2 1422
3 1423
3 1424
3 1425
1 1426
2 1428
1 1429
2 1430
2 1431
2 1432
2 1433
1 1435
2 1436
1 1437
1 1438
1 1440
2 1441
1 1442
3 1443
3 1444
2 1445
2 1446
1 1447
1 1448
1 1450
1 1451
1 1452
1 1453
2 1454
1 1456
2 1457
3 1458
2 1459
3 1460
2 1462
1 1463
2 1464
2 1465
1 1466
2 1467
1 1468
1 1470
2 1471
3 1472
1 1473
1 1474
4 1475
2 1476
1 1477
1 1478
1 1479
1 1480
5 1481
4 1483
1 1484
3 1485
2 1486
2 1487
2 1488
1 1489
1 1490
1 1491
2 1492
4 1493
2 1494
1 1496
4 1497
1 1498
3 1499
1 1500
3 1501
1 1502
1 1503
2 1504
4 1505
2 1506
2 1507
4 1508
1 1509
1 1510
1 1511
2 1512
1 1514
3 1515
5 1516
3 1517
1 1518
5 1519
4 1521
1 1522
2 1524
4 1525
5 1526
1 1527
1 1528
1 1529
1 1531
2 1532
1 1533
2 1534
1 1535
3 1537
3 1538
1 1539
1 1540
1 1541
4 1542
4 1543
1 1544
3 1545
2 1546
1 1547
4 1548
3 1549
5 1550
1 1551
5 1552
3 1553
6 1554
2 1555
4 1556
2 1557
2 1558
4 1559
2 1560
1 1561
3 1562
4 1564
3 1565
6 1566
5 1567
2 1568
3 1569
5 1570
6 1571
3 1572
4 1573
5 1574
11 1575
6 1576
2 1577
3 1578
1 1579
3 1580
7 1581
3 1582
7 1583
4 1584
7 1585
9 1586
5 1587
5 1588
7 1589
5 1590
4 1591
5 1592
5 1593
6 1594
3 1595
7 1596
8 1597
3 1598
11 1599
5 1600
4 1601
4 1602
3 1603
8 1604
9 1605
8 1606
3 1607
8 1608
4 1609
8 1610
10 1611
8 1612
10 1613
7 1614
12 1615
7 1616
6 1617
10 1618
16 1619
7 1620
13 1621
11 1622
12 1623
9 1624
7 1625
8 1626
10 1627
6 1628
2 1629
14 1630
9 1631
7 1632
8 1633
7 1634
13 1635
8 1636
14 1637
16 1638
6 1639
7 1640
11 1641
14 1642
12 1643
16 1644
12 1645
18 1646
13 1647
9 1648
18 1649
14 1650
11 1651
10 1652
21 1653
13 1654
11 1655
4 1656
15 1657
7 1658
11 1659
11 1660
13 1661
13 1662
8 1663
8 1664
10 1665
10 1666
13 1667
12 1668
7 1669
10 1670
11 1671
14 1672
6 1673
13 1674
7 1675
11 1676
8 1677
13 1678
13 1679
14 1680
7 1681
11 1682
15 1683
17 1684
17 1685
15 1686
14 1687
22 1688
20 1689
18 1690
20 1691
20 1692
28 1693
25 1694
27 1695
25 1696
29 1697
30 1698
27 1699
33 1700
42 1701
33 1702
34 1703
46 1704
43 1705
43 1706
48 1707
55 1708
48 1709
52 1710
50 1711
59 1712
61 1713
52 1714
61 1715
69 1716
70 1717
76 1718
69 1719
99 1720
57 1721
80 1722
96 1723
87 1724
81 1725
71 1726
66 1727
84 1728
81 1729
74 1730
76 1731
61 1732
73 1733
84 1734
71 1735
68 1736
70 1737
65 1738
65 1739
65 1740
58 1741
51 1742
46 1743
55 1744
47 1745
48 1746
56 1747
40 1748
28 1749
38 1750
38 1751
30 1752
32 1753
34 1754
28 1755
29 1756
23 1757
27 1758
24 1759
35 1760
22 1761
18 1762
18 1763
21 1764
30 1765
18 1766
20 1767
23 1768
17 1769
21 1770
15 1771
19 1772
13 1773
16 1774
12 1775
10 1776
12 1777
14 1778
6 1779
10 1780
9 1781
13 1782
9 1783
13 1784
6 1785
12 1786
8 1787
8 1788
5 1789
2 1790
7 1791
12 1792
3 1793
3 1794
5 1795
2 1796
7 1797
11 1798
4 1799
3 1800
10 1801
4 1802
3 1803
3 1804
3 1805
3 1806
8 1807
5 1808
5 1809
1 1810
6 1811
3 1812
4 1813
3 1814
3 1815
4 1816
4 1817
5 1818
2 1819
3 1820
5 1821
1 1822
1 1824
6 1825
4 1826
3 1827
2 1828
3 1829
2 1830
1 1831
1 1832
3 1833
2 1834
4 1835
2 1836
1 1837
1 1838
1 1839
2 1840
3 1841
2 1842
4 1843
5 1844
3 1845
1 1846
3 1847
4 1848
4 1849
4 1850
7 1851
3 1852
1 1853
3 1854
2 1855
2 1856
3 1857
1 1858
2 1859
2 1860
4 1861
9 1862
6 1863
6 1864
5 1865
4 1866
6 1868
2 1869
10 1870
5 1871
5 1872
3 1873
7 1874
4 1875
2 1876
5 1877
6 1878
6 1879
2 1880
4 1881
4 1882
5 1883
8 1884
6 1885
5 1886
7 1887
2 1888
10 1889
6 1890
10 1891
14 1892
9 1893
13 1894
22 1895
10 1896
12 1897
15 1898
9 1899
19 1900
15 1901
17 1902
14 1903
23 1904
21 1905
29 1906
26 1907
21 1908
22 1909
31 1910
35 1911
25 1912
35 1913
22 1914
41 1915
26 1916
30 1917
40 1918
36 1919
48 1920
31 1921
35 1922
28 1923
44 1924
33 1925
33 1926
38 1927
34 1928
27 1929
35 1930
26 1931
19 1932
15 1933
26 1934
28 1935
29 1936
23 1937
24 1938
15 1939
20 1940
12 1941
13 1942
17 1943
8 1944
10 1945
12 1946
6 1947
4 1948
11 1949
8 1950
5 1951
7 1952
7 1953
5 1954
5 1955
6 1956
2 1957
4 1958
2 1960
4 1961
2 1962
3 1963
2 1965
1 1966
2 1967
2 1968
1 1969
1 1970
2 1971
1 1973
1 1975
1 1976
1 1977
1 1985
1 1986
1 1988
1 1989
1 1999
2 2002
1 2008
1 2010
2 2012
1 2027
1 2049
1 2076
1 2091
1 2115
1 2116
1 2128
1 2136
1 2146
1 2149
1 2160
1 2161
1 2165
1 2168
1 2193
1 2227
2 2255
1 2257
1 2263
1 2276
1 2279
1 2321
2 2349
1 2350
1 2354
1 2368
1 2377
1 2378
1 2396
1 2431
1 2505
1 2523
1 2572
1 2575
1 2594
1 2595
1 2604
1 2618
2 2621
1 2622
1 2623
1 2630
1 2637
1 2638
1 2641
1 2643
3 2644
1 2689
1 2764
1 2775
1 2785
1 2789
1 2859
1 2860
1 2906
1 2949
1 2959
1 2961
1 2984
2 3053
1 3114
1 3122
1 3141
1 3192
1 3459
1 3700
1 3779
1 3987
1 3993
1 6879
