1 1
3 3
1 4
1 5
1 6
1 7
3 8
1 9
1 14
2 15
3 17
2 20
2 21
1 23
1 25
2 28
2 29
2 30
1 31
4 33
1 35
2 36
1 38
4 39
3 42
1 43
1 45
1 46
5 47
1 48
1 50
2 54
1 55
1 57
1 58
1 59
1 61
4 62
1 63
6 64
3 65
3 66
6 67
2 68
3 69
2 72
3 73
1 75
3 76
1 77
1 78
3 79
5 80
4 81
2 82
5 84
2 85
2 86
1 87
3 88
2 89
2 90
1 91
2 92
4 93
1 94
1 95
1 96
5 97
1 98
1 99
3 100
1 101
2 103
2 104
1 105
2 106
7 107
3 108
2 109
2 110
3 111
2 113
2 114
2 115
3 116
2 117
3 118
5 119
1 120
4 121
2 122
2 123
5 124
3 125
4 126
2 127
7 128
5 129
1 130
4 131
4 132
5 134
6 135
7 136
2 137
5 138
7 139
3 140
1 141
1 142
2 143
3 145
3 146
3 148
2 149
5 150
1 151
1 152
1 153
3 154
2 155
3 156
1 157
1 158
3 159
2 160
4 161
3 162
3 163
4 164
4 165
3 166
4 167
3 168
8 169
3 170
5 171
5 172
5 173
7 174
6 175
3 176
4 177
5 178
3 179
2 180
2 181
4 182
4 183
2 184
2 185
3 186
3 187
3 188
2 189
1 190
2 191
5 192
2 193
3 194
2 195
2 196
8 197
2 198
6 199
2 200
4 201
5 202
1 203
7 204
3 205
1 206
5 207
4 208
3 209
3 210
5 211
5 212
5 213
3 214
2 215
3 216
4 217
1 218
1 219
2 220
2 221
1 222
7 223
5 224
4 225
1 226
4 227
3 228
2 229
5 230
4 231
8 232
3 233
1 234
5 235
8 236
7 237
7 238
6 239
12 240
9 241
8 242
7 243
4 244
6 245
8 246
6 247
6 248
7 249
10 250
7 251
8 252
8 253
10 254
5 255
17 256
14 257
11 258
8 259
10 260
8 261
5 262
10 263
7 264
5 266
8 267
2 268
3 269
5 270
5 271
4 272
4 273
5 274
4 275
5 276
3 277
7 278
3 279
1 280
2 281
3 282
4 283
2 284
4 285
5 286
4 287
5 288
5 289
4 290
10 291
6 292
6 293
8 294
8 295
9 296
10 297
4 298
6 299
7 300
8 301
9 302
5 303
7 304
5 305
5 306
6 307
3 308
2 309
2 310
8 311
1 312
1 313
7 314
3 315
6 316
6 317
4 318
4 319
1 320
6 321
13 322
2 323
5 324
9 325
2 326
8 327
8 328
5 329
6 330
6 331
6 332
7 333
14 334
5 335
4 336
7 337
5 338
4 339
5 340
3 341
1 342
8 343
6 344
5 345
9 346
9 347
7 348
8 349
3 350
9 351
13 352
5 353
9 354
12 355
10 356
8 357
10 358
5 359
13 360
3 361
11 362
14 363
5 364
9 365
8 366
10 367
10 368
7 369
5 370
3 371
5 372
3 373
7 374
9 375
2 376
10 377
4 378
5 379
4 380
17 381
10 382
7 383
10 384
9 385
3 386
7 387
7 388
6 389
6 390
9 391
12 392
11 393
11 394
10 395
7 396
12 397
18 398
16 399
18 400
22 401
28 402
33 403
32 404
36 405
50 406
59 407
65 408
84 409
69 410
72 411
68 412
85 413
78 414
77 415
51 416
65 417
51 418
29 419
33 420
29 421
29 422
23 423
18 424
16 425
12 426
11 427
14 428
7 429
8 430
8 431
7 432
6 433
6 434
4 435
3 436
4 437
5 438
6 439
4 440
5 441
7 442
7 443
4 444
7 445
7 446
6 447
9 448
4 449
11 450
7 451
6 452
4 453
5 454
3 455
9 456
8 457
6 458
8 459
8 460
9 461
6 462
6 463
5 464
8 465
4 466
11 467
11 468
10 469
12 470
7 471
6 472
12 473
9 474
12 475
13 476
7 477
4 478
7 479
8 480
6 481
8 482
5 483
6 484
3 485
1 486
4 487
7 488
4 489
7 490
10 491
2 492
2 493
5 494
4 495
1 496
4 497
2 498
8 499
3 500
8 501
6 502
1 503
7 504
2 505
1 506
5 507
7 508
4 509
7 510
8 511
5 512
4 513
8 514
2 515
4 516
2 517
3 518
5 519
2 520
5 521
5 522
2 523
2 524
5 525
3 526
4 527
4 528
3 529
6 530
3 531
3 532
4 533
5 534
4 535
3 536
2 537
7 538
3 539
8 540
9 541
4 542
7 543
8 544
7 545
8 546
7 547
8 548
8 549
7 550
4 551
5 552
7 553
4 554
10 555
4 556
6 557
6 558
6 559
7 560
11 561
11 562
7 563
5 564
7 565
8 566
9 567
3 568
8 569
6 570
7 571
9 572
8 573
9 574
5 575
3 576
7 577
8 578
4 579
6 580
3 581
3 582
4 583
5 584
6 585
6 586
6 587
4 588
5 589
7 590
3 591
4 592
7 593
3 594
2 595
2 596
3 597
3 598
3 599
4 600
6 601
4 602
5 603
3 604
6 605
5 606
9 607
5 608
2 609
9 610
7 611
7 613
1 614
7 615
9 616
2 617
2 618
3 619
5 620
5 621
4 622
5 623
9 624
5 625
6 626
4 627
1 628
5 629
8 630
6 631
2 632
4 633
2 634
6 635
4 636
3 637
9 638
6 639
9 640
8 641
6 642
8 643
5 644
4 645
4 646
8 647
5 648
6 649
10 650
5 651
4 652
11 653
6 654
6 655
11 656
10 657
9 658
9 659
9 660
9 661
3 662
9 663
7 664
15 665
10 666
6 667
7 668
8 669
5 670
13 671
11 672
12 673
10 674
10 675
11 676
14 677
12 678
9 679
11 680
18 681
12 682
21 683
22 684
13 685
12 686
10 687
13 688
15 689
14 690
15 691
11 692
17 693
9 694
12 695
25 696
15 697
16 698
16 699
25 700
20 701
23 702
12 703
20 704
26 705
32 706
24 707
29 708
22 709
28 710
23 711
37 712
30 713
29 714
48 715
28 716
44 717
39 718
42 719
40 720
44 721
47 722
53 723
36 724
22 725
32 726
32 727
44 728
36 729
32 730
37 731
45 732
37 733
41 734
45 735
29 736
50 737
36 738
44 739
38 740
42 741
39 742
40 743
53 744
35 745
43 746
43 747
38 748
44 749
45 750
44 751
48 752
40 753
52 754
29 755
36 756
42 757
31 758
49 759
51 760
32 761
51 762
42 763
37 764
44 765
36 766
45 767
35 768
31 769
42 770
31 771
34 772
28 773
28 774
32 775
40 776
28 777
30 778
41 779
30 780
29 781
29 782
40 783
42 784
34 785
45 786
49 787
43 788
42 789
41 790
46 791
42 792
53 793
48 794
58 795
48 796
58 797
60 798
68 799
79 800
67 801
69 802
73 803
84 804
92 805
100 806
103 807
106 808
124 809
110 810
152 811
154 812
144 813
154 814
188 815
200 816
213 817
231 818
243 819
260 820
280 821
268 822
282 823
297 824
341 825
289 826
341 827
331 828
310 829
326 830
321 831
301 832
316 833
245 834
277 835
295 836
248 837
204 838
219 839
184 840
218 841
170 842
158 843
121 844
140 845
150 846
122 847
128 848
112 849
107 850
128 851
110 852
125 853
152 854
151 855
131 856
155 857
155 858
150 859
152 860
145 861
143 862
136 863
143 864
130 865
153 866
121 867
138 868
135 869
99 870
95 871
101 872
81 873
85 874
79 875
69 876
49 877
69 878
60 879
57 880
48 881
32 882
44 883
23 884
27 885
16 886
18 887
21 888
16 889
17 890
10 891
14 892
9 893
10 894
11 895
4 896
8 897
12 898
9 899
10 900
10 901
7 902
9 903
7 904
8 905
9 906
3 907
2 908
7 909
8 910
3 911
9 912
8 913
13 914
6 915
5 916
6 917
6 918
7 919
10 920
7 921
6 922
10 923
9 924
10 925
13 926
15 927
11 928
5 929
15 930
11 931
19 932
7 933
9 934
21 935
12 936
12 937
16 938
26 939
16 940
21 941
18 942
13 943
18 944
20 945
10 946
11 947
22 948
13 949
23 950
13 951
21 952
12 953
22 954
15 955
16 956
10 957
16 958
15 959
13 960
19 961
17 962
20 963
26 964
19 965
15 966
24 967
27 968
24 969
19 970
21 971
18 972
30 973
21 974
21 975
20 976
9 977
22 978
18 979
12 980
16 981
24 982
19 983
15 984
16 985
9 986
8 987
7 988
7 989
9 990
9 991
20 992
11 993
10 994
4 995
14 996
7 997
14 998
7 999
14 1000
12 1001
12 1002
10 1003
3 1004
7 1005
13 1006
15 1007
18 1008
25 1009
17 1010
19 1011
15 1012
24 1013
22 1014
17 1015
16 1016
28 1017
33 1018
25 1019
33 1020
29 1021
43 1022
42 1023
46 1024
32 1025
49 1026
38 1027
42 1028
46 1029
51 1030
36 1031
39 1032
42 1033
46 1034
37 1035
28 1036
34 1037
26 1038
26 1039
24 1040
28 1041
19 1042
24 1043
21 1044
18 1045
31 1046
16 1047
20 1048
21 1049
25 1050
13 1051
15 1052
12 1053
30 1054
10 1055
20 1056
23 1057
15 1058
20 1059
23 1060
23 1061
18 1062
23 1063
23 1064
26 1065
22 1066
21 1067
16 1068
24 1069
22 1070
15 1071
28 1072
18 1073
15 1074
22 1075
30 1076
42 1077
29 1078
30 1079
31 1080
26 1081
28 1082
28 1083
31 1084
27 1085
32 1086
38 1087
37 1088
39 1089
39 1090
42 1091
37 1092
43 1093
42 1094
29 1095
36 1096
27 1097
34 1098
32 1099
31 1100
38 1101
38 1102
32 1103
30 1104
42 1105
32 1106
36 1107
30 1108
31 1109
37 1110
28 1111
28 1112
36 1113
29 1114
20 1115
28 1116
28 1117
37 1118
45 1119
27 1120
37 1121
35 1122
24 1123
22 1124
21 1125
29 1126
34 1127
41 1128
27 1129
24 1130
23 1131
28 1132
17 1133
11 1134
7 1135
22 1136
10 1137
14 1138
12 1139
7 1140
12 1141
13 1142
7 1143
6 1144
5 1145
5 1146
4 1147
4 1148
3 1149
3 1150
3 1151
4 1152
3 1153
1 1154
1 1156
2 1157
3 1158
3 1159
1 1161
2 1164
1 1165
2 1166
2 1168
2 1169
1 1172
3 1173
1 1174
2 1179
1 1180
1 1181
1 1182
3 1183
1 1184
1 1185
1 1186
2 1187
1 1188
2 1189
1 1190
1 1191
3 1192
2 1194
3 1195
3 1196
1 1197
2 1198
2 1201
2 1204
4 1205
1 1206
1 1207
2 1212
2 1213
2 1214
1 1215
3 1217
2 1218
3 1219
4 1220
5 1221
1 1223
3 1224
2 1225
2 1226
1 1227
1 1228
1 1229
4 1230
1 1231
2 1232
3 1233
2 1234
3 1235
5 1236
1 1237
2 1238
1 1239
4 1240
1 1241
4 1242
3 1243
2 1244
5 1245
1 1246
2 1247
2 1248
3 1249
6 1250
3 1251
3 1252
4 1253
6 1254
2 1255
2 1256
3 1257
1 1258
4 1259
4 1260
3 1261
3 1262
7 1263
4 1264
3 1265
3 1266
3 1267
1 1268
2 1269
3 1270
3 1271
3 1272
3 1273
2 1274
3 1275
2 1276
2 1277
2 1278
3 1279
3 1280
4 1281
2 1282
4 1284
1 1285
5 1287
4 1288
1 1290
1 1291
5 1292
3 1293
2 1294
1 1295
3 1296
3 1297
2 1298
2 1299
5 1300
3 1301
4 1302
3 1303
1 1304
4 1305
3 1306
1 1307
3 1308
3 1309
2 1310
3 1311
1 1312
5 1313
2 1314
4 1315
4 1316
1 1317
4 1318
3 1319
1 1320
1 1321
4 1322
2 1323
3 1324
5 1325
2 1326
2 1327
4 1328
4 1329
4 1330
4 1331
5 1332
3 1333
2 1334
6 1335
5 1336
7 1337
1 1338
3 1339
8 1340
2 1341
4 1342
3 1343
6 1344
4 1345
5 1346
9 1347
8 1348
11 1349
13 1350
7 1351
15 1352
12 1353
11 1354
12 1355
8 1356
10 1357
5 1358
15 1359
9 1360
16 1361
15 1362
14 1363
18 1364
17 1365
18 1366
26 1367
22 1368
22 1369
22 1370
23 1371
24 1372
32 1373
35 1374
30 1375
29 1376
35 1377
28 1378
45 1379
36 1380
34 1381
43 1382
30 1383
37 1384
29 1385
38 1386
30 1387
30 1388
38 1389
29 1390
30 1391
24 1392
30 1393
24 1394
17 1395
19 1396
19 1397
13 1398
16 1399
7 1400
18 1401
10 1402
7 1403
12 1404
8 1405
9 1406
8 1407
8 1408
6 1409
3 1410
5 1411
2 1412
3 1413
1 1414
2 1415
2 1416
2 1417
3 1418
3 1420
3 1421
1 1422
2 1423
1 1425
5 1426
1 1427
1 1428
3 1429
4 1430
3 1432
2 1434
5 1435
1 1437
2 1438
1 1439
3 1441
1 1444
1 1445
4 1447
2 1448
4 1450
2 1452
1 1454
1 1455
2 1456
2 1457
2 1459
1 1460
3 1461
2 1462
1 1463
2 1464
1 1469
2 1475
3 1476
2 1477
1 1479
1 1482
1 1483
1 1485
1 1489
1 1492
2 1494
2 1495
1 1496
1 1497
2 1498
2 1499
2 1500
1 1501
1 1502
1 1505
1 1508
3 1509
1 1510
2 1512
3 1513
1 1514
3 1516
1 1518
1 1520
1 1525
1 1526
3 1527
1 1528
1 1529
1 1530
2 1533
1 1539
1 1540
1 1543
2 1544
1 1549
3 1550
1 1555
3 1556
2 1558
1 1559
3 1560
1 1562
2 1563
1 1564
1 1570
1 1571
1 1572
1 1573
1 1574
1 1575
3 1577
2 1578
1 1580
2 1581
2 1582
2 1583
3 1584
2 1585
1 1586
3 1587
2 1592
1 1593
1 1596
3 1597
1 1598
2 1599
2 1600
5 1601
1 1603
1 1604
1 1605
1 1606
4 1607
1 1608
2 1609
1 1610
3 1611
1 1612
2 1613
1 1614
1 1615
4 1616
2 1617
2 1618
3 1619
1 1620
3 1621
2 1623
7 1624
1 1625
3 1626
1 1628
3 1629
2 1630
3 1631
6 1632
2 1634
4 1635
4 1636
1 1638
2 1639
2 1640
4 1642
4 1643
1 1644
2 1645
2 1646
1 1648
1 1650
2 1651
1 1652
3 1653
1 1654
1 1655
1 1656
2 1657
1 1658
2 1662
3 1663
3 1664
5 1665
1 1667
1 1668
1 1669
1 1670
2 1671
1 1672
3 1673
1 1675
1 1676
1 1677
2 1678
2 1679
1 1680
2 1681
2 1682
3 1683
1 1684
4 1685
2 1686
3 1687
4 1688
4 1689
3 1690
1 1691
4 1692
1 1693
2 1694
5 1695
1 1696
2 1697
3 1699
3 1700
1 1701
2 1702
2 1703
4 1704
2 1705
2 1706
2 1708
1 1709
3 1710
2 1711
3 1712
3 1713
3 1714
4 1715
5 1717
3 1718
2 1719
1 1720
2 1721
1 1722
1 1723
1 1724
2 1725
2 1726
4 1728
3 1729
2 1731
1 1732
2 1733
1 1734
3 1735
1 1736
2 1737
1 1739
1 1740
2 1741
2 1744
1 1745
2 1746
1 1748
1 1749
2 1750
1 1751
2 1752
1 1754
2 1755
2 1756
1 1758
1 1759
2 1760
2 1761
1 1762
2 1763
2 1764
2 1765
1 1767
2 1773
1 1775
3 1777
4 1779
2 1781
1 1782
3 1784
6 1785
1 1786
1 1787
1 1790
1 1791
1 1794
1 1796
2 1797
3 1798
2 1802
1 1804
1 1808
1 1810
2 1811
3 1812
4 1814
2 1815
1 1816
3 1817
4 1818
1 1820
2 1822
4 1824
1 1826
1 1827
2 1828
2 1829
2 1830
3 1832
1 1833
1 1834
2 1835
3 1836
1 1838
1 1839
1 1841
1 1842
2 1843
2 1844
1 1845
1 1846
1 1847
1 1848
1 1854
1 1855
2 1856
3 1857
1 1858
1 1859
3 1860
1 1861
2 1862
2 1863
1 1865
2 1866
2 1867
5 1868
1 1870
2 1871
1 1872
2 1873
1 1874
3 1876
1 1877
2 1878
1 1879
1 1881
3 1882
1 1883
2 1884
3 1886
1 1887
2 1888
1 1889
2 1890
2 1891
1 1892
3 1893
1 1894
1 1897
2 1898
4 1899
3 1900
1 1902
1 1904
4 1906
2 1907
1 1908
4 1909
2 1911
1 1912
1 1913
2 1914
2 1916
3 1917
2 1918
2 1919
1 1920
6 1921
5 1922
2 1923
2 1924
5 1925
1 1926
2 1927
6 1928
3 1929
5 1930
4 1931
3 1932
6 1933
3 1934
5 1935
1 1936
5 1937
3 1938
2 1939
2 1940
5 1941
2 1942
1 1943
1 1944
2 1945
1 1946
3 1947
2 1948
4 1949
1 1950
4 1951
2 1952
3 1953
1 1955
3 1957
5 1958
4 1959
1 1960
1 1961
2 1962
1 1963
4 1964
2 1965
3 1966
2 1967
2 1969
3 1970
3 1971
5 1973
4 1974
2 1975
2 1976
2 1978
1 1980
3 1981
2 1982
1 1983
4 1985
3 1986
1 1987
1 1988
4 1989
2 1990
4 1991
5 1992
3 1993
4 1994
4 1996
1 1997
4 1998
2 1999
7 2000
2 2001
5 2003
3 2004
2 2005
3 2006
3 2007
2 2008
3 2009
4 2010
3 2011
1 2012
2 2013
2 2014
4 2015
5 2016
3 2017
2 2018
2 2019
5 2020
3 2021
4 2022
6 2023
7 2024
2 2025
1 2026
5 2027
6 2028
6 2029
3 2030
2 2031
3 2032
3 2033
2 2034
4 2035
4 2036
3 2037
2 2038
3 2039
6 2040
4 2041
3 2042
2 2043
2 2044
1 2045
2 2046
1 2047
3 2048
1 2049
4 2050
5 2051
1 2052
4 2053
3 2054
2 2055
3 2056
1 2058
4 2059
2 2060
1 2061
2 2062
1 2064
2 2065
1 2066
2 2067
2 2068
1 2069
1 2070
1 2071
1 2072
1 2073
1 2074
2 2075
2 2076
4 2079
1 2080
4 2081
1 2082
1 2083
3 2086
2 2087
2 2088
1 2089
3 2091
1 2092
1 2093
1 2094
2 2095
3 2096
2 2097
1 2099
2 2100
2 2101
1 2102
4 2103
2 2104
1 2105
2 2107
3 2108
1 2109
1 2110
2 2111
2 2112
2 2114
3 2115
3 2117
3 2118
5 2119
2 2120
2 2121
1 2122
3 2123
1 2124
6 2125
1 2126
3 2127
4 2128
2 2130
1 2131
1 2132
3 2133
1 2134
4 2135
1 2136
5 2137
5 2138
1 2139
4 2141
4 2142
1 2143
6 2144
3 2145
3 2146
3 2147
4 2148
7 2149
4 2150
3 2151
5 2152
3 2153
2 2154
5 2155
4 2156
4 2157
5 2158
3 2159
1 2160
1 2161
8 2162
3 2164
4 2165
3 2166
2 2167
7 2168
4 2169
3 2170
3 2171
3 2172
2 2173
2 2174
3 2175
2 2176
1 2177
2 2179
1 2180
3 2181
2 2183
2 2185
4 2187
2 2188
1 2189
2 2190
1 2192
3 2193
2 2194
3 2195
2 2196
1 2197
2 2198
3 2199
3 2200
3 2201
1 2202
4 2204
1 2206
3 2207
4 2208
1 2210
1 2212
1 2213
1 2214
1 2216
1 2217
2 2219
1 2221
1 2222
2 2224
1 2226
2 2228
2 2230
3 2231
3 2233
3 2235
2 2236
1 2237
2 2240
1 2241
3 2243
2 2245
3 2247
1 2248
1 2249
1 2250
5 2252
4 2253
2 2254
3 2255
2 2256
3 2257
1 2258
1 2259
2 2260
5 2261
3 2262
1 2263
4 2264
2 2265
2 2266
3 2267
2 2268
3 2269
1 2270
3 2271
4 2272
1 2273
4 2274
4 2275
2 2276
2 2277
1 2278
5 2279
3 2280
2 2281
2 2282
1 2283
1 2284
4 2285
1 2286
4 2287
3 2288
5 2289
2 2290
2 2291
4 2292
2 2293
2 2294
9 2295
1 2296
2 2297
5 2298
1 2299
1 2300
7 2301
3 2302
4 2303
2 2304
1 2305
3 2306
6 2307
2 2308
4 2309
4 2310
8 2311
3 2312
5 2313
1 2314
3 2315
5 2316
8 2317
2 2318
6 2319
3 2320
7 2321
3 2322
4 2323
9 2324
5 2325
2 2326
3 2327
2 2328
6 2329
9 2330
1 2331
8 2332
5 2333
6 2334
2 2335
6 2336
4 2337
3 2338
6 2339
1 2340
5 2341
7 2342
2 2343
4 2344
4 2345
7 2346
11 2347
6 2348
5 2349
6 2350
2 2351
7 2352
7 2353
3 2354
7 2355
3 2356
9 2357
4 2358
3 2359
7 2360
4 2361
5 2362
5 2363
6 2364
7 2365
13 2366
6 2367
10 2368
7 2369
11 2370
10 2371
6 2372
11 2373
11 2374
10 2375
11 2376
9 2377
14 2378
8 2379
12 2380
11 2381
9 2382
13 2383
12 2384
10 2385
8 2386
11 2387
14 2388
17 2389
15 2390
11 2391
20 2392
15 2393
12 2394
12 2395
16 2396
16 2397
19 2398
17 2399
19 2400
17 2401
14 2402
15 2403
11 2404
19 2405
22 2406
19 2407
20 2408
18 2409
17 2410
14 2411
19 2412
26 2413
31 2414
23 2415
22 2416
16 2417
24 2418
6 2419
23 2420
20 2421
16 2422
27 2423
14 2424
13 2425
8 2426
16 2427
18 2428
14 2429
8 2430
8 2431
13 2432
10 2433
18 2434
13 2435
19 2436
16 2437
13 2438
19 2439
16 2440
6 2441
11 2442
13 2443
15 2444
15 2445
16 2446
12 2447
13 2448
16 2449
12 2450
10 2451
11 2452
9 2453
12 2454
9 2455
9 2456
13 2457
24 2458
18 2459
14 2460
16 2461
13 2462
19 2463
16 2464
20 2465
20 2466
21 2467
18 2468
18 2469
22 2470
32 2471
25 2472
25 2473
20 2474
38 2475
25 2476
39 2477
21 2478
34 2479
30 2480
46 2481
34 2482
21 2483
29 2484
26 2485
25 2486
42 2487
34 2488
31 2489
33 2490
39 2491
34 2492
41 2493
38 2494
33 2495
36 2496
38 2497
33 2498
45 2499
41 2500
27 2501
40 2502
32 2503
29 2504
26 2505
37 2506
26 2507
28 2508
20 2509
23 2510
21 2511
28 2512
21 2513
23 2514
22 2515
17 2516
21 2517
14 2518
15 2519
22 2520
20 2521
14 2522
9 2523
9 2524
11 2525
13 2526
11 2527
9 2528
12 2529
10 2530
10 2531
9 2532
9 2533
8 2534
4 2535
8 2536
5 2537
10 2538
6 2539
7 2540
4 2541
11 2542
5 2543
6 2544
9 2545
5 2546
4 2547
6 2548
9 2549
5 2550
4 2551
10 2552
3 2553
6 2554
7 2555
6 2556
7 2557
9 2558
4 2559
9 2560
7 2561
3 2562
9 2563
4 2564
6 2565
6 2566
3 2567
6 2568
7 2569
8 2570
5 2571
4 2572
7 2573
3 2574
2 2575
5 2576
6 2577
4 2578
3 2579
2 2580
6 2581
4 2582
3 2583
5 2584
4 2585
5 2586
5 2588
3 2589
1 2590
4 2591
4 2592
1 2593
3 2594
6 2595
7 2596
5 2597
4 2598
5 2599
2 2600
2 2601
3 2602
5 2603
7 2604
8 2605
5 2606
3 2607
4 2608
2 2609
5 2610
6 2611
1 2612
4 2613
5 2614
4 2615
4 2616
1 2617
2 2619
3 2620
7 2622
2 2623
2 2624
2 2625
3 2626
3 2627
1 2628
3 2629
4 2630
4 2631
1 2632
2 2633
3 2634
6 2635
2 2636
1 2637
5 2638
3 2640
2 2642
1 2644
2 2645
3 2646
1 2647
1 2648
3 2649
7 2650
4 2651
6 2652
1 2653
4 2654
1 2655
3 2656
2 2658
6 2659
3 2660
1 2661
2 2662
2 2663
3 2664
7 2665
3 2666
5 2667
5 2668
2 2669
6 2670
2 2671
5 2672
3 2673
5 2674
4 2675
5 2676
5 2677
4 2678
9 2679
6 2680
8 2681
6 2682
7 2683
5 2684
5 2685
5 2686
7 2687
8 2688
8 2689
9 2690
6 2691
6 2692
7 2693
4 2694
7 2695
11 2696
8 2697
9 2698
12 2699
15 2700
18 2701
10 2702
13 2703
13 2704
7 2705
10 2706
14 2707
8 2708
15 2709
15 2710
10 2711
15 2712
13 2713
14 2714
15 2715
14 2716
9 2717
13 2718
17 2719
18 2720
16 2721
10 2722
20 2723
16 2724
11 2725
8 2726
10 2727
12 2728
14 2729
17 2730
14 2731
16 2732
5 2733
10 2734
8 2735
8 2736
8 2737
3 2738
2 2739
7 2740
6 2741
8 2742
8 2743
6 2744
3 2745
6 2746
1 2747
12 2748
7 2749
3 2750
3 2751
9 2752
3 2753
5 2754
1 2755
8 2756
2 2758
3 2760
2 2761
3 2762
4 2763
4 2764
1 2765
4 2766
3 2767
1 2769
1 2770
1 2772
1 2773
1 2774
3 2775
1 2776
1 2777
3 2779
1 2780
3 2781
3 2782
5 2783
1 2784
3 2785
5 2786
4 2787
2 2788
4 2789
3 2790
2 2791
3 2792
3 2793
1 2794
4 2795
2 2796
4 2797
3 2798
6 2799
7 2800
6 2801
6 2802
1 2803
4 2804
1 2805
1 2806
4 2807
3 2808
2 2809
6 2810
3 2811
6 2812
4 2813
1 2814
3 2815
2 2816
5 2817
1 2818
2 2819
7 2821
3 2822
6 2823
4 2824
1 2825
1 2826
3 2827
3 2828
3 2829
2 2830
3 2831
3 2832
4 2833
4 2834
3 2835
1 2836
2 2837
2 2838
3 2839
4 2840
2 2841
1 2842
1 2843
5 2844
2 2845
3 2846
2 2848
1 2849
1 2850
2 2851
1 2852
2 2854
2 2855
1 2856
3 2857
3 2858
1 2859
2 2860
1 2862
1 2863
1 2864
1 2865
2 2866
1 2868
1 2869
1 2870
1 2871
1 2873
1 2874
2 2875
1 2891
1 2892
1 2908
1 2913
1 2915
1 2921
1 2925
2 2932
1 2933
1 2942
1 2947
1 2955
1 2960
1 2970
2 2984
1 2996
1 2999
1 3004
1 3005
1 3006
2 3014
1 3016
1 3020
1 3023
1 3024
1 3025
1 3029
1 3031
1 3032
1 3035
1 3038
1 3043
1 3044
2 3045
1 3056
1 3059
1 3062
1 3063
1 3064
2 3066
1 3069
2 3074
1 3078
1 3082
1 3083
1 3084
2 3085
1 3086
1 3087
2 3089
1 3092
2 3093
1 3094
2 3097
1 3099
1 3102
4 3103
1 3104
2 3105
1 3106
1 3109
2 3110
1 3111
2 3113
1 3114
3 3117
2 3118
2 3119
2 3120
2 3121
2 3122
3 3123
1 3126
5 3127
1 3130
2 3131
2 3132
4 3133
1 3134
1 3135
5 3136
2 3137
2 3138
3 3140
1 3141
4 3142
1 3143
1 3144
1 3146
1 3147
1 3148
1 3149
4 3151
3 3152
3 3153
1 3154
1 3155
1 3156
1 3157
1 3158
1 3161
1 3162
1 3163
1 3164
1 3165
2 3166
1 3170
2 3171
1 3173
1 3174
2 3175
1 3177
1 3180
1 3183
1 3184
4 3188
1 3197
1 3199
1 3200
1 3201
1 3203
1 3212
1 3233
1 3332
1 3335
1 3351
1 3355
1 3411
1 3430
1 3431
1 3433
1 3451
1 3467
1 3480
1 3497
1 3512
1 3516
1 3556
1 3587
1 3616
1 3617
1 3677
1 3710
1 3713
1 3757
1 3799
1 3807
1 3845
1 3886
2 3897
1 3919
1 3944
1 3965
1 3969
1 4069
1 4107
1 4191
1 4218
1 4325
1 4330
1 4357
1 4390
1 4392
1 4409
1 4410
1 4431
1 4518
1 4577
1 4586
1 4587
1 4589
1 4596
1 4599
1 4630
1 4632
1 4637
1 4667
1 4711
1 4772
2 4782
1 4791
1 4801
1 4802
1 4811
1 4842
1 4843
1 4849
1 4854
1 4858
1 4861
1 4878
1 4915
1 5564
1 7031
