1 1
2 2
3 8
2 10
1 13
1 19
3 20
2 25
1 30
1 32
2 33
2 34
1 35
1 37
2 38
3 40
2 42
2 43
1 45
1 47
2 48
1 50
3 54
2 55
1 56
2 57
3 59
2 60
2 61
1 62
2 63
3 64
3 65
3 66
3 67
2 68
7 69
4 70
4 71
2 72
4 73
2 74
7 75
5 76
9 77
6 78
2 79
12 80
7 81
3 82
2 83
3 84
1 85
2 86
4 87
2 88
3 89
2 90
1 91
3 92
2 93
1 94
2 95
1 97
4 98
2 99
4 100
2 102
3 103
5 104
5 105
3 106
4 107
2 108
2 109
5 110
4 111
2 112
2 113
4 114
1 115
3 116
4 117
1 118
5 119
8 120
4 121
5 122
6 123
2 124
2 125
7 126
7 127
4 128
3 129
3 130
3 131
2 132
6 133
4 135
2 136
3 137
3 138
2 139
3 140
2 141
3 142
5 143
3 144
4 145
3 146
4 147
1 148
3 149
3 150
2 152
2 153
7 154
4 156
5 157
7 158
6 159
3 160
9 161
6 162
4 163
7 164
7 165
2 166
2 167
2 168
5 169
2 170
2 171
2 172
1 173
4 174
8 175
6 177
3 178
2 179
3 180
5 181
5 182
2 183
6 184
4 185
9 186
12 187
13 188
10 189
11 190
23 191
27 192
34 193
40 194
32 195
39 196
31 197
47 198
30 199
31 200
25 201
25 202
15 203
17 204
10 205
10 206
7 207
7 208
4 209
10 210
8 211
3 212
4 213
7 214
7 215
2 216
2 217
4 218
2 219
4 220
4 221
4 222
4 223
3 224
5 225
4 226
6 227
3 228
6 229
6 230
4 231
4 232
6 233
7 234
10 235
9 236
6 237
4 238
8 239
6 240
9 241
2 242
5 243
9 244
5 245
9 246
5 247
4 248
7 249
4 250
4 251
3 252
6 253
10 254
8 255
7 256
12 257
9 258
13 259
4 260
6 261
6 262
11 263
8 264
15 265
9 266
5 267
15 268
15 269
12 270
15 271
8 272
14 273
16 274
12 275
8 276
17 277
8 278
12 279
8 280
23 281
12 282
8 283
9 284
9 285
9 286
11 287
11 288
14 289
10 290
10 291
17 292
9 293
11 294
11 295
18 296
18 297
18 298
21 299
16 300
18 301
26 302
22 303
26 304
18 305
19 306
27 307
25 308
16 309
16 310
19 311
16 312
24 313
15 314
19 315
15 316
20 317
15 318
19 319
24 320
17 321
26 322
23 323
35 324
31 325
27 326
31 327
46 328
29 329
31 330
36 331
31 332
26 333
28 334
27 335
13 336
18 337
14 338
17 339
12 340
14 341
10 342
16 343
7 344
12 345
11 346
9 347
15 348
13 349
10 350
14 351
10 352
20 353
13 354
9 355
15 356
15 357
19 358
14 359
12 360
10 361
10 362
12 363
9 364
7 365
10 366
18 367
17 368
17 369
18 370
11 371
23 372
22 373
16 374
14 375
6 376
17 377
12 378
13 379
19 380
8 381
15 382
17 383
14 384
10 385
17 386
10 387
10 388
7 389
14 390
15 391
12 392
6 393
5 394
13 395
12 396
5 397
17 398
12 399
13 400
16 401
22 402
16 403
18 404
16 405
12 406
11 407
11 408
13 409
17 410
14 411
11 412
16 413
21 414
28 415
21 416
25 417
31 418
30 419
34 420
29 421
40 422
39 423
46 424
58 425
70 426
56 427
95 428
78 429
90 430
99 431
96 432
116 433
123 434
122 435
133 436
128 437
139 438
128 439
115 440
121 441
96 442
100 443
83 444
76 445
70 446
63 447
45 448
46 449
40 450
28 451
33 452
31 453
17 454
21 455
35 456
26 457
19 458
24 459
26 460
23 461
37 462
36 463
33 464
23 465
23 466
25 467
30 468
22 469
22 470
29 471
17 472
28 473
20 474
18 475
24 476
20 477
9 478
9 479
8 480
12 481
11 482
15 483
12 484
9 485
13 486
9 487
13 488
7 489
15 490
5 491
14 492
20 493
8 494
13 495
19 496
19 497
16 498
23 499
21 500
19 501
17 502
17 503
21 504
21 505
27 506
36 507
24 508
24 509
28 510
45 511
45 512
35 513
45 514
43 515
40 516
50 517
48 518
41 519
42 520
66 521
54 522
43 523
62 524
68 525
50 526
51 527
56 528
51 529
47 530
32 531
31 532
38 533
37 534
25 535
37 536
32 537
23 538
18 539
27 540
15 541
13 542
15 543
12 544
8 545
8 546
6 547
3 548
9 549
10 550
5 551
9 552
5 553
1 554
7 555
3 556
3 557
4 558
5 559
3 560
5 561
6 562
6 563
9 564
4 565
3 566
8 567
8 568
6 569
9 570
8 571
10 572
9 573
6 574
8 575
9 576
8 577
7 578
13 579
12 580
6 581
16 582
14 583
17 584
20 585
22 586
17 587
16 588
18 589
27 590
15 591
18 592
12 593
28 594
19 595
22 596
10 597
14 598
11 599
12 600
17 601
14 602
6 603
17 604
11 605
17 606
9 607
14 608
12 609
19 610
13 611
11 612
14 613
19 614
13 615
9 616
14 617
19 618
14 619
9 620
10 621
9 622
7 623
15 624
9 625
9 626
10 627
10 628
16 629
13 630
21 631
15 632
23 633
14 634
14 635
12 636
18 637
26 638
29 639
24 640
26 641
20 642
28 643
31 644
41 645
32 646
42 647
39 648
58 649
83 650
67 651
54 652
65 653
79 654
90 655
86 656
111 657
111 658
122 659
123 660
134 661
140 662
154 663
182 664
179 665
168 666
164 667
172 668
176 669
127 670
106 671
131 672
127 673
120 674
101 675
82 676
80 677
54 678
50 679
47 680
42 681
34 682
24 683
25 684
25 685
21 686
9 687
22 688
11 689
8 690
8 691
9 692
9 693
9 694
12 695
10 696
11 697
6 698
6 699
9 700
8 701
5 702
13 703
12 704
3 705
10 706
11 707
6 708
8 709
4 710
4 711
6 712
8 713
7 714
7 715
3 716
7 717
3 718
5 719
3 720
4 721
5 722
4 723
6 724
1 725
5 726
6 727
6 728
6 729
2 730
4 731
5 732
7 733
5 734
6 735
5 736
6 737
7 738
4 739
4 740
4 741
7 742
6 743
4 744
8 745
8 746
5 747
6 748
10 749
7 750
8 751
10 752
7 753
8 754
6 755
12 756
7 757
9 758
6 759
5 760
6 761
10 762
4 763
7 764
9 765
5 766
5 767
5 768
5 769
10 770
6 771
4 772
3 773
5 774
4 775
15 776
4 777
9 778
7 779
6 780
7 781
6 782
4 783
6 784
6 785
3 786
3 787
2 788
7 789
3 790
8 791
13 792
7 793
4 794
7 795
10 796
8 797
7 798
7 799
4 800
5 801
7 802
11 803
7 804
11 805
7 806
3 807
7 808
14 809
11 810
7 811
9 812
11 813
13 814
8 815
9 816
9 817
17 818
14 819
11 820
9 821
8 822
10 823
9 824
19 825
14 826
11 827
18 828
22 829
17 830
25 831
21 832
22 833
25 834
26 835
33 836
24 837
29 838
33 839
37 840
33 841
31 842
41 843
50 844
37 845
47 846
64 847
61 848
69 849
74 850
75 851
79 852
92 853
103 854
90 855
85 856
103 857
95 858
105 859
111 860
122 861
100 862
103 863
102 864
81 865
84 866
87 867
85 868
79 869
69 870
56 871
52 872
52 873
36 874
44 875
42 876
28 877
38 878
23 879
27 880
26 881
23 882
17 883
15 884
12 885
15 886
12 887
12 888
18 889
7 890
11 891
11 892
21 893
11 894
12 895
13 896
16 897
9 898
17 899
19 900
16 901
19 902
18 903
21 904
24 905
27 906
20 907
18 908
13 909
19 910
11 911
29 912
19 913
23 914
25 915
20 916
20 917
19 918
8 919
12 920
10 921
7 922
9 923
8 924
6 925
6 926
4 927
3 928
9 929
7 930
4 931
3 932
4 933
3 934
4 935
3 936
5 937
7 938
1 939
1 940
4 941
1 942
1 944
3 945
1 946
1 947
2 948
4 949
1 950
2 951
2 952
2 953
2 954
2 955
2 956
3 957
2 958
1 959
1 960
2 961
2 963
3 964
2 967
2 968
1 969
4 970
2 971
3 972
1 973
2 974
1 975
2 976
2 977
2 979
2 981
1 982
1 983
1 984
3 986
1 987
3 990
2 991
5 992
1 993
1 995
2 996
2 997
1 998
2 999
2 1000
2 1001
3 1005
1 1006
1 1007
2 1008
1 1009
3 1010
1 1011
3 1012
1 1013
1 1015
3 1016
1 1017
3 1018
1 1019
2 1020
1 1021
4 1022
2 1024
2 1025
4 1026
5 1028
1 1029
1 1030
3 1031
1 1033
3 1034
2 1035
3 1036
1 1037
2 1038
4 1039
2 1040
4 1041
4 1042
2 1043
3 1044
4 1045
3 1046
2 1047
3 1049
2 1050
1 1052
1 1054
6 1055
2 1056
3 1057
1 1058
2 1059
1 1060
6 1061
4 1062
2 1063
4 1064
2 1065
3 1066
1 1067
2 1068
2 1069
2 1070
4 1071
3 1072
5 1073
4 1074
2 1075
4 1076
2 1077
1 1078
2 1079
3 1080
4 1081
3 1082
7 1083
1 1084
1 1085
7 1086
3 1087
1 1088
1 1089
2 1090
4 1091
5 1092
1 1093
1 1094
3 1095
1 1096
3 1097
5 1098
4 1099
3 1100
5 1101
3 1102
3 1103
7 1104
3 1105
6 1106
5 1107
7 1108
7 1109
4 1110
8 1111
5 1112
6 1113
1 1114
1 1115
3 1116
3 1117
2 1118
3 1119
3 1120
3 1121
3 1122
3 1123
5 1124
3 1125
2 1126
3 1127
3 1128
4 1129
1 1130
1 1131
2 1132
2 1133
5 1134
3 1135
3 1136
5 1137
2 1138
3 1139
1 1140
3 1142
1 1143
1 1144
5 1145
3 1146
2 1147
3 1148
3 1149
2 1150
4 1151
6 1152
3 1153
2 1154
5 1156
6 1157
3 1159
5 1160
3 1161
2 1162
7 1163
4 1164
4 1165
2 1166
5 1167
4 1168
4 1169
5 1170
6 1171
4 1172
5 1173
7 1174
3 1175
6 1176
4 1177
14 1178
8 1179
7 1180
7 1181
17 1182
10 1183
12 1184
11 1185
6 1186
3 1187
10 1188
15 1189
4 1190
12 1191
10 1192
12 1193
11 1194
4 1195
10 1196
14 1197
5 1198
11 1199
17 1200
5 1201
11 1202
11 1203
8 1204
6 1205
4 1206
8 1207
2 1208
6 1209
4 1210
7 1211
5 1212
5 1213
5 1214
4 1215
2 1216
7 1218
5 1219
1 1220
6 1221
5 1222
2 1223
1 1224
1 1225
5 1226
6 1227
5 1229
3 1230
4 1231
2 1232
6 1233
1 1234
4 1235
2 1236
5 1237
5 1238
5 1239
4 1240
3 1241
1 1242
6 1243
2 1244
4 1245
4 1246
2 1247
1 1248
2 1250
1 1251
6 1252
3 1253
2 1254
5 1255
4 1256
4 1257
6 1258
4 1259
4 1260
7 1261
6 1262
7 1263
5 1264
3 1265
10 1266
3 1267
7 1268
11 1269
11 1270
7 1271
13 1272
7 1273
11 1274
12 1275
12 1276
5 1277
12 1278
9 1279
6 1280
11 1281
12 1282
9 1283
22 1284
13 1285
14 1286
9 1287
10 1288
9 1289
20 1290
16 1291
11 1292
15 1293
17 1294
17 1295
19 1296
19 1297
14 1298
17 1299
24 1300
17 1301
21 1302
13 1303
13 1304
10 1305
12 1306
18 1307
16 1308
11 1309
13 1310
9 1311
10 1312
12 1313
8 1314
11 1315
12 1316
9 1317
12 1318
11 1319
10 1320
7 1321
12 1322
8 1323
12 1324
15 1325
10 1326
9 1327
15 1328
9 1329
9 1330
7 1331
5 1332
8 1333
4 1334
8 1335
6 1336
4 1337
2 1338
2 1339
4 1340
1 1341
3 1342
3 1343
4 1344
5 1345
6 1346
8 1347
1 1348
4 1349
4 1350
4 1351
5 1352
6 1353
2 1354
2 1355
9 1356
4 1357
3 1358
4 1359
5 1360
3 1361
3 1362
4 1363
1 1364
5 1365
1 1366
1 1367
8 1368
4 1369
7 1370
2 1371
6 1372
3 1373
1 1374
3 1375
3 1376
6 1377
2 1378
5 1379
6 1380
4 1381
6 1382
5 1383
5 1384
5 1385
8 1386
6 1387
2 1388
5 1389
7 1390
5 1391
12 1392
7 1393
9 1394
3 1395
8 1396
6 1397
13 1398
5 1399
8 1400
2 1401
2 1402
2 1403
6 1404
4 1405
8 1406
5 1407
7 1408
11 1409
9 1410
12 1411
13 1412
13 1413
10 1414
9 1415
7 1416
15 1417
8 1418
12 1419
7 1420
14 1421
8 1422
13 1423
20 1424
14 1425
15 1426
21 1427
16 1428
9 1429
14 1430
10 1431
16 1432
14 1433
13 1434
17 1435
14 1436
13 1437
12 1438
15 1439
15 1440
11 1441
13 1442
8 1443
12 1444
4 1445
6 1446
12 1447
6 1448
10 1449
12 1450
12 1451
14 1452
11 1453
10 1454
15 1455
11 1456
8 1457
10 1458
6 1459
9 1460
12 1461
6 1462
6 1463
10 1464
5 1465
11 1466
8 1467
6 1468
13 1469
10 1470
5 1471
9 1472
11 1473
9 1474
12 1475
9 1476
11 1477
9 1478
16 1479
9 1480
11 1481
11 1482
15 1483
13 1484
11 1485
10 1486
15 1487
13 1488
10 1489
14 1490
18 1491
14 1492
15 1493
18 1494
10 1495
23 1496
24 1497
19 1498
18 1499
20 1500
30 1501
17 1502
20 1503
26 1504
30 1505
20 1506
31 1507
35 1508
28 1509
28 1510
35 1511
38 1512
41 1513
41 1514
52 1515
46 1516
51 1517
51 1518
49 1519
46 1520
62 1521
61 1522
56 1523
59 1524
54 1525
70 1526
43 1527
59 1528
65 1529
46 1530
54 1531
46 1532
68 1533
58 1534
69 1535
61 1536
69 1537
46 1538
64 1539
55 1540
50 1541
53 1542
51 1543
44 1544
33 1545
36 1546
38 1547
39 1548
30 1549
32 1550
20 1551
17 1552
21 1553
25 1554
27 1555
13 1556
11 1557
18 1558
9 1559
9 1560
9 1561
10 1562
12 1563
7 1564
5 1565
12 1566
5 1567
8 1568
5 1569
7 1570
7 1572
3 1573
2 1574
1 1575
4 1576
4 1577
6 1578
2 1579
4 1580
2 1581
4 1582
1 1583
1 1584
1 1585
6 1586
1 1587
4 1588
1 1589
3 1590
5 1591
3 1592
3 1593
1 1594
3 1595
1 1596
6 1597
3 1598
3 1599
7 1600
5 1601
3 1602
1 1603
3 1604
2 1606
7 1607
3 1608
3 1609
1 1610
8 1612
1 1613
2 1614
4 1615
4 1616
4 1617
3 1618
4 1619
1 1620
5 1621
2 1622
8 1623
7 1624
6 1625
5 1626
3 1627
3 1628
5 1630
5 1631
4 1632
2 1633
3 1634
3 1635
4 1636
6 1637
5 1638
6 1639
8 1640
6 1641
6 1642
5 1643
7 1644
10 1645
5 1646
6 1647
8 1648
3 1649
6 1650
6 1651
5 1652
2 1653
2 1654
1 1655
2 1656
3 1657
3 1658
3 1659
1 1660
2 1661
4 1662
1 1663
2 1665
3 1666
2 1667
1 1668
6 1670
2 1671
2 1673
1 1674
1 1676
1 1677
1 1678
1 1679
1 1680
1 1685
2 1687
2 1688
1 1689
1 1691
2 1692
2 1693
3 1695
4 1696
1 1697
1 1698
1 1699
1 1700
1 1702
2 1703
1 1704
1 1706
1 1707
2 1709
2 1710
4 1711
3 1712
1 1713
3 1714
1 1715
2 1717
1 1718
1 1719
1 1720
1 1721
2 1722
2 1723
1 1725
1 1727
2 1728
1 1730
1 1733
1 1735
2 1736
2 1737
2 1738
1 1741
1 1743
6 1744
1 1745
3 1746
4 1747
2 1748
2 1749
2 1750
1 1751
1 1752
3 1753
3 1754
4 1755
4 1756
4 1757
4 1758
2 1759
4 1760
2 1761
3 1762
5 1763
3 1764
8 1765
5 1766
4 1767
2 1768
1 1769
4 1770
1 1771
8 1772
5 1773
4 1774
3 1775
6 1776
2 1777
1 1778
1 1779
3 1780
3 1781
6 1782
5 1783
4 1784
3 1785
3 1786
5 1787
2 1788
1 1789
5 1790
3 1792
2 1793
1 1794
6 1795
1 1796
1 1797
2 1798
1 1799
4 1800
4 1801
3 1802
1 1803
4 1804
1 1805
4 1806
1 1808
5 1810
1 1811
4 1812
3 1813
1 1814
6 1815
3 1816
1 1817
1 1818
5 1819
4 1820
6 1821
5 1822
2 1823
3 1824
2 1825
6 1826
4 1827
5 1828
3 1829
4 1830
2 1831
2 1832
3 1833
4 1834
6 1835
4 1836
6 1837
3 1838
5 1839
6 1840
7 1841
5 1842
2 1843
5 1844
4 1845
10 1846
10 1847
8 1848
6 1849
7 1850
3 1851
10 1852
10 1853
9 1854
6 1855
9 1856
9 1857
12 1858
11 1859
6 1860
11 1861
13 1862
9 1863
15 1864
8 1865
10 1866
14 1867
15 1868
9 1869
13 1870
12 1871
16 1872
11 1873
12 1874
18 1875
24 1876
23 1877
18 1878
18 1879
15 1880
18 1881
21 1882
26 1883
26 1884
18 1885
21 1886
13 1887
22 1888
17 1889
19 1890
13 1891
22 1892
10 1893
18 1894
8 1895
18 1896
13 1897
15 1898
17 1899
9 1900
9 1901
12 1902
5 1903
10 1904
10 1905
11 1906
12 1907
4 1908
9 1909
9 1910
9 1911
6 1912
9 1913
10 1914
1 1915
7 1916
2 1917
4 1918
5 1919
3 1920
5 1921
2 1922
4 1923
7 1925
2 1926
4 1927
3 1928
1 1929
2 1931
3 1932
3 1933
6 1935
1 1936
1 1937
1 1940
3 1941
3 1942
1 1944
4 1945
3 1946
5 1947
2 1948
1 1950
7 1951
1 1952
5 1953
2 1954
1 1955
1 1956
1 1957
6 1958
3 1959
2 1960
2 1961
1 1962
3 1963
5 1964
2 1965
1 1966
1 1967
2 1968
4 1969
1 1970
3 1971
1 1972
2 1973
1 1974
2 1975
5 1976
1 1977
2 1978
4 1979
2 1980
2 1981
4 1982
2 1983
1 1984
2 1985
1 1986
3 1987
2 1989
1 1990
1 1992
2 1994
4 1995
1 1996
1 1998
2 1999
1 2002
2 2003
1 2004
2 2005
1 2006
1 2008
1 2009
1 2010
2 2011
1 2012
1 2013
1 2014
1 2015
5 2016
1 2018
1 2022
2 2023
1 2024
2 2025
1 2026
1 2027
1 2028
2 2029
1 2031
3 2032
1 2033
1 2034
1 2035
3 2038
2 2039
3 2042
2 2043
2 2044
2 2045
2 2046
1 2048
2 2049
1 2051
2 2053
3 2055
2 2056
2 2061
5 2063
3 2069
2 2070
1 2072
1 2075
1 2079
2 2083
1 2084
1 2085
1 2086
1 2089
1 2092
3 2096
1 2098
1 2100
1 2101
1 2102
1 2103
1 2104
2 2110
1 2111
1 2112
2 2113
1 2114
1 2116
1 2119
1 2121
1 2125
3 2126
2 2127
1 2128
2 2130
3 2131
2 2132
1 2134
1 2135
1 2136
1 2142
1 2143
1 2144
2 2145
1 2146
2 2150
1 2154
1 2157
3 2160
1 2161
1 2164
3 2165
1 2166
1 2167
2 2168
1 2169
2 2171
1 2172
1 2173
3 2175
3 2177
1 2178
5 2179
1 2181
2 2182
2 2183
1 2184
1 2185
1 2187
1 2188
1 2192
1 2193
2 2194
2 2196
4 2198
2 2199
2 2206
1 2207
3 2208
1 2210
1 2211
1 2213
1 2214
3 2216
3 2217
2 2218
1 2220
4 2222
1 2223
2 2225
2 2227
3 2228
3 2230
2 2231
1 2232
3 2233
5 2234
2 2235
2 2236
2 2237
4 2238
2 2240
1 2241
3 2242
2 2243
2 2244
7 2245
3 2246
3 2247
3 2248
3 2249
2 2250
4 2251
3 2252
7 2253
4 2254
1 2255
3 2256
3 2257
1 2258
8 2259
5 2260
3 2261
5 2262
4 2263
3 2265
2 2266
9 2267
6 2268
4 2269
5 2270
4 2271
9 2272
6 2273
5 2274
4 2275
6 2276
5 2277
5 2278
2 2279
8 2280
5 2281
4 2282
9 2283
3 2284
4 2285
3 2286
5 2287
5 2288
6 2289
2 2290
5 2291
2 2292
7 2293
9 2294
7 2295
13 2296
6 2297
8 2298
10 2299
3 2300
11 2301
11 2302
3 2303
5 2304
5 2305
6 2306
6 2307
7 2308
7 2309
4 2310
5 2311
6 2312
1 2313
2 2314
4 2315
3 2316
1 2317
5 2318
4 2319
3 2321
5 2322
5 2323
3 2324
3 2325
4 2326
3 2327
3 2328
8 2329
5 2330
2 2331
3 2332
4 2333
5 2334
5 2335
7 2336
2 2337
4 2338
7 2339
4 2340
10 2341
6 2342
3 2343
3 2344
2 2345
5 2346
1 2347
2 2348
4 2349
3 2350
10 2351
5 2352
9 2353
7 2354
3 2355
4 2356
6 2357
2 2358
4 2359
11 2360
4 2361
9 2362
9 2363
2 2364
2 2365
6 2366
6 2367
3 2368
6 2369
4 2370
6 2371
6 2372
10 2373
5 2374
12 2375
14 2376
6 2377
11 2378
11 2379
4 2380
5 2381
11 2382
12 2383
15 2384
10 2385
12 2386
17 2387
9 2388
15 2389
17 2390
12 2391
20 2392
9 2393
8 2394
15 2395
12 2396
5 2397
12 2398
9 2399
15 2400
16 2401
10 2402
14 2403
16 2404
16 2405
13 2406
14 2407
22 2408
12 2409
9 2410
6 2411
18 2412
7 2413
8 2414
13 2415
11 2416
17 2417
9 2418
6 2419
5 2420
5 2421
7 2422
7 2423
7 2424
5 2425
6 2426
8 2427
7 2428
8 2429
4 2430
6 2431
2 2432
1 2433
2 2434
1 2435
2 2436
3 2437
3 2438
4 2439
1 2440
1 2441
2 2442
6 2443
3 2444
3 2445
1 2446
2 2448
2 2449
1 2450
2 2451
1 2452
1 2455
2 2462
1 2464
1 2465
1 2470
1 2477
2 2479
1 2492
2 2493
1 2495
1 2497
1 2500
1 2501
2 2502
1 2503
1 2504
1 2506
1 2509
1 2510
1 2514
1 2515
2 2523
1 2525
2 2531
1 2532
1 2536
1 2541
1 2543
1 2544
1 2546
1 2547
2 2553
1 2560
1 2561
2 2563
1 2569
1 2577
1 2580
1 2585
1 2586
1 2590
1 2593
1 2594
2 2596
1 2597
1 2603
1 2606
1 2608
1 2609
1 2610
1 2611
1 2613
1 2616
1 2617
2 2618
1 2619
2 2621
1 2622
1 2624
1 2625
1 2626
1 2627
1 2631
2 2632
1 2633
1 2634
1 2635
1 2636
2 2640
2 2641
1 2642
1 2644
2 2645
2 2646
1 2649
1 2654
1 2656
2 2659
1 2660
1 2667
1 2669
1 2670
1 2672
2 2673
1 2674
2 2675
1 2677
5 2678
1 2679
1 2681
1 2682
4 2683
3 2684
2 2685
1 2690
1 2692
2 2693
1 2694
1 2699
2 2700
3 2701
3 2703
1 2705
2 2709
1 2711
2 2713
2 2715
2 2718
2 2719
1 2725
1 2726
2 2727
1 2733
1 2734
1 2736
2 2739
2 2742
1 2744
1 2745
1 2748
1 2749
1 2750
1 2751
3 2758
1 2760
1 2761
1 2762
2 2763
1 2766
1 2767
1 2768
1 2769
1 2770
1 2773
1 2775
2 2776
2 2777
1 2779
1 2780
1 2782
1 2786
1 2788
2 2789
1 2791
1 2793
2 2795
1 2796
2 2797
2 2799
1 2801
2 2803
2 2804
2 2805
1 2806
4 2808
2 2810
2 2811
3 2813
2 2814
2 2816
3 2817
1 2818
1 2819
1 2820
2 2821
1 2822
1 2823
5 2824
1 2826
3 2827
6 2828
1 2829
1 2830
2 2831
3 2832
2 2833
1 2834
2 2835
3 2836
1 2837
3 2838
3 2839
2 2840
3 2841
1 2842
5 2843
1 2844
2 2845
6 2847
3 2849
1 2850
2 2851
4 2852
1 2853
4 2854
4 2855
4 2856
3 2857
1 2858
2 2859
1 2860
4 2861
1 2862
2 2865
2 2866
4 2867
7 2868
3 2869
4 2870
2 2871
1 2872
1 2873
2 2874
5 2875
1 2876
2 2877
4 2878
4 2879
4 2880
4 2881
2 2882
8 2883
6 2884
4 2885
6 2887
2 2888
6 2889
3 2890
4 2891
3 2892
2 2893
9 2894
3 2895
5 2896
5 2897
2 2898
2 2899
3 2900
3 2901
5 2902
5 2903
5 2904
4 2905
5 2906
5 2907
5 2908
3 2909
5 2910
3 2911
6 2912
6 2913
9 2914
6 2915
12 2916
5 2917
8 2918
10 2919
10 2920
10 2921
12 2922
13 2923
13 2924
12 2925
6 2926
10 2927
4 2928
9 2929
13 2930
12 2931
10 2932
14 2933
12 2934
9 2935
16 2936
12 2937
8 2938
12 2939
20 2940
7 2941
17 2942
14 2943
17 2944
9 2945
8 2946
8 2947
9 2948
12 2949
6 2950
10 2951
20 2952
6 2953
13 2954
15 2955
9 2956
10 2957
10 2958
9 2959
11 2960
8 2961
6 2962
6 2963
14 2964
8 2965
8 2966
6 2967
7 2968
7 2969
4 2970
2 2971
2 2972
5 2973
5 2974
1 2975
6 2976
4 2977
5 2978
2 2979
5 2980
8 2981
2 2982
4 2983
3 2985
2 2986
1 2987
1 2988
2 2989
1 2990
1 2991
1 2992
1 2994
1 2995
3 2996
1 2997
4 2998
1 3000
1 3001
2 3002
1 3003
1 3004
1 3005
1 3007
1 3009
1 3013
1 3015
1 3016
1 3019
2 3020
1 3021
1 3024
1 3027
1 3030
1 3034
1 3041
1 3043
1 3044
1 3049
1 3051
1 3060
1 3066
1 3078
1 3099
1 3117
1 3129
2 3131
1 3141
1 3163
1 3200
1 3209
1 3211
1 3214
1 3215
1 3225
1 3226
1 3232
1 3242
1 3243
1 3247
1 3251
1 3259
1 3264
1 3267
1 3268
1 3269
1 3272
1 3278
2 3280
1 3286
1 3290
1 3291
1 3293
1 3295
3 3302
3 3306
2 3308
2 3311
1 3314
1 3315
1 3316
3 3318
1 3323
1 3326
1 3330
1 3331
1 3332
1 3340
1 3342
1 3351
3 3353
1 3355
1 3357
1 3358
1 3361
1 3365
2 3367
1 3371
1 3376
1 3378
1 3381
1 3382
1 3390
1 3397
1 3399
1 3403
2 3409
1 3410
1 3412
1 3415
1 3422
1 3424
2 3429
1 3431
1 3434
1 3438
1 3439
1 3442
2 3446
1 3447
1 3449
2 3451
1 3452
1 3453
1 3454
2 3455
2 3459
2 3462
1 3463
1 3464
1 3469
1 3470
2 3472
3 3473
1 3474
1 3475
1 3476
1 3478
1 3479
1 3480
1 3483
1 3488
1 3489
1 3494
1 3496
1 3498
2 3501
1 3502
2 3504
1 3507
1 3510
1 3511
2 3512
2 3514
3 3515
3 3516
2 3517
1 3518
2 3519
4 3520
3 3521
3 3522
1 3523
1 3524
4 3526
2 3527
1 3528
3 3529
2 3530
2 3531
1 3533
1 3535
4 3536
5 3537
2 3538
2 3539
3 3540
3 3542
6 3543
4 3544
3 3545
1 3547
3 3548
1 3550
2 3551
2 3552
4 3553
2 3554
2 3555
2 3556
5 3557
2 3558
4 3559
1 3562
1 3563
1 3565
4 3567
1 3568
1 3570
2 3571
1 3572
2 3573
2 3574
1 3575
1 3578
1 3581
1 3585
2 3586
2 3588
2 3591
2 3592
1 3597
1 3614
1 3621
1 3657
1 3660
1 3675
1 3694
1 3699
1 3715
1 3732
1 3743
1 3748
1 3759
1 3779
1 3782
1 3783
1 3798
1 3811
1 3844
1 3852
1 3934
1 3977
1 4010
1 4017
1 4029
1 4075
1 4124
1 4136
1 4138
1 4142
1 4161
1 4175
1 4177
1 4186
1 4198
1 4204
1 4346
1 4385
1 4458
1 4460
1 4653
1 4655
1 4889
1 5060
1 5140
1 5184
1 5367
1 5484
1 5539
1 5549
1 6369
