1 3
1 4
1 6
2 15
1 16
1 17
2 18
1 21
1 24
1 26
1 27
1 32
1 33
2 34
1 35
1 36
1 38
1 40
2 44
1 45
2 46
2 48
1 49
1 54
1 55
4 62
1 63
1 64
1 65
1 66
1 69
3 71
3 72
1 73
1 75
2 76
1 77
4 78
1 80
1 81
2 82
3 83
2 84
5 85
4 86
2 87
2 89
1 90
1 92
2 93
3 94
3 96
1 97
2 98
4 99
2 102
1 103
5 104
8 105
5 106
3 108
7 109
2 110
7 111
8 112
4 113
3 114
7 115
8 116
5 117
2 118
5 119
4 120
2 121
2 122
8 123
3 125
3 126
1 127
3 129
1 130
3 131
2 132
5 133
2 134
4 135
3 136
2 138
2 139
2 140
1 141
1 142
3 143
3 145
3 146
1 147
4 148
2 149
2 150
4 151
2 153
2 154
2 155
5 156
2 157
4 158
1 160
2 161
2 162
2 163
2 164
2 165
1 166
1 167
6 168
2 169
2 170
1 171
4 172
3 173
3 174
1 175
2 176
1 177
7 178
5 179
4 180
3 181
2 182
7 183
6 184
3 185
3 186
2 187
4 188
7 189
4 190
1 191
5 192
3 193
1 194
3 195
2 196
4 197
3 198
3 199
7 200
9 202
3 203
3 204
5 205
5 206
5 207
9 208
3 209
4 210
7 211
3 212
3 213
1 214
4 215
3 216
4 217
5 218
3 219
2 220
4 221
3 222
4 223
3 224
2 225
7 226
2 227
9 228
2 229
6 230
3 231
5 232
4 233
3 234
1 235
7 236
4 237
7 238
4 239
4 240
10 241
6 242
5 243
4 244
9 245
4 246
13 247
8 248
2 249
11 250
13 251
15 252
13 253
25 254
8 255
17 256
24 257
16 258
14 259
19 260
17 261
7 262
15 263
9 264
6 265
9 266
5 267
12 268
5 269
2 270
4 271
8 272
5 273
6 274
8 275
3 276
8 277
4 278
5 279
4 280
8 281
8 282
6 283
4 284
6 285
7 286
3 287
1 288
4 289
8 290
4 291
6 292
5 293
4 295
6 296
6 297
4 298
6 299
6 300
3 301
9 302
7 303
6 304
5 305
7 306
7 307
6 308
7 309
5 310
2 311
8 312
6 313
9 314
5 315
8 316
7 317
4 318
5 319
4 320
4 321
9 322
5 323
9 324
6 325
6 326
3 327
5 328
8 329
7 330
8 331
6 332
7 333
7 334
4 335
10 336
7 337
7 338
6 339
6 340
3 341
6 342
8 343
4 344
4 345
4 346
1 347
6 348
11 349
1 350
4 351
7 352
4 353
8 354
5 355
1 356
4 357
6 358
5 359
8 360
4 361
4 362
1 363
2 364
2 365
6 366
7 367
5 368
6 369
5 370
4 371
3 372
9 373
8 374
4 375
4 376
4 377
4 378
3 379
6 380
4 381
8 382
8 383
2 384
9 385
6 386
10 387
9 388
4 389
8 390
11 391
3 392
6 393
13 394
14 395
7 396
8 397
12 398
9 399
12 400
14 401
8 402
10 403
13 404
16 405
19 406
13 407
13 408
10 409
16 410
18 411
18 412
15 413
18 414
19 415
21 416
22 417
30 418
32 419
19 420
15 421
18 422
17 423
24 424
24 425
23 426
17 427
15 428
16 429
20 430
26 431
27 432
18 433
18 434
30 435
25 436
24 437
22 438
40 439
32 440
41 441
36 442
33 443
49 444
35 445
39 446
41 447
49 448
45 449
49 450
63 451
61 452
73 453
51 454
61 455
64 456
60 457
48 458
56 459
36 460
54 461
29 462
33 463
27 464
21 465
24 466
23 467
15 468
14 469
12 470
11 471
5 472
8 473
9 474
12 475
3 476
8 477
8 478
10 479
5 480
2 481
5 482
4 484
5 485
5 486
3 487
6 488
9 489
6 490
7 491
9 492
12 493
10 494
8 495
11 496
6 497
6 498
9 499
19 500
14 501
10 502
12 503
16 504
11 505
14 506
16 507
15 508
13 509
13 510
14 511
11 512
13 513
10 514
12 515
13 516
12 517
16 518
10 519
11 520
9 521
7 522
11 523
13 524
10 525
10 526
9 527
15 528
17 529
6 530
13 531
8 532
13 533
9 534
16 535
24 536
23 537
27 538
24 539
23 540
27 541
29 542
28 543
31 544
34 545
36 546
32 547
26 548
27 549
35 550
31 551
32 552
29 553
20 554
19 555
21 556
25 557
18 558
22 559
14 560
17 561
15 562
15 563
10 564
10 565
11 566
13 567
8 568
10 569
9 570
20 571
9 572
7 573
10 574
8 575
20 576
17 577
6 578
12 579
15 580
12 581
7 582
11 583
15 584
14 585
15 586
13 587
5 588
8 589
11 590
8 591
9 592
7 593
7 594
11 595
11 596
5 597
10 598
9 599
6 600
5 601
13 602
11 603
3 604
7 605
14 606
7 607
13 608
13 609
9 610
14 611
17 612
12 613
11 614
23 615
10 616
22 617
22 618
19 619
18 620
18 621
19 622
20 623
27 624
29 625
13 626
23 627
19 628
16 629
14 630
19 631
16 632
18 633
15 634
8 635
11 636
6 637
7 638
10 639
10 640
17 641
6 642
8 643
7 644
7 645
9 646
6 647
4 648
8 649
5 650
5 651
2 652
4 653
5 654
4 655
5 656
4 657
8 658
6 659
9 660
5 661
6 662
12 663
4 664
8 665
8 666
10 667
8 668
8 669
11 670
8 671
11 672
6 673
10 674
11 675
7 676
13 677
14 678
11 679
11 680
16 681
4 682
8 683
7 684
13 685
13 686
13 687
15 688
5 689
7 690
14 691
8 692
14 693
9 694
12 695
14 696
10 697
8 698
11 699
5 700
9 701
3 702
18 703
9 704
7 705
9 706
7 707
10 708
13 709
12 710
11 711
9 712
19 713
16 714
12 715
12 716
8 717
16 718
18 719
19 720
13 721
27 722
23 723
17 724
24 725
18 726
25 727
20 728
21 729
19 730
22 731
21 732
26 733
15 734
29 735
24 736
33 737
30 738
30 739
31 740
45 741
41 742
37 743
39 744
50 745
55 746
54 747
46 748
74 749
71 750
68 751
81 752
69 753
85 754
70 755
96 756
102 757
110 758
107 759
92 760
124 761
113 762
108 763
93 764
104 765
105 766
99 767
93 768
85 769
94 770
81 771
71 772
66 773
77 774
65 775
55 776
44 777
49 778
49 779
32 780
32 781
18 782
23 783
26 784
22 785
19 786
16 787
8 788
10 789
13 790
17 791
8 792
11 793
13 794
9 795
9 796
9 797
7 798
9 799
6 800
4 801
5 802
4 803
6 804
6 805
13 806
6 807
8 808
10 809
14 810
9 811
10 812
6 813
11 814
13 815
9 816
12 817
10 818
11 819
9 820
9 821
8 822
16 823
4 824
13 825
18 826
6 827
8 828
16 829
12 830
11 831
11 832
9 833
12 834
18 835
18 836
19 837
16 838
18 839
16 840
12 841
19 842
14 843
17 844
13 845
16 846
20 847
18 848
13 849
18 850
28 851
27 852
21 853
17 854
23 855
21 856
20 857
31 858
44 859
22 860
24 861
27 862
25 863
26 864
23 865
35 866
32 867
30 868
25 869
27 870
22 871
20 872
27 873
25 874
22 875
28 876
19 877
22 878
15 879
24 880
18 881
19 882
16 883
11 884
19 885
19 886
18 887
10 888
13 889
15 890
31 891
22 892
25 893
18 894
25 895
18 896
25 897
16 898
20 899
26 900
22 901
25 902
17 903
23 904
23 905
30 906
46 907
30 908
28 909
30 910
31 911
29 912
30 913
33 914
34 915
44 916
47 917
34 918
52 919
56 920
58 921
55 922
53 923
63 924
55 925
61 926
66 927
73 928
70 929
76 930
73 931
94 932
82 933
105 934
108 935
96 936
92 937
110 938
106 939
106 940
110 941
120 942
126 943
146 944
171 945
154 946
156 947
178 948
196 949
201 950
235 951
206 952
267 953
250 954
280 955
269 956
366 957
322 958
346 959
330 960
372 961
377 962
370 963
402 964
377 965
382 966
372 967
361 968
375 969
371 970
345 971
334 972
345 973
270 974
274 975
249 976
199 977
225 978
186 979
139 980
156 981
130 982
120 983
78 984
85 985
69 986
66 987
58 988
45 989
34 990
25 991
31 992
28 993
24 994
19 995
14 996
14 997
18 998
13 999
11 1000
6 1001
4 1002
7 1003
1 1004
2 1005
3 1006
1 1007
3 1008
5 1009
2 1010
2 1011
1 1012
2 1014
1 1015
1 1016
1 1017
2 1018
2 1019
1 1021
1 1022
4 1023
1 1024
2 1025
1 1026
4 1028
1 1029
1 1030
2 1034
1 1035
1 1036
2 1037
1 1038
1 1039
2 1040
3 1044
1 1046
1 1047
1 1048
1 1049
2 1050
1 1051
1 1052
3 1054
1 1055
1 1056
3 1057
2 1058
2 1061
1 1062
1 1063
1 1064
1 1065
2 1067
1 1068
4 1069
2 1070
1 1071
1 1072
1 1073
2 1074
3 1075
2 1076
1 1077
2 1078
1 1080
2 1081
1 1082
2 1083
3 1084
3 1085
2 1086
1 1088
1 1090
1 1091
2 1092
1 1093
1 1094
1 1095
1 1096
1 1097
1 1098
3 1099
1 1100
1 1102
1 1103
1 1104
1 1105
4 1106
1 1108
1 1109
1 1111
1 1112
1 1117
1 1118
4 1120
2 1121
2 1124
2 1126
1 1127
3 1128
4 1129
1 1130
1 1131
5 1132
1 1133
3 1135
4 1136
3 1137
3 1138
3 1139
3 1140
4 1141
3 1142
1 1143
4 1144
2 1145
4 1146
2 1147
3 1148
2 1149
4 1150
2 1151
2 1152
4 1153
3 1154
2 1155
3 1156
5 1157
3 1158
7 1159
1 1160
7 1161
6 1162
4 1163
6 1164
4 1165
3 1166
2 1167
4 1168
3 1169
2 1170
3 1171
2 1172
3 1173
1 1174
3 1175
1 1176
3 1177
2 1178
1 1180
2 1181
1 1183
2 1184
1 1185
1 1186
2 1188
2 1190
3 1193
1 1194
2 1196
3 1197
1 1198
1 1199
3 1200
3 1202
1 1203
1 1204
1 1207
1 1208
2 1209
2 1210
2 1211
1 1212
1 1215
1 1216
2 1217
1 1218
2 1221
1 1222
1 1223
2 1224
4 1225
2 1226
1 1227
1 1231
1 1232
1 1234
3 1235
1 1237
1 1239
3 1241
2 1242
2 1245
1 1247
2 1248
2 1249
1 1250
2 1255
1 1256
1 1258
2 1261
1 1263
1 1264
1 1265
1 1266
2 1267
2 1268
3 1269
2 1272
1 1273
1 1274
2 1275
1 1276
1 1278
1 1280
3 1281
2 1282
2 1284
2 1285
3 1288
1 1289
1 1290
1 1291
1 1292
2 1294
2 1295
1 1296
2 1297
2 1298
3 1299
1 1300
5 1301
1 1303
3 1306
2 1307
2 1308
3 1309
1 1310
1 1312
1 1313
2 1314
1 1315
1 1317
1 1319
2 1321
1 1323
2 1324
1 1328
1 1330
2 1334
1 1337
1 1338
2 1340
1 1342
2 1345
1 1346
2 1348
1 1349
2 1353
1 1354
4 1355
3 1356
1 1357
3 1358
1 1359
2 1360
2 1364
3 1365
2 1370
2 1371
1 1374
5 1376
5 1377
3 1378
1 1379
1 1380
2 1383
2 1384
1 1385
3 1386
1 1387
2 1388
1 1389
1 1390
1 1391
3 1392
3 1394
3 1396
3 1397
2 1398
1 1399
1 1401
2 1402
2 1403
1 1404
3 1405
1 1407
2 1408
1 1409
1 1410
1 1412
1 1413
1 1414
3 1415
1 1416
1 1417
2 1418
2 1419
1 1420
3 1421
2 1425
1 1426
2 1427
1 1428
2 1432
2 1435
1 1436
3 1437
3 1438
1 1439
2 1441
1 1442
2 1443
2 1444
2 1445
2 1446
2 1447
4 1448
1 1449
1 1450
1 1451
1 1452
1 1453
3 1455
1 1457
3 1458
3 1460
3 1461
2 1463
2 1464
1 1465
1 1466
2 1467
2 1468
1 1469
2 1470
3 1471
1 1474
1 1475
1 1476
1 1477
2 1479
1 1480
1 1481
3 1482
2 1483
1 1486
3 1487
1 1488
3 1489
3 1490
1 1491
2 1494
1 1495
2 1497
2 1498
2 1501
3 1502
2 1503
1 1504
5 1505
1 1506
1 1507
1 1509
2 1513
1 1514
1 1517
1 1518
2 1521
4 1523
2 1525
2 1526
2 1528
3 1530
1 1531
1 1532
1 1533
1 1538
2 1540
1 1541
2 1545
1 1547
1 1548
1 1550
1 1554
2 1555
1 1556
1 1558
2 1559
1 1560
1 1561
3 1566
2 1569
1 1570
1 1571
1 1573
1 1574
2 1575
1 1578
1 1581
1 1584
3 1586
1 1587
1 1588
2 1589
2 1595
2 1596
1 1598
1 1599
3 1600
4 1601
2 1603
3 1605
2 1606
3 1607
2 1608
1 1609
1 1610
2 1611
2 1612
2 1613
2 1614
1 1615
2 1616
1 1617
1 1618
1 1620
1 1622
1 1623
1 1625
2 1627
3 1629
1 1630
1 1632
1 1633
3 1634
2 1635
2 1636
3 1637
4 1638
1 1639
2 1640
1 1641
3 1642
2 1644
3 1645
2 1646
4 1647
2 1650
1 1651
1 1652
4 1653
1 1654
1 1655
4 1656
1 1659
1 1660
2 1661
4 1662
4 1664
1 1665
6 1666
1 1668
2 1669
2 1670
1 1671
2 1672
4 1673
3 1675
2 1677
1 1679
2 1680
1 1681
4 1682
2 1684
3 1685
6 1686
2 1687
2 1688
1 1689
2 1691
1 1693
2 1694
3 1695
3 1697
2 1698
5 1699
2 1701
2 1702
5 1703
3 1705
2 1706
2 1707
3 1708
3 1709
4 1710
2 1711
3 1712
2 1713
2 1714
1 1715
2 1718
1 1719
1 1720
2 1721
3 1722
3 1723
4 1724
2 1725
1 1728
1 1729
1 1730
5 1731
5 1732
1 1733
1 1734
2 1735
2 1736
1 1738
1 1740
1 1741
1 1743
1 1745
1 1747
2 1748
2 1749
1 1750
1 1752
1 1753
2 1755
1 1757
1 1758
1 1763
2 1767
1 1768
2 1769
1 1770
3 1771
1 1773
1 1774
2 1775
1 1776
5 1778
2 1779
1 1780
1 1782
1 1783
1 1784
2 1785
1 1786
1 1787
1 1789
2 1795
1 1796
2 1798
1 1799
1 1800
1 1801
1 1802
1 1803
2 1804
1 1806
1 1808
3 1810
2 1811
1 1812
2 1813
1 1814
2 1816
2 1818
2 1820
1 1821
1 1822
2 1823
2 1825
1 1828
1 1829
2 1832
2 1833
2 1834
1 1835
1 1836
2 1837
1 1838
1 1840
1 1841
2 1849
2 1850
1 1851
1 1852
2 1853
4 1855
1 1857
1 1858
2 1859
2 1860
1 1862
2 1863
2 1866
2 1867
1 1869
2 1870
2 1872
1 1873
2 1874
1 1876
1 1877
2 1878
1 1879
1 1880
1 1881
1 1882
1 1884
3 1885
1 1886
1 1889
1 1890
4 1891
2 1892
2 1893
2 1894
1 1897
1 1900
2 1902
1 1903
2 1905
1 1906
1 1908
2 1909
2 1910
1 1912
2 1914
2 1915
2 1916
3 1918
1 1919
1 1921
2 1923
1 1924
2 1926
1 1928
3 1930
2 1931
3 1932
1 1933
2 1934
2 1937
2 1938
4 1939
2 1940
1 1942
2 1943
2 1945
1 1946
2 1947
1 1949
1 1950
1 1955
2 1956
3 1957
3 1959
4 1960
4 1962
1 1963
2 1965
3 1966
1 1967
2 1968
2 1969
2 1970
1 1973
1 1976
1 1978
1 1979
1 1980
1 1981
3 1982
1 1984
2 1985
2 1986
1 1988
2 1989
3 1990
2 1991
2 1992
2 1993
3 1994
2 1996
2 1997
1 1999
4 2001
4 2002
3 2003
1 2004
3 2005
5 2006
1 2007
1 2008
3 2009
2 2010
1 2011
4 2012
1 2013
2 2014
2 2015
2 2017
1 2018
3 2020
2 2022
1 2023
3 2024
1 2025
1 2026
1 2027
1 2028
2 2030
1 2031
1 2032
1 2033
1 2035
2 2036
3 2038
2 2039
1 2040
3 2041
3 2042
3 2043
2 2044
1 2045
1 2046
1 2047
2 2048
2 2049
2 2050
1 2051
2 2052
4 2053
5 2054
2 2055
3 2056
1 2057
4 2058
4 2059
4 2060
2 2061
1 2062
1 2063
1 2064
2 2065
3 2066
2 2067
4 2068
2 2069
4 2070
1 2071
3 2072
4 2073
2 2074
3 2076
1 2077
1 2078
1 2080
2 2081
3 2082
2 2083
2 2084
4 2085
1 2086
3 2087
3 2088
3 2089
3 2090
3 2091
2 2092
3 2093
5 2094
5 2095
3 2096
2 2097
2 2098
3 2099
4 2100
2 2101
2 2102
4 2103
3 2104
3 2105
2 2106
2 2107
4 2108
3 2109
2 2110
4 2111
4 2112
2 2113
4 2115
3 2116
4 2117
3 2118
3 2119
4 2120
2 2121
3 2122
6 2123
3 2124
6 2125
1 2126
6 2127
4 2128
3 2129
4 2130
3 2131
5 2132
4 2133
8 2134
3 2135
4 2136
3 2137
3 2138
4 2139
5 2140
6 2141
4 2142
5 2143
2 2144
4 2145
4 2146
12 2147
6 2148
5 2149
5 2150
4 2151
5 2152
5 2153
3 2154
6 2155
6 2156
8 2157
6 2158
4 2159
2 2160
3 2161
4 2162
3 2163
3 2164
3 2165
8 2166
6 2167
6 2168
5 2169
4 2170
7 2171
8 2172
6 2173
10 2174
9 2175
5 2176
5 2177
3 2178
7 2179
9 2180
10 2181
9 2182
9 2183
10 2184
10 2185
8 2186
9 2187
9 2188
13 2189
9 2190
14 2191
6 2192
14 2193
17 2194
12 2195
10 2196
9 2197
13 2198
10 2199
20 2200
8 2201
15 2202
20 2203
22 2204
15 2205
16 2206
12 2207
22 2208
14 2209
20 2210
17 2211
18 2212
24 2213
16 2214
15 2215
22 2216
16 2217
16 2218
18 2219
21 2220
22 2221
34 2222
37 2223
17 2224
31 2225
23 2226
25 2227
21 2228
32 2229
19 2230
26 2231
20 2232
33 2233
19 2234
26 2235
29 2236
16 2237
25 2238
25 2239
20 2240
34 2241
33 2242
28 2243
22 2244
23 2245
23 2246
24 2247
29 2248
34 2249
23 2250
28 2251
21 2252
23 2253
25 2254
34 2255
28 2256
24 2257
37 2258
27 2259
17 2260
24 2261
32 2262
30 2263
31 2264
28 2265
26 2266
35 2267
33 2268
35 2269
27 2270
19 2271
16 2272
25 2273
30 2274
23 2275
27 2276
25 2277
29 2278
30 2279
28 2280
25 2281
34 2282
23 2283
24 2284
12 2285
15 2286
31 2287
31 2288
25 2289
22 2290
19 2291
11 2292
17 2293
18 2294
28 2295
14 2296
14 2297
16 2298
18 2299
18 2300
22 2301
24 2302
16 2303
19 2304
9 2305
20 2306
10 2307
21 2308
11 2309
16 2310
23 2311
17 2312
17 2313
12 2314
11 2315
11 2316
15 2317
13 2318
16 2319
18 2320
20 2321
27 2322
22 2323
19 2324
11 2325
15 2326
19 2327
21 2328
21 2329
14 2330
15 2331
18 2332
15 2333
19 2334
28 2335
20 2336
24 2337
23 2338
24 2339
28 2340
24 2341
26 2342
32 2343
22 2344
30 2345
46 2346
34 2347
32 2348
32 2349
31 2350
31 2351
35 2352
28 2353
38 2354
41 2355
37 2356
43 2357
43 2358
52 2359
41 2360
33 2361
44 2362
50 2363
45 2364
37 2365
55 2366
59 2367
41 2368
39 2369
35 2370
55 2371
41 2372
43 2373
34 2374
53 2375
40 2376
35 2377
47 2378
41 2379
33 2380
38 2381
33 2382
32 2383
39 2384
33 2385
30 2386
28 2387
23 2388
31 2389
31 2390
32 2391
27 2392
24 2393
26 2394
17 2395
20 2396
18 2397
22 2398
15 2399
14 2400
12 2401
14 2402
24 2403
9 2404
9 2405
23 2406
14 2407
9 2408
16 2409
5 2410
5 2411
14 2412
10 2413
9 2414
10 2415
14 2416
8 2417
6 2418
8 2419
6 2420
7 2421
7 2422
10 2423
8 2424
4 2425
7 2426
5 2427
6 2428
11 2429
11 2430
10 2431
6 2432
10 2433
11 2434
14 2435
9 2436
7 2437
10 2438
5 2439
9 2440
14 2441
13 2442
8 2443
20 2444
11 2445
9 2446
11 2447
10 2448
11 2449
12 2450
17 2451
10 2452
14 2453
15 2454
16 2455
18 2456
19 2457
17 2458
19 2459
21 2460
26 2461
17 2462
20 2463
25 2464
16 2465
24 2466
24 2467
16 2468
22 2469
28 2470
23 2471
28 2472
17 2473
24 2474
26 2475
27 2476
18 2477
26 2478
25 2479
23 2480
22 2481
23 2482
21 2483
20 2484
12 2485
20 2486
17 2487
20 2488
13 2489
14 2490
14 2491
22 2492
9 2493
9 2494
13 2495
11 2496
6 2497
10 2498
8 2499
3 2500
5 2501
6 2502
6 2503
5 2504
3 2505
7 2506
6 2507
4 2508
5 2509
4 2510
6 2511
5 2512
2 2513
3 2514
4 2515
5 2516
4 2517
8 2518
4 2520
2 2521
1 2522
2 2523
2 2524
1 2525
2 2526
4 2527
4 2528
4 2529
2 2530
3 2531
3 2532
4 2533
1 2535
3 2536
2 2537
3 2538
2 2539
4 2540
2 2541
2 2542
2 2543
3 2544
2 2545
3 2546
8 2547
3 2548
2 2549
2 2550
2 2551
1 2552
1 2553
1 2554
2 2555
3 2556
3 2557
6 2558
7 2559
3 2560
2 2561
4 2562
3 2563
3 2564
7 2565
3 2566
4 2567
5 2568
10 2569
6 2570
5 2571
8 2572
6 2573
6 2574
5 2575
3 2576
5 2577
1 2578
8 2579
5 2580
10 2581
10 2582
5 2583
6 2584
2 2585
7 2586
14 2587
9 2588
15 2589
11 2590
12 2591
9 2592
9 2593
14 2594
9 2595
7 2596
11 2597
11 2598
10 2599
13 2600
12 2601
8 2602
12 2603
6 2604
11 2605
14 2606
12 2607
17 2608
11 2609
12 2610
12 2611
12 2612
12 2613
15 2614
11 2615
10 2616
16 2617
11 2618
12 2619
13 2620
12 2621
10 2622
5 2623
11 2624
9 2625
6 2626
10 2627
10 2628
10 2629
9 2630
11 2631
8 2632
9 2633
9 2634
5 2635
8 2636
4 2637
4 2638
7 2639
4 2640
5 2641
1 2642
7 2643
2 2644
8 2645
7 2646
7 2647
3 2648
5 2649
4 2650
2 2651
1 2652
3 2653
2 2654
2 2655
2 2656
4 2657
1 2658
1 2660
3 2661
1 2662
1 2663
5 2664
2 2665
1 2667
4 2669
3 2670
2 2671
2 2672
2 2673
2 2674
2 2675
2 2676
2 2677
2 2678
1 2680
1 2681
2 2682
1 2683
3 2685
1 2686
1 2687
1 2690
1 2693
1 2695
2 2698
1 2699
1 2700
1 2703
2 2705
1 2707
2 2708
1 2709
1 2711
1 2712
1 2714
1 2715
2 2717
1 2720
3 2723
1 2727
2 2729
1 2732
1 2733
1 2734
1 2736
1 2738
1 2739
2 2743
1 2748
1 2752
1 2753
1 2754
1 2755
1 2758
1 2767
1 2774
1 2775
1 2782
1 2785
2 2787
1 2792
1 2804
1 2808
1 2809
1 2817
1 2903
1 2916
1 2936
1 2944
1 2946
1 2949
1 2964
1 2970
1 2982
2 2996
1 3003
1 3005
1 3027
1 3036
1 3060
1 3061
1 3063
1 3069
1 3097
1 3107
1 3119
1 3176
1 3185
1 3186
1 3214
1 3232
1 3236
1 3267
1 3292
1 3335
1 3360
1 3392
1 3398
1 3477
1 3538
1 3596
1 3598
1 3628
1 3655
1 3710
1 3779
1 3889
1 3912
1 4014
1 4242
1 4800
1 4897
1 5080
1 8788
