1 2
1 5
1 6
1 7
1 8
1 10
1 12
3 13
2 14
2 15
1 17
1 18
2 21
2 22
1 25
2 26
1 30
3 31
1 35
1 36
2 37
1 38
4 39
1 40
6 41
3 42
4 43
3 44
2 45
3 46
5 47
1 48
2 49
2 54
1 55
1 56
1 57
1 58
1 59
2 60
1 61
1 62
2 63
1 64
2 65
2 66
1 67
3 68
7 69
4 70
3 71
4 72
1 73
6 74
3 75
3 76
2 78
3 80
1 81
2 82
4 83
4 84
7 86
3 87
2 88
1 89
2 91
2 93
3 94
3 96
4 97
3 98
1 99
3 100
2 101
1 103
3 104
2 105
5 106
2 107
2 108
1 109
2 110
3 111
1 112
4 113
2 114
3 115
4 116
5 117
1 118
1 119
3 120
6 121
2 122
5 123
3 124
4 125
2 126
1 127
3 128
3 129
1 130
4 131
1 132
6 133
1 134
2 135
6 136
1 137
2 138
2 139
2 140
2 141
2 143
2 144
4 145
2 146
3 148
3 149
5 150
5 151
4 152
2 153
2 154
2 155
6 156
3 157
3 158
4 159
3 160
5 161
3 162
4 163
2 164
4 165
10 166
2 167
3 168
3 169
4 170
5 171
5 172
3 173
3 174
5 175
4 176
3 177
3 178
6 179
7 180
5 181
3 182
3 183
5 184
4 185
1 186
4 187
7 188
3 189
2 191
9 192
6 193
7 194
6 195
7 196
11 197
2 198
5 200
6 201
6 202
5 203
2 204
5 205
5 206
3 207
4 208
3 209
5 210
3 211
8 212
6 213
4 215
4 216
2 217
6 218
5 219
5 220
8 221
2 222
5 223
11 224
3 225
7 226
4 227
5 228
9 229
10 230
4 231
9 232
7 233
11 234
5 235
10 236
7 237
3 238
4 239
5 240
5 241
3 242
8 243
4 244
4 245
9 246
8 247
6 248
3 249
6 250
10 251
2 252
2 253
7 254
9 255
9 256
6 257
6 258
5 259
8 260
5 261
3 262
6 263
10 264
7 265
7 266
8 267
2 268
6 269
5 270
6 271
8 272
7 273
7 274
7 275
7 276
9 277
10 278
6 279
2 280
11 281
7 282
11 283
3 284
13 285
12 286
20 287
14 288
14 289
16 290
15 291
18 292
20 293
16 294
22 295
15 296
20 297
17 298
12 299
17 300
20 301
14 302
10 303
14 304
15 305
11 306
15 307
14 308
10 309
16 310
30 311
17 312
23 313
26 314
20 315
18 316
23 317
28 318
20 319
23 320
16 321
19 322
14 323
15 324
18 325
16 326
22 327
15 328
16 329
16 330
14 331
13 332
19 333
17 334
25 335
21 336
25 337
35 338
51 339
34 340
39 341
46 342
56 343
42 344
54 345
61 346
65 347
95 348
100 349
84 350
85 351
110 352
150 353
129 354
141 355
144 356
156 357
184 358
176 359
191 360
167 361
173 362
151 363
136 364
126 365
120 366
85 367
80 368
47 369
48 370
51 371
39 372
33 373
28 374
21 375
11 376
23 377
23 378
12 379
16 380
22 381
14 382
14 383
23 384
31 385
26 386
32 387
16 388
27 389
34 390
39 391
41 392
31 393
41 394
47 395
34 396
40 397
44 398
34 399
38 400
47 401
46 402
45 403
45 404
47 405
41 406
41 407
43 408
27 409
44 410
27 411
31 412
33 413
30 414
29 415
49 416
42 417
35 418
47 419
62 420
46 421
61 422
64 423
69 424
82 425
92 426
95 427
97 428
115 429
147 430
128 431
170 432
160 433
158 434
193 435
188 436
207 437
214 438
184 439
187 440
164 441
198 442
143 443
164 444
137 445
124 446
116 447
108 448
114 449
89 450
106 451
100 452
75 453
83 454
82 455
81 456
85 457
75 458
66 459
61 460
67 461
61 462
57 463
47 464
51 465
45 466
47 467
53 468
41 469
36 470
34 471
49 472
46 473
36 474
34 475
35 476
34 477
30 478
29 479
27 480
24 481
22 482
18 483
26 484
15 485
22 486
23 487
9 488
25 489
24 490
20 491
23 492
28 493
37 494
31 495
23 496
32 497
38 498
39 499
44 500
43 501
34 502
33 503
43 504
41 505
59 506
52 507
65 508
59 509
71 510
68 511
70 512
80 513
74 514
79 515
82 516
79 517
87 518
89 519
82 520
95 521
81 522
58 523
71 524
74 525
49 526
34 527
44 528
36 529
42 530
32 531
31 532
28 533
31 534
26 535
19 536
23 537
15 538
19 539
28 540
26 541
23 542
22 543
16 544
14 545
18 546
21 547
16 548
20 549
13 550
23 551
30 552
31 553
23 554
33 555
31 556
30 557
37 558
33 559
52 560
54 561
49 562
38 563
44 564
60 565
34 566
61 567
63 568
61 569
80 570
83 571
75 572
65 573
74 574
105 575
119 576
91 577
138 578
110 579
174 580
180 581
183 582
199 583
195 584
241 585
271 586
336 587
306 588
325 589
319 590
363 591
378 592
360 593
384 594
387 595
336 596
365 597
290 598
304 599
279 600
226 601
196 602
178 603
175 604
120 605
109 606
106 607
86 608
83 609
45 610
54 611
34 612
44 613
31 614
21 615
23 616
18 617
17 618
16 619
15 620
25 621
18 622
4 623
14 624
7 625
14 626
12 627
7 628
6 629
10 630
11 631
6 632
7 633
12 634
8 635
4 636
4 637
7 638
11 639
4 640
11 641
9 642
9 643
6 644
12 645
10 646
11 647
8 648
6 649
6 650
10 651
10 652
12 653
8 654
8 655
6 656
11 657
13 658
12 659
8 660
12 661
11 662
9 663
12 664
8 665
9 666
7 667
14 668
8 669
9 670
11 671
16 672
11 673
19 674
8 675
10 676
8 677
8 678
12 679
7 680
6 681
10 682
9 683
9 684
9 685
17 686
12 687
8 688
18 689
11 690
17 691
19 692
12 693
11 694
11 695
17 696
17 697
19 698
16 699
12 700
8 701
17 702
18 703
18 704
18 705
19 706
20 707
20 708
24 709
17 710
22 711
33 712
21 713
25 714
36 715
25 716
36 717
44 718
37 719
45 720
44 721
52 722
55 723
58 724
68 725
70 726
59 727
87 728
91 729
103 730
109 731
115 732
130 733
152 734
200 735
181 736
210 737
228 738
254 739
289 740
307 741
330 742
409 743
400 744
402 745
390 746
425 747
463 748
426 749
442 750
425 751
427 752
410 753
373 754
355 755
364 756
353 757
337 758
319 759
238 760
231 761
201 762
183 763
175 764
154 765
137 766
144 767
130 768
101 769
95 770
82 771
80 772
77 773
47 774
67 775
68 776
53 777
32 778
29 779
35 780
31 781
29 782
17 783
33 784
26 785
22 786
26 787
21 788
24 789
24 790
17 791
14 792
15 793
15 794
22 795
20 796
22 797
13 798
26 799
10 800
20 801
20 802
10 803
10 804
17 805
14 806
11 807
13 808
7 809
10 810
7 811
12 812
13 813
9 814
10 815
10 816
8 817
9 818
9 819
6 820
11 821
8 822
10 823
8 824
3 825
7 826
8 827
10 828
10 829
10 830
8 831
10 832
8 833
10 834
14 835
10 836
11 837
6 838
4 839
11 840
7 841
12 842
13 843
7 844
17 845
16 846
10 847
15 848
16 849
19 850
24 851
20 852
28 853
12 854
24 855
23 856
13 857
28 858
21 859
28 860
31 861
33 862
33 863
19 864
36 865
42 866
40 867
36 868
38 869
36 870
46 871
50 872
48 873
61 874
59 875
64 876
56 877
81 878
57 879
78 880
80 881
104 882
81 883
77 884
84 885
74 886
73 887
87 888
70 889
72 890
69 891
77 892
81 893
49 894
73 895
53 896
51 897
50 898
62 899
58 900
43 901
36 902
28 903
35 904
29 905
40 906
37 907
27 908
26 909
37 910
24 911
23 912
17 913
25 914
21 915
16 916
19 917
18 918
17 919
18 920
13 921
6 922
6 923
6 924
15 925
6 926
6 927
4 928
6 929
4 930
7 931
6 932
3 933
2 934
7 935
2 936
6 937
3 938
1 939
3 940
1 941
4 942
2 943
5 944
3 945
2 946
1 947
5 948
2 949
6 950
1 951
3 952
2 954
4 955
7 956
5 957
2 958
5 959
5 960
3 961
3 962
8 963
4 964
5 965
1 966
6 967
5 968
11 969
7 970
4 971
10 972
7 973
3 974
4 975
5 976
4 977
1 978
7 979
1 980
4 981
4 982
7 983
4 984
1 985
2 986
1 987
2 988
1 989
1 990
3 992
1 993
1 996
1 997
2 999
1 1001
1 1002
2 1004
1 1006
1 1008
1 1009
1 1010
1 1011
1 1014
1 1016
1 1018
1 1019
1 1020
1 1021
1 1022
1 1024
2 1025
2 1026
3 1028
4 1030
1 1032
1 1034
2 1036
1 1037
1 1041
1 1044
1 1045
1 1047
2 1048
1 1049
1 1053
1 1054
1 1055
1 1058
2 1063
1 1064
1 1068
1 1069
2 1070
1 1077
1 1078
2 1081
1 1083
1 1084
2 1086
2 1087
1 1091
1 1092
1 1098
2 1104
1 1107
1 1108
1 1111
1 1115
1 1116
2 1118
1 1119
1 1121
1 1123
1 1124
2 1125
2 1126
1 1127
2 1128
1 1129
2 1130
1 1132
1 1134
1 1135
1 1136
1 1142
1 1143
1 1147
1 1151
1 1152
1 1153
3 1154
1 1155
1 1157
4 1158
1 1161
1 1163
1 1166
1 1168
2 1169
1 1170
1 1177
1 1178
1 1179
1 1180
2 1187
2 1189
1 1192
1 1194
1 1195
2 1196
1 1198
1 1207
1 1208
2 1209
1 1214
1 1216
1 1217
2 1219
1 1221
2 1222
1 1225
2 1227
3 1229
2 1230
2 1233
1 1234
1 1235
1 1236
1 1237
1 1239
1 1240
1 1243
1 1244
2 1245
1 1247
1 1249
2 1251
1 1252
2 1253
1 1254
1 1255
1 1257
2 1259
4 1260
2 1261
3 1262
3 1263
2 1264
1 1265
2 1266
7 1267
1 1268
1 1269
6 1270
4 1271
2 1272
3 1273
2 1274
2 1275
4 1276
2 1277
1 1279
4 1280
5 1281
1 1282
3 1283
1 1284
1 1285
4 1286
2 1287
1 1288
1 1289
2 1290
1 1291
1 1293
2 1294
1 1295
3 1296
1 1297
2 1298
1 1300
2 1301
1 1302
1 1303
2 1304
2 1305
1 1307
2 1308
1 1310
1 1311
2 1312
2 1313
2 1314
1 1315
2 1318
2 1319
1 1320
3 1321
1 1322
1 1323
1 1324
1 1325
1 1326
2 1327
3 1328
1 1329
1 1332
1 1333
1 1334
2 1335
3 1338
2 1339
1 1340
1 1341
4 1342
1 1343
2 1344
4 1345
1 1346
1 1347
1 1348
3 1350
1 1352
1 1353
1 1354
1 1355
2 1356
1 1357
1 1360
2 1361
3 1362
3 1365
1 1366
2 1371
1 1372
2 1373
1 1374
1 1375
2 1376
2 1378
1 1380
4 1381
2 1382
4 1385
2 1386
3 1387
1 1388
2 1390
2 1391
2 1392
3 1393
3 1394
1 1395
1 1397
4 1399
1 1400
1 1401
2 1402
3 1403
3 1404
2 1405
1 1406
2 1407
1 1408
1 1409
3 1410
2 1411
1 1412
1 1413
4 1414
3 1415
1 1416
2 1417
4 1418
1 1420
1 1422
2 1423
1 1425
1 1426
2 1427
5 1428
5 1429
2 1430
2 1432
3 1433
2 1434
4 1435
3 1436
4 1437
1 1438
4 1439
2 1440
3 1441
1 1442
4 1443
1 1444
2 1445
3 1446
7 1447
4 1448
4 1449
1 1450
2 1451
2 1452
1 1453
3 1454
7 1455
1 1456
2 1457
3 1458
4 1459
1 1460
4 1461
1 1462
2 1464
1 1465
3 1466
1 1467
4 1469
1 1471
2 1472
5 1473
2 1474
4 1475
1 1476
1 1477
1 1478
2 1479
1 1481
3 1482
4 1483
1 1484
1 1485
1 1486
2 1487
2 1488
1 1489
1 1490
2 1491
6 1492
2 1493
1 1494
2 1495
3 1496
3 1497
2 1498
5 1499
2 1500
4 1501
3 1502
3 1503
3 1504
1 1505
7 1506
2 1507
5 1508
2 1509
5 1510
3 1511
3 1512
6 1513
6 1514
5 1515
6 1516
6 1517
6 1518
7 1519
8 1520
5 1521
8 1522
8 1523
4 1524
5 1525
8 1526
5 1527
4 1528
4 1529
6 1530
3 1531
4 1532
5 1533
3 1534
5 1535
7 1536
5 1537
6 1538
3 1539
9 1540
2 1541
1 1542
6 1543
5 1544
3 1545
3 1546
5 1547
3 1548
5 1549
4 1550
11 1551
4 1552
8 1553
8 1554
13 1555
9 1556
9 1557
10 1558
5 1559
6 1560
9 1561
7 1562
14 1563
18 1564
15 1565
10 1566
13 1567
10 1568
8 1569
13 1570
11 1571
9 1572
13 1573
6 1574
14 1575
6 1576
17 1577
13 1578
15 1579
17 1580
15 1581
14 1582
9 1583
16 1584
16 1585
14 1586
12 1587
10 1588
11 1589
19 1590
12 1591
21 1592
18 1593
21 1594
29 1595
18 1596
31 1597
14 1598
27 1599
13 1600
29 1601
28 1602
26 1603
29 1604
33 1605
31 1606
38 1607
38 1608
30 1609
40 1610
45 1611
36 1612
33 1613
30 1614
41 1615
30 1616
45 1617
44 1618
33 1619
29 1620
38 1621
46 1622
39 1623
42 1624
37 1625
35 1626
38 1627
30 1628
25 1629
25 1630
24 1631
19 1632
30 1633
17 1634
28 1635
21 1636
15 1637
18 1638
12 1639
16 1640
21 1641
12 1642
12 1643
11 1644
12 1645
6 1646
10 1647
9 1648
5 1649
9 1650
8 1651
6 1652
5 1653
7 1654
4 1655
7 1656
2 1657
4 1659
2 1660
3 1661
3 1662
1 1663
4 1664
2 1665
1 1666
1 1667
1 1668
1 1669
1 1670
1 1671
1 1672
1 1673
1 1677
4 1679
1 1681
2 1682
2 1684
2 1694
1 1700
1 1704
1 1707
1 1710
1 1716
1 1718
1 1722
1 1724
2 1725
1 1735
1 1743
1 1750
2 1752
1 1753
1 1755
1 1757
1 1758
1 1764
1 1766
1 1770
1 1775
1 1776
1 1780
1 1782
2 1786
1 1789
1 1790
2 1794
1 1797
1 1799
1 1800
1 1801
1 1812
2 1816
1 1820
1 1823
1 1825
1 1829
1 1830
1 1832
1 1833
1 1835
1 1836
1 1838
1 1840
1 1841
1 1842
1 1843
1 1844
2 1845
1 1847
1 1850
1 1852
1 1855
1 1856
1 1859
1 1860
2 1861
2 1865
1 1866
2 1868
1 1870
2 1871
1 1872
1 1874
1 1876
3 1877
3 1878
1 1879
1 1881
3 1882
2 1883
2 1886
2 1888
1 1890
1 1891
2 1893
2 1894
1 1897
1 1898
1 1899
1 1900
3 1902
2 1905
1 1906
1 1908
2 1909
1 1910
1 1911
1 1915
2 1916
1 1918
3 1920
1 1922
1 1923
1 1927
1 1930
1 1931
1 1933
1 1934
1 1935
1 1937
2 1939
2 1944
3 1946
1 1948
1 1949
1 1950
1 1951
3 1952
2 1953
1 1956
1 1957
1 1958
2 1959
1 1961
2 1962
1 1963
1 1965
2 1966
3 1967
1 1968
2 1969
1 1970
3 1971
2 1974
3 1975
3 1976
4 1977
1 1978
3 1979
2 1980
2 1981
3 1982
2 1983
1 1984
4 1985
3 1986
4 1987
3 1988
2 1989
6 1990
3 1991
3 1992
5 1993
6 1994
5 1995
4 1996
5 1997
7 1998
2 1999
3 2000
12 2001
5 2002
9 2003
10 2004
4 2005
7 2006
4 2007
5 2008
6 2009
7 2010
6 2011
6 2012
4 2013
6 2014
10 2015
2 2016
6 2017
9 2018
4 2019
5 2020
1 2021
14 2022
13 2023
7 2024
4 2025
3 2026
1 2027
7 2028
7 2029
3 2030
5 2031
1 2032
5 2033
2 2034
3 2035
3 2036
4 2037
1 2038
4 2039
2 2041
6 2043
3 2045
2 2046
2 2047
1 2048
3 2049
3 2051
2 2052
2 2053
1 2054
1 2056
1 2057
2 2058
2 2059
2 2062
1 2066
4 2068
2 2070
2 2071
1 2074
1 2075
1 2079
2 2083
2 2084
1 2086
1 2087
1 2088
1 2090
2 2091
1 2093
3 2094
4 2098
1 2099
1 2100
1 2101
1 2102
1 2104
1 2105
2 2106
1 2107
3 2108
1 2111
1 2112
1 2114
3 2115
3 2118
1 2119
1 2120
1 2121
1 2123
2 2125
1 2126
1 2128
2 2129
1 2130
2 2133
2 2134
1 2135
1 2136
1 2137
2 2139
2 2140
1 2141
2 2142
2 2143
2 2148
1 2150
2 2152
1 2153
1 2154
1 2156
2 2160
1 2163
2 2169
1 2170
1 2177
2 2178
1 2179
1 2182
1 2183
2 2186
1 2189
1 2212
1 2219
1 2221
1 2226
1 2230
1 2234
2 2236
1 2237
1 2238
1 2261
1 2266
1 2267
1 2270
1 2272
2 2273
1 2278
1 2279
1 2280
1 2286
1 2309
1 2315
2 2317
1 2329
1 2342
1 2344
1 2371
1 2372
1 2375
1 2379
1 2389
1 2393
1 2398
1 2410
1 2421
1 2436
1 2441
1 2442
1 2447
1 2448
1 2460
1 2461
1 2463
1 2464
2 2468
1 2470
1 2473
1 2475
1 2476
1 2483
1 2484
1 2485
1 2486
1 2487
1 2488
1 2489
1 2492
1 2497
1 2504
1 2506
1 2520
1 2524
1 2526
1 2527
1 2530
1 2531
1 2540
1 2542
1 2552
1 2554
1 2556
1 2561
1 2563
1 2569
1 2570
1 2575
1 2589
1 2602
1 2605
1 2613
1 2615
2 2623
1 2629
1 2633
1 2648
1 2651
1 2665
1 2669
1 2674
1 2686
1 2693
1 2694
1 2696
1 2702
1 2706
1 2709
1 2720
1 2723
1 2725
1 2726
1 2732
1 2735
1 2741
1 2743
1 2745
1 2755
1 2757
1 2759
1 2760
1 2762
1 2769
1 2785
1 2786
1 2789
1 2800
1 2802
1 2813
1 2821
1 2829
1 2834
2 2842
1 2858
1 2861
1 2864
1 2865
1 2872
1 2876
1 2896
1 2920
1 2940
1 2944
1 2945
1 2992
1 3005
2 3011
1 3016
1 3018
1 3019
1 3025
1 3026
1 3030
1 3036
1 3045
1 3046
1 3047
1 3051
1 3054
3 3056
2 3058
1 3060
1 3061
2 3062
1 3065
3 3066
3 3067
3 3068
1 3071
2 3072
1 3074
1 3076
1 3077
2 3078
2 3079
2 3080
2 3081
1 3082
3 3083
4 3084
2 3085
3 3086
3 3087
1 3088
1 3089
1 3090
1 3091
1 3092
1 3093
1 3094
2 3095
1 3097
2 3098
3 3099
3 3100
6 3101
2 3103
2 3104
1 3105
4 3106
1 3107
3 3108
1 3109
1 3110
3 3111
1 3113
2 3115
1 3116
2 3117
1 3118
1 3119
2 3120
1 3122
2 3124
1 3125
2 3126
1 3127
3 3129
1 3130
2 3132
1 3133
1 3134
2 3136
1 3138
1 3144
1 3145
1 3151
1 3152
1 3156
1 3161
1 3165
1 3167
1 3177
1 3183
1 3195
1 3199
1 3208
1 3211
1 3212
1 3213
1 3214
1 3215
1 3219
2 3231
1 3237
1 3239
1 3240
1 3243
1 3248
1 3252
1 3257
1 3260
1 3262
1 3270
2 3278
1 3331
1 3353
1 3384
1 3475
1 3540
1 3570
1 3651
1 3700
1 3701
1 3755
1 4207
1 4339
1 4877
1 5541
