1 3
3 4
2 7
1 8
2 10
2 12
2 13
2 14
1 15
1 16
2 17
1 19
1 21
2 24
2 26
1 28
1 29
2 30
1 32
1 33
2 37
2 38
2 39
1 41
2 42
1 44
3 45
3 46
1 47
3 48
5 49
1 50
1 52
2 53
2 54
3 56
5 57
3 58
1 59
1 61
1 62
1 64
2 65
2 68
4 69
1 70
1 71
2 72
1 73
1 74
6 75
3 76
3 77
3 78
2 79
2 80
2 81
1 82
3 83
1 84
3 85
1 86
5 87
5 88
2 89
2 90
3 91
5 92
2 93
3 94
3 95
2 96
2 97
3 98
1 99
1 101
3 102
3 103
2 104
2 105
2 107
1 108
5 109
4 110
1 111
3 112
5 113
2 114
1 115
2 116
2 117
3 118
5 119
2 120
4 122
2 123
4 124
3 125
2 126
4 127
3 128
2 129
6 130
1 131
1 132
5 133
4 134
4 135
3 136
2 137
4 138
1 139
7 140
2 141
4 142
3 143
3 144
2 145
3 146
1 147
3 148
2 149
2 150
3 151
4 152
1 153
3 154
2 155
4 156
3 157
3 158
1 159
3 161
3 162
1 163
1 164
1 165
1 166
1 167
3 168
5 169
2 170
2 171
2 172
2 173
3 174
1 176
4 177
9 178
3 179
1 180
7 181
3 182
5 183
2 184
2 185
5 186
2 187
6 188
4 189
4 190
5 191
2 192
2 193
7 194
3 195
5 196
6 197
6 198
5 199
7 200
6 201
7 202
9 203
9 204
7 205
6 206
7 207
7 208
6 209
6 210
5 211
4 212
10 213
11 214
13 215
13 216
11 217
5 218
14 219
10 220
6 221
15 222
16 223
21 224
16 225
13 226
16 227
21 228
20 229
23 230
40 231
31 232
36 233
31 234
39 235
28 236
26 237
17 238
13 239
17 240
7 241
9 242
22 243
9 244
7 245
3 246
10 247
11 248
12 249
12 250
9 251
8 252
14 253
7 254
15 255
9 256
6 257
11 258
10 259
10 260
7 261
2 262
8 263
4 264
1 265
5 266
3 267
3 268
3 269
7 270
6 271
3 272
8 273
3 274
2 275
3 276
3 277
1 278
5 279
5 280
1 281
5 282
3 283
3 284
2 285
5 286
1 287
6 288
1 289
7 290
5 291
3 292
2 293
8 294
4 295
3 296
4 297
5 298
3 299
3 300
1 301
8 302
4 303
4 304
6 305
11 306
9 307
12 308
10 309
13 310
5 311
13 312
5 313
11 314
6 315
10 316
2 317
8 318
11 319
12 320
6 321
9 322
12 323
8 324
10 325
12 326
11 327
13 328
9 329
9 330
6 331
7 332
7 333
20 334
8 335
6 336
16 337
13 338
7 339
6 340
9 341
6 342
6 343
4 344
12 345
6 346
12 347
7 348
8 349
1 350
9 351
6 352
9 353
7 354
12 355
13 356
16 357
8 358
8 359
19 360
17 361
23 362
13 363
17 364
40 365
27 366
22 367
28 368
29 369
23 370
29 371
15 372
18 373
20 374
19 375
9 376
19 377
17 378
13 379
14 380
12 381
6 382
7 383
11 384
15 385
11 386
4 387
7 388
2 389
6 390
7 391
4 392
8 393
8 394
6 395
6 396
4 397
5 398
1 399
4 400
5 401
7 402
7 403
10 405
9 406
12 407
5 408
7 409
5 410
7 411
9 412
11 413
10 414
10 415
9 416
10 417
8 418
11 419
15 420
22 421
9 422
11 423
6 424
23 425
22 426
12 427
14 428
22 429
22 430
13 431
9 432
18 433
20 434
17 435
20 436
20 437
7 438
12 439
11 440
11 441
7 442
8 443
7 444
7 445
6 446
3 447
5 448
5 449
1 450
1 451
2 452
3 453
1 454
6 455
7 456
1 457
3 458
3 459
4 460
2 461
4 462
5 463
4 464
6 465
3 466
7 467
4 468
5 469
3 470
3 471
10 472
9 473
4 474
7 475
7 476
4 477
11 478
7 479
6 480
5 482
3 483
5 484
3 485
5 486
1 487
7 488
2 489
2 490
5 491
1 492
8 493
2 494
4 495
1 496
3 497
1 498
1 499
2 500
5 501
2 502
3 503
5 504
4 505
3 507
9 508
3 509
5 510
4 511
3 512
7 513
11 514
6 515
4 516
12 517
7 518
8 519
11 520
6 521
9 522
12 523
8 524
24 525
20 526
11 527
13 528
11 529
29 530
21 531
17 532
19 533
16 534
22 535
23 536
30 537
33 538
24 539
24 540
27 541
21 542
15 543
22 544
14 545
16 546
9 547
6 548
8 549
10 550
9 551
6 552
3 553
3 554
6 555
3 556
2 557
1 558
4 559
5 560
3 561
4 562
1 563
4 564
5 565
5 566
3 567
3 569
8 570
3 571
1 572
3 573
2 574
6 575
2 576
1 577
1 578
4 580
5 581
3 582
3 584
2 585
4 586
3 587
5 588
2 589
3 590
2 591
7 592
2 593
2 595
2 596
2 597
1 598
4 599
3 600
1 601
4 602
4 603
7 604
2 606
2 607
3 608
3 609
4 610
1 611
2 612
2 613
3 614
3 615
1 616
4 617
1 618
2 619
5 620
5 621
1 622
3 623
2 624
1 625
1 627
3 628
2 629
4 630
3 631
5 632
3 633
2 634
2 635
2 636
2 637
3 638
2 639
1 640
1 641
4 642
1 643
4 644
1 645
4 646
5 647
5 648
5 649
5 650
3 651
3 652
1 653
4 654
2 655
5 656
2 657
6 658
2 659
3 660
1 661
7 662
5 663
4 664
4 665
5 666
5 667
5 668
3 669
3 670
4 671
2 672
3 673
4 674
1 675
4 676
3 677
3 678
4 679
3 680
2 681
5 682
3 683
2 685
5 686
1 687
1 688
4 689
3 690
2 691
5 692
4 693
2 694
3 695
2 696
4 697
2 698
6 699
2 700
4 701
2 702
4 703
9 704
3 705
1 706
2 707
3 708
2 709
2 710
1 711
2 712
2 713
6 714
4 715
2 716
5 717
1 719
4 720
4 721
4 722
4 723
3 724
3 725
6 726
4 727
4 728
5 729
6 730
4 731
10 732
1 733
2 734
5 735
2 736
6 737
6 738
5 739
4 740
9 741
5 742
4 743
3 744
4 745
6 746
4 747
6 748
2 749
8 750
6 751
6 752
9 753
11 754
3 755
10 756
8 757
14 758
9 759
10 760
5 761
5 762
13 763
3 764
5 765
4 766
6 767
8 768
3 769
7 770
3 771
3 772
3 773
5 774
8 775
4 776
2 777
2 778
4 780
1 781
2 782
11 783
4 784
1 785
1 786
1 787
5 788
3 789
2 790
2 791
3 792
3 793
1 794
2 795
4 796
4 797
2 798
2 799
1 800
2 801
2 802
2 803
7 804
3 805
5 806
3 807
4 808
2 809
2 810
5 811
4 812
1 813
2 814
6 815
3 816
8 817
5 819
3 820
2 821
4 822
1 823
2 824
6 825
4 826
3 827
5 828
7 829
5 830
4 831
3 832
4 833
3 834
7 835
11 836
5 837
9 838
7 839
5 840
6 841
6 842
3 843
7 844
4 845
5 846
7 847
3 848
3 849
2 850
8 851
7 852
6 853
4 854
5 855
1 856
4 857
4 858
4 859
2 860
2 861
6 862
2 863
3 864
2 865
3 866
3 867
5 868
1 869
3 870
3 871
3 872
1 873
6 874
3 875
3 876
6 877
3 878
5 879
2 880
8 881
5 882
3 883
5 884
3 885
2 886
4 887
6 888
6 889
5 890
1 891
3 892
4 893
4 894
8 895
6 896
8 897
1 898
5 899
3 900
4 901
3 902
5 903
4 904
7 905
4 907
4 908
5 909
6 910
3 911
4 912
3 913
6 914
3 915
1 916
3 917
5 918
5 919
1 920
5 921
4 922
9 923
8 924
8 925
5 926
7 927
10 928
5 929
6 930
2 931
5 932
7 933
6 934
6 935
5 936
7 937
2 938
4 939
8 940
8 941
6 942
10 943
10 944
7 945
9 946
8 947
5 948
5 949
4 950
8 951
4 952
6 953
12 954
11 955
7 956
11 957
14 958
12 959
3 960
9 961
10 962
11 963
9 964
7 965
7 966
12 967
11 968
8 969
5 970
15 971
8 972
6 973
5 974
10 975
6 976
7 977
5 978
7 979
6 980
12 981
5 982
7 983
6 984
8 985
9 986
9 987
2 988
4 989
4 990
8 991
10 992
7 993
6 994
7 995
11 996
9 997
14 998
8 999
7 1000
10 1001
5 1002
9 1003
6 1004
4 1005
10 1006
11 1007
15 1008
8 1009
7 1010
11 1011
12 1012
9 1013
10 1014
16 1015
11 1016
12 1017
9 1018
21 1019
16 1020
8 1021
9 1022
15 1023
17 1024
17 1025
16 1026
22 1027
16 1028
27 1029
12 1030
20 1031
16 1032
28 1033
17 1034
25 1035
30 1036
26 1037
26 1038
26 1039
28 1040
25 1041
25 1042
28 1043
31 1044
43 1045
34 1046
33 1047
42 1048
45 1049
56 1050
45 1051
49 1052
42 1053
54 1054
46 1055
50 1056
47 1057
47 1058
45 1059
73 1060
58 1061
60 1062
46 1063
45 1064
55 1065
43 1066
41 1067
48 1068
41 1069
53 1070
56 1071
45 1072
57 1073
62 1074
54 1075
67 1076
68 1077
68 1078
86 1079
65 1080
83 1081
78 1082
80 1083
100 1084
85 1085
111 1086
122 1087
113 1088
123 1089
142 1090
152 1091
146 1092
160 1093
142 1094
190 1095
161 1096
157 1097
164 1098
167 1099
186 1100
209 1101
168 1102
166 1103
173 1104
158 1105
150 1106
133 1107
132 1108
119 1109
119 1110
100 1111
92 1112
90 1113
64 1114
72 1115
58 1116
46 1117
48 1118
43 1119
26 1120
38 1121
27 1122
27 1123
24 1124
14 1125
15 1126
9 1127
20 1128
5 1129
8 1130
10 1131
10 1132
7 1133
16 1134
5 1135
7 1136
4 1137
5 1138
7 1139
4 1140
4 1141
9 1142
6 1143
8 1144
6 1145
4 1146
3 1147
11 1148
6 1149
7 1150
10 1151
7 1152
7 1153
8 1154
9 1155
11 1156
9 1157
12 1158
4 1159
14 1160
8 1161
10 1162
11 1163
14 1164
18 1165
9 1166
11 1167
10 1168
10 1169
13 1170
9 1171
26 1172
25 1173
17 1174
20 1175
20 1176
17 1177
21 1178
15 1179
15 1180
25 1181
22 1182
19 1183
16 1184
26 1185
23 1186
21 1187
20 1188
25 1189
20 1190
16 1191
23 1192
14 1193
14 1194
18 1195
20 1196
15 1197
17 1198
21 1199
9 1200
6 1201
16 1202
11 1203
13 1204
7 1205
6 1206
7 1207
6 1208
7 1209
5 1210
7 1211
7 1212
3 1213
6 1214
5 1215
4 1216
4 1217
4 1218
5 1219
2 1220
2 1221
3 1222
4 1223
2 1224
2 1225
3 1226
5 1227
2 1228
1 1229
2 1230
4 1231
3 1232
5 1233
1 1234
4 1235
2 1236
5 1237
1 1238
1 1239
1 1240
3 1241
3 1242
3 1243
5 1244
8 1245
3 1246
4 1247
4 1248
3 1249
1 1250
3 1251
2 1252
4 1253
6 1254
2 1255
7 1256
1 1257
3 1258
4 1259
4 1260
9 1261
2 1262
3 1263
1 1264
4 1265
2 1266
1 1267
3 1268
1 1269
1 1270
1 1271
3 1272
4 1273
4 1274
4 1275
2 1276
10 1277
1 1278
1 1279
7 1280
3 1281
2 1283
3 1284
6 1285
2 1286
2 1287
7 1288
2 1289
7 1290
5 1291
6 1292
3 1293
1 1294
1 1295
6 1296
2 1298
5 1299
2 1300
2 1301
6 1302
1 1303
4 1304
1 1305
1 1306
5 1307
1 1309
2 1310
1 1312
4 1313
1 1314
4 1315
1 1316
1 1317
3 1318
1 1320
2 1321
1 1322
1 1323
3 1324
3 1325
4 1327
3 1328
1 1329
1 1330
3 1331
4 1332
1 1333
2 1334
3 1335
4 1336
4 1338
2 1341
3 1342
2 1343
3 1344
4 1345
3 1346
2 1347
1 1348
3 1349
2 1350
3 1351
2 1352
3 1353
2 1354
3 1355
2 1356
2 1357
2 1358
1 1359
1 1360
1 1361
4 1363
2 1364
3 1365
3 1366
3 1367
2 1368
3 1369
2 1370
4 1371
1 1372
2 1373
3 1374
2 1376
4 1377
4 1378
2 1379
1 1380
1 1381
3 1382
5 1383
2 1384
7 1385
5 1387
6 1389
5 1390
1 1391
4 1392
5 1393
4 1394
6 1395
4 1396
6 1397
3 1398
1 1399
5 1400
4 1401
6 1402
4 1403
2 1404
6 1405
1 1406
4 1407
6 1408
2 1409
5 1410
2 1411
2 1412
8 1413
11 1414
1 1415
3 1416
1 1417
6 1418
2 1419
3 1420
2 1421
1 1422
2 1423
3 1424
2 1425
5 1426
1 1427
3 1428
2 1429
2 1430
4 1431
2 1432
2 1433
4 1434
2 1435
1 1436
1 1437
4 1438
5 1439
1 1440
1 1441
2 1443
3 1446
2 1447
3 1448
2 1449
3 1451
2 1452
5 1453
3 1454
1 1455
3 1456
3 1457
4 1458
3 1459
2 1460
2 1462
2 1463
4 1464
4 1466
2 1467
3 1468
3 1469
2 1470
5 1471
4 1472
2 1473
3 1474
2 1475
2 1476
2 1477
1 1478
3 1479
3 1480
3 1481
1 1482
3 1483
1 1484
2 1485
2 1486
2 1487
3 1488
4 1489
2 1490
2 1492
1 1493
1 1494
4 1495
2 1496
5 1497
5 1498
1 1499
2 1500
5 1501
4 1502
3 1503
1 1504
3 1505
2 1506
1 1507
1 1509
1 1510
3 1511
5 1514
2 1516
2 1517
4 1518
1 1519
2 1521
2 1522
3 1523
1 1524
4 1525
3 1526
4 1527
2 1528
2 1529
5 1531
2 1532
3 1534
2 1535
3 1536
4 1537
1 1538
3 1539
3 1540
4 1541
1 1542
1 1543
3 1544
5 1545
5 1546
3 1547
3 1548
8 1549
1 1551
4 1552
4 1553
2 1554
1 1555
1 1556
2 1557
11 1558
3 1559
7 1560
2 1561
1 1562
4 1563
4 1564
6 1565
9 1566
4 1567
4 1568
1 1569
9 1570
6 1571
2 1572
4 1573
2 1574
10 1575
4 1576
5 1577
3 1578
2 1579
5 1580
7 1581
6 1582
2 1583
6 1584
4 1585
5 1586
8 1587
12 1588
7 1589
10 1590
10 1591
6 1592
9 1593
15 1594
12 1595
9 1596
7 1597
6 1598
7 1599
5 1600
7 1601
9 1602
7 1603
14 1604
9 1605
14 1606
8 1607
10 1608
12 1609
13 1610
10 1611
6 1612
12 1613
5 1614
13 1615
12 1616
15 1617
8 1618
16 1619
11 1620
12 1621
13 1622
7 1623
17 1624
17 1625
17 1626
18 1627
11 1628
18 1629
15 1630
13 1631
13 1632
16 1633
5 1634
20 1635
24 1636
29 1637
15 1638
18 1639
20 1640
18 1641
17 1642
16 1643
20 1644
19 1645
18 1646
17 1647
8 1648
11 1649
13 1650
21 1651
14 1652
16 1653
17 1654
19 1655
11 1656
14 1657
16 1658
10 1659
10 1660
23 1661
7 1662
8 1663
13 1664
14 1665
13 1666
13 1667
14 1668
18 1669
15 1670
10 1671
18 1672
14 1673
14 1674
17 1675
17 1676
16 1677
20 1678
19 1679
10 1680
13 1681
17 1682
18 1683
20 1684
14 1685
16 1686
16 1687
27 1688
29 1689
21 1690
14 1691
25 1692
33 1693
23 1694
34 1695
24 1696
26 1697
32 1698
33 1699
43 1700
32 1701
38 1702
47 1703
39 1704
42 1705
57 1706
49 1707
56 1708
63 1709
63 1710
68 1711
70 1712
71 1713
68 1714
89 1715
77 1716
82 1717
80 1718
88 1719
107 1720
95 1721
98 1722
107 1723
105 1724
115 1725
111 1726
100 1727
126 1728
108 1729
108 1730
102 1731
90 1732
114 1733
110 1734
119 1735
97 1736
91 1737
99 1738
102 1739
96 1740
103 1741
90 1742
84 1743
70 1744
72 1745
86 1746
80 1747
70 1748
78 1749
43 1750
53 1751
58 1752
70 1753
48 1754
39 1755
54 1756
44 1757
46 1758
45 1759
37 1760
42 1761
31 1762
44 1763
35 1764
31 1765
33 1766
22 1767
41 1768
34 1769
34 1770
27 1771
22 1772
20 1773
19 1774
29 1775
22 1776
21 1777
25 1778
25 1779
22 1780
16 1781
20 1782
17 1783
17 1784
18 1785
11 1786
9 1787
12 1788
4 1789
9 1790
19 1791
10 1792
9 1793
13 1794
16 1795
9 1796
11 1797
15 1798
11 1799
14 1800
10 1801
3 1802
11 1803
8 1804
9 1805
8 1806
5 1807
11 1808
13 1809
5 1810
16 1811
6 1812
14 1813
9 1814
7 1815
8 1816
11 1817
10 1818
7 1819
2 1820
4 1821
12 1822
15 1823
11 1824
9 1825
7 1826
7 1827
9 1828
9 1829
6 1830
6 1831
11 1832
12 1833
10 1834
8 1835
10 1836
14 1837
11 1838
6 1839
11 1840
14 1841
9 1842
14 1843
13 1844
14 1845
16 1846
19 1847
14 1848
16 1849
5 1850
8 1851
9 1852
7 1853
14 1854
12 1855
10 1856
7 1857
9 1858
10 1859
15 1860
9 1861
9 1862
6 1863
6 1864
8 1865
7 1866
11 1867
8 1868
6 1869
8 1870
10 1871
6 1872
7 1873
10 1874
10 1875
14 1876
10 1877
6 1878
15 1879
15 1880
16 1881
11 1882
16 1883
14 1884
14 1885
17 1886
16 1887
9 1888
17 1889
10 1890
12 1891
15 1892
22 1893
20 1894
21 1895
18 1896
20 1897
34 1898
22 1899
31 1900
35 1901
36 1902
31 1903
31 1904
42 1905
48 1906
38 1907
53 1908
45 1909
52 1910
39 1911
50 1912
57 1913
56 1914
67 1915
54 1916
63 1917
71 1918
68 1919
61 1920
57 1921
62 1922
60 1923
71 1924
71 1925
59 1926
56 1927
55 1928
63 1929
51 1930
56 1931
68 1932
54 1933
42 1934
45 1935
44 1936
44 1937
41 1938
44 1939
34 1940
31 1941
32 1942
26 1943
22 1944
20 1945
23 1946
17 1947
21 1948
18 1949
18 1950
15 1951
14 1952
8 1953
15 1954
9 1955
8 1956
8 1957
2 1958
6 1959
7 1960
10 1961
5 1962
6 1963
4 1964
4 1965
2 1966
3 1968
2 1969
2 1970
1 1971
3 1972
1 1973
2 1974
1 1975
1 1976
3 1977
1 1978
2 1982
1 1983
1 1984
2 1985
2 1986
1 1989
1 1991
1 1994
1 2003
1 2004
1 2005
1 2006
1 2008
1 2010
1 2023
1 2027
1 2030
1 2057
1 2074
1 2079
1 2096
1 2099
1 2130
1 2135
3 2138
1 2139
1 2146
1 2149
1 2151
1 2160
1 2183
1 2185
1 2187
2 2188
1 2189
1 2191
1 2197
1 2199
1 2200
1 2203
1 2209
1 2210
1 2217
1 2218
1 2223
1 2227
1 2230
1 2240
1 2242
1 2244
2 2248
1 2259
1 2263
1 2270
1 2274
1 2275
1 2279
1 2280
1 2285
1 2296
1 2309
1 2318
1 2319
1 2325
1 2332
1 2334
1 2336
1 2352
1 2362
1 2367
2 2370
1 2371
1 2372
1 2380
1 2414
1 2417
1 2424
2 2426
1 2432
1 2437
1 2447
1 2448
1 2455
1 2462
1 2464
1 2473
1 2475
1 2480
1 2486
1 2489
1 2499
1 2510
1 2511
1 2513
1 2514
1 2520
1 2521
1 2522
1 2525
1 2528
1 2534
1 2535
1 2536
1 2543
1 2544
1 2548
1 2552
1 2557
1 2558
1 2559
1 2562
1 2563
1 2566
1 2571
1 2572
1 2575
1 2576
3 2577
1 2578
1 2579
1 2580
1 2582
1 2583
1 2587
1 2590
3 2591
1 2592
3 2593
1 2594
2 2595
1 2596
1 2597
1 2598
1 2599
2 2602
1 2603
1 2605
1 2606
2 2607
2 2610
1 2613
3 2614
1 2615
2 2616
4 2617
1 2618
3 2619
1 2620
1 2622
2 2623
4 2624
5 2625
1 2626
3 2627
1 2628
4 2629
6 2630
3 2631
6 2632
1 2633
2 2634
3 2635
3 2636
4 2637
1 2639
1 2640
2 2641
2 2642
2 2643
2 2644
1 2645
2 2646
3 2647
2 2648
1 2649
3 2650
1 2651
2 2652
1 2653
1 2654
1 2655
2 2656
3 2657
1 2658
3 2659
1 2660
3 2661
1 2662
1 2663
1 2664
1 2666
3 2667
2 2669
1 2672
1 2678
1 2679
1 2684
2 2687
1 2689
1 2717
1 2721
1 2725
1 2727
1 2738
1 2739
1 2746
1 2773
1 2774
1 2789
1 2793
1 2800
1 2807
2 2832
1 2834
1 2837
1 2861
1 2867
1 2871
1 2882
1 2894
1 2934
1 2937
1 2944
1 2955
1 2961
1 2964
1 2972
1 2975
1 2984
1 2987
1 2992
1 2999
1 3027
1 3046
1 3066
1 3076
1 3085
1 3093
1 3094
1 3099
1 3103
1 3148
1 3154
1 3190
1 3330
1 3378
1 3473
1 3475
1 3476
1 3490
1 3502
1 3565
1 3693
1 3904
1 4126
1 4493
1 5478
1 6275
