1 5
1 9
1 10
1 11
1 17
1 18
1 20
1 21
1 22
3 27
1 28
2 29
2 31
2 32
1 33
2 34
1 35
2 38
3 39
2 41
2 42
1 43
1 44
1 45
2 47
1 48
3 49
1 51
3 52
1 53
2 56
1 59
1 60
2 62
3 63
3 64
4 65
3 66
1 67
1 68
3 69
3 71
1 73
1 74
1 76
2 77
1 78
2 79
2 80
1 82
1 83
2 85
3 86
2 87
2 88
1 89
2 91
1 94
1 96
2 97
1 98
1 99
2 100
2 101
2 102
2 103
6 104
2 105
6 106
1 107
4 108
5 109
6 110
16 111
10 112
9 113
5 114
11 115
1 116
3 117
6 118
2 119
4 120
4 121
4 122
2 123
4 124
1 125
3 126
1 127
2 128
3 129
5 130
2 131
2 132
2 133
4 134
3 135
5 136
7 137
3 138
3 139
6 140
9 141
2 142
4 143
9 144
5 145
4 146
14 147
2 148
5 149
5 150
5 151
4 152
2 153
6 154
6 155
6 156
4 157
3 158
6 159
5 160
8 161
6 162
6 163
3 164
9 165
4 166
9 167
8 168
3 169
4 170
6 171
4 172
6 173
7 174
7 175
3 176
4 177
4 178
3 179
1 180
3 181
12 182
11 183
6 184
11 185
4 186
7 187
18 188
16 189
16 190
18 191
40 192
23 193
36 194
34 195
35 196
38 197
43 198
31 199
34 200
28 201
26 202
20 203
7 204
17 205
12 206
8 207
6 208
4 209
7 210
6 211
3 212
7 213
9 214
1 215
6 216
5 217
2 218
9 219
10 220
6 221
9 222
11 223
10 224
7 225
3 226
4 227
12 228
5 229
8 230
9 231
9 232
5 233
12 234
11 235
18 236
20 237
21 238
25 239
15 240
22 241
25 242
19 243
22 244
28 245
19 246
28 247
24 248
25 249
25 250
28 251
17 252
38 253
32 254
21 255
20 256
24 257
31 258
25 259
29 260
29 261
33 262
28 263
27 264
33 265
51 266
40 267
39 268
38 269
36 270
23 271
28 272
27 273
23 274
24 275
14 276
19 277
16 278
8 279
14 280
14 281
12 282
4 283
9 284
16 285
10 286
6 287
8 288
10 289
5 290
11 291
6 292
10 293
8 294
16 295
10 296
10 297
10 298
9 299
7 300
11 301
14 302
11 303
11 304
5 305
12 306
11 307
14 308
18 309
12 310
18 311
20 312
12 313
18 314
15 315
18 316
21 317
18 318
25 319
20 320
29 321
23 322
24 323
26 324
24 325
20 326
25 327
19 328
16 329
28 330
21 331
34 332
28 333
29 334
28 335
24 336
32 337
30 338
27 339
26 340
20 341
29 342
27 343
32 344
20 345
35 346
47 347
28 348
46 349
48 350
45 351
44 352
43 353
54 354
55 355
40 356
45 357
46 358
38 359
44 360
34 361
28 362
25 363
26 364
36 365
37 366
37 367
36 368
21 369
27 370
27 371
22 372
17 373
19 374
26 375
26 376
25 377
20 378
16 379
15 380
16 381
15 382
19 383
16 384
16 385
18 386
11 387
16 388
12 389
9 390
16 391
14 392
14 393
16 394
20 395
17 396
16 397
20 398
17 399
24 400
16 401
16 402
17 403
31 404
29 405
35 406
25 407
22 408
27 409
44 410
35 411
27 412
39 413
29 414
27 415
40 416
30 417
39 418
38 419
40 420
55 421
43 422
42 423
61 424
52 425
63 426
74 427
59 428
58 429
81 430
91 431
96 432
111 433
93 434
109 435
108 436
103 437
112 438
99 439
114 440
78 441
84 442
63 443
61 444
39 445
45 446
33 447
33 448
28 449
24 450
29 451
14 452
18 453
21 454
17 455
12 456
8 457
9 458
9 459
7 460
8 461
9 462
9 463
9 464
11 465
10 466
8 467
14 468
13 469
6 470
15 471
6 472
10 473
7 474
7 475
8 476
6 477
6 478
11 479
8 480
10 481
12 482
9 483
7 484
12 485
10 486
12 487
10 488
19 489
10 490
12 491
22 492
12 493
24 494
22 495
17 496
17 497
18 498
17 499
22 500
20 501
12 502
20 503
25 504
15 505
17 506
11 507
16 508
24 509
13 510
17 511
9 512
10 513
6 514
8 515
7 516
7 517
4 518
6 519
6 520
2 521
8 522
9 523
2 524
5 525
6 526
3 527
4 528
9 529
5 530
2 531
1 532
5 533
5 534
4 535
3 536
4 537
6 538
4 539
2 540
4 541
5 542
3 543
5 544
5 545
4 546
4 547
1 548
5 549
4 550
5 551
3 552
6 553
3 554
8 555
3 556
4 557
7 558
4 559
4 560
3 561
5 562
6 563
6 564
3 565
3 566
2 567
3 568
8 569
3 570
5 571
5 572
5 573
5 574
9 575
7 576
7 577
4 578
5 579
9 580
7 581
9 582
12 583
8 584
4 585
6 586
4 587
6 588
9 589
9 590
5 591
6 592
6 593
6 594
4 595
7 596
4 597
5 598
6 599
5 600
5 601
12 602
5 603
8 604
3 605
2 606
1 607
8 608
4 609
7 610
2 611
3 612
5 613
5 614
3 615
5 616
3 617
1 618
2 619
7 620
4 621
3 622
4 623
3 624
7 625
2 626
4 627
3 628
3 629
4 630
6 631
3 632
1 633
2 634
7 635
8 636
4 637
5 638
8 639
7 640
3 641
9 643
10 644
4 645
3 646
6 647
4 648
3 649
4 650
5 651
3 652
3 653
6 654
7 655
2 656
10 657
4 658
6 659
7 660
8 661
4 662
8 663
11 664
7 665
6 666
7 667
6 668
9 669
10 670
14 671
12 672
4 673
11 674
8 675
8 676
11 677
18 678
15 679
12 680
12 681
15 682
6 683
16 684
16 685
16 686
14 687
17 688
21 689
8 690
19 691
12 692
18 693
9 694
17 695
12 696
12 697
9 698
9 699
13 700
6 701
7 702
7 703
15 704
5 705
5 706
9 707
7 708
8 709
7 710
4 711
6 712
8 713
10 714
13 715
13 716
10 717
13 718
10 719
5 720
9 721
8 722
7 723
5 724
8 725
11 726
17 727
7 728
7 729
11 730
11 731
17 732
10 733
8 734
14 735
13 736
24 737
15 738
27 739
19 740
24 741
36 742
26 743
22 744
26 745
22 746
16 747
28 748
31 749
17 750
22 751
25 752
17 753
11 754
17 755
10 756
8 757
10 758
16 759
12 760
19 761
9 762
13 763
16 764
19 765
20 766
21 767
9 768
9 769
14 770
16 771
13 772
17 773
13 774
15 775
8 776
6 777
10 778
7 779
6 780
4 781
14 782
7 783
11 784
5 785
6 786
6 787
4 788
3 789
6 790
2 791
2 792
1 793
3 794
5 795
1 796
5 797
2 798
3 799
3 800
2 801
1 802
3 803
1 804
2 807
3 808
3 809
2 810
2 811
2 812
5 813
2 814
5 815
1 816
1 817
1 818
2 821
3 822
1 823
1 824
3 825
3 826
3 827
2 829
2 830
1 832
1 835
1 836
3 838
1 839
1 840
2 841
1 842
1 843
1 844
2 846
2 849
2 850
1 855
3 856
1 858
1 859
1 860
1 862
1 863
1 864
1 865
1 866
2 871
2 872
1 874
2 875
3 876
1 878
1 879
1 881
2 882
2 883
1 884
1 885
1 886
3 887
1 888
2 893
3 894
1 895
4 896
1 897
2 898
3 899
1 900
2 901
2 902
3 903
2 905
1 908
1 909
1 910
2 911
1 912
1 913
3 915
2 916
3 917
2 918
1 919
1 920
2 922
3 923
3 924
2 925
1 928
1 929
1 931
2 932
1 935
2 937
2 938
1 940
4 941
2 943
1 944
3 947
1 949
4 950
2 951
2 952
1 953
2 954
5 955
3 956
1 957
6 958
2 959
3 960
2 961
5 962
3 963
1 964
3 965
4 966
5 967
5 968
1 969
5 970
1 971
1 972
4 973
6 974
5 975
3 976
3 977
1 979
5 980
4 981
1 983
2 984
4 985
3 986
4 987
2 989
1 990
1 992
3 994
1 995
3 1001
1 1002
1 1005
3 1007
1 1008
1 1012
1 1013
1 1016
2 1019
2 1020
1 1021
1 1023
1 1024
1 1025
4 1028
1 1029
1 1031
3 1032
1 1033
2 1036
1 1038
1 1040
1 1041
2 1042
1 1044
1 1048
1 1049
1 1054
1 1056
1 1059
1 1060
2 1062
1 1067
2 1068
1 1070
1 1072
1 1075
1 1077
1 1078
2 1082
1 1083
3 1085
3 1087
1 1088
2 1089
1 1093
1 1094
2 1096
1 1102
1 1107
1 1109
2 1112
1 1114
1 1117
1 1118
2 1119
4 1120
1 1125
1 1126
1 1127
1 1129
2 1130
1 1131
1 1132
1 1133
1 1135
1 1136
1 1137
3 1139
1 1141
2 1142
1 1147
2 1148
1 1149
1 1150
1 1151
2 1153
2 1156
1 1158
1 1162
1 1163
2 1164
2 1165
2 1166
1 1169
1 1170
1 1171
1 1175
1 1176
3 1177
1 1179
1 1180
2 1181
1 1182
3 1183
1 1185
2 1186
3 1187
3 1188
2 1189
2 1191
1 1192
2 1193
1 1194
3 1195
1 1196
1 1197
2 1198
2 1199
4 1201
3 1202
1 1203
2 1206
3 1207
1 1208
3 1209
2 1210
3 1211
1 1213
2 1214
4 1215
2 1216
4 1217
2 1219
6 1220
1 1221
4 1222
2 1223
3 1224
5 1225
2 1226
2 1227
2 1228
3 1229
1 1230
1 1231
2 1232
2 1233
1 1234
2 1235
4 1236
2 1238
1 1239
1 1240
3 1241
2 1242
4 1243
7 1244
1 1245
4 1246
5 1247
2 1248
2 1249
6 1250
5 1251
2 1252
4 1253
4 1254
6 1255
3 1257
3 1258
6 1259
7 1260
5 1261
5 1262
3 1263
4 1264
7 1265
5 1266
3 1267
3 1268
9 1269
3 1270
4 1271
3 1272
3 1273
6 1274
15 1275
6 1276
5 1277
12 1278
8 1279
13 1280
11 1281
13 1282
14 1283
14 1284
12 1285
10 1286
13 1287
12 1288
7 1289
16 1290
19 1291
14 1292
14 1293
13 1294
11 1295
13 1296
22 1297
20 1298
11 1299
20 1300
14 1301
14 1302
15 1303
20 1304
16 1305
11 1306
13 1307
8 1308
10 1309
12 1310
20 1311
10 1312
14 1313
10 1314
12 1315
11 1316
16 1317
5 1318
8 1319
8 1320
4 1321
10 1322
5 1323
6 1324
10 1325
9 1326
5 1327
8 1328
10 1329
11 1330
8 1331
11 1332
11 1333
7 1334
7 1335
10 1336
9 1337
11 1338
13 1339
13 1340
10 1341
18 1342
10 1343
14 1344
8 1345
16 1346
15 1347
14 1348
13 1349
11 1350
16 1351
16 1352
19 1353
9 1354
18 1355
13 1356
8 1357
8 1358
15 1359
15 1360
17 1361
11 1362
7 1363
7 1364
10 1365
8 1366
9 1367
10 1368
10 1369
8 1370
14 1371
7 1372
9 1373
9 1374
13 1375
8 1376
7 1377
8 1378
8 1379
12 1380
12 1381
6 1382
5 1383
7 1384
4 1385
9 1386
11 1387
3 1388
12 1389
5 1390
16 1391
6 1392
5 1393
13 1394
8 1395
8 1396
10 1397
3 1398
9 1399
7 1400
12 1401
9 1402
8 1403
10 1404
9 1405
15 1406
12 1407
13 1408
11 1409
16 1410
19 1411
20 1412
13 1413
23 1414
13 1415
17 1416
24 1417
20 1418
25 1419
26 1420
24 1421
24 1422
38 1423
28 1424
25 1425
38 1426
42 1427
41 1428
40 1429
36 1430
30 1431
24 1432
34 1433
36 1434
39 1435
31 1436
33 1437
33 1438
33 1439
35 1440
38 1441
24 1442
18 1443
27 1444
18 1445
26 1446
16 1447
15 1448
12 1449
11 1450
9 1451
10 1452
11 1453
11 1454
11 1455
7 1456
2 1457
5 1458
2 1459
2 1460
1 1464
4 1465
1 1466
1 1467
2 1468
3 1469
3 1470
1 1471
1 1472
2 1474
2 1477
1 1480
2 1481
1 1492
1 1502
1 1519
1 1522
1 1577
1 1582
1 1616
1 1621
1 1635
1 1653
1 1715
1 1744
1 1767
1 1778
1 1803
1 1811
1 1853
1 1909
1 1945
1 2063
1 2073
1 2076
1 2094
1 2113
1 2148
1 2155
1 2157
1 2160
1 2183
1 2204
1 2281
1 2648
1 2680
1 2688
1 2757
1 2846
1 2886
1 2887
1 2898
1 2930
1 3037
1 3196
1 3385
2 3619
1 3658
1 3688
1 3720
1 3738
1 4415
1 4735
1 4741
1 4769
1 4822
1 5180
