4 1
1 4
2 5
1 6
2 7
2 8
1 9
2 10
1 11
1 12
1 13
1 14
1 15
2 17
2 19
4 20
1 22
1 23
2 24
1 25
4 26
4 27
1 29
1 30
4 31
5 33
3 34
7 35
1 36
3 37
1 38
1 39
1 40
1 41
1 42
1 43
1 44
3 45
2 46
2 47
3 48
2 49
4 50
3 51
3 52
1 53
3 54
5 55
4 56
4 57
2 58
4 59
6 60
3 61
7 62
4 63
6 64
9 65
6 66
2 67
10 68
12 69
4 70
12 71
8 72
7 73
8 74
10 75
4 76
11 77
4 78
5 79
8 80
6 81
4 82
8 83
2 84
8 85
7 86
4 87
4 88
2 89
6 90
8 91
4 92
2 93
8 94
7 95
6 96
10 97
6 98
9 99
9 100
8 101
8 102
12 103
6 104
13 105
8 106
9 107
5 108
11 109
12 110
4 111
12 112
14 113
17 114
5 115
9 116
8 117
11 118
13 119
13 120
6 121
12 122
7 123
10 124
10 125
10 126
7 127
9 128
4 129
6 130
10 131
8 132
4 133
9 134
7 135
8 136
7 137
7 138
9 139
10 140
10 141
7 142
5 143
8 144
7 145
8 146
11 147
6 148
5 149
7 150
9 151
13 152
9 153
14 154
15 155
15 156
19 157
13 158
24 159
25 160
19 161
21 162
18 163
18 164
22 165
30 166
20 167
10 168
15 169
7 170
10 171
9 172
10 173
7 174
9 175
8 176
16 177
10 178
12 179
13 180
10 181
17 182
20 183
24 184
30 185
26 186
30 187
42 188
36 189
62 190
77 191
97 192
104 193
136 194
143 195
173 196
204 197
178 198
184 199
151 200
133 201
124 202
84 203
56 204
47 205
37 206
35 207
25 208
29 209
19 210
15 211
17 212
17 213
18 214
16 215
11 216
16 217
16 218
17 219
11 220
13 221
18 222
18 223
14 224
18 225
19 226
9 227
18 228
13 229
15 230
15 231
14 232
12 233
17 234
19 235
28 236
19 237
12 238
18 239
13 240
25 241
21 242
24 243
29 244
19 245
24 246
24 247
21 248
17 249
15 250
25 251
19 252
20 253
22 254
26 255
23 256
30 257
36 258
41 259
32 260
27 261
33 262
31 263
37 264
29 265
33 266
27 267
36 268
33 269
31 270
36 271
45 272
32 273
38 274
30 275
40 276
33 277
32 278
34 279
40 280
38 281
26 282
40 283
35 284
46 285
35 286
28 287
34 288
43 289
61 290
65 291
52 292
64 293
76 294
79 295
93 296
82 297
119 298
121 299
122 300
152 301
108 302
142 303
127 304
141 305
136 306
158 307
122 308
108 309
101 310
109 311
96 312
100 313
90 314
80 315
93 316
90 317
90 318
103 319
145 320
129 321
121 322
186 323
136 324
196 325
202 326
175 327
186 328
173 329
167 330
153 331
141 332
131 333
114 334
118 335
103 336
109 337
92 338
79 339
86 340
78 341
99 342
84 343
88 344
113 345
114 346
102 347
116 348
118 349
147 350
164 351
119 352
142 353
114 354
118 355
131 356
101 357
102 358
98 359
90 360
77 361
72 362
66 363
89 364
87 365
113 366
80 367
95 368
108 369
103 370
103 371
122 372
109 373
84 374
103 375
94 376
79 377
83 378
89 379
74 380
83 381
92 382
76 383
81 384
58 385
58 386
76 387
64 388
63 389
60 390
48 391
56 392
57 393
60 394
54 395
57 396
63 397
57 398
64 399
64 400
71 401
61 402
69 403
83 404
71 405
86 406
78 407
82 408
80 409
93 410
96 411
86 412
111 413
110 414
114 415
108 416
140 417
140 418
146 419
160 420
151 421
222 422
218 423
236 424
300 425
320 426
363 427
420 428
415 429
517 430
535 431
634 432
608 433
752 434
699 435
721 436
746 437
727 438
681 439
684 440
628 441
569 442
533 443
496 444
400 445
323 446
317 447
259 448
246 449
235 450
219 451
174 452
175 453
170 454
142 455
160 456
151 457
170 458
191 459
174 460
197 461
198 462
185 463
182 464
188 465
171 466
178 467
156 468
141 469
146 470
115 471
120 472
113 473
87 474
99 475
88 476
61 477
64 478
69 479
71 480
56 481
62 482
62 483
63 484
62 485
62 486
62 487
59 488
60 489
78 490
99 491
83 492
70 493
90 494
114 495
99 496
102 497
92 498
103 499
126 500
111 501
124 502
132 503
146 504
144 505
147 506
167 507
163 508
185 509
178 510
178 511
181 512
187 513
217 514
219 515
280 516
251 517
257 518
231 519
261 520
237 521
257 522
280 523
284 524
269 525
271 526
257 527
203 528
261 529
225 530
211 531
193 532
167 533
168 534
135 535
126 536
125 537
89 538
79 539
75 540
69 541
87 542
56 543
61 544
46 545
28 546
42 547
36 548
32 549
31 550
32 551
23 552
26 553
24 554
23 555
28 556
20 557
31 558
15 559
20 560
23 561
14 562
30 563
15 564
16 565
18 566
15 567
24 568
11 569
14 570
11 571
18 572
17 573
21 574
23 575
18 576
22 577
15 578
24 579
17 580
21 581
18 582
22 583
21 584
27 585
33 586
28 587
25 588
41 589
26 590
33 591
41 592
27 593
34 594
39 595
39 596
28 597
48 598
46 599
42 600
50 601
40 602
33 603
44 604
55 605
39 606
46 607
55 608
43 609
45 610
49 611
34 612
32 613
31 614
28 615
29 616
18 617
20 618
22 619
15 620
21 621
12 622
15 623
13 624
20 625
18 626
20 627
19 628
18 629
18 630
13 631
18 632
17 633
23 634
20 635
18 636
18 637
17 638
20 639
24 640
33 641
27 642
30 643
21 644
28 645
26 646
43 647
41 648
33 649
49 650
56 651
47 652
60 653
72 654
76 655
79 656
89 657
96 658
89 659
75 660
92 661
99 662
104 663
104 664
116 665
92 666
86 667
88 668
92 669
87 670
66 671
69 672
55 673
65 674
53 675
54 676
67 677
49 678
55 679
43 680
48 681
39 682
42 683
33 684
41 685
37 686
32 687
25 688
30 689
27 690
29 691
30 692
28 693
31 694
35 695
17 696
22 697
19 698
23 699
19 700
26 701
21 702
23 703
18 704
14 705
22 706
16 707
13 708
22 709
25 710
17 711
12 712
19 713
16 714
16 715
11 716
9 717
16 718
17 719
8 720
17 721
11 722
17 723
14 724
7 725
14 726
9 727
10 728
11 729
16 730
12 731
9 732
15 733
15 734
19 735
10 736
17 737
15 738
20 739
17 740
22 741
20 742
22 743
29 744
18 745
23 746
18 747
15 748
25 749
20 750
17 751
24 752
15 753
11 754
15 755
18 756
14 757
25 758
18 759
14 760
18 761
9 762
15 763
13 764
18 765
16 766
19 767
11 768
18 769
17 770
17 771
19 772
13 773
9 774
17 775
22 776
16 777
21 778
20 779
15 780
25 781
18 782
10 783
19 784
26 785
28 786
23 787
28 788
19 789
24 790
20 791
28 792
14 793
10 794
22 795
23 796
12 797
19 798
35 799
23 800
19 801
18 802
17 803
14 804
15 805
17 806
13 807
9 808
12 809
14 810
13 811
12 812
13 813
7 814
12 815
11 816
12 817
10 818
12 819
11 820
16 821
16 822
15 823
10 824
17 825
20 826
18 827
17 828
23 829
22 830
13 831
21 832
22 833
20 834
28 835
22 836
32 837
23 838
26 839
38 840
24 841
28 842
26 843
27 844
33 845
32 846
28 847
36 848
37 849
39 850
44 851
48 852
45 853
53 854
52 855
47 856
54 857
49 858
46 859
74 860
60 861
57 862
70 863
70 864
67 865
59 866
65 867
54 868
63 869
47 870
64 871
39 872
50 873
38 874
35 875
39 876
33 877
29 878
31 879
34 880
32 881
33 882
33 883
24 884
16 885
25 886
29 887
20 888
27 889
47 890
31 891
33 892
42 893
38 894
48 895
25 896
38 897
36 898
46 899
36 900
52 901
46 902
59 903
37 904
45 905
39 906
34 907
33 908
34 909
31 910
27 911
42 912
30 913
24 914
19 915
16 916
14 917
15 918
13 919
11 920
12 921
7 922
14 923
9 924
6 925
10 926
10 927
5 928
5 929
4 930
7 931
5 932
1 933
7 934
5 935
5 936
2 937
6 938
5 939
3 940
2 941
2 942
2 943
5 945
6 946
3 947
2 948
3 949
3 950
1 951
1 952
6 953
2 956
2 957
3 958
1 959
3 960
5 961
1 962
6 963
2 964
2 965
1 966
4 967
4 968
1 969
1 970
1 971
4 972
2 973
1 974
1 976
1 977
2 979
1 980
2 981
2 982
2 983
1 984
3 985
2 986
1 987
3 989
4 990
2 992
2 993
2 996
2 997
3 998
2 1000
1 1002
2 1003
3 1004
1 1006
2 1007
1 1008
1 1009
2 1010
1 1011
2 1012
2 1013
3 1015
1 1016
3 1017
3 1020
5 1021
1 1022
1 1026
1 1027
2 1028
2 1031
4 1032
2 1033
2 1034
2 1035
3 1036
4 1037
3 1038
2 1039
3 1040
1 1041
3 1042
2 1043
1 1044
1 1045
2 1046
2 1047
1 1048
2 1049
4 1050
1 1051
1 1052
1 1053
1 1055
2 1056
2 1057
3 1058
3 1059
2 1060
1 1061
3 1062
2 1063
3 1064
2 1065
4 1066
3 1067
2 1068
2 1069
3 1070
4 1071
2 1072
2 1074
4 1075
2 1076
3 1077
4 1078
2 1079
1 1080
1 1081
1 1082
3 1083
6 1084
1 1085
4 1086
2 1087
2 1088
1 1089
2 1090
2 1091
1 1092
1 1093
2 1094
2 1095
1 1097
1 1098
2 1099
2 1100
1 1101
1 1102
2 1103
3 1104
3 1105
1 1106
5 1107
2 1108
3 1109
3 1110
4 1111
4 1112
2 1113
2 1114
2 1115
2 1116
1 1117
2 1118
2 1119
1 1120
2 1121
2 1122
2 1123
5 1124
2 1125
1 1126
3 1127
1 1128
2 1129
2 1130
2 1131
4 1132
1 1133
7 1134
4 1135
3 1136
1 1137
4 1138
2 1139
2 1140
1 1141
3 1142
3 1143
2 1144
4 1145
3 1146
1 1147
2 1148
2 1149
1 1150
2 1151
1 1152
2 1153
5 1154
4 1155
2 1156
2 1157
4 1158
2 1159
4 1160
5 1161
3 1162
6 1164
3 1165
4 1166
5 1167
4 1168
6 1169
5 1170
4 1171
8 1172
3 1173
7 1174
10 1175
10 1176
7 1177
4 1178
8 1179
19 1180
6 1181
14 1182
11 1183
16 1184
10 1185
8 1186
9 1187
14 1188
14 1189
6 1190
17 1191
16 1192
16 1193
10 1194
6 1195
10 1196
12 1197
11 1198
10 1199
9 1200
9 1201
10 1202
8 1203
8 1204
10 1205
7 1206
4 1207
10 1208
8 1209
5 1210
7 1211
1 1212
7 1213
3 1214
2 1215
3 1216
1 1217
3 1218
2 1219
6 1220
3 1221
2 1222
4 1223
7 1224
2 1225
2 1226
3 1227
2 1228
4 1229
3 1230
6 1231
4 1232
2 1233
2 1235
3 1236
4 1237
6 1238
2 1239
3 1240
2 1241
4 1243
5 1244
2 1245
2 1246
5 1247
4 1248
3 1249
2 1250
6 1251
1 1252
3 1253
1 1254
1 1255
4 1256
3 1257
5 1258
7 1259
6 1260
2 1261
2 1262
2 1263
4 1264
4 1265
5 1266
8 1267
10 1268
4 1269
4 1270
12 1271
3 1272
9 1273
8 1274
11 1275
14 1276
10 1277
11 1278
7 1279
8 1280
16 1281
21 1282
9 1283
22 1284
21 1285
10 1286
24 1287
18 1288
19 1289
22 1290
18 1291
15 1292
24 1293
21 1294
22 1295
23 1296
18 1297
20 1298
27 1299
17 1300
20 1301
20 1302
14 1303
16 1304
18 1305
19 1306
20 1307
18 1308
14 1309
11 1310
13 1311
11 1312
10 1313
12 1314
10 1315
6 1316
6 1317
7 1318
7 1319
6 1320
6 1321
4 1322
14 1323
8 1324
6 1325
4 1326
2 1327
4 1328
4 1329
6 1330
4 1331
4 1332
4 1333
6 1334
2 1335
5 1336
4 1337
5 1338
4 1339
6 1340
6 1341
2 1342
2 1343
4 1344
3 1345
1 1346
2 1347
3 1348
2 1349
1 1350
6 1353
1 1354
3 1356
4 1357
1 1358
5 1359
1 1360
2 1361
4 1362
2 1363
2 1364
2 1365
1 1366
5 1367
4 1368
6 1369
3 1370
1 1371
2 1372
3 1373
4 1374
3 1375
1 1376
6 1377
5 1378
4 1379
2 1380
3 1381
4 1382
5 1383
2 1384
6 1385
5 1386
6 1387
3 1388
6 1389
3 1390
4 1391
2 1392
2 1393
3 1394
4 1395
2 1396
1 1397
4 1398
3 1399
4 1400
3 1401
4 1402
1 1403
2 1404
3 1405
1 1407
2 1408
3 1409
4 1410
2 1411
1 1413
2 1414
4 1415
6 1416
6 1417
3 1418
2 1419
2 1421
5 1422
1 1423
3 1425
3 1427
3 1429
2 1430
2 1431
3 1432
4 1433
1 1434
2 1436
3 1437
3 1438
3 1439
2 1440
1 1442
4 1443
1 1444
1 1445
2 1446
4 1447
2 1449
2 1451
2 1452
5 1453
5 1454
1 1455
1 1456
1 1457
3 1458
6 1459
1 1460
3 1461
4 1462
5 1463
4 1465
4 1466
1 1467
6 1468
5 1469
5 1470
3 1471
1 1473
2 1474
4 1475
3 1476
4 1477
5 1478
5 1479
3 1480
4 1481
3 1482
5 1483
4 1484
1 1485
3 1486
3 1488
3 1489
3 1490
3 1491
1 1492
3 1493
3 1494
2 1495
2 1496
2 1497
1 1498
2 1499
5 1500
2 1501
4 1502
5 1503
3 1504
2 1505
1 1506
3 1507
1 1508
2 1509
1 1510
7 1511
2 1512
5 1513
6 1514
2 1515
6 1516
5 1517
7 1518
5 1519
2 1520
6 1521
4 1522
6 1523
7 1524
5 1525
7 1526
7 1527
10 1528
7 1529
4 1530
3 1531
8 1532
5 1533
17 1534
8 1535
5 1536
9 1537
7 1538
6 1539
5 1540
12 1541
8 1542
7 1543
9 1544
8 1545
11 1546
7 1547
8 1548
7 1549
13 1550
6 1551
2 1552
6 1553
10 1554
5 1555
6 1556
3 1557
5 1558
9 1559
5 1560
2 1561
5 1562
9 1563
2 1564
2 1565
2 1566
3 1568
3 1569
4 1570
2 1571
1 1572
2 1573
2 1574
1 1575
1 1576
2 1577
2 1578
1 1579
2 1580
1 1581
3 1582
7 1583
4 1584
2 1585
3 1586
1 1587
2 1588
5 1589
2 1591
2 1592
1 1594
1 1595
2 1596
1 1597
2 1598
1 1599
2 1600
1 1602
4 1604
2 1605
2 1606
1 1607
1 1608
1 1609
2 1610
1 1612
3 1614
1 1615
5 1618
2 1619
3 1620
1 1621
3 1622
4 1623
2 1624
2 1625
4 1626
1 1628
5 1629
4 1630
4 1631
6 1632
2 1633
3 1634
1 1635
4 1636
8 1637
4 1638
2 1639
4 1640
2 1641
4 1642
4 1643
2 1644
1 1645
3 1646
5 1647
2 1648
1 1649
1 1650
1 1651
2 1652
3 1653
3 1654
2 1655
7 1656
3 1657
3 1658
3 1659
3 1660
2 1661
2 1662
2 1663
1 1665
4 1666
1 1667
1 1668
1 1671
1 1672
1 1674
3 1675
2 1677
2 1678
3 1681
1 1683
2 1684
1 1686
2 1687
1 1688
1 1690
1 1693
3 1694
1 1696
3 1698
1 1699
2 1703
2 1707
1 1708
3 1709
3 1710
1 1712
3 1713
1 1716
2 1717
2 1718
1 1720
1 1721
2 1724
1 1725
3 1726
1 1727
1 1728
1 1730
3 1731
1 1733
2 1734
3 1735
2 1736
1 1737
3 1738
1 1739
2 1742
4 1743
1 1744
4 1745
4 1746
5 1747
2 1749
4 1750
4 1752
7 1753
1 1754
1 1755
2 1756
7 1757
2 1758
1 1760
2 1761
3 1762
2 1764
5 1765
4 1766
3 1767
7 1768
3 1769
3 1770
6 1771
2 1772
5 1773
5 1774
3 1775
5 1776
5 1777
5 1778
5 1779
3 1780
3 1781
5 1782
1 1783
5 1784
2 1785
2 1786
4 1787
5 1788
2 1789
2 1790
2 1791
7 1792
2 1793
6 1794
5 1795
4 1796
2 1797
5 1798
2 1799
3 1800
6 1801
3 1802
1 1803
2 1804
2 1805
3 1806
3 1807
1 1808
2 1809
2 1811
5 1812
1 1814
1 1815
3 1816
2 1817
2 1818
3 1819
3 1820
1 1821
2 1822
2 1824
1 1826
2 1827
1 1828
1 1829
2 1830
1 1831
2 1832
1 1833
1 1834
2 1836
5 1837
4 1839
1 1840
1 1841
3 1842
2 1843
2 1844
1 1845
6 1847
3 1848
4 1849
3 1852
2 1853
5 1854
4 1855
3 1856
5 1857
2 1859
1 1860
3 1861
2 1862
2 1864
3 1865
3 1866
6 1867
5 1868
3 1869
1 1870
3 1871
3 1872
6 1873
6 1874
2 1875
2 1876
6 1877
5 1878
6 1879
4 1880
3 1881
3 1882
6 1883
6 1884
4 1885
6 1886
3 1887
4 1888
6 1889
5 1890
3 1891
7 1892
4 1893
5 1894
4 1895
8 1896
2 1897
4 1898
5 1899
3 1900
4 1901
2 1902
4 1903
3 1904
3 1906
3 1907
4 1908
3 1909
1 1910
2 1911
2 1912
2 1913
2 1914
1 1915
3 1916
2 1917
1 1918
1 1919
3 1920
3 1922
1 1923
1 1924
1 1925
1 1926
1 1927
2 1928
2 1929
2 1930
1 1931
1 1932
3 1934
2 1935
2 1939
1 1941
1 1942
3 1944
1 1945
2 1948
1 1949
1 1950
2 1951
1 1952
3 1953
3 1954
2 1955
3 1957
1 1959
1 1960
2 1961
1 1962
3 1963
2 1965
4 1966
2 1971
2 1972
3 1973
1 1974
1 1975
3 1977
1 1978
2 1979
1 1981
1 1982
3 1983
2 1984
2 1985
2 1987
1 1990
1 1991
1 1993
1 1995
1 1996
1 1998
1 1999
2 2001
1 2002
1 2007
1 2015
1 2021
1 2022
1 2032
1 2035
1 2041
1 2045
1 2050
1 2051
1 2052
1 2053
2 2059
1 2060
2 2063
2 2064
2 2066
2 2068
1 2072
1 2076
1 2080
1 2083
1 2084
1 2090
1 2091
2 2092
3 2094
1 2097
1 2099
1 2100
1 2111
1 2114
1 2116
1 2119
1 2127
1 2128
1 2131
1 2132
1 2135
1 2136
3 2137
2 2142
1 2143
1 2144
1 2148
2 2154
1 2160
2 2162
1 2163
3 2164
1 2165
1 2171
1 2172
1 2174
1 2175
1 2176
1 2177
1 2178
2 2180
2 2184
2 2185
1 2186
1 2187
1 2194
1 2196
1 2199
1 2200
1 2201
1 2204
1 2206
1 2207
1 2210
3 2212
2 2215
1 2216
1 2217
1 2219
2 2220
1 2221
1 2222
2 2225
1 2226
2 2228
3 2229
3 2232
1 2233
1 2234
2 2235
1 2236
2 2237
3 2238
1 2239
1 2240
1 2243
1 2244
3 2245
2 2246
2 2247
1 2248
2 2249
4 2250
1 2251
1 2253
1 2254
1 2255
1 2257
1 2258
1 2259
3 2260
2 2261
1 2263
1 2266
1 2267
4 2269
3 2270
2 2271
3 2272
4 2273
1 2274
1 2275
4 2277
2 2279
3 2280
2 2282
5 2283
2 2285
2 2286
1 2287
6 2288
2 2289
2 2290
1 2291
1 2292
4 2293
3 2294
2 2295
3 2296
6 2297
3 2298
2 2299
1 2300
4 2301
3 2302
4 2303
3 2304
2 2305
2 2307
2 2308
4 2309
2 2310
1 2312
4 2313
4 2314
4 2315
1 2316
3 2317
2 2319
3 2320
5 2321
3 2322
1 2325
1 2326
2 2327
5 2329
2 2330
2 2331
4 2332
4 2333
3 2334
3 2335
2 2336
1 2337
4 2338
2 2340
4 2343
5 2345
1 2346
5 2347
1 2348
2 2349
6 2350
5 2351
6 2352
7 2353
4 2354
3 2355
5 2356
5 2357
4 2358
4 2359
5 2360
4 2362
3 2363
2 2364
7 2365
9 2366
5 2367
8 2368
1 2369
6 2370
11 2371
5 2372
5 2373
7 2374
7 2375
7 2376
12 2377
6 2378
10 2379
11 2380
11 2381
3 2382
14 2383
11 2384
3 2385
12 2386
10 2387
7 2388
12 2389
15 2390
13 2391
8 2392
8 2393
10 2394
5 2395
8 2396
14 2397
14 2398
11 2399
12 2400
14 2401
14 2402
7 2403
8 2404
9 2405
6 2406
13 2407
15 2408
9 2409
12 2410
3 2411
13 2412
12 2413
2 2414
7 2415
9 2416
7 2417
4 2418
12 2419
8 2420
10 2421
7 2422
6 2423
1 2424
3 2425
3 2426
11 2427
6 2428
7 2429
3 2430
4 2431
5 2432
2 2433
1 2434
4 2435
4 2436
2 2437
2 2438
2 2439
2 2441
2 2442
5 2444
2 2445
2 2447
2 2450
1 2452
1 2456
2 2457
1 2458
1 2462
1 2465
1 2466
1 2467
1 2469
1 2482
1 2484
1 2487
1 2489
1 2498
1 2499
1 2503
1 2504
1 2507
1 2509
1 2512
1 2513
2 2516
2 2519
1 2522
1 2524
1 2527
1 2528
1 2534
1 2535
1 2537
1 2541
1 2542
1 2548
1 2550
1 2558
1 2563
1 2566
2 2579
1 2582
1 2595
1 2597
3 2600
1 2602
1 2604
1 2606
1 2610
1 2611
1 2615
1 2621
1 2622
1 2625
1 2627
2 2629
1 2634
1 2637
1 2640
1 2642
1 2643
1 2647
1 2650
1 2656
1 2658
1 2659
1 2661
1 2663
1 2666
1 2668
2 2670
1 2675
2 2677
1 2678
1 2679
1 2680
1 2681
1 2682
1 2684
2 2687
2 2688
1 2690
1 2692
1 2693
1 2696
3 2698
1 2700
1 2701
4 2702
1 2704
1 2708
3 2713
1 2716
1 2717
1 2721
1 2722
2 2723
1 2724
1 2728
3 2730
1 2736
1 2742
2 2748
1 2751
2 2753
1 2756
1 2758
1 2759
1 2760
1 2766
1 2767
1 2768
1 2770
2 2771
1 2774
1 2777
1 2779
1 2781
1 2783
1 2785
1 2787
1 2788
2 2789
2 2794
1 2796
1 2803
1 2805
2 2809
1 2811
1 2812
1 2814
2 2817
1 2821
2 2822
1 2824
1 2827
1 2828
1 2829
2 2830
3 2831
1 2832
1 2834
2 2836
1 2837
3 2838
2 2839
1 2840
1 2843
1 2844
1 2845
1 2846
1 2847
3 2848
1 2850
1 2852
1 2854
3 2855
1 2856
1 2857
1 2858
1 2859
4 2860
4 2861
1 2862
1 2864
1 2866
2 2867
1 2872
2 2873
1 2874
1 2876
2 2877
1 2878
1 2879
3 2880
1 2882
1 2883
1 2884
3 2885
1 2886
1 2888
3 2889
3 2890
5 2892
1 2893
2 2894
4 2895
1 2897
2 2898
1 2899
2 2900
2 2901
1 2902
3 2903
2 2904
3 2905
8 2906
3 2907
2 2909
9 2910
4 2911
4 2912
3 2913
5 2914
4 2915
6 2916
6 2917
5 2918
2 2919
2 2920
7 2921
5 2922
2 2923
8 2924
9 2925
4 2926
8 2927
4 2928
6 2929
8 2930
5 2931
6 2932
4 2933
4 2934
5 2935
5 2936
11 2937
5 2938
8 2939
4 2940
3 2941
3 2942
5 2943
6 2944
7 2945
6 2946
2 2947
6 2948
3 2949
6 2950
8 2951
3 2952
10 2953
7 2954
3 2955
5 2956
4 2957
5 2958
3 2959
6 2960
1 2961
7 2962
5 2963
5 2964
5 2965
2 2966
2 2967
1 2968
1 2969
1 2970
3 2971
3 2972
2 2973
2 2976
1 2977
1 2978
5 2979
2 2980
2 2981
1 2982
1 2983
1 2985
1 2986
1 2987
1 2993
1 2994
2 2995
1 2996
1 3011
1 3019
1 3020
1 3028
1 3196
1 3219
1 3238
1 3244
1 3249
1 3250
1 3274
1 3280
1 3286
1 3294
1 3303
1 3321
2 3324
1 3325
1 3360
1 3456
1 3458
1 3481
1 3485
1 3518
1 3543
1 3545
1 3567
1 3571
1 3581
1 3687
1 3753
1 3830
1 3912
1 3941
1 4068
1 4150
1 4284
1 4289
1 4389
1 4394
1 4461
1 4613
1 4703
1 4958
1 5450
1 5498
1 5559
1 5562
