1 3
1 7
1 10
1 11
1 12
1 18
1 19
1 21
2 23
1 28
1 30
1 32
2 34
1 38
3 41
1 44
1 46
1 47
2 48
1 50
1 51
2 52
1 54
3 55
1 56
2 57
1 58
2 59
1 60
2 61
1 62
2 63
2 64
1 65
2 66
2 67
1 68
3 71
1 72
1 73
1 74
2 75
1 76
1 79
1 82
1 84
1 85
3 86
3 87
1 88
3 89
1 90
6 91
3 92
2 93
7 94
5 95
5 96
1 97
5 98
4 99
2 100
2 101
3 102
1 103
1 104
5 105
3 106
1 107
2 108
1 109
2 110
2 111
2 112
3 113
2 114
2 116
3 117
2 118
3 120
1 121
5 122
4 123
5 124
2 125
6 126
6 127
8 128
4 129
1 130
2 131
4 132
8 133
3 134
1 135
2 136
1 137
1 138
2 139
3 140
3 141
2 142
2 143
4 144
2 145
3 146
4 147
1 148
3 149
4 150
5 151
7 152
4 153
5 154
1 155
2 156
3 157
1 158
3 159
1 160
2 161
3 162
4 163
2 165
2 166
1 167
4 168
1 169
4 170
5 171
8 172
2 173
4 174
2 175
2 176
6 178
5 179
2 180
1 181
6 182
7 183
5 184
5 185
9 186
5 187
15 188
9 189
8 190
5 191
14 192
14 193
9 194
12 195
11 196
3 197
7 198
14 199
5 200
5 201
6 202
2 203
2 204
1 205
6 206
5 207
3 208
4 209
4 210
6 211
11 212
7 213
5 214
9 215
11 216
7 217
6 218
13 219
13 220
12 221
12 222
20 223
18 224
26 225
19 226
38 227
52 228
73 229
67 230
84 231
153 232
154 233
166 234
207 235
242 236
261 237
290 238
263 239
231 240
199 241
169 242
111 243
86 244
66 245
53 246
35 247
32 248
29 249
22 250
16 251
9 252
14 253
10 254
5 255
11 256
9 257
5 258
9 259
6 260
5 261
3 262
6 263
4 264
5 265
6 266
1 267
1 268
4 269
7 270
5 271
3 272
4 273
3 274
2 275
1 276
5 277
6 278
1 279
3 280
3 281
5 282
2 283
4 284
3 285
2 286
3 287
2 288
3 289
1 291
6 292
4 293
5 294
2 295
1 296
3 297
4 298
2 299
6 300
2 301
3 302
3 303
3 304
5 305
4 306
4 307
2 308
4 309
7 310
10 311
8 312
6 313
6 314
4 315
5 316
9 317
3 318
3 319
10 320
3 321
5 322
10 323
5 324
11 325
6 326
8 327
13 328
3 329
8 330
11 331
10 332
11 333
14 334
18 335
18 336
23 337
21 338
19 339
16 340
35 341
31 342
39 343
27 344
36 345
31 346
26 347
23 348
19 349
19 350
16 351
16 352
9 353
11 354
10 355
10 356
12 357
9 358
4 359
7 360
6 361
10 362
5 363
6 364
6 365
5 366
9 367
13 368
9 369
1 370
3 371
5 372
4 373
4 374
4 375
4 377
5 378
6 379
9 380
1 381
3 382
5 383
3 384
1 385
2 386
2 387
5 388
1 389
3 390
3 391
1 392
1 393
5 394
1 395
6 396
2 397
5 398
3 399
2 400
1 401
4 402
5 403
1 404
1 405
1 406
4 407
4 408
6 409
4 410
3 411
1 412
3 413
4 414
10 416
3 417
1 418
2 419
8 420
4 421
4 422
3 423
2 424
8 425
3 426
3 427
4 428
2 429
6 430
8 431
5 432
1 433
5 434
4 435
3 436
4 437
5 438
4 439
5 440
3 441
6 442
4 443
1 444
7 445
3 446
7 447
4 448
4 449
4 450
1 451
6 452
6 453
7 454
4 455
3 456
1 457
6 458
7 459
5 460
4 461
3 462
4 463
2 464
5 465
7 466
3 467
4 468
4 469
8 470
7 471
6 472
4 473
5 474
7 475
5 476
6 477
6 478
3 479
4 480
7 481
7 482
6 483
7 484
2 485
6 486
7 487
5 488
7 490
8 491
6 492
10 493
11 494
3 495
4 496
2 497
11 498
7 499
9 500
9 501
7 502
10 503
6 504
9 505
12 506
10 507
6 508
15 509
14 510
14 511
14 512
14 513
16 514
14 515
21 516
26 517
17 518
17 519
30 520
24 521
31 522
29 523
34 524
36 525
43 526
46 527
44 528
46 529
46 530
62 531
51 532
61 533
53 534
57 535
59 536
55 537
63 538
47 539
48 540
39 541
43 542
49 543
35 544
34 545
26 546
30 547
19 548
24 549
22 550
23 551
5 552
5 553
9 554
8 555
7 556
6 557
4 558
2 559
3 560
2 561
4 562
3 563
5 564
4 565
5 566
4 567
8 568
3 569
8 570
7 571
5 572
2 573
5 574
12 575
17 576
8 577
7 578
13 579
8 580
8 581
11 582
10 583
12 584
15 585
13 586
14 587
10 588
20 589
15 590
8 591
10 592
13 593
12 594
13 595
10 596
6 597
6 598
10 599
7 600
7 601
2 602
5 603
7 604
4 605
7 606
5 607
4 608
4 609
5 610
9 611
5 612
7 613
6 614
7 615
6 616
5 617
8 618
9 619
8 620
5 621
10 622
10 623
5 624
7 625
4 626
5 627
5 628
10 629
11 630
8 631
9 632
11 633
4 634
11 635
5 636
5 637
7 638
4 639
3 640
4 641
2 642
7 643
4 644
7 645
3 646
4 647
3 648
8 649
4 650
1 651
6 652
6 653
2 654
7 655
9 656
12 657
6 658
9 659
6 660
8 661
5 662
13 663
5 664
15 665
9 666
10 667
14 668
21 669
14 670
7 671
10 672
12 673
14 674
22 675
23 676
11 677
17 678
7 679
12 680
7 681
16 682
10 683
15 684
12 685
15 686
11 687
12 688
11 689
16 690
13 691
21 692
17 693
10 694
13 695
11 696
15 697
9 698
9 699
11 700
16 701
13 702
10 703
9 704
11 705
9 706
5 707
10 708
11 709
4 710
4 711
8 712
8 713
7 714
7 715
4 716
6 717
2 718
3 719
4 720
6 721
8 722
2 723
2 724
3 725
2 726
1 727
4 728
3 729
6 730
3 731
4 732
4 733
4 735
2 736
2 737
7 738
5 739
2 740
1 742
5 743
1 744
3 745
1 746
3 747
3 748
4 749
1 750
4 751
2 752
4 753
3 754
4 755
3 756
2 757
5 759
5 760
2 761
4 762
7 763
3 764
1 765
5 766
10 767
7 768
13 769
9 770
6 771
6 772
8 773
8 774
5 775
8 776
5 777
10 778
14 779
12 780
8 781
11 782
14 783
18 784
14 785
22 786
31 787
22 788
26 789
23 790
27 791
30 792
41 793
35 794
46 795
54 796
50 797
56 798
46 799
49 800
69 801
62 802
62 803
64 804
62 805
66 806
50 807
71 808
51 809
56 810
64 811
53 812
50 813
32 814
40 815
29 816
34 817
29 818
18 819
17 820
26 821
15 822
13 823
14 824
7 825
12 826
13 827
7 828
7 829
7 830
1 831
3 832
5 833
4 834
5 835
3 836
3 837
2 838
4 839
1 840
4 841
4 842
3 844
3 845
3 846
2 847
2 848
2 849
5 850
2 851
3 852
2 853
2 854
4 855
1 856
3 857
3 859
3 860
1 861
2 862
1 863
1 864
4 865
2 866
2 867
1 868
2 869
2 870
3 871
4 872
4 873
1 874
5 875
7 876
2 877
3 878
1 879
2 880
9 881
2 882
3 883
7 884
1 885
5 886
7 887
2 888
3 889
6 890
11 891
3 892
5 893
4 894
3 895
3 896
6 897
7 898
10 899
4 900
1 901
3 902
8 903
3 904
3 905
5 906
2 907
3 908
6 909
2 910
9 911
1 912
1 913
3 914
2 915
3 916
2 917
7 918
3 919
7 920
4 921
3 922
3 923
1 924
3 925
3 926
2 927
3 928
2 929
2 930
5 931
3 932
4 933
6 934
1 935
5 936
4 937
1 938
6 939
10 940
3 941
7 942
3 943
4 944
5 945
13 946
7 947
5 948
16 949
8 950
7 951
4 952
9 953
7 954
2 955
4 956
7 957
4 958
6 959
8 960
4 961
4 962
1 963
4 964
1 965
8 966
4 968
4 969
3 970
1 971
2 973
2 974
3 975
1 976
5 977
5 978
2 979
6 981
2 983
4 984
1 985
4 986
4 987
2 988
1 989
1 990
2 991
2 992
2 993
2 994
1 996
5 997
5 998
1 999
3 1000
1 1001
6 1002
2 1003
3 1004
3 1005
5 1006
1 1007
4 1008
1 1010
3 1011
2 1012
1 1013
3 1016
2 1017
2 1018
2 1020
2 1021
3 1023
2 1024
1 1025
1 1026
2 1027
3 1028
2 1029
2 1030
3 1032
4 1034
2 1035
7 1036
3 1037
3 1039
5 1040
2 1041
2 1042
4 1043
2 1044
2 1045
4 1046
3 1047
5 1048
1 1050
5 1051
4 1052
2 1053
1 1054
2 1055
2 1056
1 1057
1 1058
6 1059
3 1061
4 1062
3 1063
4 1064
4 1065
3 1066
4 1068
2 1069
2 1071
6 1072
3 1073
3 1074
2 1075
3 1076
3 1077
3 1078
3 1079
5 1080
2 1081
2 1082
3 1083
5 1084
2 1085
2 1086
1 1087
3 1088
5 1089
3 1090
5 1091
1 1092
3 1093
1 1094
2 1095
2 1096
3 1097
1 1098
2 1099
4 1100
2 1101
4 1102
3 1103
5 1104
3 1105
9 1106
8 1107
4 1108
3 1109
4 1110
3 1111
8 1112
3 1113
5 1114
2 1115
5 1116
7 1117
7 1118
9 1119
6 1120
8 1121
6 1122
7 1123
5 1124
2 1125
6 1126
7 1127
8 1128
3 1129
8 1130
7 1131
15 1132
15 1133
12 1134
14 1135
11 1136
10 1137
9 1138
19 1139
23 1140
18 1141
13 1142
14 1143
11 1144
18 1145
17 1146
11 1147
18 1148
22 1149
16 1150
12 1151
7 1152
20 1153
14 1154
16 1155
8 1156
9 1157
14 1158
14 1159
18 1160
13 1161
7 1162
11 1163
11 1164
15 1165
8 1166
3 1167
8 1168
8 1169
4 1170
9 1171
3 1172
2 1173
1 1174
5 1175
8 1176
4 1177
3 1178
2 1179
1 1181
2 1182
4 1184
1 1185
5 1186
7 1187
4 1188
4 1189
1 1190
5 1191
5 1192
5 1193
8 1194
5 1195
5 1196
5 1197
4 1198
8 1199
8 1200
6 1201
6 1202
8 1203
6 1204
12 1205
4 1206
6 1207
5 1208
4 1209
9 1210
5 1211
1 1212
2 1213
9 1214
4 1215
2 1216
7 1217
5 1218
7 1219
7 1220
3 1221
5 1222
4 1223
1 1224
8 1225
2 1226
3 1227
2 1228
6 1229
3 1230
1 1231
3 1232
2 1233
1 1234
3 1235
4 1236
4 1237
3 1238
2 1240
3 1244
2 1245
3 1246
1 1247
1 1248
2 1250
2 1252
2 1253
3 1254
3 1255
2 1257
3 1258
2 1259
2 1260
3 1262
1 1263
4 1264
3 1265
2 1266
2 1267
1 1268
1 1269
2 1270
2 1272
2 1273
3 1274
1 1275
3 1276
3 1277
3 1278
1 1279
2 1280
2 1281
1 1282
3 1283
4 1284
3 1285
2 1286
2 1287
2 1288
1 1289
3 1290
7 1291
1 1292
4 1293
4 1294
5 1295
3 1296
3 1297
3 1298
3 1299
4 1300
6 1301
5 1302
5 1303
7 1304
5 1305
3 1306
6 1307
6 1308
7 1309
8 1310
5 1311
4 1312
3 1313
5 1314
2 1315
4 1316
1 1317
4 1318
8 1319
3 1320
3 1321
4 1322
8 1323
6 1324
5 1325
2 1327
2 1328
4 1329
2 1330
2 1331
3 1332
2 1333
4 1334
2 1335
2 1336
2 1337
1 1338
2 1339
4 1340
5 1342
2 1343
1 1344
1 1345
3 1346
1 1347
3 1349
1 1351
1 1352
3 1354
2 1355
3 1356
3 1357
4 1358
1 1359
4 1360
3 1361
2 1362
2 1363
1 1365
1 1366
2 1368
2 1369
4 1370
1 1371
2 1372
1 1373
1 1374
1 1375
2 1376
1 1377
2 1378
1 1379
2 1380
3 1381
2 1382
4 1383
2 1384
1 1385
1 1386
2 1387
4 1388
2 1389
2 1391
3 1392
4 1393
4 1394
4 1395
3 1396
2 1397
2 1398
2 1399
1 1400
2 1401
2 1402
2 1403
1 1404
4 1405
1 1406
1 1407
1 1408
2 1409
2 1410
2 1411
2 1412
5 1413
2 1414
2 1415
4 1416
5 1417
3 1418
5 1419
6 1420
7 1421
5 1422
3 1423
5 1425
7 1426
7 1427
4 1428
6 1429
6 1430
6 1431
3 1432
5 1433
8 1434
5 1435
6 1436
2 1437
6 1438
4 1439
5 1440
7 1441
5 1442
3 1443
2 1444
4 1445
3 1446
2 1447
5 1448
2 1449
2 1450
1 1451
4 1452
2 1453
2 1454
1 1455
3 1456
3 1457
2 1458
4 1459
5 1461
1 1462
1 1463
1 1464
1 1466
2 1467
1 1470
2 1472
1 1474
2 1476
1 1477
1 1478
1 1479
1 1482
1 1483
3 1487
2 1488
3 1489
3 1490
1 1491
2 1492
1 1493
1 1494
2 1495
1 1498
4 1501
3 1502
1 1503
2 1505
2 1507
2 1508
1 1510
2 1512
1 1514
1 1516
1 1518
1 1521
4 1522
1 1524
2 1525
2 1526
1 1527
3 1528
2 1529
2 1530
2 1532
1 1533
3 1535
2 1536
2 1537
5 1538
2 1539
3 1540
1 1541
1 1542
1 1544
2 1545
1 1548
1 1550
3 1552
2 1554
4 1556
1 1557
1 1559
1 1561
1 1562
2 1563
3 1564
1 1565
1 1566
1 1567
1 1568
7 1571
1 1572
1 1573
1 1574
1 1576
2 1577
1 1578
3 1579
2 1580
1 1581
2 1582
3 1583
1 1584
3 1585
2 1586
1 1587
2 1588
3 1589
5 1590
2 1591
3 1592
1 1593
2 1594
1 1596
1 1597
5 1598
2 1599
2 1600
6 1602
1 1603
1 1605
1 1606
3 1607
3 1608
2 1609
5 1610
7 1611
2 1612
5 1613
3 1614
4 1615
1 1616
1 1617
3 1618
2 1619
4 1620
2 1621
2 1622
2 1623
1 1624
1 1625
4 1627
5 1628
3 1630
1 1631
3 1632
3 1633
2 1634
2 1635
2 1636
4 1637
4 1638
2 1639
3 1641
5 1642
2 1643
3 1644
2 1646
2 1647
3 1648
1 1649
1 1650
1 1651
2 1652
2 1653
2 1656
1 1657
1 1658
5 1659
1 1660
1 1661
3 1662
2 1663
3 1664
3 1665
3 1666
3 1667
3 1668
3 1669
4 1670
3 1671
6 1672
2 1673
4 1674
3 1675
6 1676
4 1677
7 1678
2 1679
5 1680
3 1681
5 1682
2 1683
6 1684
2 1685
4 1686
4 1687
1 1688
7 1689
5 1690
7 1691
5 1692
4 1693
4 1694
7 1695
3 1696
1 1697
10 1698
4 1699
6 1700
3 1701
5 1702
6 1703
2 1704
5 1705
2 1706
3 1707
5 1708
1 1709
3 1710
11 1711
2 1712
7 1713
7 1714
4 1715
9 1716
7 1717
7 1718
7 1719
5 1720
5 1721
10 1722
7 1723
6 1724
8 1725
9 1726
3 1727
6 1728
4 1729
9 1730
3 1731
2 1732
2 1733
6 1734
6 1735
8 1736
1 1737
4 1738
5 1739
8 1740
5 1741
3 1742
3 1743
3 1744
6 1745
7 1746
4 1747
7 1748
1 1749
2 1750
2 1751
2 1752
3 1753
4 1754
4 1755
3 1756
10 1757
4 1758
2 1759
11 1760
6 1761
4 1762
4 1763
5 1764
9 1765
8 1766
5 1767
3 1768
5 1769
8 1770
3 1771
2 1772
6 1773
5 1774
4 1775
6 1776
5 1777
5 1778
4 1779
3 1780
7 1781
4 1782
3 1783
9 1784
8 1785
3 1786
6 1787
8 1788
5 1789
4 1790
6 1791
3 1792
5 1793
4 1794
4 1795
3 1796
8 1797
7 1798
3 1799
7 1800
4 1801
6 1802
2 1803
7 1804
4 1805
4 1806
11 1807
4 1808
6 1809
8 1810
1 1811
3 1812
6 1813
7 1814
2 1815
11 1816
7 1817
5 1818
12 1819
3 1820
7 1821
4 1822
5 1823
6 1824
5 1825
8 1826
6 1827
12 1828
11 1829
8 1830
9 1831
8 1832
8 1833
11 1834
8 1835
12 1836
6 1837
14 1838
7 1839
13 1840
13 1841
12 1842
9 1843
3 1844
10 1845
4 1846
12 1847
12 1848
10 1849
9 1850
10 1851
10 1852
10 1853
9 1854
9 1855
9 1856
7 1857
8 1858
10 1859
11 1860
6 1861
6 1862
11 1863
9 1864
14 1865
13 1866
8 1867
12 1868
13 1869
6 1870
5 1871
3 1872
11 1873
9 1874
4 1875
13 1876
9 1877
11 1878
8 1879
14 1880
6 1881
11 1882
7 1883
11 1884
15 1885
8 1886
12 1887
13 1888
11 1889
13 1890
12 1891
24 1892
18 1893
21 1894
13 1895
13 1896
9 1897
21 1898
12 1899
17 1900
16 1901
23 1902
20 1903
13 1904
18 1905
15 1906
18 1907
21 1908
21 1909
24 1910
24 1911
22 1912
19 1913
27 1914
24 1915
18 1916
30 1917
25 1918
34 1919
22 1920
19 1921
24 1922
32 1923
31 1924
35 1925
34 1926
45 1927
38 1928
40 1929
45 1930
50 1931
45 1932
48 1933
51 1934
37 1935
52 1936
49 1937
55 1938
52 1939
51 1940
70 1941
56 1942
71 1943
68 1944
80 1945
63 1946
82 1947
87 1948
85 1949
78 1950
76 1951
96 1952
83 1953
88 1954
113 1955
65 1956
92 1957
91 1958
101 1959
129 1960
113 1961
111 1962
148 1963
131 1964
133 1965
123 1966
135 1967
139 1968
126 1969
151 1970
125 1971
157 1972
166 1973
160 1974
145 1975
152 1976
159 1977
145 1978
147 1979
142 1980
155 1981
124 1982
143 1983
141 1984
123 1985
127 1986
147 1987
122 1988
100 1989
115 1990
92 1991
115 1992
90 1993
85 1994
88 1995
75 1996
77 1997
76 1998
49 1999
57 2000
52 2001
42 2002
43 2003
38 2004
32 2005
36 2006
31 2007
22 2008
26 2009
12 2010
24 2011
24 2012
21 2013
18 2014
20 2015
9 2016
6 2017
10 2018
12 2019
18 2020
11 2021
9 2022
2 2023
5 2024
4 2025
7 2026
4 2027
4 2028
3 2029
2 2030
5 2031
2 2032
2 2033
3 2035
2 2036
2 2037
1 2038
1 2040
1 2041
1 2042
1 2043
2 2045
1 2046
1 2047
3 2049
1 2052
1 2053
2 2054
5 2056
1 2058
1 2059
1 2060
1 2061
2 2062
3 2063
1 2064
1 2065
1 2066
4 2068
1 2070
1 2071
3 2072
3 2073
2 2075
5 2076
1 2077
4 2078
1 2079
1 2080
3 2082
2 2083
1 2084
2 2086
3 2087
1 2088
1 2090
1 2091
3 2093
2 2094
2 2095
2 2096
3 2097
1 2099
1 2101
3 2104
2 2106
2 2107
1 2108
1 2110
1 2113
1 2118
1 2119
1 2123
1 2125
1 2129
1 2130
1 2132
1 2133
1 2136
1 2137
1 2141
1 2143
1 2144
1 2153
1 2154
1 2157
2 2163
1 2169
1 2170
2 2172
1 2176
1 2178
1 2180
1 2183
1 2184
1 2192
1 2194
1 2195
1 2203
2 2204
1 2207
1 2210
1 2214
1 2219
2 2220
2 2223
1 2225
1 2227
1 2229
1 2230
1 2231
1 2235
1 2237
1 2238
1 2239
1 2241
1 2242
1 2243
1 2244
1 2245
1 2248
1 2251
2 2252
1 2257
1 2261
1 2262
1 2263
1 2288
1 2289
1 2299
2 2303
1 2307
1 2309
1 2314
1 2315
1 2316
1 2326
1 2336
1 2337
2 2339
2 2342
1 2343
1 2347
1 2350
2 2352
1 2359
1 2364
1 2366
2 2367
1 2371
1 2372
1 2373
1 2376
1 2380
2 2381
1 2382
1 2383
1 2385
1 2386
1 2387
2 2388
1 2391
2 2392
1 2397
1 2399
3 2400
1 2402
1 2403
1 2406
1 2410
1 2413
1 2421
1 2424
1 2426
1 2432
2 2441
1 2450
1 2451
1 2452
1 2454
1 2455
1 2457
2 2460
1 2462
1 2466
1 2467
1 2475
1 2477
1 2480
1 2481
1 2482
1 2484
2 2487
2 2489
1 2494
1 2497
2 2498
1 2500
2 2501
3 2502
2 2503
1 2504
2 2505
3 2507
1 2508
1 2509
1 2511
1 2513
1 2514
1 2516
2 2518
1 2521
2 2524
1 2525
1 2526
2 2527
1 2528
1 2531
1 2532
2 2539
2 2540
1 2541
1 2543
1 2545
1 2547
2 2550
1 2551
1 2553
1 2557
1 2559
1 2560
1 2561
2 2564
1 2567
1 2568
1 2582
1 2584
1 2605
1 2608
1 2612
1 2616
1 2617
1 2624
1 2625
1 2630
2 2632
2 2638
1 2639
1 2644
1 2646
1 2648
1 2650
1 2654
1 2658
2 2660
1 2664
1 2671
1 2679
2 2681
1 2682
1 2688
3 2689
1 2692
1 2693
2 2699
3 2701
1 2703
1 2705
1 2708
3 2710
2 2712
2 2713
1 2715
3 2716
4 2718
1 2719
1 2723
2 2727
2 2729
1 2730
2 2731
1 2732
2 2733
4 2734
1 2736
2 2737
2 2740
1 2742
2 2744
1 2745
1 2746
4 2747
2 2748
2 2749
2 2752
1 2753
1 2754
2 2758
1 2759
1 2762
1 2764
1 2765
2 2766
1 2767
2 2769
1 2770
1 2771
2 2772
1 2774
1 2775
1 2776
1 2777
1 2778
1 2779
1 2780
1 2781
2 2782
6 2785
1 2787
1 2790
2 2793
2 2794
1 2798
1 2799
1 2800
1 2803
3 2804
4 2806
2 2808
1 2809
1 2810
1 2811
1 2812
2 2816
1 2820
2 2821
2 2822
1 2823
3 2824
2 2825
1 2826
2 2827
2 2828
2 2830
2 2832
1 2833
4 2834
5 2835
3 2836
4 2837
3 2838
3 2839
1 2840
3 2843
3 2844
2 2845
3 2846
3 2847
2 2848
7 2849
3 2850
3 2851
5 2852
3 2853
3 2854
4 2855
6 2856
3 2857
7 2858
5 2859
5 2860
5 2861
4 2862
2 2863
11 2864
6 2865
6 2866
5 2867
7 2868
4 2869
4 2870
4 2871
7 2872
4 2873
6 2874
8 2875
4 2876
4 2877
2 2878
3 2879
3 2880
5 2881
2 2882
6 2883
6 2884
2 2885
8 2886
4 2887
2 2888
4 2889
4 2890
1 2891
6 2892
1 2893
2 2894
1 2895
2 2896
2 2897
2 2898
4 2899
1 2900
1 2902
2 2903
1 2904
1 2905
1 2906
1 2908
1 2911
2 2912
1 2913
1 2914
1 2916
1 2918
1 2924
1 2935
1 2936
1 2949
1 2982
1 3061
1 3138
1 3169
1 3226
1 3229
1 3288
2 3311
1 3398
1 3404
2 3405
1 3418
1 3438
1 3803
1 3807
1 3816
1 3929
1 4104
1 4125
1 4431
1 4476
1 5728
