1 1
1 2
3 3
1 4
9 5
3 6
1 7
3 8
3 10
2 11
4 12
1 13
5 14
2 15
4 16
11 17
3 18
1 19
4 20
4 21
3 22
2 23
3 24
7 25
5 26
3 27
3 28
4 29
2 30
3 31
4 32
2 33
7 34
2 35
4 36
4 37
4 38
5 39
2 40
3 41
2 42
2 43
3 44
2 45
5 46
2 47
2 48
1 49
3 50
5 51
6 52
2 53
4 54
4 55
5 56
3 57
4 58
10 59
3 60
5 61
6 62
6 63
5 64
3 65
2 66
5 67
5 68
6 69
3 70
5 71
9 72
4 73
8 74
6 75
5 76
5 77
2 78
4 79
6 80
6 81
3 82
2 83
6 84
4 85
4 86
6 87
3 88
6 89
6 90
9 91
9 92
5 93
6 94
16 95
10 96
10 97
8 98
11 99
2 100
8 101
10 102
7 103
7 104
2 105
3 106
4 107
6 108
9 109
7 110
9 111
11 112
20 113
19 114
14 115
19 116
21 117
19 118
13 119
11 120
8 121
16 122
8 123
7 124
5 125
8 126
5 127
5 128
11 129
10 130
6 131
5 132
14 133
9 134
13 135
19 136
9 137
16 138
17 139
9 140
16 141
14 142
16 143
12 144
11 145
25 146
20 147
16 148
17 149
16 150
21 151
30 152
26 153
20 154
24 155
22 156
18 157
23 158
20 159
17 160
14 161
12 162
15 163
7 164
14 165
10 166
18 167
11 168
12 169
16 170
9 171
11 172
14 173
9 174
14 175
21 176
17 177
18 178
15 179
20 180
18 181
19 182
34 183
26 184
29 185
23 186
20 187
29 188
20 189
22 190
21 191
25 192
22 193
19 194
24 195
26 196
22 197
28 198
40 199
33 200
39 201
38 202
46 203
54 204
61 205
64 206
70 207
84 208
73 209
103 210
91 211
85 212
98 213
100 214
140 215
146 216
132 217
165 218
134 219
158 220
187 221
188 222
200 223
175 224
226 225
230 226
252 227
332 228
350 229
431 230
440 231
458 232
476 233
454 234
418 235
419 236
344 237
285 238
249 239
214 240
182 241
113 242
120 243
98 244
83 245
96 246
77 247
80 248
86 249
92 250
112 251
111 252
129 253
137 254
142 255
144 256
147 257
132 258
108 259
121 260
101 261
65 262
51 263
52 264
52 265
36 266
40 267
40 268
23 269
24 270
33 271
31 272
28 273
21 274
29 275
18 276
20 277
23 278
17 279
15 280
17 281
19 282
23 283
14 284
22 285
15 286
17 287
16 288
11 289
21 290
22 291
31 292
18 293
18 294
17 295
34 296
13 297
22 298
25 299
27 300
28 301
43 302
28 303
29 304
24 305
37 306
43 307
23 308
43 309
39 310
32 311
25 312
39 313
54 314
48 315
34 316
39 317
34 318
52 319
60 320
70 321
55 322
62 323
46 324
66 325
70 326
78 327
96 328
86 329
88 330
78 331
95 332
96 333
106 334
85 335
66 336
86 337
83 338
78 339
85 340
88 341
79 342
78 343
71 344
70 345
78 346
74 347
75 348
73 349
65 350
69 351
86 352
90 353
88 354
105 355
129 356
146 357
168 358
179 359
217 360
246 361
294 362
324 363
386 364
440 365
469 366
486 367
507 368
480 369
426 370
470 371
453 372
382 373
324 374
279 375
210 376
183 377
162 378
130 379
99 380
117 381
78 382
81 383
74 384
60 385
60 386
49 387
48 388
42 389
35 390
29 391
33 392
23 393
28 394
21 395
25 396
24 397
16 398
27 399
18 400
14 401
19 402
18 403
25 404
34 405
28 406
28 407
25 408
32 409
43 410
50 411
47 412
61 413
49 414
52 415
51 416
53 417
58 418
68 419
86 420
86 421
84 422
88 423
105 424
120 425
109 426
103 427
137 428
126 429
124 430
147 431
127 432
102 433
142 434
118 435
113 436
105 437
92 438
114 439
78 440
67 441
63 442
74 443
53 444
53 445
25 446
27 447
24 448
16 449
19 450
17 451
20 452
12 453
16 454
12 455
6 456
10 457
12 458
5 459
5 460
5 461
12 462
8 463
9 464
8 465
8 466
3 467
1 468
5 469
8 470
6 471
4 472
9 473
13 474
11 475
12 476
9 477
9 478
8 479
4 480
8 481
7 482
7 483
13 484
7 485
6 486
8 487
6 488
9 489
5 490
4 491
9 492
3 493
5 494
8 495
12 496
5 497
8 498
9 499
9 500
9 501
14 502
5 503
11 504
5 505
10 506
16 507
14 508
17 509
20 510
11 511
21 512
13 513
13 514
26 515
27 516
20 517
25 518
26 519
40 520
34 521
33 522
45 523
50 524
48 525
53 526
53 527
61 528
60 529
69 530
71 531
77 532
83 533
100 534
98 535
116 536
92 537
94 538
100 539
94 540
84 541
82 542
69 543
69 544
65 545
61 546
44 547
41 548
28 549
23 550
19 551
18 552
16 553
5 554
10 555
9 556
9 557
7 558
5 559
8 560
14 561
5 562
12 563
10 564
5 565
8 566
6 567
20 568
8 569
14 570
5 571
11 572
10 573
7 574
9 575
6 576
8 577
7 578
4 579
8 580
4 581
8 582
4 583
9 584
10 585
4 586
8 587
3 588
7 589
6 590
12 591
8 592
5 593
2 594
7 595
5 596
5 597
9 598
4 599
8 600
3 601
1 602
10 603
3 604
4 605
5 606
3 607
2 608
3 610
5 611
4 612
1 613
2 614
1 615
3 616
3 617
3 618
2 619
5 620
2 621
2 622
3 623
3 624
6 625
3 627
3 628
3 629
2 630
4 631
7 632
3 633
8 634
8 635
5 636
4 637
5 638
3 639
7 640
6 641
6 642
9 643
8 644
7 645
3 646
8 647
6 648
7 649
5 650
4 651
9 652
11 653
10 654
7 655
7 656
7 657
6 658
7 659
11 660
6 661
14 662
8 663
14 664
7 665
8 666
9 667
11 668
5 669
11 670
9 671
13 672
7 673
6 674
10 675
7 676
7 677
6 678
4 679
9 680
2 681
6 682
8 683
5 684
8 685
10 686
5 687
3 688
5 689
6 690
4 691
2 692
6 693
2 694
2 695
5 696
5 697
5 698
7 700
7 701
2 702
1 703
2 704
6 705
2 706
4 707
2 708
3 709
4 710
1 711
6 712
4 713
1 714
1 715
2 716
5 717
3 718
4 719
5 720
3 721
2 722
5 723
4 724
5 725
4 726
5 727
5 728
1 729
2 730
5 731
1 732
3 733
3 734
5 735
5 736
4 737
5 738
8 739
10 740
10 741
6 742
8 743
6 744
9 745
10 746
9 747
10 748
12 749
15 750
11 751
10 752
11 753
15 754
9 755
7 756
6 757
12 758
7 759
7 760
10 761
4 762
6 763
5 764
5 765
5 766
4 767
10 768
3 769
2 770
1 771
6 772
6 773
9 774
1 775
2 776
4 778
4 779
3 781
2 782
2 783
2 784
1 785
1 786
1 787
2 788
3 789
6 790
7 792
1 793
2 794
1 795
1 796
1 797
4 798
3 799
2 800
4 801
1 802
3 803
6 804
2 805
3 807
4 808
1 809
5 810
2 811
2 812
3 815
4 816
1 817
4 818
5 819
3 820
5 821
3 822
9 823
4 824
3 825
10 826
5 827
10 828
8 829
7 830
6 831
4 832
10 833
11 834
7 835
8 836
8 837
9 838
9 839
6 840
9 841
11 842
6 843
4 844
6 845
9 846
4 847
8 848
8 849
4 850
4 851
3 852
2 853
5 854
3 855
3 856
1 857
7 858
5 859
4 860
5 861
3 862
6 863
6 864
6 866
5 868
1 869
5 870
3 871
7 872
1 873
3 874
4 875
4 876
3 877
2 878
3 879
6 880
3 881
2 882
2 885
2 886
1 887
3 888
6 889
3 890
5 891
3 892
3 893
2 894
1 895
6 896
2 897
1 898
1 899
3 900
3 901
5 902
3 903
3 904
2 905
1 906
5 907
4 908
6 909
7 910
5 911
3 912
4 913
4 914
4 915
2 916
5 917
1 919
5 920
4 921
4 922
6 923
6 924
2 925
5 926
7 927
4 928
2 929
4 930
6 931
7 932
5 933
5 934
3 935
2 936
4 937
5 938
5 939
3 940
3 941
4 942
5 943
5 944
5 945
7 946
4 947
10 948
4 949
4 950
5 951
8 952
5 953
4 954
6 955
6 956
4 957
8 958
5 959
9 960
6 961
3 962
10 963
9 964
9 965
2 966
8 967
5 968
5 969
11 970
7 971
6 972
2 973
5 974
6 975
6 976
6 977
2 978
5 979
4 981
9 982
2 983
7 984
4 985
6 986
7 987
12 988
4 989
6 990
6 991
1 992
2 993
7 994
7 995
8 996
1 997
10 998
1 999
4 1000
5 1001
3 1002
7 1003
5 1004
7 1005
5 1006
6 1007
4 1008
8 1009
5 1010
7 1011
14 1012
12 1013
6 1014
11 1015
8 1016
8 1017
6 1018
12 1019
7 1020
7 1021
9 1022
11 1023
6 1024
9 1025
11 1026
14 1027
5 1028
13 1029
19 1030
12 1031
17 1032
15 1033
18 1034
14 1035
15 1036
22 1037
17 1038
23 1039
19 1040
18 1041
26 1042
18 1043
27 1044
25 1045
23 1046
25 1047
30 1048
37 1049
44 1050
30 1051
36 1052
36 1053
40 1054
43 1055
46 1056
42 1057
38 1058
34 1059
19 1060
32 1061
36 1062
37 1063
36 1064
36 1065
34 1066
39 1067
36 1068
44 1069
30 1070
26 1071
36 1072
45 1073
42 1074
38 1075
57 1076
41 1077
39 1078
55 1079
63 1080
49 1081
55 1082
69 1083
83 1084
65 1085
72 1086
95 1087
90 1088
85 1089
103 1090
119 1091
111 1092
105 1093
124 1094
131 1095
127 1096
120 1097
129 1098
124 1099
134 1100
118 1101
108 1102
117 1103
111 1104
113 1105
99 1106
90 1107
104 1108
101 1109
88 1110
77 1111
78 1112
49 1113
57 1114
28 1115
55 1116
40 1117
38 1118
35 1119
29 1120
19 1121
17 1122
17 1123
19 1124
23 1125
11 1126
8 1127
7 1128
7 1129
8 1130
7 1131
11 1132
11 1133
9 1134
7 1135
4 1136
2 1137
6 1138
3 1139
7 1140
9 1141
6 1142
5 1143
2 1144
5 1145
3 1146
4 1147
12 1148
5 1149
2 1150
2 1151
4 1152
4 1153
5 1154
5 1155
8 1156
5 1157
8 1158
4 1159
7 1160
8 1161
7 1162
4 1163
6 1164
7 1165
8 1166
9 1167
8 1168
7 1169
7 1170
8 1171
11 1172
9 1173
10 1174
15 1175
14 1176
7 1177
10 1178
12 1179
15 1180
15 1181
11 1182
7 1183
12 1184
12 1185
11 1186
10 1187
16 1188
14 1189
19 1190
19 1191
13 1192
11 1193
14 1194
11 1195
7 1196
7 1197
16 1198
16 1199
10 1200
11 1201
5 1202
9 1203
9 1204
3 1205
3 1206
3 1207
7 1208
4 1209
5 1210
1 1211
3 1212
1 1213
4 1214
2 1215
1 1216
3 1217
4 1218
1 1219
2 1220
3 1221
3 1222
2 1223
2 1226
2 1227
1 1228
3 1229
6 1230
3 1231
1 1232
2 1233
2 1235
4 1236
3 1238
3 1239
2 1240
2 1243
1 1244
1 1245
1 1246
1 1247
2 1249
4 1250
4 1253
3 1254
1 1256
1 1257
3 1258
3 1259
3 1260
1 1261
1 1262
4 1264
1 1265
2 1266
5 1267
4 1268
1 1269
2 1270
2 1271
2 1272
2 1273
3 1274
4 1275
2 1276
3 1277
3 1278
1 1279
2 1280
1 1281
2 1282
3 1283
1 1284
4 1285
3 1286
1 1287
2 1288
2 1289
3 1290
5 1291
7 1293
3 1294
1 1295
2 1296
1 1297
1 1298
1 1299
2 1302
2 1303
2 1304
2 1306
1 1307
3 1308
1 1309
1 1310
1 1311
2 1312
2 1313
1 1315
1 1317
1 1322
1 1323
2 1324
3 1325
2 1326
1 1327
1 1332
2 1333
2 1336
3 1337
3 1339
1 1340
2 1342
1 1343
1 1344
3 1346
1 1348
2 1351
1 1352
1 1353
1 1355
4 1356
1 1357
1 1359
1 1360
1 1361
1 1363
2 1364
3 1365
2 1366
1 1367
4 1368
1 1369
2 1370
2 1371
1 1372
3 1374
3 1375
1 1376
1 1378
2 1379
3 1380
4 1382
2 1383
2 1384
4 1385
1 1386
4 1387
1 1388
4 1389
1 1390
1 1391
1 1392
3 1393
1 1394
2 1395
3 1396
4 1397
2 1398
2 1399
5 1400
3 1401
5 1402
1 1403
6 1404
4 1405
2 1407
1 1408
4 1409
1 1410
7 1411
4 1412
2 1413
2 1414
1 1415
5 1416
1 1417
1 1418
2 1419
2 1420
2 1421
1 1422
1 1423
2 1424
2 1425
5 1426
1 1427
1 1428
1 1429
1 1430
1 1431
2 1433
3 1434
3 1436
1 1437
1 1439
3 1440
4 1442
1 1443
1 1444
1 1446
1 1448
2 1449
2 1450
3 1451
4 1452
1 1453
1 1454
1 1455
2 1458
1 1459
1 1460
1 1461
1 1462
3 1465
3 1466
1 1467
4 1468
3 1470
1 1471
1 1472
1 1473
1 1474
2 1476
4 1479
1 1480
3 1481
1 1482
2 1483
3 1484
1 1485
1 1486
2 1488
2 1489
2 1490
2 1491
1 1492
1 1493
1 1495
2 1496
1 1497
1 1499
1 1501
1 1502
3 1503
1 1504
1 1505
1 1507
1 1509
1 1510
2 1512
2 1513
2 1515
1 1516
1 1517
2 1518
1 1520
2 1523
2 1526
1 1527
1 1529
2 1530
1 1531
1 1532
2 1535
1 1536
2 1537
1 1539
3 1540
1 1541
1 1543
1 1544
1 1545
1 1546
3 1547
3 1548
1 1550
1 1551
1 1552
3 1553
1 1554
1 1555
2 1556
2 1557
3 1558
1 1559
4 1560
3 1563
2 1564
3 1566
1 1567
2 1568
1 1569
2 1570
2 1571
1 1573
3 1574
2 1575
2 1577
6 1579
2 1580
1 1581
1 1582
1 1583
3 1584
4 1585
5 1586
2 1587
2 1588
1 1589
7 1590
3 1591
1 1592
2 1593
4 1594
7 1595
5 1596
4 1597
2 1598
8 1599
5 1601
4 1602
2 1603
3 1604
7 1605
3 1606
5 1607
5 1608
1 1609
5 1610
4 1611
2 1612
2 1613
7 1614
4 1615
5 1616
10 1617
7 1618
4 1619
7 1620
4 1621
2 1622
3 1623
4 1624
7 1625
6 1626
8 1627
6 1628
7 1629
8 1630
2 1631
7 1632
6 1633
5 1634
9 1635
8 1636
2 1637
5 1638
4 1639
4 1640
3 1641
12 1642
7 1643
6 1644
6 1645
11 1646
8 1647
7 1648
10 1649
11 1650
4 1651
3 1652
6 1653
9 1654
10 1655
6 1656
3 1657
6 1658
5 1659
10 1660
10 1661
7 1662
3 1663
6 1664
3 1665
7 1666
4 1667
7 1668
10 1669
6 1670
3 1671
2 1672
5 1673
9 1674
5 1675
5 1676
11 1677
7 1678
6 1679
9 1680
10 1681
3 1682
9 1683
11 1684
8 1685
6 1686
9 1687
5 1688
10 1689
13 1690
7 1691
9 1692
9 1693
10 1694
9 1695
15 1696
18 1697
15 1698
14 1699
21 1700
19 1701
15 1702
20 1703
21 1704
26 1705
29 1706
32 1707
26 1708
20 1709
22 1710
36 1711
28 1712
40 1713
39 1714
27 1715
33 1716
32 1717
29 1718
37 1719
45 1720
43 1721
42 1722
39 1723
36 1724
23 1725
40 1726
38 1727
32 1728
46 1729
56 1730
35 1731
39 1732
31 1733
45 1734
50 1735
42 1736
49 1737
40 1738
36 1739
37 1740
34 1741
36 1742
29 1743
38 1744
33 1745
26 1746
45 1747
29 1748
24 1749
33 1750
20 1751
25 1752
24 1753
29 1754
16 1755
24 1756
20 1757
11 1758
19 1759
12 1760
14 1761
19 1762
18 1763
18 1764
13 1765
17 1766
13 1767
11 1768
15 1769
9 1770
12 1771
12 1772
11 1773
15 1774
10 1775
8 1776
12 1777
4 1778
6 1779
11 1780
4 1781
8 1782
4 1783
7 1784
2 1785
5 1786
3 1787
3 1788
2 1789
5 1790
5 1791
1 1792
3 1793
4 1794
3 1795
4 1796
1 1797
2 1798
4 1799
4 1800
3 1802
3 1803
4 1804
2 1805
2 1806
1 1807
4 1808
6 1809
2 1810
2 1811
1 1812
4 1813
1 1816
2 1818
2 1819
1 1820
1 1821
2 1822
1 1823
2 1825
2 1826
2 1827
1 1828
1 1830
3 1831
1 1833
2 1834
1 1835
2 1836
2 1837
2 1838
3 1839
1 1840
1 1842
1 1843
2 1844
1 1845
3 1847
1 1848
1 1849
2 1850
2 1851
1 1852
2 1853
1 1856
1 1857
1 1858
3 1860
1 1861
2 1862
2 1863
1 1864
3 1865
1 1866
2 1867
1 1868
2 1869
1 1870
2 1871
2 1872
1 1873
2 1874
4 1875
2 1876
4 1877
1 1878
2 1879
3 1880
2 1881
3 1882
5 1883
2 1884
6 1885
3 1886
1 1887
6 1888
3 1889
1 1890
5 1891
5 1892
11 1893
7 1894
4 1895
4 1896
6 1897
7 1898
3 1899
9 1900
13 1901
6 1902
13 1903
6 1904
10 1905
10 1906
8 1907
17 1908
8 1909
10 1910
10 1911
13 1912
19 1913
21 1914
20 1915
16 1916
28 1917
20 1918
16 1919
9 1920
22 1921
21 1922
19 1923
29 1924
20 1925
14 1926
16 1927
24 1928
22 1929
19 1930
20 1931
13 1932
13 1933
14 1934
14 1935
16 1936
16 1937
10 1938
10 1939
11 1940
11 1941
11 1942
5 1943
11 1944
10 1945
6 1946
5 1947
6 1948
5 1949
10 1950
2 1951
2 1952
5 1953
4 1954
3 1955
5 1956
1 1957
2 1958
5 1960
1 1961
1 1962
1 1963
1 1965
1 1966
2 1967
1 1968
1 1969
1 1974
1 1976
1 1977
1 1978
1 1979
1 1980
1 1984
2 1989
1 1991
1 1996
1 1999
1 2006
1 2014
1 2016
1 2017
1 2064
1 2072
1 2094
1 2101
1 2160
1 2173
1 2193
1 2202
1 2218
1 2227
1 2238
1 2239
1 2246
1 2251
1 2258
1 2261
1 2271
1 2281
1 2302
1 2319
1 2336
1 2337
1 2344
1 2353
1 2370
2 2375
1 2377
1 2391
1 2396
1 2397
1 2400
1 2467
1 2476
1 2481
1 2531
1 2547
1 2550
1 2568
1 2577
1 2594
1 2595
1 2606
1 2608
1 2609
1 2619
1 2622
2 2626
2 2631
1 2633
1 2635
1 2644
1 2647
1 2648
1 2649
1 2650
1 2661
1 2667
1 2682
1 2711
1 2820
1 2861
1 2874
2 2907
1 2937
1 2939
1 2949
1 3036
1 3060
1 3128
1 3135
1 3179
1 3289
1 3326
1 3400
1 3465
1 3490
1 3502
1 3834
