1 1
2 2
1 6
1 12
1 13
1 14
1 15
1 16
1 19
1 20
1 22
4 30
1 31
1 32
1 33
1 36
1 39
1 40
1 41
1 42
1 44
2 55
2 56
2 57
2 58
1 59
1 60
3 62
1 64
1 65
1 66
1 68
1 69
1 71
2 72
2 73
2 74
2 75
2 76
1 77
3 78
2 79
1 81
2 82
5 83
6 84
1 85
4 86
5 87
1 88
3 89
3 90
1 91
3 92
3 94
6 95
1 96
4 97
1 98
3 99
4 100
2 101
1 103
2 104
5 105
4 106
5 107
3 108
7 109
3 110
4 111
11 112
8 113
13 114
13 115
9 116
3 117
11 118
3 119
7 120
9 121
5 122
2 123
5 124
5 125
3 126
4 127
5 128
5 129
2 130
2 131
1 133
3 134
3 136
2 137
4 139
3 140
3 141
1 142
1 145
3 146
2 148
3 149
3 150
1 151
1 152
1 154
1 155
4 156
1 157
2 158
4 159
3 160
2 161
2 162
3 163
1 165
3 166
1 167
3 168
5 169
6 170
5 171
2 172
3 173
3 174
6 175
4 176
2 177
4 178
7 179
3 180
5 181
8 182
4 183
6 184
4 185
7 186
2 187
3 188
3 189
3 190
5 191
7 192
3 193
9 194
2 195
5 196
8 197
5 198
6 199
3 200
7 201
3 202
2 203
5 204
6 205
6 206
9 207
7 208
3 209
1 210
3 211
4 212
7 213
2 214
8 215
5 216
4 217
8 218
6 219
5 220
6 221
2 222
2 223
1 224
6 225
4 226
3 227
1 228
5 229
1 230
5 231
8 232
7 233
5 234
3 235
4 236
4 237
10 238
5 239
7 240
5 241
9 242
5 243
12 244
12 245
9 246
12 247
15 248
21 249
27 250
21 251
21 252
20 253
30 254
32 255
31 256
35 257
22 258
26 259
20 260
24 261
16 262
28 263
15 264
13 265
11 266
7 267
5 268
7 269
7 270
13 271
5 272
8 273
2 274
4 275
7 276
4 277
9 278
6 279
12 280
9 281
6 282
6 283
7 284
7 285
9 286
8 287
9 288
7 289
7 290
8 291
6 292
6 293
8 294
10 295
6 296
10 297
5 298
8 299
8 300
9 301
5 302
5 303
5 304
8 305
7 306
7 307
5 308
7 309
8 310
9 311
5 312
6 313
3 314
10 315
7 316
9 317
12 318
6 319
11 320
10 321
4 322
7 323
8 324
8 325
11 326
8 327
10 328
7 329
8 330
9 331
9 332
5 333
11 334
10 335
10 336
13 337
9 338
10 339
12 340
15 341
9 342
10 343
10 344
7 345
8 346
6 347
5 348
6 349
7 350
5 351
4 352
10 353
8 354
5 355
6 356
7 357
7 358
10 359
4 360
5 361
8 362
3 363
5 364
11 365
6 366
6 367
8 368
4 369
8 370
8 371
7 372
7 373
6 374
4 375
8 376
8 377
4 378
7 379
8 380
3 381
13 382
5 383
9 384
7 385
5 386
12 387
6 388
6 389
8 390
11 391
11 392
16 393
17 394
16 395
15 396
9 397
10 398
18 399
17 400
15 401
17 402
21 403
23 404
22 405
32 406
23 407
30 408
22 409
25 410
34 411
37 412
38 413
35 414
20 415
41 416
41 417
33 418
33 419
39 420
30 421
35 422
35 423
50 424
35 425
37 426
34 427
27 428
35 429
36 430
30 431
53 432
49 433
49 434
46 435
37 436
51 437
51 438
52 439
63 440
65 441
87 442
57 443
85 444
70 445
88 446
95 447
96 448
95 449
103 450
148 451
129 452
106 453
141 454
126 455
121 456
120 457
99 458
98 459
87 460
88 461
67 462
63 463
53 464
48 465
40 466
38 467
22 468
29 469
16 470
26 471
18 472
14 473
12 474
9 475
10 476
11 477
11 478
10 479
10 480
8 481
15 482
14 483
8 484
5 485
4 486
5 487
3 488
10 489
4 490
5 491
6 492
8 493
5 494
7 495
6 496
11 497
9 498
12 499
8 500
5 501
6 502
7 503
15 504
6 505
8 506
6 507
8 508
5 509
10 510
10 511
7 512
8 513
10 514
2 515
7 516
1 517
6 518
3 519
9 520
5 521
4 522
7 523
7 524
6 525
5 526
3 527
9 528
10 529
7 530
15 531
15 532
11 533
13 534
12 535
23 536
21 537
13 538
19 539
20 540
23 541
19 542
30 543
23 544
18 545
32 546
21 547
26 548
20 549
23 550
29 551
24 552
14 553
26 554
30 555
18 556
22 557
24 558
20 559
19 560
19 561
21 562
24 563
15 564
11 565
17 566
17 567
10 568
16 569
18 570
15 571
15 572
12 573
9 574
13 575
13 576
16 577
9 578
7 579
8 580
12 581
7 582
13 583
7 584
12 585
13 586
8 587
12 588
11 589
10 590
7 591
8 592
8 593
8 594
7 595
11 596
5 597
9 598
6 599
8 600
6 601
2 602
9 603
12 604
11 605
6 606
11 607
6 608
6 609
11 610
13 611
15 612
14 613
11 614
14 615
11 616
10 617
17 618
20 619
22 620
27 621
13 622
19 623
22 624
15 625
20 626
25 627
20 628
17 629
20 630
16 631
15 632
10 633
15 634
10 635
15 636
13 637
13 638
7 639
16 640
6 641
11 642
7 643
9 644
10 645
5 646
4 647
10 648
10 649
3 650
11 651
7 652
4 653
4 654
6 655
3 656
4 657
3 658
8 659
9 660
7 661
4 662
6 663
6 664
9 665
4 666
15 667
8 668
10 669
11 670
7 671
15 672
16 673
14 674
21 675
9 676
16 677
14 678
11 679
6 680
12 681
15 682
9 683
14 684
17 685
14 686
18 687
14 688
14 689
15 690
14 691
10 692
14 693
14 694
17 695
16 696
18 697
11 698
14 699
9 700
17 701
10 702
13 703
14 704
14 705
13 706
14 707
21 708
14 709
22 710
9 711
17 712
20 713
17 714
16 715
21 716
28 717
21 718
26 719
31 720
31 721
27 722
30 723
22 724
30 725
26 726
34 727
30 728
31 729
30 730
44 731
35 732
45 733
34 734
40 735
49 736
40 737
49 738
41 739
60 740
62 741
63 742
65 743
68 744
74 745
60 746
79 747
66 748
101 749
102 750
116 751
109 752
128 753
125 754
147 755
145 756
126 757
147 758
154 759
165 760
172 761
174 762
152 763
154 764
171 765
158 766
159 767
148 768
158 769
145 770
136 771
125 772
92 773
87 774
76 775
95 776
81 777
63 778
65 779
58 780
42 781
36 782
40 783
34 784
21 785
29 786
20 787
20 788
15 789
14 790
22 791
11 792
21 793
15 794
11 795
21 796
13 797
24 798
14 799
20 800
17 801
17 802
12 803
13 804
12 805
10 806
19 807
11 808
8 809
16 810
16 811
9 812
17 813
12 814
13 815
12 816
21 817
13 818
18 819
20 820
20 821
15 822
18 823
19 824
16 825
25 826
21 827
13 828
19 829
14 830
15 831
22 832
17 833
22 834
21 835
29 836
22 837
18 838
31 839
26 840
31 841
23 842
23 843
18 844
17 845
27 846
20 847
33 848
21 849
25 850
22 851
33 852
35 853
45 854
31 855
30 856
43 857
59 858
43 859
39 860
44 861
32 862
44 863
44 864
40 865
42 866
52 867
49 868
39 869
40 870
50 871
42 872
36 873
32 874
29 875
34 876
47 877
32 878
28 879
40 880
36 881
28 882
26 883
29 884
31 885
34 886
29 887
29 888
37 889
22 890
21 891
29 892
37 893
27 894
35 895
34 896
34 897
34 898
40 899
31 900
40 901
41 902
45 903
45 904
42 905
39 906
45 907
52 908
46 909
51 910
47 911
55 912
97 913
59 914
62 915
60 916
65 917
78 918
73 919
69 920
93 921
72 922
100 923
88 924
100 925
105 926
121 927
126 928
112 929
105 930
151 931
137 932
139 933
153 934
144 935
174 936
139 937
174 938
188 939
209 940
220 941
197 942
208 943
240 944
226 945
269 946
289 947
282 948
288 949
361 950
357 951
405 952
401 953
432 954
374 955
455 956
515 957
431 958
496 959
538 960
615 961
638 962
601 963
557 964
603 965
633 966
571 967
588 968
563 969
609 970
523 971
516 972
465 973
466 974
417 975
367 976
383 977
366 978
300 979
288 980
243 981
212 982
206 983
166 984
160 985
157 986
126 987
105 988
95 989
64 990
65 991
79 992
60 993
57 994
35 995
34 996
31 997
18 998
27 999
20 1000
25 1001
9 1002
15 1003
17 1004
11 1005
7 1006
5 1007
8 1008
6 1009
5 1010
4 1011
2 1012
5 1013
4 1014
2 1015
1 1016
3 1017
7 1018
3 1019
3 1022
1 1023
1 1025
1 1026
2 1027
1 1028
1 1029
1 1030
4 1031
1 1033
1 1034
1 1035
3 1039
1 1041
1 1042
1 1046
1 1048
2 1051
1 1052
2 1054
1 1056
1 1057
1 1058
1 1063
1 1064
1 1068
1 1069
1 1070
4 1076
1 1077
2 1078
3 1081
2 1086
1 1090
1 1092
1 1094
2 1097
1 1099
2 1100
1 1101
1 1103
1 1106
1 1108
1 1110
3 1111
1 1113
1 1114
2 1117
1 1119
2 1120
3 1121
3 1122
2 1123
2 1125
4 1126
1 1127
1 1128
1 1130
2 1131
2 1132
2 1133
3 1135
2 1136
2 1138
1 1139
2 1140
1 1141
4 1142
2 1143
2 1144
3 1145
1 1146
1 1147
4 1148
2 1149
3 1150
1 1151
2 1152
1 1154
5 1155
3 1156
2 1157
3 1158
2 1159
3 1160
5 1161
3 1162
3 1163
1 1164
1 1165
3 1167
2 1168
1 1169
3 1170
2 1171
2 1173
1 1174
3 1176
2 1178
4 1179
1 1180
1 1181
2 1182
2 1183
2 1184
2 1188
2 1189
2 1190
1 1192
1 1193
1 1194
1 1195
2 1196
1 1197
3 1198
4 1199
1 1200
2 1201
1 1204
1 1205
1 1206
2 1207
2 1211
1 1212
1 1213
2 1214
3 1216
2 1217
1 1218
2 1219
1 1220
4 1222
1 1223
1 1225
1 1226
4 1227
4 1228
1 1229
2 1230
2 1231
2 1232
1 1233
1 1235
1 1236
2 1237
1 1238
1 1239
5 1240
4 1241
5 1242
2 1243
4 1244
2 1245
2 1246
1 1247
3 1248
4 1249
5 1250
5 1251
3 1252
5 1253
4 1254
5 1255
4 1256
2 1257
1 1258
1 1259
6 1260
1 1261
6 1262
2 1263
7 1264
2 1265
2 1266
4 1267
7 1268
5 1269
4 1270
1 1271
1 1272
2 1273
3 1274
3 1275
1 1276
2 1277
4 1278
3 1279
1 1280
3 1281
6 1282
2 1283
4 1284
2 1286
2 1287
3 1288
1 1289
1 1290
2 1291
2 1292
1 1293
4 1294
2 1295
3 1296
2 1297
2 1298
6 1299
5 1300
2 1301
4 1302
1 1303
4 1304
1 1305
1 1306
4 1307
3 1308
4 1309
2 1310
3 1311
4 1312
8 1313
8 1314
2 1315
5 1316
5 1317
2 1318
4 1319
2 1320
4 1321
2 1322
6 1323
2 1324
2 1326
1 1327
3 1328
2 1329
2 1330
2 1331
4 1332
1 1333
2 1334
2 1335
2 1336
1 1337
2 1338
2 1339
1 1340
1 1341
2 1342
1 1345
1 1346
1 1347
1 1349
2 1350
1 1352
1 1356
1 1358
1 1360
3 1361
2 1363
1 1365
1 1366
1 1367
2 1369
1 1371
1 1379
1 1380
1 1384
1 1387
1 1388
1 1390
1 1394
1 1395
1 1397
1 1398
1 1399
2 1400
2 1401
2 1402
1 1403
2 1404
1 1405
1 1406
1 1407
3 1408
1 1409
1 1410
1 1411
2 1412
2 1415
1 1416
2 1418
2 1420
1 1421
1 1426
1 1431
1 1433
1 1437
1 1438
1 1443
1 1444
1 1446
1 1448
2 1458
1 1460
1 1461
1 1463
1 1466
2 1467
1 1471
1 1472
1 1474
1 1475
1 1476
1 1479
1 1485
1 1487
1 1492
2 1493
1 1496
1 1498
1 1499
1 1500
2 1503
1 1509
1 1510
1 1512
1 1515
2 1520
1 1526
2 1530
1 1533
1 1535
1 1536
2 1537
1 1538
1 1540
1 1541
1 1543
1 1544
1 1547
1 1549
2 1550
2 1552
2 1553
1 1557
1 1565
1 1566
1 1571
1 1575
1 1576
1 1579
1 1580
1 1581
1 1582
2 1586
3 1588
1 1589
3 1591
1 1596
1 1598
2 1601
1 1603
1 1604
3 1605
1 1610
2 1612
2 1616
1 1618
1 1622
2 1623
1 1636
2 1639
1 1641
1 1644
3 1645
2 1647
2 1648
2 1651
1 1652
3 1654
2 1657
2 1661
2 1662
1 1663
2 1666
1 1667
2 1674
1 1675
1 1676
2 1678
3 1684
1 1686
2 1687
1 1691
1 1692
2 1693
2 1694
1 1696
3 1699
1 1701
1 1702
1 1703
1 1704
2 1707
1 1711
3 1713
1 1715
1 1716
1 1717
3 1719
1 1720
1 1721
1 1722
1 1723
3 1727
2 1728
1 1730
2 1731
1 1732
2 1733
1 1734
2 1737
1 1738
1 1743
1 1747
3 1749
1 1752
1 1754
2 1759
1 1762
1 1763
2 1767
1 1770
1 1773
1 1774
2 1779
1 1781
1 1782
1 1783
1 1787
3 1789
1 1791
1 1792
1 1795
1 1797
1 1799
1 1801
1 1804
1 1805
1 1806
3 1808
1 1809
1 1811
2 1813
2 1814
1 1816
1 1818
1 1821
1 1823
1 1824
1 1825
1 1826
3 1828
1 1830
1 1831
1 1833
1 1837
5 1838
1 1839
4 1841
1 1843
1 1845
1 1846
2 1847
1 1848
2 1849
2 1850
1 1852
1 1853
1 1854
2 1856
1 1860
2 1862
2 1863
2 1865
2 1871
1 1872
1 1875
2 1876
1 1879
2 1880
1 1882
1 1883
1 1885
1 1886
1 1887
3 1889
2 1894
2 1895
1 1896
1 1897
2 1898
2 1901
1 1903
5 1904
1 1906
1 1907
1 1908
1 1910
1 1912
2 1914
2 1915
1 1916
2 1917
4 1918
1 1919
1 1920
1 1922
2 1924
2 1926
1 1928
1 1930
1 1933
1 1934
1 1935
1 1937
1 1938
1 1939
1 1943
1 1946
1 1951
1 1952
2 1953
1 1956
2 1957
1 1960
1 1964
2 1965
1 1969
1 1972
1 1973
1 1974
1 1975
2 1976
1 1978
2 1979
1 1980
1 1982
1 1984
1 1986
1 1990
1 1992
1 1994
2 1995
1 1996
1 1998
1 2002
2 2004
1 2006
1 2009
3 2010
1 2012
2 2013
2 2015
1 2018
1 2019
1 2022
1 2024
1 2025
1 2026
2 2027
1 2029
2 2030
1 2038
2 2039
1 2041
1 2045
2 2046
1 2048
2 2049
1 2050
2 2051
1 2053
2 2054
2 2055
1 2056
1 2057
2 2059
1 2060
2 2061
3 2062
1 2065
2 2071
1 2072
2 2074
2 2075
2 2076
2 2077
1 2078
1 2079
1 2080
1 2083
4 2085
1 2086
1 2087
1 2088
2 2089
2 2090
3 2091
2 2092
1 2093
1 2094
1 2095
2 2096
1 2097
2 2099
1 2100
3 2101
1 2102
2 2103
2 2105
1 2107
2 2108
3 2109
2 2110
2 2111
4 2112
1 2113
1 2114
2 2115
2 2116
3 2118
3 2121
2 2123
2 2124
2 2125
1 2126
1 2127
1 2128
3 2129
2 2130
2 2132
1 2133
3 2134
3 2135
3 2136
1 2137
1 2138
2 2139
2 2140
1 2141
8 2142
1 2143
1 2145
1 2146
1 2147
2 2148
1 2149
3 2150
3 2152
3 2154
1 2156
4 2157
2 2158
2 2159
3 2160
3 2161
5 2163
1 2164
2 2165
4 2166
4 2167
1 2168
4 2169
1 2170
3 2171
2 2172
4 2173
6 2174
3 2175
4 2176
5 2178
1 2179
6 2180
1 2181
1 2182
2 2183
1 2184
7 2185
1 2186
3 2187
3 2188
3 2189
6 2190
4 2191
4 2192
2 2193
2 2194
4 2195
3 2196
2 2197
4 2198
3 2199
1 2200
3 2201
1 2202
3 2203
5 2204
5 2205
5 2206
5 2207
4 2208
6 2209
3 2210
4 2211
7 2212
7 2213
8 2214
6 2215
2 2216
8 2217
3 2218
6 2219
7 2220
4 2221
8 2222
2 2223
5 2224
6 2225
6 2226
7 2227
7 2228
7 2229
4 2230
8 2231
5 2232
10 2233
4 2234
5 2235
4 2236
11 2237
6 2238
10 2239
8 2240
6 2241
7 2242
9 2243
9 2244
4 2245
9 2246
4 2247
9 2248
16 2249
5 2250
13 2251
12 2252
16 2253
9 2254
7 2255
10 2256
9 2257
5 2258
10 2259
10 2260
4 2261
14 2262
7 2263
12 2264
9 2265
11 2266
11 2267
11 2268
11 2269
6 2270
11 2271
8 2272
10 2273
11 2274
10 2275
13 2276
18 2277
11 2278
12 2279
13 2280
13 2281
11 2282
16 2283
13 2284
13 2285
13 2286
15 2287
11 2288
12 2289
11 2290
11 2291
7 2292
9 2293
8 2294
11 2295
8 2296
15 2297
5 2298
13 2299
11 2300
9 2301
8 2302
6 2303
14 2304
12 2305
13 2306
10 2307
14 2308
8 2309
14 2310
12 2311
12 2312
15 2313
12 2314
11 2315
13 2316
8 2317
17 2318
16 2319
15 2320
5 2321
12 2322
12 2323
8 2324
12 2325
17 2326
12 2327
19 2328
19 2329
16 2330
23 2331
22 2332
13 2333
25 2334
15 2335
17 2336
21 2337
20 2338
25 2339
23 2340
34 2341
37 2342
21 2343
23 2344
28 2345
32 2346
27 2347
27 2348
27 2349
26 2350
39 2351
37 2352
25 2353
31 2354
43 2355
38 2356
41 2357
40 2358
40 2359
44 2360
37 2361
35 2362
45 2363
47 2364
45 2365
45 2366
30 2367
44 2368
50 2369
45 2370
26 2371
50 2372
45 2373
36 2374
42 2375
23 2376
38 2377
31 2378
26 2379
37 2380
28 2381
26 2382
33 2383
29 2384
27 2385
27 2386
29 2387
30 2388
27 2389
30 2390
26 2391
23 2392
18 2393
20 2394
20 2395
11 2396
18 2397
16 2398
8 2399
17 2400
18 2401
14 2402
12 2403
13 2404
12 2405
17 2406
16 2407
15 2408
4 2409
5 2410
10 2411
10 2412
6 2413
7 2414
7 2415
9 2416
5 2417
10 2418
7 2419
10 2420
4 2421
9 2422
6 2423
8 2424
5 2425
10 2426
3 2427
8 2428
8 2429
1 2430
6 2431
9 2432
7 2433
3 2434
7 2435
11 2436
11 2437
8 2438
8 2439
9 2440
12 2441
7 2442
13 2443
9 2444
5 2445
9 2446
8 2447
11 2448
12 2449
9 2450
11 2451
15 2452
14 2453
10 2454
11 2455
10 2456
15 2457
14 2458
11 2459
16 2460
20 2461
6 2462
9 2463
15 2464
15 2465
8 2466
8 2467
10 2468
14 2469
19 2470
13 2471
8 2472
13 2473
11 2474
9 2475
10 2476
16 2477
16 2478
9 2479
14 2480
12 2481
12 2482
6 2483
10 2484
11 2485
13 2486
17 2487
8 2488
7 2489
9 2490
10 2491
11 2492
10 2493
10 2494
5 2495
8 2496
7 2497
3 2498
7 2499
5 2500
5 2501
7 2502
5 2503
3 2504
3 2505
5 2506
5 2507
3 2508
5 2509
2 2510
5 2511
2 2512
3 2514
4 2515
1 2516
5 2517
3 2518
3 2519
2 2520
1 2521
3 2524
2 2525
4 2527
1 2528
1 2529
2 2532
1 2533
4 2535
1 2536
1 2537
6 2539
2 2540
2 2541
2 2542
2 2543
1 2545
1 2546
2 2547
3 2549
4 2550
3 2551
1 2552
5 2553
1 2554
1 2555
1 2557
3 2559
3 2560
2 2561
5 2562
4 2563
4 2564
3 2565
5 2566
3 2567
5 2568
2 2570
2 2571
2 2572
6 2573
3 2574
5 2575
2 2576
2 2577
7 2578
2 2579
5 2580
4 2581
4 2582
2 2583
8 2584
6 2585
5 2586
3 2587
4 2588
6 2589
8 2590
2 2591
8 2592
6 2593
10 2594
6 2595
6 2596
7 2597
10 2598
7 2599
6 2600
11 2601
9 2602
3 2603
9 2604
19 2605
9 2606
10 2607
4 2608
5 2609
5 2610
3 2611
15 2612
12 2613
11 2614
5 2615
7 2616
9 2617
12 2618
11 2619
7 2620
9 2621
5 2622
7 2623
4 2624
4 2625
4 2626
9 2627
2 2628
2 2629
7 2630
4 2631
7 2632
2 2633
5 2634
5 2635
3 2637
3 2638
6 2639
2 2640
2 2641
5 2642
2 2643
2 2644
6 2645
2 2646
2 2647
5 2648
6 2649
3 2650
1 2651
2 2652
3 2653
1 2654
1 2655
1 2657
1 2659
2 2660
1 2661
3 2662
2 2663
1 2666
2 2667
1 2669
1 2670
1 2671
1 2674
1 2677
1 2680
2 2681
1 2682
1 2687
1 2688
2 2691
1 2695
2 2696
1 2699
1 2700
1 2703
1 2713
3 2715
1 2718
2 2721
1 2723
1 2725
2 2728
1 2729
2 2730
2 2737
1 2738
1 2739
1 2740
1 2751
1 2753
1 2754
1 2757
1 2774
1 2778
1 2827
1 2832
1 2838
1 2851
1 2911
1 2969
1 2970
1 3023
1 3074
1 3110
1 3150
1 3175
1 3214
1 3239
1 3244
1 3259
2 3270
1 3278
1 3302
1 3305
1 3314
1 3316
1 3347
1 3376
1 3397
1 3406
1 3432
1 3449
1 3505
1 3611
1 3618
1 3641
1 3653
1 3667
1 3739
1 3774
1 3877
1 3903
1 4116
1 4311
1 4327
1 4872
1 6002
