1 2
1 3
1 4
1 6
1 9
1 12
1 15
1 16
2 18
3 19
1 21
2 22
1 23
2 25
3 27
3 29
1 30
3 34
1 35
1 36
1 37
1 38
2 39
1 40
2 41
3 42
1 45
1 46
1 47
2 48
1 49
1 50
1 52
2 53
1 54
2 55
4 56
2 58
3 59
3 61
2 62
2 64
1 65
2 66
2 67
4 69
3 70
2 71
3 72
1 73
3 74
1 75
2 76
3 77
2 79
1 80
3 81
1 82
1 83
4 85
3 86
1 87
1 88
1 89
1 91
1 93
1 94
1 95
2 96
4 97
2 98
2 99
1 100
2 103
1 104
2 105
2 106
1 107
2 110
3 113
2 114
4 115
1 116
1 118
1 119
2 120
3 121
3 122
1 124
2 125
3 126
2 127
3 128
1 130
4 131
5 132
3 133
4 134
3 135
2 136
1 137
1 138
3 139
4 140
1 141
2 142
3 143
1 144
2 145
2 146
2 147
2 148
3 149
2 150
3 151
2 152
1 153
3 154
3 155
1 157
1 158
3 160
1 161
3 162
4 163
2 164
4 165
2 166
2 167
2 168
1 169
3 170
2 171
3 172
3 173
2 174
1 175
3 176
3 177
1 178
4 179
2 180
1 181
4 182
1 183
1 184
2 185
3 186
4 187
1 188
3 190
2 191
1 193
2 194
1 195
3 196
3 197
5 198
3 199
1 200
2 202
2 203
3 204
1 205
2 206
5 208
3 209
4 210
3 211
3 212
5 213
4 215
2 216
2 217
1 218
1 219
3 221
4 222
3 223
2 224
3 225
4 226
1 227
1 229
6 230
2 231
3 232
6 233
4 234
4 235
4 236
3 237
4 238
3 239
2 240
2 241
2 242
1 243
3 244
3 245
6 246
3 247
3 248
7 249
5 250
7 251
8 252
11 253
13 254
7 255
4 256
10 257
4 258
5 259
7 260
7 261
3 262
2 263
8 264
3 265
6 266
1 268
7 269
4 270
2 271
5 272
3 273
4 274
3 275
2 276
2 277
5 278
3 279
2 280
3 281
3 282
2 283
4 284
5 285
4 286
6 287
6 288
2 289
4 290
4 291
3 292
2 293
3 294
3 295
6 296
3 297
3 298
5 299
3 300
2 301
2 302
4 303
2 304
2 305
1 306
1 307
2 308
3 309
4 310
3 311
3 312
1 313
4 314
5 315
2 316
2 317
3 318
6 319
4 320
5 321
1 322
4 323
3 324
5 325
4 326
4 327
2 328
8 329
9 330
12 331
12 332
6 333
4 334
4 335
8 336
8 337
2 338
3 339
4 340
4 341
4 342
6 344
3 345
7 346
9 347
3 348
2 349
2 350
2 351
7 352
10 353
4 354
7 355
5 356
6 357
6 358
6 359
7 360
3 361
9 362
4 363
6 364
5 365
7 366
6 367
2 368
5 369
7 370
3 371
4 372
3 373
1 374
1 375
4 376
2 377
4 378
2 380
3 381
3 382
3 383
4 384
1 385
3 386
2 387
2 388
1 390
5 391
2 392
3 393
3 394
4 395
3 396
3 397
4 398
1 399
5 400
1 401
3 402
5 403
2 404
3 405
2 406
3 407
2 408
2 409
4 411
3 412
2 413
2 414
3 415
3 416
2 417
1 418
2 419
3 420
3 421
1 422
4 424
3 425
4 426
1 427
3 428
2 429
2 430
3 431
5 432
6 435
3 436
1 437
4 438
2 439
3 440
7 441
4 442
3 443
5 444
5 445
5 446
5 447
7 448
8 449
8 450
7 451
7 452
10 453
10 454
10 455
10 456
13 457
11 458
10 459
18 460
14 461
21 462
27 463
27 464
27 465
28 466
22 467
25 468
36 469
38 470
37 471
45 472
42 473
46 474
33 475
30 476
27 477
31 478
17 479
8 480
16 481
14 482
19 483
11 484
10 485
8 486
11 487
6 488
5 489
8 490
5 491
5 492
6 493
7 494
2 495
1 496
2 497
4 498
2 499
3 500
5 501
2 502
2 503
6 504
6 505
3 506
3 507
9 508
5 509
5 510
8 511
11 512
5 513
3 514
3 515
4 516
7 517
5 518
6 519
5 520
4 521
1 522
4 523
5 524
2 525
1 526
3 527
4 528
5 529
3 530
3 531
2 532
1 533
3 534
6 535
5 536
1 537
6 539
3 540
2 541
2 542
5 543
3 544
1 545
4 546
4 547
4 548
2 549
5 550
1 551
3 552
1 553
1 554
2 555
1 556
1 557
1 558
3 559
3 560
2 561
4 562
5 563
3 564
2 565
3 566
2 567
2 568
5 569
6 570
1 571
3 572
3 573
3 574
4 575
3 576
3 577
1 578
3 579
4 580
2 581
3 582
3 583
2 584
1 585
1 586
2 587
6 588
3 589
3 590
4 591
3 593
2 594
4 595
3 596
3 597
1 599
3 600
5 601
2 602
2 603
4 604
10 605
1 606
5 607
1 608
7 609
5 610
3 611
6 612
2 613
4 614
2 615
3 616
5 617
2 618
3 619
1 620
1 621
3 622
5 623
3 624
3 625
3 626
5 627
3 628
5 629
3 630
4 631
3 632
3 633
4 634
1 635
6 636
3 637
7 638
2 639
2 640
5 641
2 642
4 643
2 644
6 645
5 646
3 647
3 648
4 649
7 650
7 651
8 652
3 653
3 654
7 655
5 656
3 657
2 658
10 659
9 660
6 661
6 662
4 663
2 664
8 665
7 666
5 667
5 668
6 669
4 670
7 671
8 672
5 673
7 674
5 675
4 676
5 677
6 678
10 679
7 680
14 681
9 682
9 683
13 684
16 685
11 686
9 687
6 688
9 689
8 690
13 691
12 692
12 693
10 694
11 695
12 696
17 697
12 698
10 699
11 700
15 701
14 702
15 703
21 704
20 705
13 706
20 707
24 708
23 709
26 710
22 711
17 712
24 713
21 714
20 715
32 716
15 717
21 718
21 719
22 720
14 721
27 722
18 723
25 724
23 725
22 726
20 727
15 728
33 729
31 730
24 731
20 732
21 733
27 734
13 735
30 736
21 737
33 738
25 739
26 740
24 741
24 742
26 743
23 744
30 745
29 746
26 747
33 748
25 749
14 750
24 751
29 752
24 753
35 754
20 755
26 756
26 757
31 758
24 759
25 760
27 761
18 762
26 763
19 764
19 765
24 766
18 767
21 768
28 769
19 770
17 771
18 772
18 773
27 774
12 775
17 776
38 777
30 778
27 779
24 780
31 781
20 782
23 783
40 784
39 785
53 786
44 787
62 788
45 789
54 790
61 791
68 792
56 793
51 794
80 795
94 796
97 797
101 798
100 799
93 800
108 801
88 802
95 803
109 804
87 805
98 806
109 807
116 808
97 809
103 810
97 811
88 812
123 813
113 814
91 815
108 816
108 817
127 818
115 819
119 820
144 821
126 822
147 823
155 824
158 825
169 826
153 827
170 828
133 829
133 830
169 831
152 832
136 833
122 834
128 835
125 836
117 837
89 838
93 839
95 840
101 841
81 842
77 843
57 844
76 845
53 846
60 847
59 848
46 849
61 850
42 851
44 852
37 853
42 854
44 855
46 856
45 857
26 858
26 859
35 860
32 861
45 862
35 863
25 864
37 865
27 866
26 867
22 868
21 869
25 870
30 871
23 872
12 873
10 874
14 875
15 876
10 877
12 878
17 879
7 880
9 881
9 882
11 883
9 884
7 885
7 886
6 887
10 888
6 889
6 890
10 891
5 892
5 893
3 894
8 895
11 896
8 897
4 898
6 899
4 900
7 901
4 902
8 903
11 904
4 905
7 906
11 907
7 908
7 909
5 910
10 911
10 912
14 913
9 914
9 915
4 916
7 917
10 918
5 919
2 920
5 921
11 922
7 923
10 924
11 925
17 926
7 927
10 928
8 929
12 930
9 931
10 932
11 933
9 934
8 935
11 936
7 937
11 938
11 939
12 940
10 941
12 942
16 943
8 944
11 945
15 946
12 947
12 948
8 949
12 950
7 951
12 952
9 953
21 954
12 955
12 956
14 957
18 958
13 959
15 960
16 961
16 962
18 963
10 964
13 965
16 966
13 967
20 968
22 969
18 970
16 971
24 972
22 973
14 974
17 975
26 976
17 977
24 978
28 979
30 980
34 981
20 982
26 983
34 984
37 985
31 986
44 987
32 988
30 989
31 990
36 991
23 992
36 993
37 994
32 995
27 996
36 997
19 998
29 999
21 1000
27 1001
29 1002
20 1003
37 1004
22 1005
23 1006
18 1007
22 1008
24 1009
21 1010
22 1011
19 1012
27 1013
29 1014
20 1015
38 1016
31 1017
25 1018
42 1019
37 1020
43 1021
47 1022
41 1023
47 1024
45 1025
51 1026
56 1027
48 1028
45 1029
53 1030
63 1031
74 1032
65 1033
79 1034
79 1035
81 1036
78 1037
90 1038
83 1039
93 1040
107 1041
120 1042
111 1043
118 1044
118 1045
148 1046
129 1047
137 1048
143 1049
138 1050
148 1051
145 1052
129 1053
139 1054
133 1055
115 1056
102 1057
107 1058
108 1059
80 1060
94 1061
78 1062
61 1063
66 1064
64 1065
68 1066
54 1067
57 1068
49 1069
46 1070
46 1071
62 1072
37 1073
54 1074
60 1075
58 1076
60 1077
61 1078
40 1079
55 1080
59 1081
60 1082
70 1083
51 1084
45 1085
66 1086
66 1087
67 1088
56 1089
54 1090
40 1091
62 1092
61 1093
63 1094
46 1095
46 1096
46 1097
52 1098
49 1099
40 1100
42 1101
24 1102
30 1103
26 1104
29 1105
29 1106
28 1107
19 1108
22 1109
23 1110
31 1111
21 1112
18 1113
22 1114
25 1115
27 1116
22 1117
18 1118
29 1119
21 1120
21 1121
20 1122
22 1123
20 1124
29 1125
27 1126
16 1127
14 1128
14 1129
22 1130
17 1131
15 1132
20 1133
16 1134
17 1135
14 1136
16 1137
14 1138
17 1139
21 1140
15 1141
18 1142
23 1143
23 1144
18 1145
17 1146
9 1147
23 1148
20 1149
22 1150
20 1151
21 1152
29 1153
26 1154
23 1155
30 1156
26 1157
33 1158
40 1159
37 1160
38 1161
30 1162
35 1163
31 1164
34 1165
27 1166
32 1167
33 1168
28 1169
31 1170
30 1171
24 1172
31 1173
38 1174
25 1175
32 1176
25 1177
27 1178
36 1179
30 1180
34 1181
25 1182
33 1183
18 1184
31 1185
27 1186
24 1187
24 1188
24 1189
23 1190
29 1191
18 1192
28 1193
30 1194
26 1195
34 1196
32 1197
29 1198
36 1199
40 1200
31 1201
37 1202
32 1203
48 1204
50 1205
52 1206
44 1207
60 1208
63 1209
58 1210
73 1211
60 1212
50 1213
62 1214
77 1215
78 1216
64 1217
47 1218
63 1219
60 1220
72 1221
74 1222
53 1223
65 1224
79 1225
46 1226
44 1227
45 1228
46 1229
43 1230
49 1231
41 1232
27 1233
29 1234
33 1235
13 1236
20 1237
17 1238
14 1239
18 1240
22 1241
15 1242
14 1243
12 1244
14 1245
12 1246
13 1247
9 1248
10 1249
16 1250
4 1251
9 1252
11 1253
9 1254
9 1255
11 1256
10 1257
3 1258
5 1259
5 1260
4 1261
4 1262
9 1263
6 1264
2 1265
3 1266
4 1267
2 1268
4 1269
2 1270
1 1273
1 1275
1 1276
1 1277
1 1278
1 1279
1 1280
1 1284
1 1286
2 1290
1 1291
2 1292
1 1293
2 1294
1 1297
1 1299
2 1300
1 1302
1 1303
1 1305
1 1307
2 1308
1 1309
2 1310
4 1312
1 1313
4 1314
1 1316
1 1317
1 1318
2 1320
1 1321
1 1322
3 1324
2 1325
1 1327
4 1328
2 1329
1 1330
4 1331
2 1332
2 1333
1 1334
3 1335
3 1336
1 1337
1 1339
2 1341
3 1342
3 1343
2 1344
2 1346
3 1347
3 1348
2 1349
1 1350
3 1351
2 1352
2 1353
1 1354
3 1355
3 1356
9 1357
6 1358
3 1359
4 1360
4 1361
8 1362
4 1363
8 1364
9 1365
6 1366
9 1367
12 1368
13 1369
7 1370
8 1371
9 1372
7 1373
10 1374
14 1375
15 1376
12 1377
13 1378
10 1379
13 1380
12 1381
19 1382
18 1383
14 1384
8 1385
16 1386
13 1387
15 1388
13 1389
7 1390
13 1391
11 1392
13 1393
9 1394
15 1395
7 1396
5 1397
7 1398
10 1399
6 1400
4 1401
7 1402
5 1403
4 1404
4 1405
1 1406
1 1407
1 1408
1 1409
4 1410
1 1411
3 1413
1 1414
3 1415
2 1416
2 1417
2 1421
1 1423
1 1424
1 1426
2 1429
2 1430
1 1431
3 1433
1 1434
1 1435
2 1438
2 1440
1 1442
2 1443
1 1446
1 1450
1 1451
1 1452
1 1453
3 1454
1 1456
2 1460
1 1471
1 1479
1 1491
1 1495
1 1496
1 1500
1 1501
2 1505
2 1506
1 1511
1 1514
1 1516
2 1517
3 1519
1 1520
3 1524
1 1526
1 1528
1 1530
1 1531
1 1539
1 1540
1 1541
1 1548
1 1549
1 1550
2 1551
1 1555
1 1564
1 1567
1 1569
3 1573
1 1574
3 1576
2 1581
1 1584
1 1593
1 1604
1 1609
1 1611
1 1620
1 1622
1 1633
1 1634
1 1646
1 1647
1 1653
1 1654
2 1656
2 1658
2 1663
1 1664
1 1666
1 1675
1 1676
1 1679
1 1682
2 1686
1 1687
1 1691
1 1695
1 1698
1 1702
1 1716
1 1717
2 1718
1 1731
1 1733
1 1736
1 1738
1 1753
1 1760
1 1764
1 1768
1 1770
1 1785
1 1789
1 1792
2 1797
2 1798
1 1802
1 1821
1 1824
1 1826
1 1832
1 1834
1 1844
2 1845
1 1847
1 1848
1 1849
1 1850
1 1851
1 1858
2 1859
1 1864
1 1868
2 1877
1 1890
1 1901
1 1902
1 1904
1 1906
2 1907
1 1910
1 1917
1 1921
2 1923
2 1925
1 1936
1 1937
3 1942
1 1946
2 1950
1 1951
1 1957
1 1958
1 1961
1 1966
2 1967
1 1968
1 1972
2 1974
1 1975
2 1976
2 1977
2 1978
1 1979
1 1981
1 1982
1 1984
1 1986
1 1988
1 1989
1 1995
3 1996
2 1998
1 2001
1 2005
1 2006
1 2007
1 2008
1 2010
1 2012
1 2013
2 2015
1 2017
3 2018
1 2019
1 2020
1 2022
1 2023
1 2024
1 2026
1 2027
2 2028
2 2031
1 2032
1 2034
1 2037
1 2040
1 2043
1 2044
1 2049
1 2051
1 2055
1 2060
1 2062
1 2081
1 2084
1 2086
2 2087
1 2089
1 2102
1 2108
1 2109
1 2113
1 2119
1 2122
1 2136
1 2139
3 2144
1 2145
3 2147
1 2150
1 2151
2 2154
1 2155
2 2157
1 2158
1 2160
1 2162
1 2169
1 2173
1 2174
1 2177
1 2179
1 2181
1 2183
1 2195
1 2203
1 2204
1 2215
2 2219
2 2221
1 2246
1 2253
1 2254
1 2255
1 2257
1 2259
1 2260
2 2266
1 2269
1 2271
1 2273
1 2276
1 2278
1 2281
1 2283
2 2285
1 2286
1 2288
1 2289
1 2290
1 2292
1 2294
1 2295
1 2297
1 2301
1 2302
1 2303
1 2305
1 2308
1 2309
1 2313
2 2314
1 2318
1 2322
1 2323
1 2326
1 2327
1 2330
1 2332
2 2334
1 2335
3 2338
2 2339
1 2341
3 2345
1 2346
1 2348
1 2350
3 2352
2 2356
1 2358
2 2359
2 2360
4 2361
1 2362
1 2363
4 2364
2 2365
1 2366
1 2367
2 2371
1 2373
3 2375
2 2376
2 2377
3 2378
2 2379
2 2380
1 2381
1 2382
1 2383
2 2386
2 2387
1 2388
1 2389
2 2391
2 2393
2 2394
2 2396
3 2398
4 2399
2 2400
2 2401
2 2402
2 2403
2 2404
2 2405
4 2406
1 2407
2 2408
2 2409
3 2410
3 2411
2 2412
2 2413
5 2414
3 2415
1 2416
1 2417
6 2418
5 2419
2 2420
2 2421
2 2422
2 2423
2 2424
3 2425
1 2426
4 2427
1 2428
1 2429
4 2430
3 2431
2 2432
2 2433
2 2434
1 2435
2 2436
3 2437
1 2438
5 2439
2 2440
4 2441
1 2442
4 2443
2 2444
2 2445
2 2446
3 2447
3 2448
3 2449
2 2450
2 2451
4 2452
2 2454
3 2455
5 2456
1 2457
2 2459
3 2460
5 2461
2 2462
3 2463
7 2464
6 2465
3 2466
4 2467
3 2468
3 2469
6 2470
3 2471
3 2472
6 2473
3 2474
6 2475
8 2476
8 2477
6 2478
1 2479
8 2480
8 2481
5 2482
4 2483
4 2484
2 2485
9 2486
8 2487
9 2488
5 2489
7 2490
10 2491
7 2492
9 2493
10 2494
4 2495
7 2496
9 2497
6 2498
7 2499
7 2500
10 2501
5 2502
8 2503
8 2504
7 2505
7 2506
5 2507
9 2508
6 2509
4 2510
3 2511
4 2512
8 2513
4 2514
4 2515
9 2516
4 2517
6 2518
4 2519
4 2520
3 2521
5 2522
2 2523
3 2524
3 2525
2 2526
3 2527
4 2529
2 2531
1 2532
1 2533
1 2535
2 2538
2 2540
1 2543
1 2544
2 2545
1 2548
1 2550
2 2554
1 2562
1 2566
1 2568
1 2570
5 2572
1 2574
1 2575
1 2577
1 2580
1 2582
1 2583
1 2584
2 2588
1 2589
2 2591
1 2594
1 2600
1 2602
1 2603
2 2616
1 2621
1 2624
1 2626
1 2627
1 2631
1 2634
1 2635
1 2638
1 2645
1 2651
2 2652
1 2660
1 2666
1 2669
1 2670
1 2673
1 2675
1 2681
1 2686
1 2689
1 2694
1 2700
3 2701
1 2702
1 2706
1 2707
1 2711
2 2713
1 2714
1 2725
1 2726
2 2729
1 2733
1 2737
1 2741
1 2751
1 2763
1 2768
1 2776
1 2785
1 2789
1 2790
1 2810
1 2818
1 2820
1 2828
1 2837
1 2841
1 2873
1 2945
1 2967
1 2980
1 2990
1 2999
1 3062
1 3119
1 3133
1 3156
1 3222
1 3231
1 3242
1 3284
1 3385
1 3598
1 3657
1 3726
1 3971
1 4065
1 4488
