2 2
1 3
1 6
1 7
1 9
1 10
1 11
1 12
1 13
2 14
1 21
2 22
1 23
2 24
2 25
2 27
1 30
1 34
1 37
4 39
1 40
3 41
3 42
1 43
1 44
1 45
1 46
1 50
5 52
1 54
1 55
1 56
2 58
1 60
1 61
3 62
2 63
1 64
2 65
3 66
6 67
2 69
2 70
1 71
3 74
2 75
3 76
3 78
1 79
4 80
2 81
3 82
2 84
2 85
3 86
3 87
3 88
4 89
1 90
3 91
2 92
1 93
1 94
1 96
1 97
1 98
2 99
3 100
1 102
3 103
3 104
3 105
3 106
1 108
3 109
1 110
3 111
3 112
1 113
5 114
1 115
2 116
2 118
4 119
2 120
3 121
2 122
3 123
3 124
1 125
1 126
4 127
2 128
3 130
2 132
5 133
3 134
1 135
3 136
6 137
2 138
3 139
2 140
4 141
3 143
5 144
4 145
6 146
9 147
3 148
10 149
4 150
6 151
12 152
11 153
6 154
5 155
7 156
5 157
6 158
3 159
7 160
3 161
3 162
3 163
6 165
4 166
8 167
5 168
4 169
4 170
3 171
4 172
4 173
2 174
4 175
3 176
1 177
3 178
3 179
4 180
4 181
4 182
3 183
5 184
6 185
4 186
2 187
5 188
5 189
3 190
4 191
5 192
3 193
6 194
4 195
9 196
3 197
10 198
5 199
11 200
8 201
5 202
6 203
8 204
7 205
5 206
7 207
7 208
6 209
5 210
6 211
3 212
5 213
2 214
3 215
5 216
6 217
4 218
6 219
5 220
7 221
4 222
8 223
8 224
8 225
6 226
10 227
19 228
21 229
18 230
19 231
30 232
37 233
37 234
45 235
58 236
58 237
73 238
54 239
62 240
48 241
45 242
33 243
25 244
25 245
21 246
14 247
12 248
14 249
9 250
11 251
11 252
5 253
9 254
18 255
7 256
17 257
20 258
13 259
29 260
21 261
26 262
19 263
29 264
21 265
24 266
29 267
22 268
22 269
16 270
27 271
12 272
15 273
14 274
3 275
4 276
7 277
7 278
8 279
2 280
4 281
4 282
9 283
1 284
10 285
4 286
9 287
6 288
10 289
10 290
7 291
17 292
16 293
6 294
10 295
13 296
10 297
17 298
16 299
10 300
18 301
8 302
7 303
7 304
11 305
10 306
8 307
11 308
4 309
8 310
5 311
6 312
4 313
2 314
7 315
7 316
4 317
11 318
6 319
6 320
5 321
10 322
8 323
14 324
6 325
11 326
5 327
10 328
10 329
10 330
9 331
5 332
7 333
9 334
10 335
7 336
7 337
7 338
8 339
4 340
4 341
8 342
15 343
14 344
10 345
13 346
10 347
11 348
10 349
9 350
8 351
13 352
11 353
16 354
12 355
14 356
15 357
10 358
21 359
18 360
24 361
13 362
23 363
22 364
12 365
25 366
24 367
24 368
26 369
30 370
29 371
33 372
19 373
32 374
28 375
29 376
23 377
28 378
36 379
35 380
28 381
36 382
25 383
24 384
19 385
20 386
17 387
21 388
8 389
17 390
12 391
7 392
17 393
14 394
14 395
10 396
14 397
10 398
16 399
13 400
18 401
12 402
22 403
23 404
24 405
15 406
27 407
25 408
31 409
30 410
25 411
45 412
48 413
45 414
48 415
52 416
72 417
73 418
88 419
84 420
107 421
90 422
124 423
109 424
96 425
99 426
104 427
107 428
90 429
93 430
73 431
57 432
40 433
40 434
50 435
40 436
39 437
26 438
30 439
19 440
13 441
16 442
14 443
12 444
6 445
5 446
8 447
3 448
12 449
12 450
8 451
8 452
6 453
7 454
12 455
8 456
4 457
6 458
7 459
7 460
10 461
9 462
12 463
6 464
7 465
11 466
14 467
9 468
7 469
12 470
13 471
5 472
16 473
6 474
7 475
13 476
17 477
12 478
14 479
6 480
17 481
15 482
16 483
15 484
16 485
13 486
14 487
17 488
10 489
14 490
9 491
6 492
19 493
14 494
12 495
13 496
8 497
11 498
7 499
8 500
6 501
12 502
12 503
17 504
15 505
13 506
12 507
16 508
19 509
22 510
24 511
14 512
24 513
25 514
30 515
53 516
29 517
46 518
49 519
52 520
52 521
76 522
76 523
83 524
107 525
88 526
102 527
125 528
109 529
110 530
124 531
109 532
138 533
113 534
105 535
119 536
98 537
94 538
78 539
82 540
60 541
55 542
35 543
42 544
26 545
32 546
28 547
19 548
23 549
12 550
13 551
5 552
10 553
8 554
11 555
13 556
9 557
5 558
5 559
3 560
5 561
6 562
9 563
5 564
9 565
2 566
14 567
8 568
6 569
4 570
4 571
8 572
8 573
7 574
11 575
8 576
11 577
4 578
3 579
6 580
8 581
6 582
8 583
4 584
4 585
11 586
6 587
8 588
5 589
7 590
10 591
8 592
9 593
9 594
16 595
11 596
8 597
5 598
7 599
12 600
11 601
7 602
9 603
20 604
6 605
9 606
9 607
11 608
10 609
12 610
7 611
11 612
15 613
6 614
20 615
21 616
10 617
17 618
18 619
15 620
7 621
18 622
19 623
14 624
9 625
9 626
18 627
15 628
12 629
15 630
11 631
30 632
10 633
10 634
20 635
14 636
21 637
18 638
17 639
20 640
20 641
18 642
15 643
22 644
19 645
32 646
32 647
27 648
31 649
28 650
30 651
32 652
29 653
41 654
40 655
46 656
41 657
44 658
49 659
61 660
44 661
54 662
63 663
53 664
56 665
61 666
65 667
58 668
68 669
61 670
66 671
54 672
60 673
55 674
47 675
71 676
64 677
77 678
70 679
73 680
72 681
71 682
73 683
94 684
82 685
80 686
92 687
87 688
106 689
81 690
88 691
75 692
75 693
56 694
69 695
54 696
60 697
41 698
43 699
37 700
25 701
24 702
31 703
23 704
22 705
23 706
14 707
17 708
17 709
16 710
12 711
8 712
8 713
7 714
10 715
12 716
11 717
7 718
11 719
5 720
5 721
10 722
10 723
5 724
14 725
11 726
12 727
13 728
16 729
12 730
9 731
6 732
10 733
6 734
16 735
7 736
9 737
9 738
15 739
18 740
13 741
20 742
19 743
22 744
18 745
15 746
21 747
12 748
14 749
16 750
21 751
19 752
23 753
19 754
25 755
20 756
12 757
26 758
20 759
15 760
18 761
20 762
22 763
18 764
17 765
21 766
26 767
22 768
23 769
24 770
21 771
23 772
27 773
26 774
23 775
30 776
38 777
38 778
40 779
32 780
43 781
40 782
42 783
55 784
63 785
68 786
84 787
96 788
94 789
99 790
120 791
121 792
112 793
127 794
140 795
121 796
130 797
155 798
142 799
156 800
124 801
136 802
120 803
125 804
103 805
121 806
99 807
86 808
94 809
73 810
67 811
77 812
60 813
62 814
48 815
51 816
50 817
52 818
53 819
36 820
57 821
42 822
58 823
49 824
60 825
52 826
53 827
53 828
46 829
31 830
49 831
56 832
54 833
60 834
47 835
62 836
46 837
54 838
61 839
56 840
62 841
55 842
57 843
50 844
48 845
51 846
42 847
49 848
57 849
35 850
48 851
73 852
69 853
55 854
62 855
71 856
66 857
81 858
90 859
92 860
89 861
95 862
113 863
84 864
131 865
109 866
115 867
134 868
138 869
151 870
153 871
128 872
161 873
148 874
171 875
157 876
144 877
134 878
169 879
147 880
163 881
159 882
168 883
162 884
124 885
140 886
164 887
160 888
133 889
128 890
143 891
125 892
125 893
128 894
133 895
110 896
107 897
100 898
90 899
114 900
62 901
69 902
75 903
65 904
62 905
46 906
53 907
49 908
34 909
24 910
24 911
11 912
24 913
18 914
16 915
11 916
26 917
13 918
10 919
9 920
6 921
11 922
6 923
5 924
7 925
11 926
6 927
5 928
12 929
4 930
5 931
3 932
3 933
3 934
2 935
2 936
4 937
2 938
4 939
4 940
4 941
3 942
2 943
4 944
3 945
1 946
4 947
2 948
2 949
3 950
5 951
2 952
3 953
1 954
1 955
1 956
2 957
2 958
2 959
2 960
2 961
3 962
1 963
2 964
3 965
1 966
1 968
3 969
1 970
1 971
4 972
2 973
1 974
2 975
2 976
3 977
2 978
2 980
3 981
5 982
5 984
1 985
4 986
4 987
6 988
1 989
5 990
4 991
3 992
2 993
2 994
2 995
1 996
1 997
3 998
1 999
2 1000
1 1001
3 1002
4 1003
1 1004
1 1005
1 1006
1 1007
4 1008
8 1009
5 1010
1 1011
2 1013
2 1014
1 1015
2 1016
2 1017
3 1018
1 1019
3 1020
2 1021
1 1022
1 1023
1 1024
1 1026
2 1027
1 1028
4 1029
5 1030
3 1031
2 1032
1 1033
1 1034
2 1035
2 1037
2 1038
6 1039
1 1040
1 1041
5 1042
1 1043
2 1045
3 1046
4 1047
1 1048
2 1049
2 1050
1 1051
1 1053
3 1056
1 1057
1 1058
4 1059
2 1060
2 1061
3 1062
3 1063
2 1064
4 1065
2 1066
1 1067
5 1068
2 1069
2 1070
4 1071
3 1072
4 1073
2 1074
4 1075
5 1076
4 1077
5 1078
2 1079
4 1080
1 1081
1 1082
3 1083
2 1084
1 1085
4 1086
2 1087
6 1088
5 1089
5 1090
2 1091
2 1092
2 1093
3 1094
5 1095
2 1096
1 1097
1 1099
7 1100
3 1101
2 1102
3 1103
2 1104
4 1105
8 1106
3 1107
4 1108
3 1109
1 1110
5 1111
4 1112
4 1113
5 1114
2 1115
3 1116
3 1117
4 1118
2 1119
5 1120
3 1121
5 1122
4 1123
6 1124
5 1125
4 1126
5 1127
2 1128
5 1129
7 1130
4 1131
8 1132
2 1133
6 1134
6 1135
9 1136
4 1137
10 1138
8 1139
7 1140
4 1141
6 1142
5 1143
7 1144
3 1145
7 1146
6 1147
10 1148
7 1149
9 1150
5 1151
3 1152
3 1153
7 1154
6 1155
4 1156
11 1157
8 1158
9 1159
5 1160
3 1161
6 1162
7 1163
7 1164
7 1165
9 1166
8 1167
8 1168
3 1169
10 1170
11 1171
8 1172
4 1173
4 1174
7 1175
6 1176
6 1177
12 1178
10 1179
7 1180
5 1181
7 1182
7 1183
7 1184
4 1185
12 1186
9 1187
7 1188
5 1189
7 1190
7 1191
12 1192
7 1193
14 1194
11 1195
5 1196
11 1197
10 1198
13 1199
10 1200
15 1201
9 1202
10 1203
12 1204
18 1205
9 1206
20 1207
18 1208
18 1209
14 1210
23 1211
15 1212
18 1213
29 1214
26 1215
18 1216
25 1217
27 1218
24 1219
34 1220
45 1221
32 1222
35 1223
38 1224
33 1225
38 1226
42 1227
46 1228
52 1229
50 1230
49 1231
52 1232
52 1233
54 1234
51 1235
58 1236
66 1237
54 1238
47 1239
46 1240
64 1241
61 1242
52 1243
67 1244
59 1245
55 1246
56 1247
49 1248
62 1249
41 1250
43 1251
42 1252
39 1253
33 1254
39 1255
43 1256
37 1257
40 1258
26 1259
32 1260
25 1261
20 1262
30 1263
31 1264
23 1265
23 1266
23 1267
22 1268
18 1269
17 1270
17 1271
18 1272
18 1273
24 1274
15 1275
19 1276
23 1277
24 1278
34 1279
25 1280
23 1281
18 1282
21 1283
21 1284
29 1285
22 1286
19 1287
14 1288
26 1289
24 1290
20 1291
13 1292
9 1293
17 1294
18 1295
14 1296
13 1297
12 1298
12 1299
9 1300
13 1301
11 1302
14 1303
8 1304
5 1305
10 1306
5 1307
5 1308
10 1309
9 1310
9 1311
3 1312
9 1313
10 1314
8 1315
6 1316
7 1317
4 1318
6 1319
4 1320
11 1321
7 1322
6 1323
9 1324
7 1325
14 1326
5 1327
12 1328
10 1329
10 1330
19 1331
14 1332
7 1333
16 1334
13 1335
17 1336
10 1337
16 1338
20 1339
20 1340
19 1341
14 1342
18 1343
23 1344
24 1345
25 1346
19 1347
26 1348
17 1349
23 1350
27 1351
22 1352
39 1353
30 1354
26 1355
37 1356
33 1357
33 1358
33 1359
36 1360
30 1361
34 1362
35 1363
33 1364
34 1365
38 1366
31 1367
29 1368
34 1369
21 1370
34 1371
22 1372
24 1373
23 1374
13 1375
24 1376
10 1377
17 1378
11 1379
14 1380
12 1381
14 1382
7 1383
11 1384
14 1385
7 1386
12 1387
10 1388
11 1389
8 1390
13 1391
16 1392
6 1393
10 1394
7 1395
13 1396
9 1397
10 1398
5 1399
11 1400
10 1401
9 1402
5 1403
10 1404
4 1405
10 1406
9 1407
9 1408
13 1409
9 1410
8 1411
11 1412
9 1413
10 1414
12 1415
14 1416
8 1417
9 1418
11 1419
11 1420
11 1421
19 1422
17 1423
14 1424
10 1425
19 1426
18 1427
10 1428
12 1429
16 1430
14 1431
12 1432
19 1433
22 1434
18 1435
16 1436
13 1437
19 1438
10 1439
19 1440
20 1441
17 1442
14 1443
18 1444
23 1445
13 1446
18 1447
14 1448
17 1449
22 1450
14 1451
10 1452
8 1453
22 1454
14 1455
16 1456
13 1457
12 1458
15 1459
11 1460
16 1461
14 1462
17 1463
13 1464
18 1465
10 1466
18 1467
13 1468
16 1469
18 1470
13 1471
13 1472
13 1473
20 1474
15 1475
16 1476
13 1477
13 1478
23 1479
29 1480
20 1481
16 1482
15 1483
16 1484
14 1485
21 1486
20 1487
19 1488
26 1489
16 1490
19 1491
18 1492
15 1493
20 1494
13 1495
18 1496
12 1497
17 1498
22 1499
6 1500
16 1501
11 1502
12 1503
9 1504
13 1505
14 1506
7 1507
6 1508
7 1509
11 1510
9 1511
11 1512
9 1513
10 1514
2 1515
5 1516
7 1517
9 1518
4 1519
3 1520
3 1521
5 1522
4 1523
5 1524
3 1525
3 1526
5 1527
1 1530
2 1531
1 1532
1 1533
2 1534
2 1535
1 1536
3 1537
2 1538
1 1539
1 1540
1 1541
1 1543
2 1544
2 1545
2 1546
1 1547
1 1548
2 1549
1 1550
1 1551
5 1553
1 1554
3 1555
3 1556
5 1557
4 1558
1 1559
2 1560
4 1561
6 1562
2 1563
3 1564
1 1565
2 1566
2 1568
2 1569
2 1570
3 1571
2 1572
2 1573
4 1574
2 1575
4 1576
3 1577
2 1579
1 1580
2 1581
4 1582
5 1583
4 1584
5 1585
2 1586
4 1587
4 1589
4 1590
1 1591
4 1592
5 1593
5 1594
2 1595
3 1596
6 1597
4 1598
8 1599
6 1600
7 1601
4 1602
3 1603
3 1604
1 1605
3 1606
2 1607
1 1608
1 1609
4 1610
6 1611
2 1612
6 1613
3 1614
2 1615
4 1616
2 1617
5 1618
3 1619
2 1620
3 1621
1 1622
2 1623
6 1624
5 1625
2 1626
3 1627
2 1629
3 1630
5 1631
5 1632
2 1633
2 1634
1 1635
1 1636
2 1637
4 1639
1 1641
1 1643
1 1644
1 1645
1 1647
1 1649
1 1650
3 1651
1 1652
1 1655
1 1658
4 1659
3 1660
1 1661
1 1662
1 1663
3 1664
1 1665
3 1668
2 1669
3 1670
3 1671
4 1673
1 1674
2 1675
2 1676
3 1679
1 1680
2 1682
1 1683
1 1684
4 1685
2 1686
2 1687
2 1688
4 1689
1 1690
2 1691
1 1692
2 1693
4 1694
7 1695
4 1696
2 1697
2 1698
5 1699
1 1700
3 1701
2 1702
3 1703
2 1704
3 1705
5 1706
3 1707
6 1708
1 1709
6 1710
8 1711
4 1712
7 1713
2 1714
2 1715
4 1716
2 1717
6 1718
4 1719
2 1720
4 1721
7 1722
3 1723
3 1724
2 1725
4 1726
2 1727
1 1728
1 1729
2 1730
3 1731
4 1732
2 1734
3 1735
1 1736
3 1737
3 1738
1 1739
1 1740
4 1742
1 1743
1 1744
1 1745
3 1746
3 1747
1 1748
4 1749
2 1751
2 1752
1 1757
1 1758
1 1759
1 1760
1 1762
1 1763
2 1766
2 1767
1 1769
2 1770
2 1771
1 1772
1 1773
1 1775
2 1776
1 1777
1 1779
2 1784
2 1785
2 1787
3 1788
1 1790
1 1792
1 1793
1 1794
1 1795
2 1796
2 1797
1 1798
1 1799
2 1800
1 1801
1 1803
1 1804
1 1805
2 1806
1 1809
3 1811
1 1812
2 1815
1 1816
1 1817
1 1818
1 1819
1 1820
1 1821
2 1823
1 1824
3 1825
2 1826
1 1828
3 1830
1 1832
1 1833
2 1834
3 1837
1 1838
3 1839
1 1840
4 1841
1 1842
2 1843
4 1844
2 1845
2 1846
2 1847
2 1848
1 1849
1 1850
2 1851
2 1852
1 1853
2 1857
1 1859
3 1860
1 1861
1 1863
1 1864
2 1865
3 1866
3 1867
3 1868
3 1869
1 1870
3 1871
2 1872
3 1873
2 1874
2 1875
1 1876
2 1877
2 1878
2 1879
4 1880
2 1881
3 1882
1 1883
3 1884
2 1885
1 1886
2 1887
1 1888
1 1889
3 1890
2 1891
6 1892
2 1894
4 1895
1 1897
3 1898
2 1899
1 1900
1 1901
4 1902
2 1903
1 1904
5 1905
3 1906
1 1907
6 1909
3 1910
4 1911
4 1913
1 1914
5 1915
1 1916
1 1917
2 1918
3 1919
3 1920
2 1921
2 1922
4 1923
4 1924
1 1925
5 1926
7 1927
1 1928
2 1930
2 1931
1 1932
5 1933
3 1934
5 1935
4 1936
6 1937
1 1938
4 1939
4 1940
4 1941
2 1942
3 1943
1 1944
3 1945
3 1946
4 1947
4 1948
1 1949
4 1950
5 1951
4 1952
5 1953
3 1954
7 1955
7 1956
7 1957
3 1958
1 1959
5 1960
7 1961
7 1962
3 1963
4 1964
5 1965
7 1966
3 1967
6 1968
2 1969
2 1970
4 1971
4 1972
6 1973
4 1974
6 1975
4 1976
2 1977
7 1978
8 1980
7 1981
8 1982
2 1983
4 1984
5 1985
8 1986
10 1987
4 1988
9 1989
5 1990
14 1991
10 1992
9 1993
9 1994
7 1995
4 1996
8 1997
7 1998
12 1999
9 2000
9 2001
10 2002
11 2003
7 2004
10 2005
11 2006
5 2007
9 2008
6 2009
8 2010
8 2011
14 2012
8 2013
10 2014
5 2015
8 2016
8 2017
9 2018
7 2019
9 2020
8 2021
6 2022
6 2023
7 2024
2 2025
2 2026
7 2027
4 2028
4 2029
2 2030
5 2031
1 2032
2 2033
4 2034
3 2035
4 2036
8 2037
1 2038
2 2039
5 2040
4 2041
2 2042
3 2043
1 2044
6 2045
7 2046
5 2047
1 2048
3 2049
6 2050
3 2051
2 2052
5 2053
5 2054
2 2055
2 2056
7 2057
5 2058
2 2059
3 2061
4 2062
5 2063
8 2064
4 2065
3 2066
4 2067
4 2068
2 2069
6 2071
2 2072
4 2073
6 2074
3 2075
4 2076
5 2077
6 2078
5 2079
5 2080
3 2081
1 2082
5 2083
5 2084
3 2085
5 2086
8 2087
7 2088
8 2089
11 2090
9 2091
6 2092
12 2093
8 2094
7 2095
3 2096
9 2097
5 2098
7 2099
15 2100
10 2101
4 2102
10 2103
5 2104
8 2105
12 2106
11 2107
12 2108
12 2109
14 2110
13 2111
8 2112
8 2113
10 2114
18 2115
15 2116
14 2117
14 2118
21 2119
14 2120
25 2121
13 2122
27 2123
23 2124
18 2125
30 2126
22 2127
23 2128
33 2129
25 2130
28 2131
37 2132
30 2133
22 2134
24 2135
24 2136
21 2137
40 2138
20 2139
19 2140
37 2141
23 2142
42 2143
35 2144
31 2145
33 2146
36 2147
38 2148
35 2149
34 2150
35 2151
33 2152
38 2153
28 2154
32 2155
27 2156
22 2157
24 2158
26 2159
28 2160
18 2161
33 2162
34 2163
21 2164
23 2165
28 2166
16 2167
12 2168
16 2169
23 2170
16 2171
8 2172
12 2173
8 2174
8 2175
9 2176
13 2177
9 2178
4 2179
5 2180
7 2181
10 2182
4 2183
4 2184
3 2185
2 2186
7 2187
4 2188
7 2189
2 2190
3 2191
1 2192
3 2193
3 2194
1 2195
1 2196
2 2198
1 2199
1 2200
2 2201
2 2204
1 2205
1 2207
1 2209
1 2210
1 2213
1 2217
1 2219
1 2222
1 2223
1 2226
1 2231
1 2235
1 2236
1 2242
1 2244
1 2254
1 2262
1 2265
1 2269
1 2270
1 2290
1 2291
1 2296
2 2300
1 2306
1 2312
1 2313
1 2314
1 2318
1 2331
1 2333
1 2334
1 2342
1 2354
1 2357
1 2362
1 2375
1 2381
1 2401
1 2406
1 2411
1 2426
1 2444
1 2445
1 2446
1 2453
1 2458
1 2471
1 2472
1 2486
1 2491
1 2505
1 2506
1 2511
1 2518
1 2530
1 2538
1 2539
1 2544
1 2545
1 2547
1 2550
1 2556
1 2568
1 2570
1 2573
1 2580
1 2599
2 2604
1 2610
1 2625
1 2626
1 2627
1 2633
1 2634
2 2635
1 2640
1 2646
1 2655
1 2663
1 2668
2 2679
1 2683
1 2685
1 2701
1 2708
1 2709
1 2711
1 2712
1 2713
1 2715
1 2716
1 2720
1 2722
1 2724
1 2725
3 2727
1 2729
1 2730
1 2731
1 2732
1 2734
1 2735
1 2740
1 2750
1 2751
1 2757
1 2758
1 2771
1 2781
1 2783
1 2787
1 2790
1 2811
1 2821
1 2822
1 2830
1 2836
1 2842
1 2852
1 2890
1 2891
1 2904
1 2911
1 2936
1 2940
1 2999
1 3016
1 3059
1 3129
1 3137
1 3169
1 3190
1 3274
1 3283
1 3298
1 3300
1 3312
1 3330
1 3339
1 3365
1 3367
1 3377
1 3411
1 3477
1 3518
1 3585
1 3614
1 3673
1 3738
1 3780
1 3794
1 4263
1 4440
1 4473
1 4500
1 4563
1 4643
