2 1
1 4
3 8
2 10
2 12
1 13
1 14
1 15
2 16
1 17
1 19
4 20
1 21
2 22
3 23
4 24
2 25
2 26
1 27
3 28
3 29
4 30
2 31
4 32
1 33
1 34
2 35
2 36
3 37
1 38
1 39
2 40
3 41
3 42
1 43
2 44
6 45
5 46
1 47
1 48
6 49
1 51
3 52
1 53
6 54
2 56
3 57
2 58
1 60
1 61
2 62
2 63
1 65
2 66
3 67
5 68
6 69
8 70
5 71
5 72
1 73
2 74
4 75
4 76
2 78
5 79
5 80
3 81
3 82
1 83
3 84
2 85
3 87
4 88
4 89
5 90
6 91
4 92
4 93
2 94
2 95
3 96
3 97
5 98
1 99
1 100
3 101
5 102
6 103
5 104
2 105
3 106
2 107
1 108
4 109
6 110
2 111
1 112
3 113
3 114
6 115
4 116
2 118
4 119
3 120
1 121
3 122
2 123
3 124
5 125
3 126
5 127
4 128
3 129
6 130
5 131
3 132
4 133
2 134
4 135
5 136
5 137
3 138
2 139
3 140
2 141
2 142
2 143
6 144
2 145
2 146
1 147
1 148
2 149
7 150
1 151
7 152
7 153
2 154
4 155
3 156
2 157
4 158
4 159
5 160
3 161
3 162
8 163
8 164
8 165
6 166
3 167
6 168
6 169
4 170
5 171
7 172
8 173
3 174
3 175
8 176
6 177
6 178
6 179
5 180
8 181
8 182
8 183
6 184
3 185
4 186
7 187
5 188
5 189
6 190
6 191
4 192
9 193
3 194
11 195
6 196
8 197
6 198
7 199
9 200
7 201
14 202
9 203
6 204
5 205
5 206
13 207
20 208
8 209
15 210
11 211
17 212
11 213
7 214
13 215
8 216
10 217
10 218
11 219
7 220
6 221
4 222
7 223
2 224
5 225
8 226
6 227
11 228
9 229
6 230
14 231
8 232
6 233
10 234
5 235
8 236
5 237
8 238
7 239
11 240
7 241
7 242
9 243
7 244
4 245
9 246
4 247
6 248
8 249
12 250
8 251
7 252
7 253
6 254
15 255
5 256
12 257
11 258
9 259
4 260
8 261
6 262
4 263
4 264
10 265
6 266
13 267
9 268
7 269
10 270
8 271
9 272
8 273
5 274
6 275
11 276
14 277
11 278
14 279
11 280
11 281
13 282
13 283
17 284
22 285
16 286
22 287
20 288
21 289
23 290
31 291
33 292
30 293
22 294
42 295
34 296
36 297
42 298
29 299
39 300
28 301
53 302
53 303
50 304
40 305
44 306
42 307
37 308
29 309
34 310
36 311
38 312
31 313
31 314
27 315
29 316
24 317
25 318
19 319
13 320
27 321
24 322
20 323
19 324
19 325
19 326
16 327
11 328
12 329
20 330
9 331
24 332
22 333
42 334
24 335
22 336
32 337
30 338
38 339
44 340
40 341
48 342
49 343
56 344
53 345
67 346
67 347
81 348
74 349
92 350
81 351
126 352
112 353
141 354
133 355
179 356
191 357
204 358
183 359
190 360
183 361
185 362
168 363
128 364
151 365
119 366
97 367
81 368
65 369
47 370
38 371
43 372
35 373
34 374
24 375
25 376
14 377
29 378
20 379
17 380
19 381
15 382
27 383
20 384
26 385
24 386
23 387
36 388
38 389
31 390
37 391
38 392
31 393
48 394
37 395
41 396
42 397
43 398
49 399
47 400
44 401
46 402
44 403
38 404
36 405
40 406
51 407
27 408
33 409
32 410
32 411
37 412
30 413
27 414
38 415
26 416
19 417
33 418
37 419
36 420
43 421
51 422
44 423
52 424
47 425
63 426
83 427
74 428
94 429
103 430
107 431
105 432
121 433
132 434
132 435
149 436
154 437
162 438
119 439
154 440
150 441
172 442
144 443
138 444
121 445
119 446
85 447
98 448
80 449
92 450
76 451
63 452
80 453
68 454
90 455
70 456
53 457
49 458
49 459
41 460
49 461
38 462
49 463
29 464
36 465
32 466
40 467
35 468
28 469
35 470
30 471
25 472
22 473
29 474
24 475
40 476
26 477
20 478
24 479
23 480
17 481
24 482
20 483
23 484
15 485
20 486
14 487
17 488
19 489
8 490
18 491
20 492
21 493
20 494
23 495
24 496
16 497
25 498
13 499
24 500
25 501
34 502
30 503
37 504
38 505
39 506
46 507
51 508
51 509
51 510
47 511
61 512
69 513
59 514
71 515
64 516
57 517
62 518
59 519
67 520
64 521
68 522
58 523
51 524
57 525
38 526
47 527
26 528
29 529
27 530
22 531
26 532
19 533
18 534
15 535
17 536
25 537
10 538
24 539
9 540
16 541
18 542
16 543
19 544
14 545
19 546
20 547
19 548
18 549
18 550
23 551
25 552
23 553
20 554
34 555
29 556
20 557
24 558
46 559
31 560
34 561
23 562
39 563
49 564
45 565
59 566
47 567
43 568
50 569
43 570
44 571
58 572
59 573
76 574
81 575
79 576
97 577
99 578
112 579
114 580
142 581
141 582
137 583
156 584
184 585
219 586
235 587
211 588
257 589
298 590
299 591
269 592
299 593
326 594
310 595
281 596
299 597
270 598
274 599
226 600
236 601
185 602
175 603
128 604
155 605
112 606
106 607
89 608
86 609
75 610
69 611
49 612
57 613
53 614
35 615
33 616
32 617
22 618
21 619
28 620
17 621
16 622
12 623
11 624
17 625
22 626
14 627
9 628
10 629
11 630
10 631
9 632
6 633
5 634
5 635
4 636
7 637
8 638
8 639
12 640
6 641
13 642
5 643
10 644
11 645
11 646
5 647
11 648
15 649
14 650
16 651
5 652
12 653
10 654
6 655
12 656
11 657
22 658
11 659
10 660
14 661
13 662
25 663
15 664
13 665
12 666
17 667
24 668
18 669
24 670
21 671
16 672
12 673
14 674
19 675
17 676
19 677
13 678
15 679
17 680
14 681
11 682
15 683
19 684
12 685
7 686
11 687
10 688
10 689
9 690
7 691
11 692
7 693
12 694
9 695
7 696
13 697
9 698
8 699
18 700
11 701
11 702
10 703
9 704
13 705
13 706
13 707
12 708
19 709
19 710
12 711
12 712
20 713
15 714
29 715
31 716
21 717
27 718
26 719
42 720
30 721
37 722
31 723
32 724
38 725
42 726
39 727
59 728
60 729
63 730
63 731
84 732
93 733
90 734
100 735
106 736
142 737
125 738
160 739
180 740
181 741
219 742
219 743
234 744
221 745
241 746
243 747
250 748
289 749
305 750
282 751
319 752
261 753
273 754
241 755
235 756
208 757
198 758
181 759
167 760
144 761
136 762
108 763
109 764
104 765
85 766
76 767
80 768
74 769
54 770
59 771
45 772
27 773
53 774
44 775
32 776
27 777
19 778
21 779
15 780
24 781
15 782
20 783
9 784
20 785
19 786
8 787
9 788
16 789
14 790
8 791
9 792
11 793
7 794
12 795
10 796
7 797
4 798
9 799
4 800
12 801
7 802
5 803
10 804
8 805
3 806
4 807
12 808
7 809
8 810
11 811
4 812
6 813
9 814
7 815
5 816
5 817
8 818
8 819
8 820
7 821
9 822
8 823
3 824
4 825
10 826
6 827
7 828
3 829
12 830
8 831
6 832
7 833
14 834
6 835
5 836
5 837
6 838
7 839
9 840
11 841
9 842
9 843
11 844
5 845
13 846
10 847
11 848
16 849
12 850
13 851
16 852
13 853
12 854
17 855
13 856
16 857
21 858
14 859
26 860
17 861
25 862
22 863
26 864
25 865
33 866
28 867
29 868
28 869
37 870
33 871
37 872
45 873
41 874
50 875
54 876
48 877
43 878
44 879
54 880
58 881
45 882
63 883
54 884
53 885
65 886
66 887
46 888
54 889
64 890
52 891
62 892
56 893
54 894
43 895
59 896
45 897
48 898
43 899
55 900
48 901
42 902
31 903
35 904
38 905
33 906
38 907
28 908
38 909
41 910
32 911
34 912
28 913
33 914
34 915
28 916
29 917
29 918
24 919
28 920
18 921
18 922
16 923
11 924
19 925
8 926
6 927
12 928
9 929
8 930
7 931
4 932
10 933
7 934
4 935
2 936
2 937
2 938
4 939
5 940
5 941
4 942
3 943
5 944
7 945
5 946
8 947
4 948
3 949
5 950
4 951
4 952
4 953
2 954
10 955
10 956
4 957
4 958
11 959
6 960
5 961
11 962
2 963
8 964
5 965
7 966
10 967
9 968
5 969
10 970
10 971
3 972
14 973
10 974
8 975
4 976
8 977
9 978
6 979
10 980
10 981
9 982
5 983
5 984
2 985
2 986
5 987
5 988
3 989
2 990
1 991
4 992
2 994
1 995
2 996
2 997
1 998
2 999
1 1000
2 1001
5 1002
1 1005
2 1007
1 1008
3 1009
1 1010
1 1011
1 1012
1 1014
1 1015
1 1016
1 1017
2 1018
3 1020
1 1021
2 1025
1 1026
1 1028
1 1031
1 1032
1 1033
1 1034
1 1035
2 1036
2 1037
1 1038
1 1041
2 1042
1 1043
1 1045
1 1046
1 1047
1 1048
1 1050
1 1051
1 1054
1 1057
1 1059
1 1060
1 1061
1 1062
1 1063
2 1065
1 1066
2 1067
2 1070
2 1071
3 1075
1 1077
1 1078
6 1081
2 1082
1 1083
1 1084
2 1085
2 1087
1 1088
2 1090
3 1091
2 1093
1 1094
1 1095
3 1096
2 1097
2 1099
1 1100
1 1102
1 1105
2 1107
3 1108
3 1111
2 1113
2 1114
1 1116
1 1118
1 1119
1 1121
1 1122
1 1124
1 1127
2 1129
1 1130
1 1131
2 1132
2 1133
1 1136
3 1137
1 1140
1 1142
3 1143
2 1146
1 1147
2 1148
1 1149
1 1150
1 1153
1 1154
1 1155
2 1156
1 1157
3 1158
1 1159
1 1161
1 1164
1 1166
3 1167
1 1169
2 1171
3 1172
1 1173
3 1174
1 1176
2 1177
3 1178
4 1180
2 1181
1 1182
1 1183
2 1184
1 1185
1 1186
3 1187
3 1189
3 1190
2 1191
1 1192
1 1195
3 1196
2 1197
1 1200
1 1201
1 1202
1 1203
1 1204
1 1205
1 1206
2 1207
1 1208
3 1212
3 1213
1 1214
3 1215
1 1216
1 1217
1 1218
1 1219
2 1220
1 1222
4 1223
1 1227
1 1228
3 1231
2 1232
1 1233
3 1234
1 1235
3 1236
2 1237
1 1239
1 1241
1 1242
1 1243
2 1244
2 1245
1 1246
4 1248
1 1249
2 1250
3 1251
3 1253
2 1254
1 1256
1 1257
5 1258
2 1259
2 1260
1 1261
3 1262
1 1263
2 1264
2 1265
4 1266
1 1267
4 1268
3 1269
1 1270
2 1271
2 1273
6 1274
4 1275
1 1276
3 1277
4 1278
2 1279
2 1280
2 1281
1 1282
5 1283
4 1284
2 1285
4 1286
2 1287
3 1288
1 1289
4 1290
5 1291
2 1292
4 1293
2 1294
1 1295
2 1296
2 1297
2 1299
1 1300
1 1301
2 1302
3 1303
2 1304
1 1305
1 1306
4 1307
1 1309
2 1310
3 1311
3 1312
2 1314
2 1315
1 1316
1 1317
3 1319
4 1320
4 1321
1 1323
2 1324
3 1326
2 1328
3 1330
1 1331
2 1333
3 1334
1 1335
4 1336
2 1337
1 1338
1 1340
1 1341
1 1345
1 1346
3 1347
2 1348
1 1349
1 1350
3 1351
1 1352
1 1354
2 1356
1 1357
2 1358
2 1359
1 1360
1 1361
2 1362
4 1365
3 1367
1 1368
5 1369
3 1372
1 1374
2 1376
1 1377
4 1378
1 1379
3 1381
3 1383
2 1384
2 1386
1 1387
1 1390
2 1391
2 1393
2 1394
2 1395
3 1396
1 1397
2 1398
7 1400
2 1401
4 1403
2 1404
4 1405
4 1406
6 1408
3 1409
2 1410
2 1411
1 1412
3 1413
3 1414
2 1415
1 1416
3 1417
1 1418
4 1419
1 1420
1 1422
2 1423
2 1425
2 1426
2 1427
4 1430
1 1431
1 1432
4 1433
3 1434
1 1435
4 1436
7 1438
2 1439
4 1440
5 1441
8 1442
4 1443
5 1444
5 1445
1 1446
8 1447
6 1448
5 1449
4 1450
3 1451
3 1452
4 1453
5 1455
3 1456
2 1457
3 1458
4 1459
3 1460
6 1461
4 1462
4 1463
6 1464
3 1465
1 1467
2 1468
2 1470
1 1471
2 1472
6 1473
1 1474
3 1475
3 1476
1 1477
2 1478
3 1479
6 1480
4 1481
3 1482
8 1483
7 1484
3 1485
5 1486
7 1487
4 1488
5 1489
6 1490
8 1491
6 1492
5 1493
7 1494
2 1495
9 1496
9 1497
5 1498
9 1499
6 1500
5 1501
7 1502
4 1503
9 1504
2 1505
4 1506
7 1507
7 1508
8 1509
8 1510
11 1511
6 1512
7 1513
9 1514
12 1515
10 1516
11 1517
8 1518
12 1519
11 1520
10 1521
8 1522
15 1523
16 1524
6 1525
11 1526
5 1527
14 1528
10 1529
14 1530
14 1531
12 1532
6 1533
9 1534
5 1535
10 1536
11 1537
10 1538
9 1539
11 1540
10 1541
8 1542
17 1543
11 1544
14 1545
11 1546
13 1547
12 1548
7 1549
10 1550
14 1551
11 1552
20 1553
14 1554
15 1555
15 1556
14 1557
8 1558
19 1559
23 1560
21 1561
28 1562
19 1563
16 1564
27 1565
19 1566
14 1567
21 1568
20 1569
23 1570
25 1571
18 1572
26 1573
12 1574
15 1575
17 1576
27 1577
24 1578
24 1579
30 1580
24 1581
22 1582
20 1583
31 1584
21 1585
21 1586
24 1587
34 1588
23 1589
25 1590
26 1591
22 1592
24 1593
24 1594
29 1595
33 1596
28 1597
31 1598
45 1599
33 1600
38 1601
29 1602
50 1603
57 1604
45 1605
45 1606
63 1607
46 1608
50 1609
50 1610
65 1611
52 1612
69 1613
61 1614
55 1615
58 1616
63 1617
58 1618
55 1619
57 1620
59 1621
61 1622
65 1623
56 1624
46 1625
48 1626
43 1627
50 1628
55 1629
48 1630
48 1631
45 1632
41 1633
33 1634
34 1635
34 1636
38 1637
25 1638
28 1639
23 1640
26 1641
16 1642
16 1643
17 1644
19 1645
17 1646
12 1647
16 1648
14 1649
9 1650
9 1651
6 1652
8 1653
6 1654
5 1655
10 1656
4 1657
2 1658
10 1659
2 1660
7 1661
2 1662
1 1663
4 1664
2 1665
6 1666
3 1667
3 1668
2 1669
2 1670
1 1671
1 1672
1 1673
4 1674
2 1675
1 1676
1 1677
1 1678
2 1679
1 1680
1 1681
2 1683
5 1685
1 1686
1 1687
2 1688
1 1693
1 1694
1 1697
1 1700
1 1701
1 1702
1 1703
1 1705
1 1706
1 1710
1 1711
1 1712
2 1713
3 1714
1 1717
3 1718
1 1720
2 1724
2 1726
1 1728
2 1730
2 1732
1 1733
1 1734
3 1735
1 1736
2 1737
3 1742
2 1743
1 1745
2 1746
1 1747
1 1748
1 1750
1 1751
1 1753
1 1757
2 1759
1 1761
3 1762
1 1765
1 1766
1 1767
2 1768
1 1769
1 1770
1 1773
2 1774
2 1777
4 1778
1 1784
1 1785
2 1786
3 1788
2 1789
1 1790
1 1791
1 1794
1 1795
1 1797
2 1799
1 1803
1 1805
3 1809
1 1810
2 1814
1 1817
1 1819
1 1820
3 1821
2 1822
3 1823
3 1824
2 1825
2 1826
2 1828
1 1829
3 1831
1 1832
2 1834
1 1835
1 1837
3 1838
2 1839
2 1841
4 1842
2 1843
3 1844
3 1845
3 1846
2 1847
2 1848
2 1849
1 1850
1 1851
6 1853
1 1855
2 1856
1 1857
1 1858
1 1859
3 1860
5 1861
3 1863
1 1864
3 1868
2 1869
6 1870
2 1871
2 1872
2 1873
3 1874
2 1875
3 1876
4 1877
2 1878
2 1879
6 1880
2 1881
4 1882
3 1883
5 1884
2 1885
1 1886
2 1887
2 1888
2 1889
2 1890
3 1891
2 1892
3 1893
2 1894
4 1895
2 1896
3 1897
1 1898
3 1899
3 1900
4 1901
2 1902
5 1903
4 1904
1 1905
1 1906
1 1907
1 1908
1 1909
5 1910
1 1911
2 1912
2 1914
1 1915
1 1916
1 1917
1 1919
5 1920
1 1921
1 1922
1 1923
3 1924
1 1925
1 1926
1 1927
4 1928
1 1929
1 1931
3 1932
2 1933
2 1934
1 1935
2 1936
2 1937
1 1939
2 1940
1 1941
1 1942
5 1943
3 1944
3 1945
3 1946
1 1947
3 1948
1 1949
1 1950
2 1951
5 1952
2 1953
1 1954
2 1955
3 1956
2 1957
1 1958
2 1959
2 1960
2 1962
3 1964
1 1965
7 1966
3 1967
5 1968
4 1969
2 1970
3 1971
6 1972
2 1973
7 1974
6 1975
6 1976
5 1977
2 1978
7 1979
5 1980
6 1981
2 1982
4 1983
6 1984
5 1985
9 1986
5 1987
7 1988
9 1989
5 1990
4 1991
8 1992
8 1993
8 1994
11 1995
8 1996
11 1997
6 1998
7 1999
7 2000
16 2001
10 2002
17 2003
10 2004
12 2005
10 2006
11 2007
16 2008
15 2009
13 2010
13 2011
17 2012
11 2013
16 2014
29 2015
15 2016
12 2017
13 2018
14 2019
8 2020
7 2021
9 2022
11 2023
19 2024
11 2025
13 2026
7 2027
9 2028
5 2029
9 2030
4 2031
8 2032
6 2033
4 2034
3 2035
8 2036
7 2037
6 2038
5 2039
4 2040
4 2041
3 2042
5 2043
6 2044
3 2046
2 2047
1 2048
1 2049
4 2050
6 2051
4 2052
2 2053
4 2054
2 2055
2 2056
2 2057
1 2059
1 2060
5 2061
1 2063
2 2065
3 2066
2 2067
3 2068
4 2070
3 2071
4 2072
2 2074
4 2075
1 2076
1 2077
3 2078
2 2079
2 2080
5 2081
3 2082
2 2083
2 2084
4 2085
2 2086
4 2087
4 2089
1 2090
6 2091
3 2092
8 2093
1 2094
2 2095
2 2096
4 2097
1 2099
2 2100
2 2102
2 2104
4 2105
2 2106
1 2107
5 2108
3 2109
4 2111
5 2112
1 2113
2 2114
3 2115
4 2116
2 2117
2 2119
3 2122
2 2123
1 2124
3 2125
1 2126
2 2128
1 2129
2 2130
1 2131
3 2132
2 2134
5 2135
1 2136
1 2138
1 2139
6 2140
1 2142
3 2143
1 2144
3 2145
2 2146
1 2148
1 2149
1 2151
1 2152
3 2153
1 2155
1 2156
2 2159
2 2160
1 2161
1 2163
3 2165
1 2166
1 2167
1 2169
1 2170
1 2172
1 2173
1 2174
3 2175
3 2176
2 2177
2 2178
1 2179
1 2181
3 2183
1 2184
1 2185
2 2190
1 2191
2 2192
1 2193
1 2197
1 2202
2 2204
1 2208
1 2211
1 2213
1 2214
1 2217
1 2221
1 2226
1 2232
1 2233
2 2237
1 2238
1 2242
1 2243
1 2249
1 2255
1 2264
1 2265
2 2267
2 2272
1 2274
1 2279
1 2282
3 2283
1 2284
1 2292
2 2295
1 2299
1 2300
1 2301
1 2305
2 2312
2 2315
2 2316
1 2321
1 2324
1 2331
2 2338
1 2339
3 2341
1 2345
1 2346
2 2351
1 2353
1 2354
1 2355
2 2357
1 2358
1 2360
1 2364
1 2366
1 2368
1 2372
2 2376
2 2380
1 2382
1 2383
1 2388
1 2391
1 2392
1 2396
1 2401
1 2402
3 2405
1 2406
2 2408
2 2410
1 2420
1 2422
1 2424
1 2426
1 2428
1 2429
2 2430
1 2432
1 2433
1 2434
3 2435
1 2437
1 2438
1 2439
2 2441
1 2443
1 2444
1 2445
1 2447
1 2450
1 2453
1 2454
2 2455
2 2457
1 2463
1 2468
1 2469
1 2470
4 2479
1 2480
2 2481
1 2483
1 2485
2 2487
1 2489
2 2492
1 2493
2 2495
2 2498
1 2499
1 2502
1 2503
1 2504
1 2505
1 2507
1 2509
1 2510
4 2512
1 2513
2 2514
1 2515
3 2517
2 2520
1 2521
1 2522
1 2526
1 2527
1 2529
1 2533
1 2535
1 2539
1 2541
3 2542
1 2545
2 2550
1 2552
1 2556
1 2559
2 2560
1 2562
1 2568
1 2570
1 2571
1 2572
1 2580
1 2582
1 2583
1 2584
2 2585
1 2589
1 2590
1 2591
1 2592
1 2593
1 2595
1 2601
2 2605
1 2606
1 2610
1 2616
1 2617
1 2619
1 2620
1 2621
1 2622
2 2623
1 2624
1 2625
1 2626
1 2627
1 2631
1 2633
1 2636
1 2650
2 2653
1 2658
1 2659
1 2660
1 2661
1 2666
2 2667
1 2670
2 2671
2 2672
1 2673
1 2674
1 2675
1 2679
1 2683
1 2685
1 2688
1 2689
3 2690
1 2692
2 2695
1 2696
1 2698
1 2699
1 2704
2 2706
1 2708
1 2714
1 2715
1 2717
1 2718
2 2721
1 2722
1 2724
1 2729
4 2733
1 2734
1 2737
3 2739
1 2741
2 2744
2 2745
2 2746
1 2748
2 2751
1 2752
1 2755
1 2756
1 2757
2 2759
3 2765
1 2766
1 2767
1 2769
1 2776
3 2779
1 2781
2 2782
1 2784
1 2785
1 2787
1 2788
1 2789
2 2790
1 2791
1 2792
1 2793
1 2794
2 2800
1 2801
1 2802
1 2803
1 2808
1 2812
1 2816
1 2817
1 2818
1 2820
1 2822
2 2826
1 2829
2 2834
3 2836
1 2837
1 2841
1 2844
2 2847
1 2851
1 2853
1 2855
1 2862
3 2865
1 2870
1 2872
2 2875
1 2880
1 2883
2 2885
1 2893
1 2897
1 2901
1 2904
1 2905
1 2910
2 2912
1 2916
1 2919
1 2925
1 2927
1 2928
1 2930
2 2932
2 2934
2 2935
1 2936
3 2937
1 2946
1 2950
1 2952
1 2954
1 2955
2 2956
1 2957
3 2958
1 2959
1 2961
1 2962
1 2964
1 2965
2 2966
1 2969
1 2970
1 2973
1 2974
1 2975
1 2976
1 2977
1 2980
1 2982
2 2983
1 2985
1 2986
5 2989
1 2990
2 2991
3 2992
1 2993
2 2994
1 2997
3 2998
1 2999
1 3000
2 3002
1 3003
4 3004
2 3005
2 3007
5 3008
3 3010
1 3012
4 3015
2 3016
1 3018
2 3019
1 3022
1 3023
3 3024
1 3025
1 3026
4 3027
3 3028
1 3029
2 3030
1 3032
3 3033
4 3034
2 3035
3 3036
2 3037
2 3038
2 3039
1 3040
2 3041
2 3042
1 3043
4 3044
5 3045
2 3046
3 3047
2 3048
6 3050
6 3051
3 3052
3 3053
7 3055
4 3056
3 3057
4 3058
7 3059
3 3060
5 3061
10 3062
9 3063
3 3064
4 3065
5 3066
7 3067
3 3068
10 3069
5 3070
8 3071
7 3072
8 3073
12 3074
12 3075
9 3076
5 3077
14 3078
11 3079
13 3080
13 3081
7 3082
7 3083
13 3084
12 3085
13 3086
19 3087
9 3088
12 3089
12 3090
8 3091
11 3092
12 3093
20 3094
15 3095
19 3096
12 3097
19 3098
18 3099
17 3100
16 3101
13 3102
11 3103
11 3104
16 3105
17 3106
12 3107
15 3108
13 3109
16 3110
10 3111
15 3112
8 3113
14 3114
8 3115
9 3116
7 3117
5 3118
16 3119
9 3120
10 3121
6 3122
12 3123
9 3124
7 3125
4 3126
12 3127
4 3128
2 3129
8 3130
2 3131
5 3132
2 3133
4 3134
6 3135
2 3136
2 3137
1 3138
4 3139
4 3140
3 3141
2 3142
3 3143
1 3144
2 3145
2 3146
2 3147
2 3148
3 3149
3 3151
3 3152
1 3153
1 3154
1 3155
1 3156
2 3158
2 3159
3 3160
1 3161
1 3162
2 3164
2 3165
1 3166
1 3167
1 3174
1 3177
2 3178
1 3179
1 3180
2 3181
1 3182
2 3183
1 3184
3 3185
2 3186
3 3188
1 3190
2 3192
1 3193
3 3194
1 3195
1 3196
1 3197
2 3198
1 3199
1 3200
4 3201
1 3202
2 3203
1 3204
3 3205
1 3206
3 3208
1 3209
1 3210
2 3211
1 3212
2 3213
2 3214
3 3215
3 3217
3 3218
2 3219
2 3220
3 3221
4 3222
1 3223
4 3224
3 3225
3 3226
1 3227
1 3228
1 3229
2 3230
2 3232
2 3233
3 3234
2 3235
1 3236
4 3237
3 3238
1 3239
3 3240
1 3241
4 3242
2 3243
1 3244
2 3245
2 3246
3 3247
4 3248
6 3249
2 3250
2 3251
1 3252
2 3253
3 3254
1 3257
3 3258
3 3259
3 3260
1 3261
1 3262
2 3263
1 3264
2 3265
1 3266
2 3268
2 3270
3 3272
1 3273
1 3274
1 3275
1 3276
1 3278
1 3282
1 3288
1 3297
1 3298
2 3301
1 3304
1 3317
1 3319
1 3321
1 3334
1 3335
1 3346
1 3349
1 3376
1 3403
1 3424
1 3453
1 3470
1 3481
1 3484
1 3485
1 3486
1 3491
1 3492
1 3540
1 3577
1 3619
1 3675
1 3806
1 3881
1 3914
1 3955
1 3993
1 4014
1 4060
1 4148
1 5076
1 5616
