1 1
2 2
3 3
2 4
4 5
4 6
2 7
1 8
1 9
3 10
3 11
2 12
1 13
1 14
2 15
3 16
2 17
2 18
2 21
3 22
4 23
1 24
3 25
4 26
1 27
2 28
2 29
4 30
3 31
2 33
4 34
3 35
2 36
13 37
9 38
22 39
14 40
21 41
14 42
2 43
3 44
2 45
5 46
1 47
1 48
1 49
3 50
5 51
3 52
5 53
2 54
5 55
1 56
3 57
5 58
4 59
3 60
6 61
6 62
1 63
2 64
4 65
4 66
3 67
3 68
1 69
2 70
3 71
1 72
5 73
1 74
1 75
2 76
7 77
2 78
3 79
3 80
2 82
2 83
3 84
1 85
1 86
5 87
4 88
1 89
3 90
4 91
6 92
4 93
4 94
4 95
2 96
1 97
4 98
1 99
4 101
3 102
4 103
3 105
4 106
3 107
3 108
5 109
3 110
4 111
6 112
4 113
4 114
7 115
3 116
5 117
4 118
4 119
2 120
2 121
6 122
3 123
6 124
2 125
2 126
4 127
7 128
5 129
6 130
5 131
6 132
9 133
8 134
12 135
9 136
16 137
14 138
15 139
23 140
16 141
14 142
16 143
12 144
13 145
10 146
5 147
9 148
6 149
4 150
5 151
1 152
6 153
8 154
6 155
7 156
2 157
7 158
1 159
5 160
7 161
12 162
5 163
10 164
6 165
9 166
8 167
5 168
3 169
4 170
4 171
8 172
11 173
12 174
9 175
6 176
7 177
13 178
6 179
6 180
10 181
5 182
11 183
6 184
8 185
12 186
15 187
13 188
20 189
26 190
21 191
26 192
28 193
35 194
41 195
42 196
36 197
32 198
32 199
23 200
25 201
26 202
19 203
16 204
13 205
13 206
18 207
15 208
13 209
14 210
8 211
16 212
11 213
9 214
10 215
12 216
14 217
14 218
7 219
7 220
6 221
15 222
10 223
10 224
7 225
8 226
8 227
17 228
8 229
4 230
13 231
5 232
8 233
8 234
18 235
7 236
4 237
13 238
8 239
10 240
8 241
8 242
6 243
6 244
7 245
4 246
11 247
19 248
11 249
8 250
16 251
13 252
12 253
16 254
17 255
15 256
19 257
22 258
26 259
19 260
15 261
15 262
19 263
25 264
16 265
9 266
13 267
16 268
17 269
12 270
17 271
15 272
16 273
20 274
7 275
9 276
11 277
11 278
10 279
9 280
15 281
13 282
23 283
4 284
11 285
20 286
15 287
8 288
18 289
28 290
22 291
14 292
10 293
18 294
19 295
15 296
22 297
19 298
18 299
20 300
18 301
18 302
20 303
30 304
20 305
18 306
9 307
28 308
22 309
23 310
25 311
31 312
36 313
30 314
24 315
31 316
33 317
42 318
44 319
42 320
39 321
53 322
44 323
52 324
40 325
39 326
50 327
37 328
36 329
30 330
39 331
36 332
30 333
34 334
30 335
21 336
25 337
21 338
12 339
16 340
20 341
16 342
11 343
17 344
20 345
18 346
17 347
19 348
18 349
17 350
20 351
10 352
19 353
15 354
16 355
28 356
16 357
21 358
21 359
23 360
18 361
18 362
34 363
27 364
27 365
24 366
27 367
26 368
27 369
25 370
24 371
27 372
25 373
27 374
24 375
17 376
17 377
33 378
33 379
29 380
37 381
27 382
27 383
37 384
30 385
31 386
32 387
35 388
33 389
37 390
34 391
41 392
27 393
42 394
48 395
51 396
41 397
49 398
45 399
61 400
76 401
62 402
66 403
74 404
88 405
84 406
76 407
75 408
76 409
96 410
78 411
85 412
79 413
62 414
71 415
60 416
87 417
58 418
73 419
65 420
65 421
66 422
61 423
65 424
72 425
55 426
71 427
76 428
90 429
95 430
110 431
108 432
134 433
124 434
120 435
141 436
162 437
143 438
150 439
154 440
165 441
138 442
132 443
111 444
113 445
94 446
111 447
92 448
88 449
84 450
65 451
62 452
58 453
68 454
52 455
71 456
68 457
49 458
68 459
73 460
83 461
89 462
93 463
89 464
90 465
113 466
107 467
114 468
123 469
135 470
154 471
192 472
182 473
167 474
179 475
191 476
187 477
187 478
191 479
194 480
215 481
220 482
235 483
290 484
302 485
343 486
350 487
429 488
455 489
528 490
608 491
661 492
733 493
856 494
967 495
1118 496
1257 497
1295 498
1459 499
1509 500
1581 501
1604 502
1602 503
1564 504
1524 505
1470 506
1344 507
1293 508
1172 509
986 510
838 511
764 512
598 513
512 514
449 515
338 516
313 517
248 518
219 519
169 520
138 521
133 522
105 523
86 524
61 525
51 526
42 527
52 528
46 529
31 530
38 531
25 532
17 533
15 534
12 535
9 536
15 537
12 538
11 539
13 540
12 541
14 542
11 543
9 544
22 545
17 546
14 547
9 548
13 549
8 550
10 551
6 552
7 553
7 554
12 555
8 556
9 557
7 558
11 559
9 560
13 561
8 562
10 563
7 564
8 565
6 566
13 567
6 568
8 569
3 570
11 571
4 572
2 573
2 574
9 575
9 576
7 577
5 578
9 579
9 580
7 581
9 582
6 583
9 584
5 585
8 586
3 587
13 588
6 589
9 590
8 591
9 592
10 593
7 594
4 595
6 596
4 597
11 598
12 599
5 600
6 601
7 602
2 603
5 604
9 605
3 606
9 607
4 608
7 609
3 610
8 611
7 612
3 613
7 614
4 615
7 616
8 617
8 618
6 619
5 620
6 621
4 622
4 623
3 624
2 625
5 626
2 627
5 628
10 629
4 630
6 631
7 632
9 633
8 634
6 635
4 636
4 637
5 638
9 639
5 640
5 641
8 642
5 643
5 644
10 645
9 646
12 647
4 648
5 649
6 650
7 651
8 652
6 653
8 654
9 655
7 656
6 657
3 658
4 659
6 660
5 661
5 662
7 663
9 664
9 665
6 666
8 667
4 668
10 669
5 670
5 671
2 672
2 673
7 674
3 675
8 676
9 677
7 678
6 679
4 680
9 681
5 682
10 683
11 684
7 685
10 686
7 687
7 688
12 689
6 690
9 691
12 692
5 693
5 694
13 695
14 696
16 697
12 698
8 699
9 700
17 701
11 702
8 703
7 704
10 705
8 706
10 707
10 708
10 709
7 710
8 711
6 712
9 713
16 714
12 715
8 716
8 717
17 718
11 719
11 720
10 721
18 722
11 723
12 724
10 725
12 726
10 727
9 728
7 729
19 730
19 731
10 732
16 733
19 734
18 735
19 736
13 737
16 738
21 739
28 740
20 741
22 742
38 743
39 744
42 745
35 746
43 747
52 748
55 749
55 750
59 751
55 752
57 753
58 754
74 755
62 756
59 757
76 758
79 759
47 760
67 761
57 762
55 763
45 764
63 765
48 766
45 767
42 768
34 769
37 770
37 771
28 772
32 773
36 774
28 775
32 776
39 777
31 778
23 779
14 780
31 781
27 782
28 783
24 784
24 785
16 786
22 787
20 788
24 789
16 790
19 791
19 792
19 793
25 794
24 795
22 796
18 797
24 798
19 799
26 800
20 801
21 802
20 803
27 804
19 805
27 806
17 807
28 808
18 809
26 810
33 811
25 812
35 813
33 814
28 815
33 816
37 817
32 818
37 819
44 820
48 821
41 822
39 823
51 824
57 825
65 826
51 827
53 828
44 829
63 830
62 831
53 832
54 833
57 834
50 835
47 836
54 837
50 838
48 839
61 840
45 841
38 842
41 843
34 844
43 845
29 846
36 847
40 848
44 849
38 850
22 851
33 852
48 853
35 854
35 855
31 856
34 857
22 858
29 859
38 860
22 861
33 862
31 863
35 864
37 865
30 866
32 867
34 868
45 869
52 870
32 871
33 872
38 873
54 874
40 875
43 876
45 877
46 878
56 879
52 880
69 881
57 882
57 883
79 884
78 885
73 886
83 887
67 888
80 889
92 890
103 891
98 892
111 893
127 894
121 895
129 896
119 897
140 898
162 899
134 900
162 901
179 902
161 903
146 904
167 905
158 906
207 907
172 908
185 909
194 910
165 911
156 912
154 913
141 914
130 915
107 916
117 917
111 918
101 919
79 920
82 921
64 922
67 923
55 924
54 925
34 926
28 927
36 928
28 929
29 930
27 931
20 932
21 933
19 934
20 935
17 936
14 937
5 938
4 939
16 940
9 941
13 942
10 943
11 944
5 945
8 946
10 947
9 948
6 949
4 950
7 951
13 952
4 953
8 954
5 955
8 956
13 957
13 958
10 959
17 960
12 961
8 962
15 963
20 964
14 965
16 966
15 967
17 968
15 969
11 970
22 971
21 972
9 973
21 974
20 975
30 976
23 977
23 978
25 979
28 980
29 981
32 982
31 983
31 984
27 985
19 986
29 987
27 988
30 989
48 990
30 991
37 992
42 993
31 994
31 995
23 996
19 997
27 998
23 999
22 1000
24 1001
14 1002
14 1003
21 1004
15 1005
11 1006
23 1007
8 1008
9 1009
18 1010
15 1011
10 1012
10 1013
9 1014
11 1015
6 1016
5 1017
6 1018
5 1019
4 1020
6 1021
4 1022
6 1023
4 1024
7 1025
7 1026
1 1027
4 1028
4 1030
4 1031
4 1032
2 1033
9 1034
9 1035
4 1036
10 1037
2 1038
2 1039
4 1040
3 1041
2 1042
4 1043
5 1044
4 1045
1 1046
1 1047
1 1048
4 1049
6 1050
4 1051
1 1052
4 1053
4 1054
4 1055
3 1056
7 1057
3 1058
5 1059
9 1060
11 1061
4 1062
13 1063
6 1064
8 1065
8 1066
9 1067
7 1068
7 1069
3 1070
10 1071
5 1072
9 1073
17 1074
10 1075
9 1076
9 1077
11 1078
11 1079
7 1080
8 1081
11 1082
8 1083
9 1084
8 1085
11 1086
2 1087
9 1088
5 1089
12 1090
16 1091
5 1092
6 1093
10 1094
12 1095
7 1096
10 1097
9 1098
13 1099
13 1100
15 1101
11 1102
16 1103
10 1104
13 1105
14 1106
13 1107
13 1108
19 1109
17 1110
22 1111
14 1112
23 1113
19 1114
23 1115
17 1116
25 1117
22 1118
36 1119
37 1120
31 1121
19 1122
28 1123
29 1124
28 1125
21 1126
30 1127
28 1128
37 1129
37 1130
31 1131
25 1132
18 1133
16 1134
21 1135
19 1136
23 1137
14 1138
20 1139
18 1140
9 1141
18 1142
11 1143
13 1144
11 1145
12 1146
6 1147
19 1148
10 1149
10 1150
11 1151
10 1152
8 1153
20 1154
19 1155
21 1156
9 1157
10 1158
17 1159
12 1160
13 1161
17 1162
20 1163
13 1164
16 1165
13 1166
15 1167
15 1168
18 1169
12 1170
8 1171
17 1172
12 1173
18 1174
13 1175
10 1176
14 1177
14 1178
8 1179
7 1180
11 1181
7 1182
10 1183
10 1184
12 1185
12 1186
10 1187
5 1188
8 1189
6 1190
11 1191
7 1192
4 1193
8 1194
5 1195
8 1196
8 1197
6 1198
3 1199
2 1200
5 1201
6 1202
1 1203
1 1204
4 1205
2 1206
2 1207
3 1208
2 1209
2 1210
1 1211
5 1212
2 1213
2 1214
2 1215
3 1216
3 1217
1 1218
1 1219
2 1220
4 1221
1 1223
2 1225
2 1226
1 1229
2 1230
2 1231
4 1232
2 1235
2 1237
1 1240
2 1242
1 1243
2 1244
1 1246
3 1247
2 1248
1 1249
2 1252
1 1254
5 1255
1 1256
1 1257
1 1258
2 1261
1 1262
1 1264
2 1265
1 1266
1 1269
1 1270
1 1271
1 1272
2 1274
1 1275
1 1276
2 1277
1 1280
2 1282
3 1284
2 1286
1 1287
2 1289
2 1291
1 1292
2 1293
3 1294
3 1295
3 1297
2 1298
2 1299
5 1301
2 1302
4 1303
2 1304
1 1305
3 1306
2 1307
2 1308
2 1310
3 1311
2 1312
2 1313
3 1314
1 1315
1 1316
3 1319
1 1320
3 1321
1 1322
3 1324
1 1325
1 1326
1 1328
4 1329
1 1331
4 1332
2 1333
3 1334
2 1335
1 1336
3 1337
2 1338
2 1340
1 1342
2 1343
1 1344
1 1346
3 1347
5 1348
4 1350
2 1352
1 1353
2 1354
1 1355
3 1356
2 1357
2 1358
2 1360
3 1362
1 1363
2 1364
1 1365
1 1367
1 1368
2 1369
1 1372
2 1373
1 1374
1 1375
5 1377
1 1378
1 1381
2 1383
1 1384
3 1385
1 1386
3 1388
1 1390
1 1391
1 1392
2 1393
3 1395
1 1397
1 1398
3 1399
1 1400
1 1401
1 1405
1 1406
3 1408
2 1410
2 1411
3 1412
1 1413
2 1414
2 1415
2 1417
3 1418
1 1419
2 1420
5 1421
4 1422
3 1423
2 1425
1 1427
3 1429
5 1431
2 1433
1 1434
4 1437
2 1438
2 1439
2 1440
2 1441
3 1442
1 1443
4 1444
2 1445
5 1446
1 1447
2 1448
2 1449
2 1450
6 1451
1 1452
3 1453
3 1454
2 1455
1 1457
2 1458
2 1459
2 1460
2 1461
2 1462
2 1463
5 1464
2 1465
2 1466
1 1467
2 1468
3 1469
1 1470
2 1471
2 1472
2 1473
2 1474
1 1475
2 1476
1 1477
1 1479
2 1480
3 1481
2 1482
2 1483
5 1484
3 1485
4 1486
3 1487
2 1488
3 1489
5 1490
2 1491
3 1492
4 1493
5 1494
3 1495
3 1496
4 1497
5 1498
2 1499
2 1500
2 1501
4 1502
5 1503
5 1504
3 1505
4 1506
7 1507
4 1508
2 1509
5 1510
2 1511
4 1512
5 1513
2 1514
3 1515
4 1517
3 1518
1 1519
1 1520
3 1521
1 1523
3 1524
1 1525
2 1526
3 1528
1 1530
2 1531
6 1532
2 1533
2 1534
1 1535
5 1536
2 1538
1 1539
1 1540
2 1541
3 1542
1 1543
1 1545
2 1546
1 1547
1 1548
3 1549
3 1550
1 1551
2 1552
4 1553
2 1554
2 1555
1 1556
9 1557
3 1558
2 1560
3 1561
3 1562
4 1563
1 1564
4 1565
4 1566
1 1567
4 1568
6 1569
4 1570
6 1571
3 1572
4 1573
4 1574
3 1575
1 1576
4 1577
1 1578
3 1579
4 1580
5 1581
4 1582
2 1583
7 1584
3 1585
2 1586
4 1587
2 1588
6 1589
1 1590
2 1591
4 1592
3 1593
4 1594
2 1597
5 1598
3 1599
3 1600
1 1601
3 1603
1 1606
1 1607
3 1608
3 1609
4 1610
2 1612
2 1613
2 1615
1 1616
2 1617
1 1618
4 1620
2 1622
1 1623
4 1625
1 1626
2 1627
1 1628
2 1629
1 1630
1 1631
1 1632
1 1633
1 1634
1 1635
2 1636
1 1637
4 1638
2 1639
2 1640
1 1641
5 1642
1 1643
2 1644
1 1645
4 1647
1 1648
3 1649
1 1650
3 1651
1 1652
1 1653
2 1654
2 1655
1 1656
4 1657
8 1658
1 1659
3 1660
1 1661
1 1662
4 1663
1 1664
2 1665
2 1666
3 1667
1 1668
2 1669
5 1670
2 1671
7 1673
4 1674
4 1675
1 1676
1 1677
5 1678
3 1679
1 1680
1 1682
2 1683
5 1684
5 1685
2 1686
2 1687
2 1688
5 1689
3 1690
2 1691
3 1692
2 1693
3 1694
3 1695
5 1696
1 1697
4 1698
2 1700
2 1702
1 1703
2 1704
1 1705
2 1707
3 1709
3 1710
2 1711
1 1712
6 1713
1 1714
2 1715
3 1717
6 1720
3 1721
5 1722
1 1723
4 1724
4 1725
4 1726
2 1727
1 1728
3 1729
2 1730
6 1731
4 1732
3 1733
3 1734
5 1735
2 1736
1 1737
5 1738
5 1739
4 1740
4 1741
3 1742
1 1743
2 1744
3 1745
4 1746
8 1747
3 1748
3 1749
6 1750
3 1751
5 1752
2 1753
3 1754
4 1755
3 1756
4 1757
2 1758
4 1759
4 1760
2 1761
8 1762
9 1763
6 1764
5 1765
6 1766
7 1767
3 1768
2 1769
6 1770
7 1771
3 1772
10 1773
8 1774
8 1775
8 1776
7 1777
8 1778
8 1779
11 1780
6 1781
6 1782
6 1783
7 1784
8 1785
9 1786
11 1787
8 1788
11 1789
8 1790
10 1791
8 1792
8 1793
10 1794
8 1795
9 1796
6 1797
11 1798
12 1799
14 1800
11 1801
15 1802
11 1803
11 1804
8 1805
7 1806
14 1807
11 1808
8 1809
6 1810
4 1811
6 1812
9 1813
11 1814
12 1815
12 1816
9 1817
6 1818
9 1819
8 1820
15 1821
11 1822
9 1823
16 1824
9 1825
11 1826
9 1827
9 1828
10 1829
9 1830
6 1831
6 1832
13 1833
3 1834
7 1835
9 1836
11 1837
5 1838
10 1839
2 1840
5 1841
8 1842
5 1843
3 1844
6 1845
5 1846
6 1847
4 1848
8 1849
4 1850
4 1851
7 1852
2 1853
7 1854
4 1855
7 1856
6 1857
5 1858
3 1859
6 1860
7 1861
6 1862
11 1863
5 1864
7 1865
9 1866
11 1867
7 1868
12 1869
10 1870
17 1871
7 1872
8 1873
8 1874
5 1875
14 1876
9 1877
17 1878
6 1879
8 1880
12 1881
12 1882
12 1883
15 1884
11 1885
9 1886
11 1887
11 1888
14 1889
9 1890
18 1891
16 1892
15 1893
14 1894
21 1895
9 1896
13 1897
14 1898
18 1899
14 1900
13 1901
12 1902
15 1903
12 1904
14 1905
13 1906
13 1907
10 1908
23 1909
19 1910
13 1911
13 1912
18 1913
11 1914
16 1915
21 1916
23 1917
22 1918
25 1919
18 1920
20 1921
32 1922
22 1923
31 1924
24 1925
33 1926
32 1927
30 1928
34 1929
33 1930
40 1931
40 1932
47 1933
46 1934
47 1935
41 1936
48 1937
56 1938
63 1939
55 1940
54 1941
60 1942
66 1943
72 1944
66 1945
82 1946
82 1947
89 1948
112 1949
89 1950
79 1951
95 1952
89 1953
96 1954
81 1955
97 1956
89 1957
91 1958
86 1959
79 1960
90 1961
95 1962
99 1963
99 1964
88 1965
71 1966
88 1967
79 1968
90 1969
57 1970
63 1971
63 1972
53 1973
54 1974
49 1975
54 1976
39 1977
40 1978
41 1979
35 1980
30 1981
25 1982
22 1983
30 1984
16 1985
13 1986
16 1987
24 1988
19 1989
8 1990
9 1991
14 1992
11 1993
3 1994
11 1995
9 1996
7 1997
8 1998
5 1999
5 2000
1 2001
6 2002
4 2003
3 2004
2 2005
2 2006
3 2007
1 2008
1 2009
1 2010
3 2011
1 2012
1 2014
1 2016
2 2017
2 2018
3 2019
2 2023
1 2025
1 2027
1 2028
2 2029
1 2031
1 2033
2 2034
1 2035
1 2036
3 2039
1 2040
1 2043
3 2044
1 2047
2 2053
1 2054
2 2055
1 2056
1 2059
1 2061
1 2062
1 2063
2 2064
1 2066
1 2067
1 2069
1 2070
1 2072
1 2073
1 2074
1 2077
2 2079
1 2084
3 2085
2 2086
1 2087
4 2088
1 2091
1 2092
1 2095
3 2096
2 2098
2 2100
1 2101
1 2102
1 2104
1 2106
1 2109
1 2110
1 2111
2 2112
2 2113
1 2114
1 2116
1 2118
1 2119
1 2121
2 2124
1 2125
2 2126
1 2127
1 2132
2 2136
1 2137
1 2138
1 2139
4 2142
1 2144
1 2146
1 2149
4 2151
1 2155
3 2156
1 2158
1 2162
1 2163
1 2165
1 2166
1 2168
1 2169
2 2171
1 2172
3 2173
1 2174
3 2175
2 2176
2 2186
1 2187
1 2188
1 2189
2 2190
2 2193
1 2194
1 2196
1 2198
2 2199
2 2200
1 2201
1 2202
1 2203
1 2204
1 2206
1 2208
1 2209
1 2210
2 2211
1 2212
2 2213
2 2214
2 2215
2 2218
1 2219
1 2220
1 2221
3 2222
1 2223
1 2224
1 2225
1 2226
2 2228
1 2229
6 2230
2 2232
1 2234
1 2236
1 2237
3 2238
2 2242
2 2244
2 2246
2 2247
4 2248
1 2249
1 2250
1 2252
3 2253
2 2255
5 2256
3 2257
1 2258
2 2259
1 2260
2 2261
2 2262
1 2263
7 2264
3 2265
4 2266
3 2267
2 2269
4 2270
7 2271
5 2272
2 2273
4 2274
2 2275
5 2276
3 2277
2 2278
2 2279
2 2280
2 2281
4 2282
1 2283
4 2284
2 2285
6 2286
2 2288
3 2290
1 2291
2 2292
2 2293
3 2294
3 2295
1 2296
1 2297
1 2298
1 2299
1 2300
1 2301
2 2302
5 2305
1 2306
1 2307
1 2308
4 2309
1 2310
1 2311
1 2312
4 2313
2 2314
2 2315
1 2316
2 2317
3 2319
3 2321
1 2324
4 2325
2 2326
1 2327
1 2328
3 2330
3 2331
2 2332
5 2333
1 2334
3 2335
3 2336
4 2337
4 2338
2 2339
1 2340
1 2341
1 2342
5 2343
1 2344
5 2345
2 2347
3 2348
4 2349
3 2350
1 2351
2 2352
5 2353
6 2354
3 2355
5 2356
9 2357
2 2358
4 2359
5 2360
2 2361
3 2362
4 2363
4 2364
1 2365
4 2367
1 2368
5 2369
3 2370
2 2371
6 2372
5 2373
4 2374
1 2375
3 2376
5 2377
10 2378
5 2379
6 2380
5 2381
4 2382
8 2383
7 2384
7 2385
6 2386
11 2387
7 2388
7 2389
5 2390
3 2391
8 2392
8 2393
16 2394
11 2395
12 2396
7 2397
15 2398
13 2399
13 2400
14 2401
15 2402
13 2403
16 2404
7 2405
13 2406
19 2407
15 2408
15 2409
15 2410
28 2411
28 2412
19 2413
21 2414
29 2415
25 2416
16 2417
21 2418
26 2419
26 2420
15 2421
24 2422
26 2423
31 2424
29 2425
23 2426
23 2427
22 2428
28 2429
22 2430
25 2431
28 2432
22 2433
26 2434
24 2435
18 2436
30 2437
12 2438
16 2439
16 2440
16 2441
17 2442
22 2443
17 2444
15 2445
11 2446
9 2447
11 2448
7 2449
9 2450
5 2451
10 2452
6 2453
10 2454
7 2455
9 2456
5 2457
5 2458
7 2459
5 2460
6 2461
4 2462
3 2463
4 2464
1 2465
2 2466
4 2467
1 2469
1 2470
3 2471
2 2472
7 2473
2 2474
3 2475
2 2476
2 2477
1 2478
2 2479
1 2480
1 2481
1 2482
1 2483
1 2484
2 2487
3 2489
3 2490
3 2491
1 2493
1 2496
5 2497
1 2498
3 2500
1 2501
1 2503
1 2504
1 2505
1 2507
2 2508
3 2509
3 2510
1 2512
2 2513
3 2516
2 2517
1 2518
4 2519
2 2520
4 2521
2 2522
1 2523
1 2524
2 2526
3 2527
1 2528
2 2529
3 2530
3 2531
1 2532
3 2534
3 2535
1 2536
3 2537
2 2538
3 2539
4 2540
4 2541
2 2542
1 2544
4 2545
2 2546
1 2547
3 2548
5 2549
3 2550
4 2551
3 2553
4 2554
2 2555
8 2556
3 2557
3 2558
2 2559
4 2560
1 2561
4 2562
2 2563
1 2564
2 2565
4 2566
4 2567
5 2568
2 2569
4 2570
8 2571
5 2572
3 2573
9 2574
4 2575
4 2576
5 2577
4 2578
4 2579
5 2580
5 2581
6 2582
8 2583
7 2584
5 2585
4 2586
3 2587
6 2588
5 2589
5 2590
8 2591
3 2592
8 2593
5 2594
1 2595
6 2596
5 2597
6 2598
2 2599
12 2600
3 2601
5 2603
4 2604
3 2605
5 2606
3 2607
4 2608
3 2609
1 2610
4 2611
1 2612
3 2613
2 2614
2 2615
3 2616
1 2617
1 2618
5 2619
1 2620
2 2621
1 2622
1 2624
1 2625
1 2630
2 2633
1 2634
1 2635
1 2643
1 2650
1 2651
1 2655
3 2656
1 2657
1 2658
2 2661
1 2663
1 2667
1 2672
1 2674
1 2675
1 2678
1 2682
2 2693
1 2695
1 2696
1 2698
1 2702
1 2704
1 2706
1 2710
1 2718
1 2720
1 2721
1 2727
2 2728
2 2734
2 2735
1 2736
1 2737
1 2740
2 2744
1 2746
2 2748
1 2749
1 2753
2 2757
1 2759
1 2760
1 2762
1 2764
1 2769
2 2770
1 2773
1 2776
1 2778
2 2781
2 2786
3 2789
2 2816
1 2818
1 2837
1 2846
1 2848
1 2867
1 2882
1 2893
1 2900
2 2901
1 2906
1 2913
1 2923
1 2925
1 2941
1 2943
1 2944
1 2947
1 2953
1 2982
1 3014
2 3018
1 3071
1 3080
1 3085
1 3198
1 3203
1 3206
2 3226
1 3227
1 3237
1 3245
1 3304
1 3325
1 3431
1 3493
1 3526
1 3566
1 3579
1 3585
1 3643
1 3713
1 3723
1 3739
1 3774
1 3776
1 3839
1 3855
1 3860
1 3876
1 3911
1 3916
2 3960
1 3971
1 3989
1 4002
1 4008
2 4009
1 4018
1 4019
2 4029
2 4033
1 4041
2 4042
1 4045
3 4049
1 4062
1 4065
1 4073
1 4074
1 4076
1 4086
1 4092
1 4102
1 4112
1 4120
1 4124
1 4129
2 4146
1 4148
1 4149
1 4161
1 4200
1 4227
1 4400
1 4709
1 4956
1 5098
1 5366
1 6154
