1 8
1 31
1 33
1 54
1 57
1 62
1 64
1 75
1 76
1 81
1 90
1 91
1 94
1 96
2 104
1 105
1 106
1 107
3 109
1 111
1 112
1 113
1 114
1 116
1 117
1 118
1 119
1 123
2 125
2 126
2 127
1 131
1 135
1 137
1 140
1 147
1 149
2 154
2 155
3 159
1 160
1 161
1 162
1 164
1 167
1 169
4 171
1 172
1 173
1 174
2 175
2 176
2 178
1 179
1 181
2 182
4 183
1 184
3 185
6 186
6 187
2 188
6 189
7 190
8 191
10 192
11 193
24 194
15 195
20 196
16 197
17 198
8 199
15 200
13 201
12 202
8 203
5 204
2 206
4 207
3 208
2 209
1 211
1 215
1 218
1 223
2 226
1 227
1 230
1 231
2 232
1 233
1 235
6 238
2 239
1 240
2 241
2 242
1 243
1 244
1 246
2 247
2 250
1 252
2 254
1 255
3 256
1 257
1 258
3 260
4 261
4 262
3 263
2 264
2 265
1 266
2 267
3 268
4 269
2 270
1 271
6 272
4 273
5 274
5 275
1 276
4 277
2 278
3 279
5 280
5 281
5 282
4 283
7 284
3 285
5 286
3 287
4 288
1 289
4 290
3 291
4 292
7 293
2 294
6 295
4 296
3 297
2 298
2 299
7 300
6 301
8 302
5 303
3 304
6 305
8 306
9 307
5 308
5 309
6 310
7 311
5 312
8 313
5 314
6 315
6 316
4 317
4 318
5 319
6 320
8 321
5 322
10 323
9 324
10 325
4 326
12 327
7 328
8 329
11 330
3 331
9 332
7 333
5 334
5 335
5 336
3 337
5 338
5 339
2 340
1 341
3 342
4 343
6 344
4 345
2 347
2 348
3 349
3 350
3 351
3 352
1 353
3 354
3 355
5 356
3 357
1 358
3 359
4 361
5 362
3 363
6 364
3 366
2 367
4 368
3 369
1 370
2 371
5 372
3 373
2 374
1 375
10 376
1 377
3 378
5 379
3 380
2 381
1 382
4 383
1 384
1 385
5 386
3 387
5 388
1 389
4 390
3 391
3 392
6 393
4 394
2 396
3 398
2 399
5 400
6 401
2 402
3 403
1 404
3 405
5 406
7 407
3 408
5 409
9 410
8 411
6 412
3 413
3 414
2 415
4 416
8 417
10 418
8 419
6 420
12 421
17 422
8 423
10 424
10 425
15 426
15 427
22 428
16 429
22 430
31 431
38 432
27 433
45 434
48 435
38 436
54 437
30 438
36 439
29 440
34 441
30 442
27 443
23 444
18 445
21 446
13 447
12 448
13 449
8 450
6 451
12 452
6 453
7 454
4 455
9 456
7 457
7 458
5 459
12 460
6 461
8 462
8 463
4 464
8 465
10 466
7 467
4 468
4 469
7 470
7 471
7 472
7 473
4 474
2 475
7 476
8 479
3 480
3 481
4 482
5 483
1 484
7 485
1 486
1 487
2 489
1 491
5 492
2 493
3 494
8 496
5 497
3 498
5 499
4 500
7 501
5 502
10 503
9 504
8 505
12 506
11 507
8 508
12 509
10 510
10 511
16 512
6 513
9 514
10 515
13 516
13 517
13 518
14 519
14 520
15 521
11 522
13 523
24 524
18 525
21 526
23 527
17 528
19 529
16 530
15 531
11 532
9 533
11 534
11 535
11 536
10 537
4 538
4 539
4 540
3 541
6 542
2 543
1 544
2 545
1 546
3 547
1 548
2 549
3 550
5 551
4 552
2 553
2 554
3 555
2 556
3 557
1 558
1 562
1 563
1 564
1 565
1 567
1 568
3 569
1 570
1 571
2 572
1 573
2 574
1 577
2 579
1 580
2 581
1 582
2 583
2 584
1 586
1 587
2 588
3 589
3 590
2 593
2 594
1 595
1 596
1 597
2 599
2 600
2 601
3 603
2 604
1 605
3 606
3 607
1 608
2 609
2 610
3 612
5 614
1 616
1 617
1 618
1 622
1 623
1 626
2 627
1 631
1 637
1 640
2 641
1 642
1 643
1 644
2 645
1 646
1 648
1 651
2 652
2 653
3 654
2 655
5 656
3 657
1 658
2 659
3 660
3 661
1 662
2 663
1 664
4 665
2 666
2 667
1 668
2 669
3 671
2 672
2 673
1 674
3 675
1 676
1 677
5 678
1 679
3 680
1 681
2 682
3 683
2 684
3 686
2 687
1 688
1 689
2 690
1 691
1 692
2 693
3 694
1 695
2 696
2 697
2 698
2 699
1 700
4 701
1 702
1 703
1 705
1 706
3 708
2 709
5 711
1 712
3 716
3 717
1 718
1 720
4 721
3 722
2 724
1 726
1 727
1 728
1 730
1 731
1 733
1 735
1 737
1 739
2 740
2 741
1 742
1 743
2 746
1 747
2 748
3 749
1 750
1 751
1 755
2 756
1 757
1 758
2 759
2 761
1 762
2 763
1 765
2 766
2 767
3 768
1 770
1 771
3 772
2 773
1 774
3 775
4 776
2 777
2 778
1 779
2 780
1 781
1 782
4 783
1 784
3 785
4 786
2 787
4 788
6 789
4 790
1 791
3 792
2 793
4 794
2 795
2 796
2 797
5 798
4 799
3 803
1 804
2 805
2 809
3 811
1 812
2 813
2 814
4 815
3 816
4 817
2 819
2 820
1 821
2 822
2 824
1 826
2 827
1 828
3 829
4 830
4 831
4 832
1 833
4 834
4 835
4 836
5 837
7 839
6 840
4 841
5 842
2 843
2 844
1 845
2 846
2 847
7 848
3 849
4 850
6 851
5 852
5 853
9 854
9 855
7 856
6 857
7 858
7 859
4 860
5 861
7 862
6 863
6 864
3 865
7 866
5 867
7 868
7 869
7 870
5 871
7 872
8 873
7 874
2 875
8 876
2 877
5 878
4 879
2 880
3 881
4 882
3 883
6 884
5 885
6 886
5 887
1 888
6 889
2 890
2 891
6 892
7 893
7 894
7 895
5 896
7 897
6 898
6 899
5 900
13 901
11 902
10 903
5 904
7 905
9 906
5 907
8 908
9 909
6 910
5 911
6 912
3 913
5 914
6 915
3 916
2 917
2 918
3 919
2 920
1 922
1 923
3 924
1 926
1 928
2 929
3 933
1 936
1 939
1 940
1 945
1 947
1 952
1 957
1 960
2 971
1 972
1 977
3 987
1 988
1 990
1 1000
1 1006
1 1007
1 1023
1 1027
1 1028
1 1029
1 1032
1 1034
2 1036
1 1037
1 1040
1 1044
1 1046
1 1049
1 1057
1 1058
1 1060
1 1062
2 1063
1 1066
2 1070
2 1077
1 1081
1 1084
1 1087
1 1091
1 1093
1 1095
2 1100
1 1103
1 1105
1 1109
1 1111
2 1113
1 1116
1 1119
1 1121
1 1124
2 1126
1 1129
2 1130
1 1132
1 1135
2 1145
1 1146
1 1150
1 1153
1 1157
2 1158
4 1167
1 1168
2 1169
1 1170
1 1172
1 1175
2 1176
3 1177
1 1179
2 1180
4 1183
4 1185
1 1186
1 1187
1 1188
1 1189
1 1190
3 1191
1 1192
1 1193
3 1194
1 1195
1 1196
3 1197
3 1198
1 1199
1 1200
1 1201
1 1202
1 1203
1 1204
4 1205
2 1206
1 1207
1 1211
2 1214
1 1216
1 1218
1 1219
1 1220
4 1223
1 1224
3 1225
1 1226
1 1229
1 1230
1 1234
3 1235
2 1238
3 1240
1 1246
2 1247
1 1248
1 1249
1 1250
1 1254
1 1255
1 1257
2 1258
1 1261
1 1263
1 1264
1 1265
3 1267
1 1268
2 1269
5 1272
2 1273
3 1274
1 1275
4 1276
3 1277
4 1278
1 1279
2 1280
3 1281
1 1282
2 1283
2 1284
2 1285
2 1286
3 1287
3 1288
3 1289
3 1290
3 1291
1 1292
4 1293
2 1294
2 1295
7 1296
3 1297
3 1298
2 1299
3 1300
2 1301
3 1302
2 1303
1 1304
3 1305
2 1307
1 1308
1 1309
3 1310
1 1311
1 1312
2 1313
1 1314
1 1315
1 1316
1 1317
2 1318
1 1320
2 1321
3 1322
1 1323
2 1324
1 1325
1 1326
2 1327
3 1329
1 1330
1 1332
2 1334
1 1339
1 1341
1 1343
1 1344
1 1348
1 1349
1 1350
3 1352
1 1354
1 1355
2 1356
2 1357
1 1358
2 1360
2 1362
5 1363
2 1364
6 1366
2 1367
2 1368
1 1369
1 1370
3 1371
4 1372
1 1373
1 1374
2 1375
1 1376
3 1377
3 1380
1 1381
2 1382
1 1383
2 1386
1 1387
1 1388
2 1389
1 1390
2 1391
2 1394
2 1395
1 1397
2 1400
2 1403
1 1406
1 1408
1 1415
1 1418
1 1420
1 1422
1 1423
1 1425
2 1429
2 1436
1 1437
2 1442
1 1443
1 1444
1 1446
1 1451
1 1453
1 1454
1 1455
1 1457
2 1459
1 1460
1 1463
1 1468
1 1469
1 1471
1 1472
1 1475
2 1476
2 1480
2 1481
2 1484
3 1485
2 1487
2 1488
2 1490
1 1491
2 1495
1 1496
3 1497
1 1498
1 1501
2 1502
4 1503
1 1504
2 1505
1 1506
1 1507
1 1509
2 1510
3 1512
4 1513
3 1514
3 1515
2 1516
3 1517
1 1518
1 1519
1 1520
2 1521
4 1522
2 1523
2 1524
2 1525
5 1526
5 1527
4 1528
6 1529
2 1530
2 1531
2 1532
1 1533
10 1534
4 1535
3 1536
5 1537
10 1538
3 1539
5 1540
7 1541
4 1542
2 1543
3 1544
2 1545
4 1546
8 1547
3 1548
1 1549
7 1550
4 1551
6 1552
5 1553
3 1554
2 1555
4 1557
3 1559
2 1560
2 1561
2 1562
2 1563
3 1564
2 1565
2 1566
2 1567
2 1569
5 1570
1 1572
2 1574
1 1575
1 1576
1 1578
1 1579
1 1580
1 1582
1 1583
1 1584
2 1586
1 1587
1 1589
2 1590
1 1593
1 1594
1 1596
1 1597
2 1599
1 1600
2 1601
4 1602
2 1604
1 1605
1 1608
1 1610
1 1611
2 1616
1 1619
1 1623
2 1624
1 1625
1 1626
1 1627
1 1628
1 1629
1 1633
1 1635
1 1636
1 1639
3 1643
3 1644
6 1645
1 1646
2 1647
1 1648
3 1649
1 1651
3 1654
2 1656
1 1657
1 1658
2 1659
1 1662
4 1663
1 1668
1 1670
1 1672
1 1677
1 1678
1 1680
1 1684
1 1685
1 1694
1 1700
2 1702
1 1704
1 1708
1 1710
1 1711
1 1713
1 1716
1 1726
1 1728
1 1729
1 1731
4 1733
1 1737
2 1739
1 1742
1 1744
1 1745
1 1746
1 1747
2 1748
1 1750
1 1752
1 1753
1 1756
2 1757
1 1758
2 1761
1 1763
2 1764
4 1765
1 1766
1 1768
1 1769
2 1770
1 1771
1 1774
1 1775
2 1776
3 1777
2 1778
1 1779
1 1780
1 1782
2 1783
3 1784
2 1785
1 1786
1 1787
1 1788
3 1789
3 1791
4 1792
1 1793
2 1794
1 1795
1 1796
3 1797
2 1799
1 1800
1 1801
4 1802
2 1803
2 1804
1 1805
1 1806
2 1807
2 1809
4 1813
3 1816
2 1817
2 1820
1 1821
1 1822
1 1824
1 1825
1 1826
1 1827
1 1829
1 1830
1 1831
1 1832
1 1835
1 1836
4 1837
7 1838
2 1839
2 1840
2 1841
2 1842
2 1843
2 1844
2 1845
2 1846
1 1847
2 1849
2 1850
1 1852
2 1853
4 1854
2 1855
3 1856
2 1857
3 1858
5 1859
3 1860
2 1862
1 1863
4 1864
2 1865
1 1866
3 1867
2 1868
3 1869
6 1870
2 1871
4 1872
4 1873
1 1874
3 1875
3 1876
4 1877
3 1878
7 1879
5 1880
6 1881
2 1882
4 1883
4 1884
4 1885
4 1886
8 1887
2 1888
7 1889
3 1890
5 1891
3 1892
6 1893
1 1894
3 1895
5 1896
3 1897
4 1898
1 1899
1 1900
7 1901
3 1902
4 1903
3 1904
2 1906
3 1907
4 1909
3 1910
2 1911
2 1912
3 1913
2 1915
2 1916
3 1919
1 1920
3 1921
2 1922
1 1923
1 1924
2 1928
1 1929
1 1933
1 1939
1 1940
1 1941
1 1947
1 1949
1 1952
1 1953
2 1956
1 1957
1 1961
1 1962
1 1965
1 1972
1 1987
2 1992
1 1999
2 2008
1 2016
1 2025
1 2031
1 2037
1 2052
1 2077
1 2079
1 2082
1 2088
1 2099
1 2103
1 2106
1 2110
1 2120
1 2122
1 2123
1 2133
1 2140
1 2141
1 2157
1 2164
1 2167
3 2171
1 2179
1 2184
1 2186
1 2189
1 2191
1 2195
1 2198
1 2200
2 2203
1 2206
1 2210
1 2211
1 2212
1 2213
1 2215
1 2216
1 2220
2 2221
1 2222
2 2223
2 2224
1 2229
4 2232
2 2234
1 2235
1 2236
1 2238
3 2239
1 2240
3 2241
1 2242
1 2243
2 2245
1 2246
1 2247
1 2249
3 2250
2 2251
2 2252
1 2254
1 2255
2 2258
1 2259
3 2260
2 2261
3 2263
4 2266
3 2267
3 2268
3 2269
2 2270
7 2271
1 2272
2 2273
4 2274
3 2275
2 2276
3 2278
1 2279
4 2280
6 2281
3 2282
1 2283
2 2285
3 2286
3 2287
7 2288
3 2289
2 2290
4 2291
6 2292
4 2293
1 2294
6 2295
8 2296
6 2297
1 2298
4 2299
5 2300
4 2301
4 2302
2 2303
6 2304
5 2305
6 2306
1 2307
4 2308
4 2309
2 2310
3 2311
4 2312
3 2313
4 2314
2 2315
1 2316
3 2317
6 2318
1 2319
4 2320
2 2321
3 2322
2 2323
2 2324
1 2326
4 2327
3 2328
2 2329
2 2330
3 2331
1 2332
1 2333
2 2334
2 2335
2 2336
1 2337
3 2339
2 2340
3 2341
3 2342
2 2343
1 2344
1 2346
2 2347
4 2348
2 2349
2 2350
1 2351
1 2352
2 2353
1 2354
5 2356
1 2357
2 2358
2 2359
3 2360
7 2361
3 2362
2 2363
3 2364
4 2365
5 2366
5 2367
5 2368
1 2369
4 2370
7 2371
4 2372
3 2373
6 2374
8 2375
1 2376
4 2377
4 2378
5 2379
6 2380
6 2381
8 2382
5 2383
4 2384
4 2385
5 2386
7 2387
6 2388
7 2389
6 2390
7 2391
9 2392
3 2393
3 2394
4 2395
3 2396
7 2397
6 2398
9 2399
8 2400
9 2401
6 2402
9 2403
3 2404
8 2405
7 2406
4 2407
14 2408
6 2409
4 2410
7 2411
8 2412
13 2413
5 2414
10 2415
5 2416
5 2417
1 2418
3 2419
5 2420
6 2421
5 2422
4 2423
3 2424
4 2425
6 2426
3 2427
4 2428
5 2429
1 2431
4 2433
2 2434
4 2435
3 2436
3 2437
3 2439
1 2440
1 2442
1 2443
1 2445
1 2448
1 2449
1 2452
2 2454
1 2476
1 2480
1 2484
1 2489
2 2490
1 2499
3 2503
1 2520
1 2522
1 2544
1 2566
1 2569
1 2574
1 2579
1 2619
1 2634
1 2635
1 2637
1 2644
1 2648
1 2664
1 2671
1 2672
1 2680
1 2682
1 2686
1 2702
2 2705
1 2714
1 2719
1 2720
1 2724
1 2730
1 2740
1 2749
1 2751
2 2753
1 2754
1 2763
1 2766
1 2777
1 2778
2 2783
2 2793
1 2794
1 2795
1 2797
1 2799
1 2800
1 2805
1 2808
2 2809
1 2813
2 2815
1 2816
1 2819
1 2821
1 2823
1 2828
2 2829
1 2830
2 2831
1 2833
1 2834
1 2838
1 2839
1 2841
1 2845
2 2847
2 2848
1 2849
2 2851
1 2852
1 2853
2 2855
1 2857
2 2859
2 2860
1 2861
1 2862
1 2864
2 2865
1 2866
2 2867
2 2869
1 2870
2 2871
1 2872
3 2875
1 2876
1 2878
4 2879
1 2880
2 2881
2 2883
1 2884
1 2887
2 2889
2 2890
2 2892
7 2894
4 2895
2 2897
4 2898
3 2899
2 2900
1 2901
2 2902
2 2903
2 2905
2 2906
4 2907
1 2908
2 2909
2 2911
2 2912
4 2913
3 2914
3 2915
2 2917
3 2920
4 2921
4 2922
2 2923
2 2924
1 2925
4 2926
3 2927
2 2928
4 2929
3 2930
3 2931
2 2932
3 2933
4 2934
3 2935
4 2936
1 2937
4 2938
2 2939
3 2940
5 2941
2 2942
1 2943
3 2944
3 2945
5 2946
4 2948
5 2949
4 2950
1 2951
3 2953
2 2954
3 2955
7 2956
1 2957
2 2958
1 2959
1 2960
3 2961
2 2962
1 2964
1 2965
1 2966
1 2967
1 2969
4 2973
1 2980
1 2981
1 2982
1 2983
1 2988
1 2990
1 2992
1 2993
1 2999
1 3000
1 3006
1 3007
1 3019
1 3022
1 3044
1 3169
1 3207
2 3235
1 3275
1 3276
1 3283
1 3317
1 3325
1 3486
1 3503
1 3591
1 3710
1 3757
1 3770
1 3772
1 3857
1 3928
1 3975
1 3983
1 4072
1 4124
1 4162
1 4188
1 4212
1 4219
1 4246
2 4298
1 4301
1 4307
1 4314
1 4384
1 4392
1 4397
1 4464
1 5087
1 5134
