1 8
1 12
1 16
1 18
1 19
1 23
1 24
1 25
1 33
1 43
1 45
3 51
1 52
2 57
1 62
1 64
1 66
1 67
1 70
1 74
1 75
1 76
1 77
1 78
1 79
1 84
2 86
1 90
1 96
2 97
2 98
1 99
2 101
1 102
1 103
2 104
2 105
2 106
1 107
3 109
4 110
2 112
2 113
5 114
3 115
1 116
2 117
2 119
1 120
1 121
3 122
1 123
2 124
2 125
1 126
1 128
2 130
1 131
1 132
1 134
2 135
1 136
2 137
1 138
2 139
1 140
1 141
4 142
1 143
1 145
1 147
2 149
2 151
6 152
1 153
1 155
1 157
1 159
1 161
2 163
2 165
5 167
1 168
2 171
3 172
1 173
2 174
1 177
1 178
2 179
2 181
5 182
1 183
1 184
1 185
1 186
2 187
1 190
2 191
2 193
1 195
3 196
2 197
3 198
1 200
1 201
1 203
4 205
1 206
1 207
3 210
1 213
1 215
2 216
3 217
1 218
1 219
2 220
2 221
1 222
3 223
1 224
2 225
1 226
3 227
3 228
4 229
2 230
2 231
3 232
2 234
2 237
2 241
2 242
1 243
2 244
1 245
2 246
2 247
1 248
3 249
1 250
2 251
2 252
1 253
1 254
2 255
1 257
3 258
3 259
1 260
2 261
1 263
3 264
3 265
2 267
2 268
4 269
2 270
3 271
1 272
1 273
3 274
1 276
1 278
1 279
3 280
3 281
2 282
1 283
3 284
1 285
1 286
3 289
2 290
1 291
1 292
4 293
2 294
3 295
1 296
1 297
2 298
2 299
4 300
2 301
3 302
3 303
6 304
5 305
7 306
5 307
2 308
4 309
4 310
2 311
7 312
5 313
4 314
2 316
4 317
1 318
4 319
1 320
4 321
9 322
1 323
4 324
2 325
2 327
2 328
1 329
3 330
4 331
3 332
1 333
3 334
1 335
1 336
1 337
6 338
4 339
2 340
2 342
6 343
4 344
4 345
1 346
2 347
3 348
1 349
3 352
8 353
1 355
5 356
3 357
3 358
1 359
7 360
4 361
3 362
4 363
3 364
6 365
3 366
2 367
4 368
5 369
4 370
3 371
2 372
3 373
2 374
5 375
3 376
2 377
4 378
3 379
2 380
2 381
4 382
1 383
4 384
3 385
2 386
7 387
2 389
4 390
1 391
3 392
2 393
4 394
6 395
1 396
6 397
1 398
4 399
4 400
4 401
6 402
3 403
3 404
5 405
4 406
9 407
3 408
3 409
3 410
2 411
1 412
3 413
1 415
2 416
4 417
3 418
3 419
2 421
1 423
2 424
2 425
1 426
1 427
1 428
2 429
2 430
1 431
3 433
2 434
3 435
2 436
2 437
2 440
1 441
2 442
2 446
2 447
3 449
1 450
1 452
5 453
1 454
1 456
4 457
4 458
4 459
3 460
2 461
1 462
1 463
1 465
2 466
5 467
2 468
5 469
4 471
2 472
5 473
2 474
4 475
5 476
3 478
3 479
2 480
3 481
1 482
1 483
1 485
1 486
2 487
1 488
1 489
4 491
3 492
3 493
5 494
1 495
2 497
6 498
2 499
5 500
2 502
2 503
1 504
3 505
4 507
2 508
3 509
2 510
1 511
2 512
5 513
2 514
3 515
3 517
3 518
4 519
4 520
2 521
2 522
1 523
3 524
4 525
4 526
4 527
5 528
2 529
2 530
2 531
3 532
3 533
7 534
3 535
10 536
8 537
8 538
5 539
7 540
8 541
4 542
8 543
3 544
9 545
8 546
9 547
11 548
8 549
7 550
7 551
8 552
6 553
2 554
8 555
4 556
5 557
3 558
3 559
4 560
10 561
4 562
3 563
5 564
2 565
4 566
1 567
3 568
5 569
8 570
4 571
3 572
2 573
1 574
7 576
3 577
5 578
6 579
4 580
2 581
1 582
1 583
1 584
2 585
1 586
9 587
3 589
3 590
2 591
4 592
1 593
3 594
4 595
2 596
2 597
3 598
5 599
5 601
3 602
1 603
2 604
4 605
4 606
4 607
3 608
8 609
7 610
4 611
6 612
6 613
3 614
8 615
4 616
7 617
5 618
6 619
1 620
8 621
6 622
6 623
9 624
6 625
11 626
4 627
10 628
10 629
15 630
14 631
15 632
9 633
13 634
8 635
7 636
10 637
9 638
7 639
5 640
10 641
4 642
9 643
8 644
10 645
10 646
7 647
4 648
8 649
4 650
10 651
8 652
13 653
6 654
6 655
9 656
12 657
7 658
3 659
5 660
8 661
12 662
6 663
7 664
6 665
7 666
4 667
5 668
12 669
11 670
9 671
12 672
15 673
12 674
18 675
15 676
12 677
14 678
13 679
11 680
24 681
33 682
18 683
24 684
29 685
32 686
40 687
31 688
26 689
32 690
40 691
37 692
48 693
43 694
36 695
32 696
50 697
39 698
37 699
38 700
33 701
20 702
24 703
27 704
23 705
24 706
25 707
15 708
14 709
10 710
15 711
12 712
6 713
8 714
6 715
5 716
4 717
5 718
9 719
3 720
2 721
7 722
4 723
6 724
5 725
8 726
6 727
5 728
5 729
5 730
3 731
7 732
10 733
7 734
8 735
10 736
16 737
12 738
15 739
10 740
12 741
8 742
16 743
9 744
19 745
15 746
16 747
13 748
14 749
21 750
16 751
16 752
25 753
32 754
22 755
25 756
26 757
32 758
44 759
35 760
44 761
39 762
39 763
38 764
35 765
31 766
31 767
23 768
36 769
25 770
28 771
31 772
22 773
19 774
21 775
17 776
15 777
11 778
12 779
17 780
9 781
14 782
7 783
4 784
7 785
8 786
6 787
4 788
6 789
8 790
3 791
4 792
1 793
5 795
3 796
6 798
3 799
1 800
4 801
7 802
2 803
4 804
2 805
3 806
5 807
5 808
4 809
2 810
2 811
1 812
1 813
3 814
8 815
6 816
5 817
2 818
4 819
2 820
1 821
7 822
2 823
2 824
5 825
5 826
5 827
8 828
3 829
4 830
1 831
6 832
4 833
3 834
6 835
8 836
2 837
4 838
3 839
1 840
6 841
5 842
7 843
8 844
4 845
5 846
3 847
4 848
4 849
4 850
10 851
7 852
5 853
6 854
7 855
5 856
4 857
6 858
4 859
6 860
6 861
4 862
5 863
8 864
8 865
5 866
5 867
7 868
4 869
8 870
5 871
4 872
4 873
4 874
11 875
6 876
7 877
8 878
3 879
7 880
10 881
11 882
7 883
11 884
4 885
12 886
9 887
6 888
6 889
11 890
2 891
9 892
6 893
5 894
11 895
11 896
17 897
13 898
15 899
16 900
13 901
10 902
11 903
19 904
16 905
20 906
12 907
11 908
8 909
10 910
24 911
17 912
29 913
15 914
16 915
23 916
22 917
23 918
25 919
33 920
15 921
38 922
24 923
32 924
37 925
34 926
33 927
34 928
39 929
40 930
50 931
40 932
42 933
47 934
40 935
58 936
53 937
66 938
52 939
65 940
61 941
54 942
63 943
55 944
58 945
70 946
66 947
68 948
84 949
73 950
79 951
85 952
84 953
85 954
110 955
115 956
127 957
132 958
123 959
125 960
147 961
137 962
154 963
145 964
138 965
166 966
139 967
145 968
130 969
112 970
154 971
133 972
124 973
99 974
107 975
103 976
80 977
93 978
78 979
77 980
62 981
57 982
43 983
41 984
34 985
31 986
26 987
33 988
18 989
21 990
18 991
23 992
11 993
8 994
10 995
6 996
9 997
5 998
6 999
7 1000
5 1002
1 1003
3 1004
1 1005
1 1006
4 1008
2 1009
1 1010
1 1011
1 1013
2 1016
2 1017
2 1018
1 1019
2 1020
1 1021
1 1022
1 1023
1 1024
3 1025
1 1026
1 1027
1 1028
1 1029
1 1031
1 1032
3 1033
1 1034
2 1035
3 1036
1 1038
2 1041
2 1042
1 1043
1 1044
1 1048
2 1051
1 1054
1 1057
1 1062
1 1066
1 1072
1 1074
1 1075
1 1076
1 1078
1 1080
2 1081
2 1082
2 1083
2 1085
1 1087
2 1090
1 1092
1 1093
2 1098
1 1099
2 1101
2 1102
1 1107
1 1108
1 1109
3 1111
1 1114
1 1116
1 1118
5 1119
1 1121
3 1122
1 1123
2 1125
1 1126
2 1127
2 1128
2 1129
2 1130
1 1131
3 1132
2 1133
1 1134
1 1135
1 1136
2 1137
1 1138
2 1139
5 1141
2 1142
1 1143
2 1144
3 1145
3 1146
2 1147
5 1148
5 1149
4 1150
3 1151
5 1152
3 1153
3 1154
4 1155
6 1156
2 1157
6 1158
1 1159
5 1160
3 1161
3 1162
2 1163
3 1164
8 1165
4 1166
6 1167
5 1168
4 1169
5 1170
2 1171
2 1172
3 1173
2 1174
1 1175
1 1176
1 1177
3 1178
1 1180
3 1183
1 1184
2 1185
1 1186
1 1187
4 1189
1 1190
1 1192
1 1196
2 1198
4 1199
1 1201
1 1202
1 1203
2 1205
1 1206
2 1212
1 1213
2 1214
1 1215
2 1217
2 1218
2 1221
1 1224
1 1225
2 1226
1 1227
3 1228
1 1229
1 1230
2 1231
4 1232
2 1233
2 1234
1 1235
2 1237
1 1240
1 1241
1 1242
3 1243
1 1244
2 1245
2 1246
2 1248
1 1249
3 1250
3 1251
1 1252
2 1253
2 1254
3 1255
2 1256
2 1257
1 1258
2 1259
2 1260
3 1261
2 1262
3 1264
4 1265
3 1266
2 1267
1 1268
4 1269
3 1270
2 1271
2 1272
1 1273
1 1274
2 1275
2 1276
3 1277
2 1278
2 1279
2 1280
1 1283
1 1284
1 1285
1 1286
1 1288
1 1291
2 1292
3 1293
3 1294
2 1295
2 1296
3 1297
3 1298
3 1299
3 1301
3 1302
2 1303
4 1304
1 1305
2 1306
4 1307
1 1308
1 1309
2 1310
4 1311
1 1312
4 1313
3 1314
3 1315
3 1316
1 1317
3 1318
2 1319
1 1320
2 1321
2 1322
1 1323
3 1324
1 1325
3 1326
3 1327
2 1328
3 1329
3 1330
6 1331
2 1332
4 1333
6 1334
2 1335
3 1336
3 1337
3 1338
4 1339
6 1340
6 1341
7 1342
6 1343
7 1344
4 1345
3 1346
4 1347
6 1348
5 1349
3 1350
6 1351
3 1352
8 1353
6 1354
2 1355
4 1356
5 1357
6 1358
4 1359
4 1360
2 1361
5 1362
3 1363
3 1364
5 1365
6 1366
5 1367
4 1368
5 1369
3 1370
7 1371
4 1372
7 1373
6 1374
5 1375
6 1376
4 1377
6 1378
6 1379
8 1380
6 1381
6 1382
7 1383
4 1384
3 1385
5 1386
10 1387
5 1388
8 1389
5 1390
4 1391
11 1392
7 1393
8 1394
4 1395
8 1396
9 1397
10 1398
6 1399
7 1400
13 1401
6 1402
12 1403
12 1404
17 1405
16 1406
13 1407
15 1408
19 1409
24 1410
16 1411
19 1412
24 1413
20 1414
26 1415
22 1416
31 1417
35 1418
27 1419
32 1420
40 1421
37 1422
44 1423
43 1424
47 1425
46 1426
42 1427
48 1428
49 1429
33 1430
40 1431
39 1432
47 1433
38 1434
51 1435
42 1436
30 1437
44 1438
34 1439
39 1440
25 1441
24 1442
20 1443
26 1444
24 1445
17 1446
17 1447
16 1448
20 1449
14 1450
8 1451
13 1452
20 1453
19 1454
13 1455
6 1456
10 1457
4 1458
11 1459
14 1460
8 1461
8 1462
6 1463
9 1464
11 1465
6 1466
5 1467
14 1468
16 1469
15 1470
10 1471
5 1472
11 1473
8 1474
11 1475
13 1476
11 1477
9 1478
16 1479
10 1480
11 1481
15 1482
10 1483
13 1484
14 1485
20 1486
13 1487
17 1488
19 1489
22 1490
19 1491
21 1492
19 1493
22 1494
16 1495
30 1496
25 1497
22 1498
20 1499
15 1500
22 1501
31 1502
22 1503
18 1504
17 1505
15 1506
18 1507
25 1508
26 1509
16 1510
7 1511
9 1512
13 1513
15 1514
16 1515
6 1516
4 1517
8 1518
13 1519
7 1520
7 1521
5 1522
9 1523
3 1524
8 1525
3 1526
7 1527
4 1528
2 1529
6 1530
2 1531
3 1532
5 1533
2 1534
5 1535
2 1536
2 1537
2 1538
4 1539
3 1540
1 1542
2 1543
3 1545
5 1547
2 1549
2 1553
1 1554
2 1556
1 1557
1 1559
1 1560
1 1563
1 1564
1 1565
1 1566
2 1567
2 1570
1 1571
1 1573
2 1575
2 1576
2 1578
1 1579
2 1580
1 1582
1 1583
1 1584
1 1585
1 1587
1 1588
1 1589
3 1591
1 1592
2 1594
1 1597
1 1598
1 1599
2 1600
2 1601
1 1602
1 1603
1 1606
3 1608
2 1610
2 1612
1 1615
1 1616
1 1621
1 1626
1 1629
1 1630
1 1631
1 1633
1 1636
1 1637
1 1643
1 1653
1 1654
1 1655
1 1659
1 1661
1 1664
1 1666
1 1672
1 1678
1 1679
2 1685
1 1687
1 1690
1 1697
2 1700
2 1702
2 1705
1 1706
3 1708
1 1714
1 1717
3 1719
1 1720
1 1722
1 1724
2 1725
1 1727
1 1730
3 1734
1 1736
2 1737
1 1738
1 1743
1 1745
1 1748
1 1753
1 1760
1 1763
1 1767
1 1768
2 1769
1 1770
2 1778
1 1779
1 1780
2 1785
1 1796
1 1801
1 1804
1 1808
1 1809
2 1811
1 1812
1 1818
1 1822
1 1824
2 1826
1 1827
1 1830
1 1837
2 1838
1 1840
1 1841
1 1843
1 1844
1 1847
1 1848
1 1851
1 1852
1 1853
1 1860
1 1861
1 1862
2 1864
1 1866
1 1867
1 1871
2 1873
1 1874
1 1875
2 1876
1 1877
1 1879
1 1881
1 1882
1 1888
2 1892
1 1897
2 1898
1 1903
3 1907
2 1908
1 1910
1 1913
1 1915
1 1916
1 1918
1 1919
1 1920
2 1925
1 1926
1 1927
3 1928
2 1930
1 1931
2 1936
1 1937
1 1942
1 1943
3 1946
1 1947
1 1948
2 1949
3 1950
1 1952
1 1953
1 1955
1 1956
1 1958
1 1959
1 1960
2 1962
1 1963
1 1964
1 1965
2 1966
1 1967
2 1969
1 1972
1 1973
4 1974
1 1975
1 1977
1 1978
2 1979
1 1980
2 1982
2 1983
1 1984
1 1985
2 1986
1 1987
2 1988
1 1991
2 1992
1 1993
1 1997
1 1998
3 1999
1 2000
1 2001
1 2002
3 2003
1 2004
3 2005
1 2006
2 2007
2 2009
2 2010
2 2011
1 2012
1 2014
1 2015
1 2017
2 2018
1 2019
1 2020
1 2021
1 2024
1 2025
1 2026
1 2028
1 2029
2 2031
1 2033
1 2038
2 2040
3 2041
1 2043
2 2045
3 2046
2 2048
1 2049
1 2050
3 2052
2 2053
1 2055
1 2056
1 2057
1 2058
1 2061
2 2062
1 2064
2 2066
2 2067
1 2069
3 2070
1 2071
2 2072
1 2074
5 2075
2 2077
1 2078
1 2080
1 2081
1 2082
1 2084
2 2085
2 2087
4 2088
3 2089
1 2090
2 2091
2 2092
1 2094
2 2095
1 2098
1 2099
1 2100
2 2101
4 2102
2 2103
1 2104
1 2105
2 2106
1 2107
1 2108
3 2109
1 2110
2 2111
3 2112
2 2113
5 2114
2 2115
1 2116
1 2117
3 2118
2 2119
1 2120
2 2121
2 2122
4 2123
2 2124
3 2125
3 2126
2 2127
4 2128
3 2129
2 2130
3 2131
5 2132
6 2133
3 2134
3 2135
1 2136
2 2137
2 2138
4 2139
1 2140
10 2141
6 2142
2 2143
4 2144
1 2145
3 2146
4 2147
3 2148
1 2150
2 2151
1 2152
5 2153
4 2155
2 2156
4 2157
2 2158
1 2159
2 2160
4 2161
3 2162
2 2163
6 2164
1 2165
9 2166
5 2167
2 2168
4 2169
1 2170
4 2171
3 2172
3 2173
8 2174
4 2175
5 2176
7 2177
4 2178
6 2179
5 2180
8 2181
3 2182
2 2183
9 2184
6 2185
2 2186
1 2187
6 2188
9 2189
2 2190
5 2191
1 2192
11 2193
5 2194
5 2195
2 2196
7 2197
6 2198
7 2199
10 2200
9 2201
10 2202
11 2203
9 2204
7 2205
10 2206
10 2207
5 2208
10 2209
14 2210
6 2211
9 2212
14 2213
10 2214
11 2215
15 2216
13 2217
14 2218
6 2219
8 2220
19 2221
13 2222
13 2223
13 2224
25 2225
12 2226
16 2227
18 2228
16 2229
14 2230
21 2231
25 2232
13 2233
18 2234
14 2235
20 2236
23 2237
14 2238
26 2239
16 2240
22 2241
17 2242
28 2243
29 2244
26 2245
20 2246
26 2247
34 2248
41 2249
27 2250
29 2251
27 2252
26 2253
21 2254
28 2255
30 2256
40 2257
30 2258
27 2259
33 2260
36 2261
34 2262
23 2263
31 2264
39 2265
31 2266
40 2267
28 2268
25 2269
36 2270
42 2271
37 2272
37 2273
39 2274
33 2275
35 2276
31 2277
38 2278
28 2279
35 2280
30 2281
26 2282
22 2283
16 2284
26 2285
22 2286
22 2287
25 2288
22 2289
20 2290
20 2291
17 2292
17 2293
12 2294
11 2295
15 2296
7 2297
12 2298
12 2299
7 2300
15 2301
10 2302
5 2303
9 2304
8 2305
8 2306
10 2307
10 2308
5 2309
5 2310
6 2311
4 2312
6 2313
4 2314
7 2315
4 2316
2 2317
5 2318
1 2319
1 2320
1 2321
1 2322
2 2323
1 2324
1 2325
2 2326
3 2327
1 2328
1 2329
2 2330
2 2332
6 2333
1 2334
4 2337
8 2338
2 2339
2 2341
4 2342
2 2343
1 2344
2 2345
1 2346
1 2347
2 2348
2 2349
9 2350
6 2351
2 2352
2 2353
3 2354
2 2355
3 2356
5 2357
5 2358
1 2359
4 2360
3 2361
5 2362
3 2363
6 2364
3 2365
5 2366
2 2367
4 2368
4 2369
2 2370
1 2371
2 2372
3 2373
1 2374
6 2375
4 2376
3 2377
5 2378
4 2379
3 2380
4 2381
5 2382
5 2383
3 2384
3 2385
3 2386
3 2388
1 2389
2 2390
3 2391
1 2392
1 2393
1 2394
4 2395
3 2396
1 2397
4 2398
1 2399
2 2400
1 2401
1 2402
1 2403
1 2404
3 2405
1 2406
1 2407
3 2412
1 2413
1 2414
2 2415
2 2416
1 2421
1 2423
1 2429
1 2430
1 2432
1 2435
1 2436
1 2454
1 2462
1 2467
1 2484
1 2485
1 2495
2 2496
1 2504
2 2528
1 2537
1 2539
1 2556
1 2557
1 2558
1 2562
2 2563
1 2577
1 2588
1 2599
1 2622
1 2628
1 2637
3 2641
1 2645
1 2646
1 2651
1 2656
1 2668
1 2681
2 2683
1 2705
1 2747
1 2763
1 2767
1 2776
1 2782
1 2787
1 2810
1 2827
1 2830
1 2834
1 2835
1 2874
1 2915
1 2920
1 2924
1 2940
2 3004
1 3045
1 3047
1 3063
1 3193
1 3440
1 3616
1 3682
2 3715
1 3831
1 3837
1 3984
1 3986
1 4127
