1 2
1 3
1 5
2 7
1 8
1 12
1 17
1 19
1 20
1 21
2 22
1 23
1 33
2 34
4 35
6 36
4 37
9 38
6 39
4 40
1 41
1 43
1 45
1 46
1 47
1 50
1 54
3 55
2 58
1 60
2 61
1 62
1 63
3 64
4 65
1 70
2 71
2 72
2 73
3 74
3 76
2 77
1 78
1 79
1 81
1 82
2 84
3 85
1 87
1 88
4 89
1 90
2 91
4 92
6 93
1 94
4 95
1 96
4 97
2 98
5 99
2 100
1 101
2 102
2 103
1 104
1 105
2 106
1 107
2 108
5 109
2 110
3 111
3 112
4 113
4 114
2 115
1 116
2 117
3 118
2 119
1 120
5 121
4 122
2 124
1 125
4 126
1 127
3 128
1 129
4 130
4 131
3 132
1 133
2 134
3 135
2 136
3 137
1 138
8 139
3 140
3 141
8 142
10 143
6 144
11 145
14 146
17 147
13 148
20 149
24 150
14 151
19 152
22 153
10 154
9 155
10 156
5 157
7 158
6 159
7 160
11 161
5 162
6 163
9 164
9 165
3 166
5 167
3 168
5 169
1 170
2 171
4 172
4 173
3 175
2 176
3 177
1 178
1 179
5 180
1 181
1 182
4 184
3 185
3 186
3 187
2 188
3 189
4 190
2 191
2 192
7 194
3 195
3 196
1 197
4 198
4 199
3 200
6 201
5 202
4 203
8 204
6 205
7 206
8 207
3 208
6 209
5 210
4 211
5 212
5 213
3 214
9 215
1 216
8 217
4 218
6 219
6 220
4 221
5 222
3 223
7 224
6 225
3 226
11 227
3 228
7 229
2 230
2 231
5 232
8 233
4 234
4 235
7 236
8 237
7 238
7 239
6 240
3 241
8 242
7 243
8 244
8 245
8 246
6 247
5 248
4 249
3 250
3 251
6 252
4 253
2 254
8 255
5 256
4 257
3 258
4 259
1 260
2 261
5 262
6 264
3 265
6 266
6 267
3 268
3 269
7 270
9 271
7 272
11 273
4 274
4 275
4 276
5 277
9 278
4 279
4 280
3 281
4 282
2 283
1 284
1 285
1 286
4 287
2 288
4 289
7 290
6 291
1 292
4 293
4 294
2 295
3 297
4 298
3 299
2 300
1 301
2 302
1 303
2 304
4 305
2 306
4 307
2 308
1 309
1 310
6 311
3 312
2 313
1 314
3 315
5 317
2 318
3 319
4 320
7 321
6 322
5 323
5 324
7 325
3 326
7 327
9 328
8 329
6 330
7 331
5 332
4 333
4 334
11 335
8 336
14 337
5 338
9 339
7 340
9 341
12 342
5 343
8 344
9 345
6 346
13 347
13 348
6 349
8 350
13 351
11 352
14 353
16 354
19 355
12 356
17 357
12 358
10 359
19 360
10 361
16 362
9 363
9 364
9 365
9 366
9 367
6 368
16 369
10 370
13 371
10 372
12 373
7 374
13 375
7 376
12 377
10 378
6 379
5 380
7 381
7 382
4 383
6 384
6 385
4 386
3 387
1 388
1 389
4 390
2 391
5 392
4 393
3 394
3 395
4 396
2 397
5 398
5 399
3 400
4 401
1 402
3 403
2 404
1 405
6 406
4 407
4 408
5 409
6 410
5 411
7 412
10 413
4 414
2 415
4 416
7 417
11 418
13 419
7 420
10 421
14 422
13 423
11 424
9 425
18 426
16 427
17 428
18 429
15 430
16 431
15 432
20 433
25 434
32 435
19 436
36 437
26 438
36 439
50 440
46 441
46 442
48 443
59 444
59 445
55 446
55 447
57 448
67 449
65 450
77 451
80 452
63 453
64 454
58 455
71 456
62 457
46 458
44 459
36 460
49 461
32 462
25 463
36 464
26 465
34 466
31 467
25 468
21 469
29 470
10 471
21 472
16 473
9 474
16 475
5 476
10 477
8 478
7 479
11 480
5 481
8 482
4 483
5 484
9 485
8 486
3 487
6 488
5 489
6 490
7 491
5 492
7 493
9 494
5 495
2 496
8 497
3 498
4 499
2 500
7 501
4 502
8 503
7 504
7 505
12 506
4 507
11 508
9 509
9 510
9 511
9 512
8 513
12 514
12 515
11 516
9 517
10 518
14 519
18 520
20 521
10 522
14 523
20 524
22 525
15 526
13 527
21 528
10 529
17 530
11 531
23 532
17 533
21 534
24 535
14 536
15 537
19 538
26 539
22 540
16 541
15 542
7 543
14 544
20 545
20 546
21 547
15 548
24 549
25 550
28 551
31 552
31 553
28 554
33 555
37 556
31 557
42 558
30 559
30 560
34 561
28 562
23 563
23 564
25 565
18 566
26 567
17 568
28 569
11 570
18 571
17 572
16 573
8 574
17 575
19 576
19 577
7 578
16 579
9 580
16 581
12 582
21 583
11 584
11 585
17 586
8 587
12 588
11 589
16 590
15 591
14 592
14 593
18 594
21 595
17 596
14 597
14 598
17 599
19 600
23 601
11 602
25 603
20 604
17 605
23 606
21 607
28 608
29 609
25 610
29 611
25 612
27 613
30 614
37 615
28 616
30 617
33 618
39 619
38 620
43 621
41 622
50 623
46 624
67 625
52 626
69 627
62 628
71 629
67 630
91 631
82 632
77 633
94 634
89 635
93 636
75 637
110 638
99 639
96 640
92 641
96 642
95 643
95 644
78 645
85 646
94 647
102 648
91 649
102 650
90 651
80 652
91 653
95 654
78 655
92 656
95 657
78 658
94 659
78 660
86 661
63 662
81 663
74 664
60 665
61 666
57 667
49 668
49 669
42 670
41 671
37 672
30 673
34 674
29 675
23 676
39 677
25 678
35 679
27 680
27 681
31 682
21 683
19 684
19 685
16 686
13 687
9 688
16 689
14 690
18 691
8 692
12 693
8 694
15 695
11 696
14 697
11 698
13 699
9 700
17 701
10 702
12 703
9 704
7 705
9 706
8 707
9 708
11 709
5 710
11 711
9 712
5 713
7 714
7 715
6 716
5 717
7 718
5 719
8 720
4 721
9 722
6 723
7 724
9 725
8 726
8 727
8 728
6 729
5 730
10 731
4 732
8 733
10 734
8 735
5 736
4 737
13 738
6 739
6 740
9 741
12 742
11 743
13 744
9 745
10 746
12 747
18 748
18 749
12 750
15 751
16 752
22 753
20 754
19 755
10 756
14 757
24 758
30 759
17 760
19 761
26 762
21 763
29 764
23 765
26 766
21 767
22 768
30 769
26 770
31 771
37 772
23 773
23 774
26 775
28 776
16 777
22 778
31 779
40 780
28 781
29 782
28 783
39 784
34 785
40 786
37 787
35 788
51 789
25 790
56 791
42 792
38 793
40 794
40 795
33 796
41 797
23 798
20 799
37 800
33 801
37 802
45 803
26 804
19 805
26 806
30 807
27 808
27 809
23 810
32 811
30 812
40 813
43 814
33 815
28 816
38 817
45 818
44 819
48 820
50 821
57 822
54 823
55 824
66 825
68 826
70 827
60 828
77 829
62 830
59 831
61 832
64 833
65 834
67 835
79 836
53 837
66 838
61 839
55 840
61 841
50 842
41 843
41 844
39 845
44 846
40 847
38 848
31 849
30 850
29 851
27 852
26 853
27 854
21 855
31 856
26 857
24 858
24 859
20 860
12 861
21 862
20 863
19 864
14 865
17 866
23 867
19 868
17 869
21 870
12 871
19 872
19 873
16 874
22 875
20 876
25 877
16 878
29 879
20 880
18 881
15 882
23 883
20 884
23 885
18 886
22 887
25 888
34 889
20 890
23 891
23 892
36 893
29 894
30 895
37 896
37 897
37 898
27 899
41 900
29 901
43 902
30 903
28 904
39 905
34 906
41 907
44 908
35 909
29 910
37 911
29 912
36 913
44 914
44 915
30 916
39 917
48 918
37 919
46 920
43 921
36 922
32 923
32 924
41 925
43 926
43 927
30 928
32 929
38 930
31 931
26 932
38 933
38 934
20 935
26 936
35 937
26 938
27 939
38 940
22 941
29 942
26 943
42 944
38 945
37 946
28 947
37 948
24 949
41 950
31 951
34 952
25 953
39 954
26 955
48 956
46 957
29 958
24 959
41 960
36 961
36 962
30 963
28 964
30 965
26 966
26 967
28 968
23 969
22 970
25 971
14 972
18 973
14 974
12 975
7 976
9 977
8 978
19 979
11 980
10 981
10 982
10 983
8 984
8 985
10 986
10 987
6 988
7 989
8 990
5 991
7 992
7 993
4 994
8 995
9 996
9 997
6 998
6 999
16 1000
10 1001
8 1002
5 1003
4 1004
10 1005
11 1006
10 1007
6 1008
7 1009
8 1010
5 1011
5 1012
14 1013
2 1014
10 1015
7 1016
6 1017
4 1018
6 1019
4 1020
6 1021
7 1022
5 1023
3 1024
6 1025
3 1027
5 1028
5 1029
3 1030
6 1031
4 1032
9 1033
5 1034
5 1035
7 1036
3 1037
4 1038
4 1039
3 1040
4 1041
11 1042
6 1043
5 1044
3 1045
9 1046
6 1047
8 1048
9 1049
6 1050
6 1051
7 1052
4 1053
7 1054
4 1055
2 1056
12 1057
14 1058
7 1059
8 1060
8 1061
7 1062
7 1063
7 1064
7 1065
13 1066
11 1067
6 1068
8 1069
6 1070
8 1071
6 1072
12 1073
8 1074
9 1075
6 1076
6 1077
12 1078
6 1079
9 1080
9 1081
11 1082
10 1083
7 1084
3 1085
9 1086
7 1087
12 1088
9 1089
4 1090
5 1091
10 1092
5 1093
4 1094
7 1095
7 1096
5 1097
1 1098
2 1099
6 1100
4 1101
3 1102
6 1103
6 1104
7 1105
3 1106
3 1107
5 1108
6 1109
4 1110
5 1111
3 1112
5 1113
4 1114
5 1115
3 1116
5 1117
4 1118
6 1119
5 1120
3 1121
7 1122
5 1123
5 1124
4 1125
7 1126
3 1127
6 1128
4 1129
9 1130
10 1131
7 1132
7 1133
6 1134
5 1135
6 1136
5 1137
10 1138
13 1139
9 1140
10 1141
12 1142
8 1143
10 1144
9 1145
11 1146
13 1147
8 1148
8 1149
9 1150
17 1151
11 1152
13 1153
10 1154
7 1155
11 1156
13 1157
18 1158
8 1159
8 1160
8 1161
8 1162
5 1163
9 1164
7 1165
8 1166
10 1167
12 1168
13 1169
11 1170
7 1171
4 1172
10 1173
5 1174
10 1175
6 1176
6 1177
10 1178
13 1179
1 1180
7 1181
5 1182
8 1183
5 1184
11 1185
11 1186
8 1187
8 1188
9 1189
10 1190
15 1191
5 1192
4 1193
8 1194
8 1195
7 1196
13 1197
15 1198
19 1199
9 1200
14 1201
7 1202
18 1203
21 1204
25 1205
14 1206
12 1207
9 1208
13 1209
12 1210
16 1211
7 1212
14 1213
14 1214
7 1215
12 1216
7 1217
9 1218
8 1219
6 1220
16 1221
10 1222
11 1223
6 1224
11 1225
12 1226
9 1227
5 1228
9 1229
10 1230
7 1231
7 1232
12 1233
8 1234
9 1235
7 1236
5 1237
7 1238
7 1239
4 1240
2 1241
8 1242
12 1243
4 1244
9 1245
3 1246
9 1247
3 1248
7 1249
4 1250
9 1251
4 1252
6 1253
7 1254
7 1255
7 1256
7 1257
6 1258
11 1259
11 1260
10 1261
4 1262
14 1263
8 1264
8 1265
11 1266
11 1267
3 1268
11 1269
9 1270
11 1271
7 1272
10 1273
8 1274
8 1275
10 1276
11 1277
13 1278
8 1279
8 1280
5 1281
8 1282
7 1283
14 1284
17 1285
15 1286
22 1287
8 1288
13 1289
12 1290
18 1291
19 1292
21 1293
16 1294
17 1295
24 1296
18 1297
22 1298
24 1299
24 1300
20 1301
28 1302
25 1303
27 1304
32 1305
29 1306
26 1307
26 1308
41 1309
26 1310
27 1311
38 1312
27 1313
17 1314
37 1315
38 1316
27 1317
30 1318
25 1319
27 1320
28 1321
29 1322
29 1323
23 1324
26 1325
25 1326
20 1327
22 1328
20 1329
20 1330
19 1331
14 1332
7 1333
16 1334
11 1335
15 1336
15 1337
13 1338
10 1339
12 1340
15 1341
9 1342
13 1343
12 1344
7 1345
14 1346
14 1347
10 1348
11 1349
8 1350
10 1351
7 1352
13 1353
7 1354
7 1355
5 1356
10 1357
3 1358
5 1359
5 1360
4 1361
3 1362
4 1363
5 1364
7 1365
6 1366
3 1367
6 1368
5 1369
4 1370
4 1371
4 1372
2 1373
3 1374
5 1375
4 1376
3 1377
10 1378
2 1379
3 1380
10 1381
8 1382
4 1383
4 1384
5 1385
4 1386
6 1387
2 1388
2 1389
2 1390
2 1391
2 1392
3 1393
2 1394
5 1395
5 1396
3 1397
1 1398
7 1399
4 1400
4 1401
4 1402
2 1403
4 1404
1 1405
1 1406
5 1407
5 1408
1 1409
7 1410
4 1411
3 1412
5 1413
1 1414
10 1415
3 1416
6 1417
3 1418
2 1419
2 1420
7 1421
3 1422
1 1423
2 1424
1 1425
2 1426
6 1427
3 1428
4 1429
2 1430
6 1431
6 1432
5 1433
2 1434
7 1435
6 1436
4 1437
5 1438
5 1439
3 1440
7 1441
8 1442
4 1443
7 1444
2 1445
3 1446
4 1447
8 1448
6 1449
2 1450
4 1451
6 1452
6 1453
3 1454
5 1455
7 1456
6 1457
5 1458
9 1459
3 1460
8 1461
6 1462
4 1463
6 1464
5 1465
6 1466
6 1467
3 1468
1 1469
5 1470
2 1471
5 1472
10 1473
6 1474
9 1475
7 1476
8 1477
5 1478
11 1479
3 1480
6 1481
7 1482
10 1483
11 1484
13 1485
9 1486
7 1487
11 1488
13 1489
9 1490
14 1491
13 1492
6 1493
13 1494
14 1495
12 1496
13 1497
16 1498
20 1499
12 1500
7 1501
23 1502
12 1503
10 1504
11 1505
21 1506
13 1507
18 1508
11 1509
14 1510
8 1511
11 1512
9 1513
15 1514
16 1515
15 1516
11 1517
14 1518
13 1519
9 1520
12 1521
16 1522
18 1523
14 1524
11 1525
14 1526
7 1527
13 1528
16 1529
16 1530
18 1531
14 1532
18 1533
22 1534
19 1535
13 1536
17 1537
20 1538
23 1539
29 1540
27 1541
31 1542
25 1543
23 1544
37 1545
32 1546
31 1547
26 1548
50 1549
48 1550
31 1551
41 1552
42 1553
36 1554
40 1555
51 1556
48 1557
52 1558
43 1559
50 1560
42 1561
45 1562
47 1563
54 1564
40 1565
41 1566
37 1567
36 1568
33 1569
36 1570
43 1571
48 1572
40 1573
47 1574
42 1575
49 1576
56 1577
53 1578
38 1579
41 1580
36 1581
40 1582
39 1583
23 1584
27 1585
32 1586
26 1587
20 1588
19 1589
31 1590
14 1591
24 1592
28 1593
14 1594
20 1595
14 1596
11 1597
16 1598
16 1599
12 1600
6 1601
4 1602
7 1603
8 1604
12 1605
5 1606
6 1607
7 1608
5 1609
4 1610
8 1611
4 1612
5 1613
7 1614
5 1615
2 1616
6 1617
3 1618
8 1619
6 1620
4 1621
10 1622
2 1623
6 1624
10 1625
5 1626
7 1627
5 1628
6 1629
8 1630
5 1631
15 1632
11 1633
7 1634
9 1635
14 1636
8 1637
9 1638
9 1639
7 1640
6 1641
7 1642
10 1643
12 1644
8 1645
4 1646
12 1647
14 1648
9 1649
13 1650
12 1651
8 1652
14 1653
11 1654
10 1655
6 1656
11 1657
8 1658
11 1659
7 1660
6 1661
8 1662
8 1663
6 1664
9 1665
6 1666
7 1667
4 1668
3 1669
1 1670
5 1671
2 1672
1 1673
2 1674
1 1675
7 1676
6 1677
3 1678
2 1679
3 1680
1 1681
4 1682
1 1685
3 1686
1 1687
1 1688
3 1689
2 1690
2 1691
2 1692
2 1694
2 1695
1 1696
1 1697
1 1698
1 1699
1 1700
1 1707
4 1709
1 1713
1 1714
2 1716
2 1719
1 1720
1 1724
1 1726
1 1727
1 1728
1 1731
1 1738
1 1739
2 1742
2 1745
1 1747
4 1750
1 1752
1 1753
3 1757
1 1758
3 1761
1 1762
2 1763
2 1764
1 1765
3 1766
1 1767
1 1768
2 1769
2 1770
1 1771
1 1776
3 1777
2 1778
3 1780
1 1781
2 1782
3 1783
2 1786
2 1787
1 1790
2 1791
3 1792
3 1793
3 1794
1 1796
1 1797
1 1798
1 1801
1 1802
1 1803
2 1804
2 1806
1 1807
1 1808
3 1810
1 1812
1 1813
1 1814
2 1815
1 1816
1 1817
1 1818
1 1819
1 1820
3 1821
1 1822
1 1823
1 1824
2 1825
2 1826
1 1827
2 1828
1 1829
4 1830
1 1831
1 1832
1 1833
5 1834
1 1835
1 1836
3 1837
5 1838
1 1839
2 1840
4 1841
1 1842
3 1843
2 1844
3 1845
7 1846
1 1847
2 1848
2 1849
3 1850
3 1851
4 1852
6 1853
4 1854
1 1855
10 1857
6 1858
2 1859
1 1860
4 1861
4 1862
9 1863
5 1864
4 1865
4 1866
2 1867
3 1868
2 1869
1 1870
5 1871
4 1872
1 1874
4 1875
3 1876
2 1877
1 1878
4 1879
3 1880
3 1881
2 1884
5 1885
1 1886
2 1887
5 1890
4 1891
7 1892
3 1893
1 1894
2 1895
1 1898
1 1900
3 1901
1 1902
1 1903
3 1904
1 1906
2 1907
2 1909
1 1910
1 1912
1 1913
1 1914
1 1916
2 1917
1 1919
2 1920
1 1922
2 1924
1 1930
1 1933
2 1936
2 1937
1 1939
1 1943
2 1944
1 1946
1 1947
1 1948
1 1949
1 1953
4 1954
1 1956
1 1958
2 1959
1 1961
1 1962
1 1963
2 1964
2 1967
2 1968
1 1975
3 1976
2 1977
2 1980
1 1981
1 1983
2 1984
1 1986
3 1987
1 1990
1 1992
1 1996
1 2000
1 2001
2 2002
2 2003
1 2004
1 2010
1 2011
1 2012
1 2013
1 2015
1 2018
1 2020
2 2023
2 2024
3 2026
2 2033
1 2037
1 2038
2 2039
2 2042
1 2043
3 2047
1 2048
2 2049
1 2050
1 2051
1 2053
1 2054
1 2056
1 2057
2 2061
2 2062
1 2065
1 2066
2 2069
1 2070
1 2071
1 2072
1 2074
2 2076
1 2077
1 2080
1 2081
1 2082
1 2083
2 2084
1 2087
1 2088
3 2089
2 2091
1 2092
1 2093
3 2094
1 2095
2 2096
2 2097
1 2098
1 2099
1 2101
2 2102
2 2104
2 2106
1 2107
2 2109
1 2111
2 2113
1 2114
1 2115
4 2118
4 2119
1 2120
1 2121
1 2122
1 2123
6 2125
2 2126
1 2127
1 2128
4 2129
1 2130
8 2131
4 2132
1 2133
1 2134
5 2135
3 2136
2 2137
2 2139
2 2140
4 2141
2 2142
4 2143
1 2144
2 2145
4 2146
4 2147
5 2148
4 2149
4 2150
2 2151
2 2152
2 2153
2 2154
1 2155
5 2156
3 2157
1 2158
2 2159
3 2160
1 2161
3 2162
3 2163
1 2165
2 2166
2 2167
3 2168
3 2169
1 2170
1 2171
1 2172
1 2173
3 2175
3 2176
3 2177
2 2179
1 2180
3 2181
2 2183
2 2184
3 2185
1 2186
2 2187
2 2189
1 2191
1 2192
2 2193
2 2194
1 2198
1 2199
1 2205
1 2206
1 2207
1 2208
1 2211
2 2213
2 2215
2 2216
2 2217
1 2218
1 2219
1 2220
3 2221
1 2222
3 2223
1 2224
1 2226
1 2227
1 2229
2 2230
2 2231
1 2232
1 2233
2 2235
2 2236
3 2237
2 2240
2 2241
3 2244
1 2246
1 2247
1 2248
2 2249
2 2252
1 2253
1 2255
1 2260
1 2261
1 2262
1 2263
1 2264
1 2267
1 2268
1 2272
1 2273
2 2280
1 2287
1 2289
1 2290
1 2296
1 2311
1 2312
1 2313
1 2317
1 2319
1 2320
1 2323
1 2330
1 2335
1 2345
1 2347
1 2350
1 2351
1 2352
1 2358
1 2359
1 2360
1 2363
1 2365
1 2366
1 2369
1 2372
1 2373
2 2375
1 2378
1 2384
2 2385
2 2386
2 2390
1 2391
2 2393
1 2395
2 2396
1 2397
1 2399
1 2401
2 2403
1 2404
1 2405
1 2407
2 2408
1 2410
3 2411
2 2416
2 2417
2 2418
1 2419
1 2421
2 2422
1 2423
2 2425
2 2426
1 2427
1 2429
1 2431
5 2432
1 2433
1 2435
1 2436
2 2437
1 2438
2 2439
2 2440
1 2443
2 2444
2 2445
2 2446
1 2449
5 2450
1 2451
1 2452
3 2453
2 2454
1 2455
1 2457
2 2458
3 2459
4 2460
4 2461
1 2462
2 2463
1 2464
1 2465
3 2466
3 2467
2 2468
2 2469
2 2470
2 2472
5 2473
5 2474
4 2477
1 2478
4 2479
1 2480
1 2481
4 2482
1 2483
3 2484
1 2485
3 2486
2 2488
2 2489
1 2490
1 2492
1 2493
3 2495
2 2496
2 2497
1 2499
2 2500
1 2501
2 2502
1 2503
1 2504
1 2506
1 2507
3 2509
1 2512
2 2515
2 2516
1 2517
1 2520
1 2522
2 2528
1 2529
2 2531
1 2532
1 2533
2 2535
2 2536
1 2537
1 2539
1 2544
2 2546
1 2547
1 2548
1 2550
3 2551
1 2552
2 2555
1 2557
3 2559
1 2560
2 2561
1 2562
1 2563
2 2564
1 2565
1 2566
2 2567
1 2569
1 2570
4 2571
1 2572
1 2573
2 2574
1 2575
2 2576
1 2577
1 2578
1 2579
3 2581
4 2585
1 2587
2 2589
1 2592
1 2594
1 2595
1 2596
1 2597
1 2598
1 2599
1 2604
2 2606
2 2608
1 2610
1 2611
3 2612
1 2613
1 2614
2 2617
2 2618
1 2619
2 2620
1 2624
1 2625
1 2626
1 2627
2 2629
1 2630
1 2631
1 2632
1 2633
2 2635
1 2637
1 2638
1 2639
2 2640
2 2641
1 2643
1 2645
1 2646
1 2647
1 2652
1 2653
1 2654
2 2656
1 2657
1 2658
2 2659
2 2660
1 2661
4 2662
2 2663
1 2664
1 2665
2 2671
2 2672
2 2673
1 2674
2 2675
1 2677
3 2678
1 2679
1 2680
1 2681
2 2683
3 2685
1 2689
2 2690
2 2692
2 2693
1 2695
2 2697
1 2698
1 2699
1 2700
1 2702
1 2705
2 2706
1 2707
1 2710
1 2711
1 2718
1 2719
2 2721
1 2725
1 2749
1 2752
1 2753
1 2758
1 2802
1 2805
1 2808
1 2823
1 2827
1 2831
1 2839
1 2870
1 2887
1 2888
1 2893
1 2915
1 2922
1 2932
1 2961
1 2968
1 2977
1 2981
1 3049
2 3051
1 3059
1 3061
1 3071
1 3074
1 3079
1 3184
1 3207
1 3222
1 3235
1 3247
1 3256
1 3292
1 3322
1 3349
1 3493
1 3518
1 3615
1 3628
1 3639
1 3706
1 3982
1 4217
