3 1
1 4
2 5
1 6
1 7
2 8
1 10
1 12
1 16
2 17
2 18
1 19
2 20
1 22
4 23
2 25
1 26
2 28
3 29
2 31
2 32
1 33
1 34
2 35
3 36
2 37
2 38
2 39
1 41
1 43
1 44
3 45
1 47
3 49
2 50
1 51
1 52
1 53
1 54
2 56
1 58
3 59
1 60
2 63
3 64
2 65
3 69
2 71
3 73
6 74
1 75
2 76
3 77
1 79
5 80
5 81
6 82
7 83
5 84
4 85
5 86
3 87
2 88
2 89
3 90
5 91
1 92
2 93
4 94
4 95
3 97
2 98
4 99
3 100
2 101
3 102
8 103
4 104
6 105
8 106
5 107
5 108
7 109
9 110
5 111
11 112
8 113
10 114
13 115
3 116
9 117
6 118
5 119
7 120
2 121
10 122
9 123
5 124
13 125
5 126
7 127
7 128
5 129
4 130
1 131
2 132
3 133
8 134
3 135
5 136
4 137
8 138
6 139
9 140
3 141
5 142
4 143
5 144
1 145
4 146
2 147
3 148
3 149
8 150
6 151
1 152
3 153
5 154
3 155
1 156
7 157
6 158
3 159
4 160
7 161
8 162
4 163
9 164
1 165
2 166
5 167
4 168
2 169
5 170
5 171
7 172
6 173
4 174
6 175
8 176
7 177
4 178
10 179
6 180
4 181
6 182
9 183
9 184
3 185
7 186
12 187
8 188
6 189
6 190
10 191
11 192
9 193
13 194
10 195
7 196
6 197
11 198
6 199
7 200
4 201
6 202
5 203
6 204
11 205
6 206
11 207
9 208
4 209
9 210
6 211
12 212
9 213
7 214
10 215
11 216
8 217
9 218
2 219
10 220
9 221
3 222
6 223
8 224
8 225
12 226
10 227
16 228
17 229
10 230
18 231
9 232
11 233
11 234
10 235
7 236
7 237
12 238
13 239
10 240
9 241
16 242
17 243
9 244
10 245
15 246
21 247
17 248
22 249
24 250
34 251
31 252
36 253
42 254
45 255
53 256
51 257
50 258
44 259
28 260
35 261
34 262
36 263
18 264
14 265
12 266
14 267
9 268
6 269
11 270
5 271
8 272
10 273
4 274
8 275
16 276
7 277
8 278
9 279
9 280
13 281
13 282
13 283
18 284
13 285
17 286
14 287
15 288
12 289
13 290
13 291
19 292
16 293
14 294
12 295
17 296
14 297
11 298
17 299
18 300
13 301
10 302
26 303
14 304
15 305
20 306
18 307
14 308
10 309
17 310
20 311
17 312
17 313
11 314
8 315
9 316
21 317
12 318
10 319
20 320
12 321
14 322
11 323
14 324
21 325
13 326
24 327
13 328
13 329
15 330
15 331
17 332
19 333
15 334
24 335
22 336
21 337
21 338
21 339
14 340
11 341
24 342
17 343
23 344
21 345
11 346
13 347
14 348
11 349
12 350
15 351
11 352
15 353
13 354
20 355
4 356
22 357
10 358
11 359
16 360
9 361
12 362
10 363
7 364
7 365
10 366
12 367
10 368
6 369
15 370
16 371
13 372
20 373
10 374
11 375
12 376
17 377
19 378
10 379
10 380
18 381
17 382
14 383
20 384
19 385
14 386
18 387
16 388
13 389
21 390
16 391
19 392
18 393
15 394
20 395
21 396
24 397
15 398
34 399
29 400
21 401
38 402
35 403
28 404
42 405
41 406
27 407
38 408
40 409
43 410
66 411
61 412
61 413
75 414
59 415
61 416
58 417
76 418
73 419
67 420
65 421
81 422
60 423
73 424
69 425
68 426
53 427
66 428
56 429
64 430
62 431
72 432
63 433
77 434
80 435
72 436
81 437
95 438
97 439
102 440
117 441
107 442
154 443
132 444
136 445
166 446
153 447
175 448
194 449
178 450
214 451
205 452
199 453
220 454
195 455
218 456
178 457
173 458
172 459
157 460
148 461
122 462
98 463
100 464
94 465
57 466
54 467
51 468
35 469
28 470
29 471
22 472
12 473
17 474
15 475
15 476
18 477
23 478
15 479
13 480
14 481
12 482
19 483
9 484
17 485
20 486
23 487
15 488
17 489
12 490
17 491
30 492
22 493
20 494
26 495
23 496
27 497
34 498
30 499
32 500
33 501
37 502
33 503
45 504
39 505
42 506
44 507
33 508
46 509
52 510
31 511
41 512
29 513
32 514
21 515
31 516
31 517
33 518
35 519
24 520
32 521
24 522
29 523
35 524
30 525
39 526
27 527
26 528
33 529
38 530
37 531
46 532
39 533
54 534
59 535
74 536
68 537
77 538
95 539
94 540
101 541
100 542
100 543
114 544
103 545
109 546
110 547
115 548
101 549
87 550
100 551
90 552
97 553
92 554
79 555
64 556
63 557
65 558
59 559
56 560
63 561
49 562
51 563
43 564
53 565
42 566
46 567
47 568
58 569
43 570
35 571
49 572
40 573
40 574
47 575
40 576
35 577
35 578
41 579
23 580
40 581
39 582
31 583
29 584
35 585
32 586
32 587
28 588
20 589
27 590
21 591
24 592
31 593
23 594
21 595
23 596
17 597
18 598
22 599
24 600
22 601
29 602
23 603
22 604
26 605
23 606
27 607
39 608
27 609
35 610
35 611
34 612
44 613
57 614
39 615
55 616
60 617
63 618
70 619
71 620
52 621
69 622
63 623
69 624
67 625
75 626
71 627
63 628
52 629
44 630
42 631
49 632
35 633
27 634
45 635
28 636
28 637
28 638
16 639
17 640
27 641
19 642
13 643
13 644
6 645
7 646
16 647
11 648
10 649
12 650
3 651
16 652
12 653
18 654
16 655
13 656
14 657
8 658
21 659
23 660
18 661
15 662
11 663
12 664
23 665
19 666
21 667
17 668
17 669
21 670
23 671
24 672
27 673
14 674
22 675
23 676
18 677
25 678
29 679
30 680
32 681
36 682
33 683
23 684
24 685
35 686
23 687
35 688
40 689
22 690
24 691
24 692
19 693
28 694
19 695
24 696
26 697
28 698
31 699
16 700
18 701
24 702
24 703
20 704
23 705
26 706
27 707
20 708
29 709
34 710
23 711
33 712
38 713
33 714
31 715
24 716
28 717
36 718
39 719
43 720
40 721
38 722
39 723
58 724
47 725
45 726
61 727
55 728
54 729
59 730
65 731
62 732
53 733
70 734
50 735
59 736
78 737
80 738
85 739
94 740
78 741
100 742
101 743
96 744
108 745
140 746
137 747
139 748
156 749
148 750
160 751
197 752
191 753
228 754
214 755
251 756
262 757
264 758
259 759
262 760
308 761
333 762
283 763
280 764
301 765
259 766
265 767
274 768
273 769
277 770
213 771
199 772
199 773
189 774
145 775
134 776
125 777
94 778
92 779
94 780
67 781
68 782
60 783
58 784
42 785
35 786
35 787
17 788
23 789
20 790
17 791
13 792
10 793
13 794
8 795
15 796
14 797
12 798
15 799
13 800
13 801
10 802
13 803
13 804
10 805
22 806
18 807
9 808
13 809
16 810
19 811
16 812
16 813
9 814
19 815
18 816
18 817
14 818
17 819
15 820
19 821
14 822
22 823
11 824
23 825
24 826
33 827
23 828
27 829
23 830
22 831
26 832
20 833
21 834
29 835
27 836
30 837
26 838
36 839
25 840
28 841
19 842
25 843
24 844
32 845
38 846
25 847
33 848
43 849
34 850
32 851
39 852
33 853
42 854
29 855
41 856
47 857
37 858
44 859
32 860
48 861
41 862
44 863
55 864
56 865
44 866
45 867
47 868
40 869
41 870
46 871
44 872
34 873
30 874
45 875
35 876
35 877
38 878
36 879
31 880
21 881
30 882
26 883
34 884
30 885
23 886
34 887
29 888
34 889
32 890
23 891
34 892
30 893
34 894
47 895
43 896
32 897
41 898
24 899
47 900
50 901
43 902
40 903
47 904
41 905
38 906
43 907
60 908
55 909
60 910
63 911
66 912
60 913
70 914
65 915
75 916
77 917
62 918
70 919
89 920
95 921
106 922
108 923
88 924
105 925
133 926
116 927
120 928
102 929
135 930
130 931
166 932
164 933
161 934
168 935
169 936
204 937
209 938
177 939
209 940
205 941
218 942
234 943
272 944
257 945
290 946
301 947
278 948
319 949
333 950
345 951
406 952
382 953
434 954
456 955
481 956
551 957
510 958
564 959
581 960
602 961
583 962
612 963
611 964
605 965
648 966
666 967
662 968
618 969
639 970
573 971
575 972
514 973
502 974
444 975
432 976
376 977
318 978
317 979
284 980
254 981
217 982
206 983
184 984
143 985
139 986
126 987
78 988
66 989
55 990
52 991
55 992
38 993
27 994
29 995
20 996
19 997
22 998
10 999
13 1000
11 1001
10 1002
6 1003
5 1004
7 1005
3 1006
1 1007
4 1008
5 1009
4 1010
1 1011
5 1012
9 1013
3 1014
6 1015
4 1016
2 1017
1 1018
4 1019
4 1020
2 1021
1 1023
2 1024
3 1025
1 1026
1 1027
3 1028
2 1029
1 1030
5 1031
3 1032
1 1033
3 1034
1 1035
3 1036
3 1037
3 1038
1 1039
2 1040
1 1041
2 1042
2 1044
2 1045
1 1046
1 1047
4 1050
1 1051
1 1054
1 1055
4 1056
1 1057
3 1059
3 1060
2 1061
1 1062
1 1063
5 1064
3 1066
1 1067
1 1068
1 1069
4 1071
1 1072
5 1073
1 1074
4 1075
1 1077
1 1078
1 1080
2 1081
1 1083
3 1084
1 1085
2 1086
3 1088
1 1089
2 1090
1 1092
3 1093
1 1094
2 1095
2 1096
1 1097
1 1099
1 1101
6 1102
4 1103
1 1104
1 1105
1 1106
3 1107
1 1108
3 1109
3 1110
1 1111
3 1112
1 1114
3 1115
2 1116
2 1117
4 1118
2 1119
3 1120
1 1121
3 1122
3 1123
2 1124
1 1125
3 1126
3 1127
1 1128
4 1129
4 1130
4 1131
3 1132
6 1133
8 1134
4 1135
5 1136
5 1137
10 1138
2 1139
6 1140
7 1141
4 1142
8 1143
3 1144
6 1145
7 1146
6 1147
4 1148
4 1149
8 1150
6 1151
4 1152
3 1153
6 1154
6 1155
4 1156
13 1157
5 1158
8 1159
9 1160
9 1161
5 1162
6 1163
5 1164
5 1165
6 1166
2 1167
3 1168
1 1169
2 1170
4 1171
5 1172
2 1173
4 1175
5 1176
2 1177
2 1178
4 1179
3 1180
2 1181
3 1183
3 1184
3 1185
3 1186
2 1187
1 1188
2 1190
3 1191
3 1192
2 1193
3 1194
4 1195
2 1196
1 1197
3 1198
3 1199
5 1200
2 1201
4 1202
2 1203
3 1204
2 1205
2 1206
3 1207
2 1208
1 1209
4 1210
1 1212
1 1213
3 1214
2 1215
1 1216
2 1217
3 1218
2 1219
1 1220
2 1221
4 1222
1 1226
1 1228
1 1229
3 1230
3 1231
2 1232
1 1233
1 1234
2 1235
5 1236
2 1237
2 1238
2 1239
2 1240
4 1241
1 1243
3 1244
4 1246
1 1247
2 1249
3 1250
3 1251
1 1252
5 1253
1 1254
3 1255
1 1258
1 1259
1 1260
1 1261
1 1262
2 1264
3 1265
2 1267
1 1268
1 1269
6 1270
4 1272
2 1273
4 1274
1 1277
2 1278
2 1279
2 1280
3 1281
3 1282
1 1284
3 1285
1 1286
1 1287
1 1288
1 1289
3 1290
3 1291
3 1292
2 1293
3 1294
4 1295
3 1296
2 1298
1 1299
3 1300
3 1301
2 1302
1 1303
1 1304
1 1305
3 1306
3 1308
6 1309
2 1310
1 1311
1 1312
1 1313
1 1314
1 1315
2 1316
2 1317
1 1318
1 1319
1 1320
3 1321
1 1322
4 1323
1 1325
2 1326
1 1327
3 1328
1 1329
1 1330
1 1331
3 1332
2 1333
1 1334
3 1335
2 1336
3 1338
1 1340
2 1341
1 1342
2 1343
2 1344
2 1345
2 1346
1 1347
1 1348
2 1349
2 1350
2 1352
2 1353
1 1354
3 1355
2 1356
1 1357
2 1358
2 1360
1 1361
2 1362
5 1363
2 1364
1 1365
3 1366
1 1367
1 1368
3 1369
3 1370
1 1372
4 1374
4 1376
1 1377
1 1378
4 1380
4 1381
3 1382
2 1383
2 1384
2 1386
1 1387
5 1388
3 1390
3 1391
1 1392
4 1393
4 1394
7 1395
2 1398
1 1399
2 1400
1 1401
1 1403
3 1404
1 1405
4 1406
1 1407
2 1408
5 1409
2 1410
1 1411
2 1412
6 1413
2 1414
5 1415
1 1416
3 1417
1 1418
1 1420
1 1421
2 1422
3 1423
1 1424
2 1425
3 1426
1 1427
2 1428
1 1429
4 1430
2 1431
1 1432
1 1433
2 1434
1 1435
1 1436
5 1437
2 1439
1 1441
2 1442
3 1443
2 1444
1 1445
2 1446
1 1447
1 1448
4 1449
1 1450
1 1451
1 1452
1 1453
1 1454
1 1455
3 1456
1 1458
1 1459
4 1461
4 1462
2 1463
3 1464
2 1465
2 1466
3 1467
2 1468
2 1469
2 1470
1 1472
2 1473
5 1474
2 1475
2 1476
2 1477
1 1479
2 1480
2 1481
3 1487
2 1488
1 1489
2 1493
3 1494
5 1495
2 1496
1 1498
3 1499
1 1500
3 1502
1 1503
5 1504
3 1505
2 1506
2 1507
1 1508
1 1509
2 1510
2 1511
1 1512
3 1513
1 1514
1 1516
2 1517
2 1518
2 1519
1 1520
2 1521
2 1522
3 1523
1 1524
1 1525
1 1526
2 1527
1 1528
1 1529
1 1530
1 1531
3 1532
6 1533
1 1536
3 1537
1 1538
4 1539
1 1540
1 1541
1 1542
1 1544
2 1545
1 1546
2 1548
1 1549
2 1550
1 1551
2 1552
2 1553
1 1555
2 1556
2 1557
3 1558
2 1559
2 1561
1 1562
1 1564
3 1565
2 1566
3 1568
1 1570
2 1576
1 1577
2 1578
2 1580
1 1582
2 1583
2 1584
4 1586
2 1587
1 1588
2 1589
1 1591
1 1594
4 1595
2 1596
1 1597
2 1598
1 1599
3 1600
2 1602
2 1604
1 1605
1 1606
1 1607
1 1608
1 1609
1 1610
4 1611
2 1612
1 1614
3 1615
5 1616
2 1618
4 1619
1 1620
1 1621
4 1622
3 1623
2 1626
1 1627
3 1628
1 1629
2 1631
1 1632
2 1633
4 1634
1 1635
1 1636
1 1637
1 1639
2 1640
2 1641
2 1644
2 1646
3 1648
1 1649
1 1650
1 1651
1 1652
3 1653
2 1654
2 1655
2 1656
1 1658
2 1659
1 1660
2 1661
3 1662
1 1664
2 1665
3 1666
6 1667
1 1668
2 1669
4 1670
4 1672
3 1673
3 1674
3 1675
1 1676
3 1678
1 1679
1 1680
2 1682
1 1684
1 1685
1 1686
1 1687
1 1688
1 1689
2 1690
5 1691
2 1692
1 1694
1 1695
2 1696
1 1698
2 1699
2 1700
1 1701
3 1703
1 1704
2 1705
1 1706
2 1707
1 1708
1 1709
4 1711
6 1712
1 1714
1 1715
3 1716
3 1717
4 1719
2 1720
2 1721
3 1722
2 1723
2 1724
3 1725
3 1726
1 1727
2 1728
2 1729
3 1730
4 1731
2 1732
2 1733
2 1734
2 1736
4 1737
3 1738
2 1739
3 1740
2 1741
2 1742
1 1743
2 1745
1 1747
1 1752
2 1753
1 1754
3 1755
1 1756
2 1758
2 1759
2 1765
1 1766
2 1767
1 1769
1 1770
1 1774
1 1775
2 1778
1 1779
1 1780
1 1782
1 1783
1 1784
1 1785
1 1786
1 1788
2 1789
3 1790
4 1793
1 1794
3 1795
1 1796
1 1797
1 1798
1 1800
1 1801
1 1802
1 1803
1 1804
1 1807
3 1810
2 1811
2 1812
1 1814
1 1816
3 1817
1 1818
3 1821
1 1822
1 1823
1 1824
1 1825
2 1829
1 1830
2 1831
3 1832
1 1834
1 1835
2 1836
3 1840
2 1841
1 1842
1 1847
3 1848
2 1851
2 1853
1 1854
1 1856
1 1857
1 1859
2 1860
2 1862
1 1863
1 1865
1 1866
2 1867
2 1868
2 1869
2 1870
1 1871
1 1872
2 1876
3 1878
3 1879
5 1881
3 1882
2 1883
1 1887
2 1888
1 1889
1 1890
1 1891
1 1892
2 1894
3 1896
1 1897
2 1898
1 1899
2 1900
2 1901
1 1902
2 1903
3 1904
2 1905
3 1906
2 1907
2 1908
2 1911
2 1915
2 1916
2 1917
1 1920
2 1921
2 1922
1 1923
2 1924
3 1925
1 1926
3 1927
2 1928
1 1929
2 1930
1 1931
1 1932
2 1934
3 1935
1 1937
2 1938
4 1939
1 1940
3 1942
1 1943
1 1945
2 1948
2 1949
3 1950
2 1953
3 1955
2 1956
1 1957
6 1958
2 1959
2 1960
1 1961
4 1966
1 1967
2 1968
1 1970
2 1971
1 1972
5 1973
1 1974
4 1975
1 1976
2 1977
1 1978
1 1979
2 1980
1 1981
2 1982
5 1983
2 1984
3 1985
3 1987
4 1988
4 1989
1 1991
3 1992
1 1994
2 1995
3 1996
3 1997
2 1998
3 1999
2 2000
1 2001
5 2002
2 2003
2 2004
2 2005
1 2006
1 2007
3 2008
1 2009
1 2010
1 2012
1 2013
3 2014
1 2015
2 2017
1 2018
1 2019
1 2021
3 2022
2 2023
3 2024
1 2025
4 2026
2 2027
2 2028
1 2029
3 2031
2 2032
3 2033
4 2034
1 2035
2 2037
3 2038
2 2039
1 2040
4 2041
1 2042
1 2043
2 2044
1 2045
4 2046
2 2047
2 2048
6 2049
2 2050
1 2051
2 2052
3 2053
1 2054
2 2055
3 2056
2 2057
4 2058
3 2059
2 2060
2 2061
2 2062
2 2063
2 2064
1 2065
2 2066
1 2067
2 2068
5 2069
1 2070
3 2071
2 2072
3 2073
1 2074
1 2075
5 2076
1 2077
4 2078
4 2079
3 2080
2 2081
1 2083
4 2084
3 2085
6 2087
3 2089
1 2090
2 2091
1 2092
4 2093
4 2094
3 2095
3 2096
2 2097
3 2098
5 2099
3 2100
2 2101
2 2102
4 2104
3 2105
3 2107
3 2108
1 2109
5 2110
3 2111
1 2112
2 2113
6 2114
3 2115
2 2116
3 2117
4 2118
4 2119
5 2120
2 2121
7 2122
3 2123
2 2124
3 2125
4 2126
4 2127
5 2128
1 2129
3 2130
11 2131
4 2132
2 2133
3 2134
7 2135
7 2136
6 2137
5 2138
7 2139
5 2140
2 2141
6 2142
4 2143
7 2144
7 2145
4 2146
5 2147
5 2148
4 2149
2 2150
2 2151
6 2152
2 2153
11 2154
11 2155
4 2156
7 2157
1 2158
8 2159
7 2160
3 2161
4 2162
4 2163
10 2164
3 2165
6 2166
2 2167
7 2168
8 2169
3 2170
7 2171
5 2172
7 2173
9 2174
7 2175
8 2176
10 2177
12 2178
10 2179
5 2180
10 2181
10 2182
6 2183
10 2184
12 2185
10 2186
9 2187
13 2188
17 2189
12 2190
10 2191
14 2192
7 2193
19 2194
12 2195
11 2196
14 2197
6 2198
10 2199
19 2200
13 2201
13 2202
18 2203
19 2204
21 2205
16 2206
15 2207
20 2208
14 2209
18 2210
22 2211
18 2212
13 2213
17 2214
17 2215
23 2216
22 2217
19 2218
23 2219
28 2220
24 2221
21 2222
24 2223
14 2224
18 2225
24 2226
20 2227
22 2228
22 2229
19 2230
24 2231
28 2232
29 2233
31 2234
23 2235
30 2236
15 2237
34 2238
21 2239
25 2240
18 2241
27 2242
28 2243
29 2244
33 2245
24 2246
28 2247
25 2248
29 2249
23 2250
28 2251
22 2252
25 2253
16 2254
19 2255
33 2256
26 2257
31 2258
28 2259
36 2260
29 2261
23 2262
27 2263
24 2264
28 2265
28 2266
28 2267
21 2268
30 2269
32 2270
26 2271
23 2272
34 2273
26 2274
31 2275
27 2276
17 2277
23 2278
31 2279
32 2280
19 2281
13 2282
19 2283
25 2284
21 2285
25 2286
31 2287
20 2288
16 2289
23 2290
22 2291
16 2292
15 2293
19 2294
24 2295
26 2296
18 2297
20 2298
22 2299
13 2300
17 2301
16 2302
13 2303
16 2304
20 2305
19 2306
11 2307
14 2308
16 2309
12 2310
15 2311
5 2312
21 2313
15 2314
21 2315
16 2316
17 2317
15 2318
14 2319
17 2320
12 2321
13 2322
13 2323
21 2324
22 2325
17 2326
14 2327
14 2328
12 2329
19 2330
21 2331
17 2332
18 2333
21 2334
23 2335
27 2336
27 2337
23 2338
28 2339
28 2340
18 2341
19 2342
34 2343
28 2344
27 2345
29 2346
28 2347
36 2348
30 2349
34 2350
28 2351
45 2352
36 2353
44 2354
46 2355
36 2356
39 2357
39 2358
33 2359
42 2360
44 2361
43 2362
41 2363
53 2364
47 2365
38 2366
45 2367
44 2368
39 2369
46 2370
40 2371
33 2372
50 2373
38 2374
33 2375
43 2376
29 2377
37 2378
37 2379
37 2380
36 2381
40 2382
29 2383
28 2384
27 2385
24 2386
32 2387
27 2388
27 2389
24 2390
20 2391
26 2392
13 2393
25 2394
20 2395
16 2396
20 2397
20 2398
14 2399
15 2400
18 2401
17 2402
12 2403
19 2404
12 2405
6 2406
12 2407
12 2408
12 2409
9 2410
10 2411
6 2412
9 2413
8 2414
9 2415
10 2416
8 2417
10 2418
9 2419
4 2420
8 2421
9 2422
10 2423
7 2424
10 2425
6 2426
6 2427
9 2428
10 2429
6 2430
6 2431
7 2432
13 2433
8 2434
12 2435
10 2436
11 2437
7 2438
13 2439
9 2440
13 2441
8 2442
8 2443
6 2444
3 2445
11 2446
8 2447
15 2448
12 2449
14 2450
8 2451
15 2452
12 2453
15 2454
16 2455
16 2456
14 2457
20 2458
17 2459
21 2460
16 2461
21 2462
17 2463
20 2464
16 2465
13 2466
22 2467
17 2468
21 2469
20 2470
24 2471
23 2472
11 2473
19 2474
26 2475
16 2476
18 2477
19 2478
25 2479
17 2480
14 2481
18 2482
13 2483
11 2484
18 2485
14 2486
14 2487
17 2488
16 2489
11 2490
11 2491
9 2492
17 2493
6 2494
13 2495
14 2496
8 2497
8 2498
5 2499
12 2500
6 2501
3 2502
10 2503
6 2504
3 2505
5 2506
11 2507
3 2508
4 2509
6 2510
2 2511
5 2512
2 2513
3 2514
4 2515
4 2516
4 2518
4 2519
3 2520
1 2521
3 2523
2 2524
5 2525
1 2526
1 2527
1 2528
2 2529
3 2530
2 2531
3 2532
7 2534
1 2535
3 2536
1 2537
3 2540
5 2541
1 2542
2 2543
3 2544
2 2545
3 2546
4 2547
3 2548
5 2549
3 2550
1 2551
3 2552
3 2553
4 2554
7 2555
4 2556
3 2557
6 2558
3 2559
3 2560
4 2561
5 2562
3 2563
4 2564
5 2565
7 2566
3 2567
5 2568
5 2569
5 2570
5 2571
2 2572
9 2573
8 2574
3 2575
6 2576
6 2577
2 2578
5 2579
7 2580
9 2581
2 2582
3 2583
8 2584
6 2585
2 2586
7 2587
6 2588
7 2589
12 2590
8 2591
5 2592
5 2593
8 2594
13 2595
12 2596
10 2597
8 2598
8 2599
8 2600
8 2601
9 2602
7 2603
17 2604
6 2605
17 2606
11 2607
14 2608
8 2609
9 2610
13 2611
9 2612
9 2613
11 2614
17 2615
4 2616
10 2617
16 2618
19 2619
12 2620
15 2621
18 2622
10 2623
16 2624
12 2625
9 2626
6 2627
13 2628
9 2629
8 2630
9 2631
12 2632
13 2633
2 2634
6 2635
7 2636
6 2637
9 2638
4 2639
8 2640
6 2641
1 2642
6 2643
3 2644
2 2645
2 2646
5 2647
8 2648
4 2649
1 2651
2 2652
4 2653
9 2654
2 2655
4 2656
3 2657
2 2658
2 2659
1 2660
1 2661
1 2662
1 2665
1 2666
1 2667
2 2668
3 2669
2 2670
2 2671
1 2672
2 2673
1 2674
2 2676
2 2677
2 2678
1 2679
2 2680
1 2682
3 2683
1 2685
2 2686
1 2688
1 2690
2 2692
1 2693
1 2694
1 2696
3 2699
1 2704
1 2706
1 2714
1 2716
1 2717
2 2719
1 2720
1 2722
2 2725
1 2729
2 2730
1 2731
2 2735
1 2738
2 2740
1 2742
2 2744
1 2745
1 2753
1 2762
2 2775
1 2778
1 2783
1 2784
1 2795
2 2799
1 2825
1 2826
1 2832
1 2855
1 2866
1 2881
1 2891
1 2903
1 2904
1 2914
1 2918
1 2930
1 2931
1 3000
1 3011
1 3046
1 3097
1 3105
1 3119
1 3136
1 3167
1 3190
1 3197
1 3214
1 3381
1 3424
1 3429
1 3437
1 3441
1 3491
1 3508
1 3643
1 3662
1 3692
1 3728
1 3762
1 3786
1 3788
1 3797
1 3817
1 3912
1 3936
2 3971
1 4177
1 4280
1 4553
1 4863
1 5703
