1 1
1 5
2 6
1 8
2 11
1 15
1 16
1 17
2 18
2 20
2 22
2 23
1 26
2 29
1 30
1 32
1 33
1 34
1 38
2 39
1 40
1 41
1 42
2 43
1 45
1 47
2 50
1 51
1 52
1 55
1 56
1 57
1 58
1 59
2 60
1 61
1 62
2 63
1 66
1 67
1 68
1 71
1 74
1 76
1 77
1 78
3 79
1 80
3 81
5 82
1 83
7 84
6 85
2 86
3 87
2 88
3 90
4 91
3 92
1 93
2 95
3 96
2 97
2 98
2 99
4 100
2 101
2 102
4 103
3 104
2 105
2 106
6 107
6 108
7 109
10 110
12 111
6 112
11 113
10 114
13 115
9 116
10 117
4 118
5 119
4 120
1 121
4 122
7 123
1 124
5 125
2 126
4 127
3 128
5 129
4 130
3 131
3 132
1 133
3 134
5 135
3 136
2 137
2 138
1 139
3 140
2 141
4 142
4 143
3 144
1 145
2 146
3 147
3 148
6 149
1 150
5 152
1 153
3 154
3 155
2 156
3 158
1 159
4 160
1 162
4 163
3 164
4 165
6 166
2 167
1 168
1 169
3 170
2 171
2 172
2 173
4 174
3 175
5 176
1 177
1 178
1 179
3 180
7 181
2 182
3 183
5 184
6 185
4 186
3 187
2 188
2 189
3 190
3 191
5 192
4 193
7 194
6 195
3 196
3 197
2 198
2 200
6 201
4 202
6 203
3 204
3 205
3 206
6 207
2 208
3 209
5 210
7 211
3 212
4 213
4 214
2 215
4 216
6 217
3 218
3 219
6 220
2 221
5 222
3 223
3 224
4 225
5 226
3 227
7 228
9 229
7 230
5 231
3 232
3 233
2 234
3 235
4 236
3 237
5 238
7 239
2 240
4 241
7 242
8 243
5 244
11 245
9 246
7 247
8 248
12 249
9 250
13 251
15 252
11 253
11 254
20 255
19 256
16 257
20 258
25 259
22 260
24 261
16 262
12 263
10 264
13 265
13 266
14 267
11 268
2 269
10 270
4 271
6 272
2 273
7 274
2 275
5 276
5 277
6 278
7 279
8 280
7 281
7 282
5 283
4 284
4 285
5 286
7 287
3 288
4 289
5 290
5 291
2 292
4 293
3 294
8 295
8 296
5 297
4 298
8 299
4 300
3 301
1 302
5 303
5 304
10 305
10 306
11 307
6 308
10 309
7 310
7 311
8 312
5 313
3 314
8 315
3 316
4 317
7 318
5 319
4 320
5 321
5 322
9 323
9 324
1 325
4 326
8 327
4 328
6 329
9 330
4 331
10 332
6 333
8 334
8 335
8 336
8 337
6 338
6 339
8 340
6 341
7 342
11 343
6 344
4 345
5 346
2 347
9 348
2 349
6 350
3 351
2 352
5 353
9 354
4 355
6 356
8 357
4 358
7 359
8 360
3 361
2 362
6 363
8 364
11 365
7 366
7 367
6 368
6 369
7 370
3 371
4 372
9 373
9 374
2 375
6 376
2 377
8 378
3 379
5 380
4 381
4 382
4 383
3 384
6 385
2 386
4 387
11 388
3 389
4 390
8 391
6 392
5 393
4 394
8 395
8 396
4 397
6 398
9 399
7 400
13 401
16 402
13 403
8 404
9 405
13 406
15 407
7 408
23 409
13 410
19 411
9 412
10 413
11 414
15 415
8 416
11 417
18 418
16 419
17 420
13 421
9 422
13 423
13 424
16 425
11 426
15 427
17 428
13 429
11 430
18 431
14 432
16 433
25 434
20 435
19 436
11 437
14 438
15 439
20 440
17 441
24 442
27 443
32 444
32 445
37 446
27 447
35 448
30 449
39 450
45 451
29 452
41 453
47 454
43 455
43 456
32 457
48 458
26 459
27 460
33 461
30 462
29 463
19 464
14 465
16 466
15 467
11 468
11 469
8 470
8 471
5 472
5 473
11 474
6 475
7 476
5 477
9 478
7 479
4 480
6 481
5 482
8 483
7 484
3 485
3 486
4 487
7 488
7 489
2 490
4 491
2 492
4 493
7 494
6 495
7 496
2 497
8 498
3 499
4 500
7 501
3 502
5 503
1 504
2 505
5 506
5 507
5 508
3 509
3 510
5 511
9 512
3 513
5 514
2 515
7 516
5 517
6 518
4 519
4 520
6 521
6 522
3 523
5 524
4 525
3 526
9 527
5 528
12 529
6 530
11 531
1 532
8 533
4 534
2 535
8 536
7 537
5 538
7 539
11 540
13 541
7 542
10 543
16 544
10 545
5 546
14 547
16 548
10 549
16 550
12 551
13 552
17 553
15 554
12 555
11 556
10 557
9 558
11 559
7 560
6 561
9 562
6 563
11 564
11 565
6 566
6 567
12 568
10 569
6 570
7 571
4 572
5 573
9 574
5 575
8 576
3 577
9 578
6 579
3 580
4 581
7 582
6 583
9 584
8 585
5 586
8 587
7 588
6 589
7 590
3 591
3 592
6 593
4 594
3 595
4 596
5 597
7 598
4 599
3 600
8 601
5 602
9 603
5 604
4 605
4 606
4 607
11 608
9 609
4 610
6 611
6 612
7 613
10 614
6 615
8 616
8 617
7 618
10 619
10 620
12 621
11 622
14 623
10 624
18 625
13 626
14 627
14 628
12 629
13 630
8 631
12 632
7 633
10 634
11 635
11 636
10 637
13 638
5 639
9 640
13 641
4 642
9 643
3 644
3 645
5 646
2 647
5 648
14 649
3 650
3 651
7 652
5 653
8 654
6 655
6 656
8 657
4 658
3 659
7 660
6 661
3 662
9 663
4 664
7 665
6 666
9 667
4 668
13 669
9 670
11 671
9 672
17 673
7 674
8 675
5 676
8 677
8 678
9 679
7 680
11 681
4 682
13 683
16 684
17 685
14 686
9 687
14 688
11 689
18 690
15 691
6 692
13 693
7 694
10 695
12 696
13 697
7 698
12 699
12 700
13 701
16 702
9 703
13 704
17 705
8 706
13 707
15 708
15 709
18 710
11 711
12 712
16 713
15 714
17 715
17 716
12 717
24 718
13 719
19 720
27 721
18 722
19 723
27 724
25 725
33 726
24 727
20 728
19 729
28 730
22 731
41 732
27 733
29 734
38 735
31 736
36 737
30 738
31 739
34 740
50 741
40 742
49 743
53 744
49 745
47 746
58 747
61 748
64 749
63 750
59 751
81 752
69 753
79 754
85 755
92 756
113 757
115 758
109 759
128 760
128 761
106 762
114 763
128 764
123 765
121 766
116 767
137 768
107 769
125 770
111 771
113 772
91 773
78 774
79 775
66 776
67 777
57 778
58 779
49 780
40 781
31 782
27 783
32 784
32 785
22 786
21 787
8 788
15 789
18 790
14 791
17 792
19 793
5 794
13 795
10 796
13 797
8 798
7 799
9 800
11 801
10 802
6 803
9 804
13 805
12 806
10 807
11 808
9 809
12 810
9 811
10 812
11 813
14 814
10 815
12 816
11 817
14 818
13 819
10 820
17 821
8 822
23 823
11 824
13 825
13 826
15 827
12 828
18 829
18 830
19 831
10 832
18 833
19 834
16 835
24 836
12 837
15 838
17 839
16 840
21 841
24 842
23 843
22 844
23 845
17 846
29 847
24 848
28 849
39 850
21 851
26 852
23 853
22 854
31 855
30 856
33 857
46 858
31 859
36 860
36 861
37 862
38 863
35 864
34 865
34 866
43 867
40 868
38 869
34 870
42 871
29 872
28 873
37 874
26 875
33 876
27 877
23 878
39 879
27 880
21 881
22 882
31 883
28 884
22 885
33 886
23 887
32 888
25 889
22 890
34 891
17 892
28 893
20 894
25 895
23 896
24 897
36 898
27 899
29 900
34 901
28 902
29 903
38 904
37 905
41 906
41 907
35 908
34 909
54 910
33 911
50 912
41 913
56 914
53 915
59 916
57 917
70 918
71 919
70 920
70 921
48 922
70 923
72 924
107 925
84 926
104 927
101 928
110 929
103 930
104 931
111 932
135 933
136 934
122 935
134 936
146 937
145 938
150 939
172 940
159 941
190 942
165 943
199 944
193 945
195 946
192 947
230 948
246 949
275 950
278 951
311 952
310 953
354 954
340 955
374 956
403 957
451 958
456 959
439 960
478 961
485 962
524 963
551 964
506 965
533 966
521 967
512 968
552 969
477 970
481 971
448 972
437 973
368 974
387 975
380 976
300 977
256 978
263 979
211 980
231 981
160 982
169 983
135 984
133 985
115 986
105 987
63 988
68 989
52 990
46 991
33 992
29 993
41 994
25 995
24 996
17 997
24 998
12 999
15 1000
12 1001
6 1002
8 1003
5 1004
8 1005
7 1006
5 1007
1 1008
2 1009
3 1010
3 1011
4 1012
1 1014
2 1015
2 1016
5 1017
2 1018
2 1019
2 1020
1 1021
3 1022
4 1023
3 1024
2 1025
4 1027
2 1028
1 1029
1 1030
2 1032
1 1034
1 1035
1 1036
1 1037
2 1039
3 1040
4 1041
1 1042
4 1043
2 1044
1 1045
3 1046
2 1047
2 1049
1 1051
1 1052
1 1053
2 1054
2 1056
2 1057
4 1058
2 1059
3 1060
1 1061
3 1062
4 1064
1 1065
3 1066
2 1067
1 1068
2 1069
4 1071
1 1073
1 1074
1 1075
3 1076
1 1079
1 1082
3 1083
3 1084
2 1087
2 1088
2 1090
3 1091
1 1092
1 1093
2 1094
2 1095
1 1096
5 1097
1 1098
1 1099
3 1100
4 1101
2 1103
2 1104
2 1105
5 1106
4 1107
1 1108
3 1109
3 1111
2 1112
3 1113
4 1114
1 1115
1 1116
2 1117
1 1118
7 1119
3 1120
5 1121
3 1122
2 1123
4 1124
2 1125
4 1126
3 1127
6 1128
8 1129
7 1130
2 1131
4 1132
2 1133
4 1134
3 1135
9 1136
9 1137
4 1138
7 1139
3 1140
6 1141
7 1142
6 1143
11 1144
11 1145
8 1146
10 1147
9 1148
6 1149
8 1150
10 1151
12 1152
10 1153
4 1154
11 1155
14 1156
5 1157
7 1158
8 1159
9 1160
4 1161
10 1162
5 1163
9 1164
4 1165
4 1166
5 1167
4 1168
6 1169
6 1170
7 1171
4 1172
6 1173
6 1174
9 1175
5 1176
2 1177
4 1178
4 1179
6 1180
6 1181
2 1182
2 1183
3 1184
1 1185
2 1186
1 1187
2 1188
3 1189
3 1190
4 1191
5 1192
1 1194
2 1195
3 1196
1 1197
1 1198
1 1199
1 1200
1 1201
3 1203
2 1204
2 1205
1 1206
1 1207
6 1208
2 1209
3 1210
5 1211
2 1212
3 1213
3 1214
2 1215
1 1217
1 1218
1 1219
5 1220
1 1223
4 1225
4 1226
1 1228
5 1230
2 1231
3 1232
1 1234
3 1235
2 1236
5 1237
2 1238
1 1239
2 1240
3 1241
3 1242
1 1243
1 1244
4 1245
4 1246
1 1248
4 1249
6 1250
3 1251
5 1252
4 1253
4 1254
3 1255
5 1256
7 1257
2 1258
1 1261
6 1262
1 1263
1 1264
5 1265
5 1266
1 1267
5 1268
2 1269
4 1270
5 1271
2 1272
3 1273
4 1274
3 1275
1 1276
7 1277
5 1278
1 1279
2 1280
3 1281
1 1282
6 1283
8 1284
5 1285
4 1286
6 1287
2 1288
2 1289
4 1290
3 1291
2 1292
4 1293
3 1294
3 1295
5 1296
2 1297
3 1298
1 1299
7 1300
7 1301
5 1302
4 1303
6 1304
5 1305
5 1306
5 1307
5 1308
10 1309
7 1310
6 1311
6 1312
8 1313
5 1314
3 1315
5 1316
7 1317
4 1318
7 1319
4 1320
6 1321
2 1322
1 1323
6 1324
4 1325
5 1326
5 1327
3 1328
6 1329
5 1330
3 1331
4 1332
2 1333
2 1334
1 1335
1 1336
2 1338
6 1339
2 1340
5 1341
1 1342
1 1343
1 1344
1 1345
2 1346
4 1347
5 1348
1 1349
3 1350
3 1353
2 1354
1 1355
1 1357
1 1358
1 1361
1 1363
3 1364
2 1365
2 1367
4 1368
1 1369
1 1370
1 1371
1 1372
1 1374
2 1375
2 1376
1 1377
3 1378
1 1380
3 1382
1 1383
1 1385
1 1386
1 1387
2 1389
2 1390
2 1391
2 1392
2 1393
2 1394
2 1397
2 1398
2 1399
1 1400
2 1401
1 1402
1 1403
3 1405
2 1407
3 1408
1 1409
1 1410
1 1411
3 1413
1 1414
2 1415
2 1416
1 1417
1 1418
2 1419
1 1420
1 1421
2 1422
1 1423
1 1424
1 1426
4 1428
2 1430
3 1431
1 1432
2 1433
1 1434
5 1437
1 1438
1 1439
1 1442
1 1443
1 1444
2 1445
1 1446
1 1447
1 1449
1 1450
2 1451
1 1453
1 1454
1 1455
2 1457
2 1458
2 1459
1 1460
1 1463
2 1464
3 1465
2 1466
5 1467
1 1468
2 1469
2 1470
2 1471
1 1472
1 1473
1 1474
5 1475
1 1476
1 1478
4 1479
1 1480
2 1481
2 1482
2 1483
2 1484
1 1485
1 1487
3 1488
2 1490
2 1491
3 1493
2 1495
3 1497
2 1499
1 1501
2 1503
1 1504
1 1505
2 1506
2 1507
2 1509
4 1510
1 1511
1 1512
2 1513
2 1515
3 1517
2 1518
1 1521
3 1522
1 1523
1 1524
2 1525
1 1526
3 1528
3 1529
3 1530
2 1531
1 1532
1 1533
5 1534
1 1537
1 1540
4 1541
2 1542
2 1544
2 1545
1 1547
1 1550
1 1551
2 1553
1 1554
1 1557
1 1558
2 1559
5 1561
2 1562
1 1565
1 1567
1 1568
3 1569
1 1570
3 1571
2 1572
1 1573
1 1574
1 1576
1 1577
3 1578
1 1579
1 1581
3 1582
1 1584
1 1585
5 1586
3 1587
3 1589
1 1591
1 1594
1 1595
2 1596
2 1597
1 1598
2 1600
1 1601
5 1602
3 1603
3 1604
1 1605
2 1606
2 1607
2 1608
4 1609
1 1610
1 1611
4 1612
1 1613
5 1614
3 1615
2 1616
1 1618
3 1620
1 1621
1 1622
2 1623
2 1624
2 1625
1 1626
1 1627
2 1630
1 1632
1 1633
1 1634
3 1635
1 1637
2 1638
4 1640
5 1641
4 1642
1 1643
3 1644
3 1645
3 1646
1 1647
3 1649
1 1651
1 1652
2 1653
3 1654
4 1655
1 1656
1 1657
3 1658
1 1659
1 1660
4 1662
2 1663
3 1664
1 1665
2 1666
3 1667
2 1668
1 1669
3 1671
3 1672
1 1673
1 1674
2 1676
2 1677
2 1678
1 1679
1 1683
2 1686
1 1687
1 1688
2 1689
2 1690
1 1692
2 1695
4 1696
1 1697
2 1698
2 1699
2 1701
3 1703
1 1704
2 1706
2 1707
2 1708
1 1709
1 1710
2 1711
1 1712
2 1714
2 1715
1 1716
5 1717
2 1718
2 1719
1 1720
1 1721
2 1722
3 1723
2 1724
1 1725
1 1728
2 1729
1 1730
1 1731
4 1732
2 1733
2 1735
1 1736
2 1737
1 1738
2 1740
2 1741
1 1742
3 1743
2 1745
2 1746
2 1747
2 1748
1 1749
3 1750
1 1751
1 1753
2 1754
3 1755
1 1757
1 1758
1 1759
2 1761
1 1762
2 1763
1 1766
1 1767
3 1769
1 1770
1 1772
3 1774
1 1775
4 1776
1 1777
5 1778
1 1779
2 1780
1 1781
1 1782
2 1783
3 1784
3 1785
1 1786
2 1789
1 1790
1 1791
2 1792
1 1793
3 1794
3 1795
3 1796
2 1797
1 1798
1 1800
1 1802
2 1803
1 1804
2 1805
1 1806
1 1807
3 1808
2 1809
1 1811
1 1813
2 1814
2 1815
2 1816
1 1817
1 1818
1 1819
4 1820
2 1821
1 1822
2 1823
2 1824
2 1826
3 1828
2 1829
2 1830
2 1831
1 1832
1 1833
3 1834
3 1836
1 1837
2 1838
3 1839
2 1840
2 1841
1 1842
3 1844
2 1845
1 1848
3 1849
2 1850
2 1851
5 1853
4 1854
1 1855
3 1856
1 1858
2 1859
2 1861
3 1862
1 1863
4 1864
3 1865
2 1866
1 1867
2 1868
1 1869
1 1870
2 1871
1 1872
3 1873
2 1874
1 1876
1 1877
1 1878
2 1879
3 1880
1 1881
4 1882
2 1883
1 1884
4 1885
1 1886
1 1887
1 1888
3 1891
1 1892
3 1893
2 1894
2 1895
3 1896
2 1897
3 1898
2 1899
1 1900
2 1902
1 1904
2 1905
3 1906
1 1908
4 1909
5 1910
1 1911
3 1912
1 1913
1 1914
2 1915
4 1916
2 1917
2 1918
1 1919
1 1920
3 1921
2 1922
3 1923
2 1924
2 1927
1 1928
2 1929
5 1930
1 1931
1 1932
1 1934
2 1935
2 1936
3 1937
1 1938
3 1940
1 1941
4 1942
2 1943
4 1944
2 1945
1 1946
1 1947
2 1949
2 1950
2 1953
1 1955
2 1956
1 1960
2 1961
3 1962
2 1963
1 1964
1 1965
4 1966
4 1967
1 1968
4 1969
2 1971
1 1972
3 1973
3 1974
1 1976
7 1978
2 1979
3 1980
4 1981
5 1982
3 1983
1 1984
2 1985
1 1986
5 1987
2 1988
3 1989
3 1990
2 1991
2 1992
4 1995
2 1996
1 1997
2 1998
3 1999
2 2000
2 2001
2 2002
1 2003
4 2004
4 2005
1 2006
6 2007
1 2008
1 2009
1 2010
1 2011
2 2012
3 2013
2 2015
1 2016
6 2017
4 2018
1 2019
4 2020
2 2021
1 2022
1 2023
2 2024
2 2025
2 2026
1 2027
2 2028
1 2030
1 2031
1 2032
2 2033
3 2034
8 2035
4 2036
2 2037
5 2038
2 2039
2 2040
1 2041
2 2042
3 2043
1 2045
3 2046
3 2048
2 2049
3 2050
2 2051
1 2052
3 2053
1 2054
3 2055
2 2056
4 2057
5 2058
4 2059
2 2060
3 2061
1 2062
3 2063
4 2064
4 2065
8 2066
2 2067
6 2068
1 2069
4 2070
3 2071
4 2072
3 2073
6 2075
3 2076
2 2077
4 2078
6 2079
4 2080
3 2081
1 2082
4 2083
6 2084
3 2085
3 2086
3 2087
2 2088
2 2089
2 2090
1 2091
7 2092
3 2093
3 2094
1 2095
3 2096
4 2097
2 2098
4 2099
4 2100
3 2101
1 2102
5 2103
5 2104
6 2105
4 2106
3 2107
2 2108
4 2109
4 2110
3 2111
10 2112
4 2113
3 2114
5 2115
7 2116
2 2117
4 2118
2 2119
3 2120
7 2121
5 2122
2 2123
2 2124
2 2125
2 2126
7 2127
7 2128
5 2129
6 2130
3 2131
2 2132
3 2133
3 2134
3 2135
5 2136
2 2137
4 2138
3 2139
5 2140
4 2141
4 2142
9 2143
3 2144
6 2145
2 2146
8 2147
3 2148
7 2149
4 2150
2 2151
8 2152
7 2153
8 2154
5 2155
2 2156
5 2157
4 2158
5 2159
7 2160
5 2161
8 2162
6 2163
6 2164
5 2165
5 2166
5 2167
8 2168
10 2169
7 2170
4 2171
4 2172
8 2173
7 2174
14 2175
4 2176
13 2177
6 2178
6 2179
6 2180
8 2181
9 2182
9 2183
7 2184
10 2185
5 2186
13 2187
12 2188
7 2189
6 2190
10 2191
8 2192
16 2193
5 2194
5 2195
13 2196
9 2197
10 2198
9 2199
8 2200
12 2201
16 2202
6 2203
11 2204
15 2205
14 2206
14 2207
12 2208
10 2209
9 2210
13 2211
12 2212
13 2213
14 2214
20 2215
19 2216
10 2217
20 2218
22 2219
12 2220
12 2221
14 2222
20 2223
22 2224
13 2225
15 2226
13 2227
15 2228
14 2229
15 2230
24 2231
24 2232
19 2233
21 2234
12 2235
25 2236
19 2237
20 2238
22 2239
23 2240
17 2241
23 2242
11 2243
28 2244
17 2245
26 2246
22 2247
25 2248
15 2249
26 2250
27 2251
30 2252
22 2253
24 2254
34 2255
23 2256
20 2257
25 2258
29 2259
33 2260
28 2261
34 2262
36 2263
30 2264
31 2265
36 2266
16 2267
34 2268
26 2269
37 2270
36 2271
27 2272
35 2273
26 2274
30 2275
34 2276
32 2277
30 2278
38 2279
33 2280
29 2281
31 2282
37 2283
29 2284
26 2285
36 2286
29 2287
27 2288
28 2289
30 2290
26 2291
41 2292
32 2293
22 2294
24 2295
25 2296
35 2297
36 2298
26 2299
36 2300
27 2301
16 2302
32 2303
27 2304
27 2305
23 2306
26 2307
28 2308
24 2309
27 2310
28 2311
17 2312
28 2313
43 2314
23 2315
27 2316
19 2317
25 2318
26 2319
29 2320
27 2321
28 2322
35 2323
26 2324
37 2325
38 2326
41 2327
27 2328
38 2329
50 2330
49 2331
38 2332
46 2333
48 2334
44 2335
68 2336
60 2337
52 2338
58 2339
51 2340
66 2341
48 2342
61 2343
51 2344
62 2345
80 2346
75 2347
72 2348
100 2349
69 2350
85 2351
68 2352
81 2353
86 2354
94 2355
79 2356
73 2357
97 2358
72 2359
101 2360
105 2361
91 2362
91 2363
97 2364
100 2365
97 2366
112 2367
101 2368
100 2369
83 2370
89 2371
83 2372
99 2373
93 2374
104 2375
88 2376
103 2377
95 2378
83 2379
111 2380
88 2381
70 2382
84 2383
62 2384
71 2385
68 2386
78 2387
60 2388
66 2389
65 2390
63 2391
48 2392
57 2393
47 2394
52 2395
47 2396
32 2397
48 2398
41 2399
40 2400
28 2401
34 2402
25 2403
30 2404
28 2405
24 2406
22 2407
20 2408
29 2409
16 2410
27 2411
25 2412
18 2413
18 2414
15 2415
19 2416
18 2417
19 2418
12 2419
17 2420
16 2421
18 2422
16 2423
19 2424
12 2425
16 2426
10 2427
14 2428
14 2429
19 2430
15 2431
13 2432
14 2433
12 2434
13 2435
14 2436
17 2437
13 2438
20 2439
19 2440
18 2441
14 2442
19 2443
24 2444
19 2445
23 2446
18 2447
17 2448
27 2449
25 2450
28 2451
20 2452
28 2453
23 2454
20 2455
26 2456
33 2457
26 2458
25 2459
25 2460
31 2461
29 2462
33 2463
28 2464
43 2465
25 2466
32 2467
27 2468
35 2469
35 2470
42 2471
26 2472
33 2473
31 2474
39 2475
37 2476
32 2477
41 2478
31 2479
29 2480
39 2481
29 2482
34 2483
34 2484
18 2485
19 2486
21 2487
25 2488
25 2489
31 2490
24 2491
18 2492
17 2493
19 2494
12 2495
12 2496
16 2497
19 2498
14 2499
10 2500
11 2501
6 2502
13 2503
8 2504
6 2505
9 2506
7 2507
7 2508
8 2509
8 2510
2 2511
7 2512
8 2513
8 2514
6 2515
7 2516
3 2517
5 2518
5 2519
6 2520
4 2521
8 2522
4 2523
1 2524
6 2525
7 2526
5 2527
3 2528
2 2529
1 2530
11 2531
5 2532
3 2533
5 2534
4 2535
8 2536
3 2537
2 2538
9 2539
6 2540
7 2541
1 2542
13 2543
4 2544
2 2545
2 2546
9 2547
2 2548
7 2549
3 2550
5 2551
3 2552
6 2553
3 2554
6 2555
6 2556
4 2557
6 2558
11 2559
6 2560
1 2561
9 2562
5 2563
7 2564
5 2565
8 2566
8 2567
4 2568
6 2569
6 2570
2 2571
9 2572
8 2573
7 2574
9 2575
7 2576
8 2577
12 2578
11 2579
16 2580
14 2581
9 2582
15 2583
10 2584
9 2585
12 2586
12 2587
14 2588
11 2589
16 2590
15 2591
8 2592
20 2593
20 2594
8 2595
16 2596
12 2597
19 2598
20 2599
17 2600
18 2601
20 2602
16 2603
28 2604
14 2605
21 2606
18 2607
22 2608
21 2609
26 2610
20 2611
14 2612
21 2613
26 2614
17 2615
14 2616
14 2617
15 2618
27 2619
17 2620
21 2621
20 2622
20 2623
20 2624
14 2625
14 2626
17 2627
12 2628
15 2629
23 2630
14 2631
10 2632
10 2633
14 2634
12 2635
12 2636
13 2637
8 2638
6 2639
13 2640
5 2641
13 2642
11 2643
6 2644
12 2645
5 2646
9 2647
8 2648
3 2649
10 2650
7 2651
2 2652
3 2653
6 2654
6 2655
9 2656
3 2657
4 2658
3 2659
10 2660
3 2661
6 2662
4 2663
4 2664
4 2665
1 2666
1 2667
3 2668
2 2669
3 2670
3 2671
4 2672
1 2673
7 2674
2 2675
2 2676
1 2677
3 2678
1 2679
1 2680
2 2681
3 2682
2 2683
2 2684
4 2685
3 2686
1 2687
2 2689
1 2690
3 2691
3 2693
4 2694
1 2695
1 2696
2 2697
1 2698
2 2699
3 2700
4 2702
1 2703
3 2704
2 2706
1 2709
1 2710
1 2711
2 2712
2 2713
1 2714
2 2715
1 2716
1 2717
2 2718
3 2719
3 2720
1 2721
1 2722
1 2723
1 2724
5 2725
1 2727
1 2728
3 2729
2 2730
1 2731
2 2732
3 2733
1 2734
1 2735
2 2736
1 2737
3 2738
1 2740
3 2741
1 2742
1 2743
1 2745
1 2746
2 2747
1 2748
2 2749
2 2751
1 2752
1 2753
2 2754
2 2755
2 2759
1 2760
1 2762
1 2763
1 2764
1 2769
1 2772
1 2773
1 2775
1 2785
1 2791
1 2792
1 2822
1 2835
1 2854
1 2864
1 2901
1 2911
1 2914
1 2924
1 2960
1 2961
1 2978
1 2985
1 2993
1 3006
1 3035
2 3038
1 3040
2 3075
1 3076
1 3093
1 3104
1 3105
1 3110
1 3133
1 3148
1 3150
1 3169
1 3177
1 3181
1 3186
1 3195
1 3235
1 3248
1 3249
1 3251
1 3252
1 3259
1 3269
1 3276
1 3295
1 3312
1 3335
1 3337
1 3351
1 3365
1 3376
1 3403
1 3410
1 3430
1 3435
1 3437
1 3498
1 3551
1 3559
1 3572
1 3583
1 3607
1 3630
1 3638
1 3668
1 3794
1 3807
1 3827
1 3904
1 3942
1 3977
1 4006
1 4040
1 4046
1 4088
1 4136
1 4143
1 4206
1 4338
1 4340
1 4435
1 4535
1 4652
1 4814
1 4876
1 4890
1 4920
1 4933
1 5052
