1 1
3 5
1 8
1 11
2 13
1 14
1 17
2 19
1 22
1 25
1 26
1 29
1 30
1 32
1 33
2 38
4 39
2 40
5 41
4 42
1 44
1 45
1 47
1 48
1 49
2 50
3 51
1 53
1 57
1 59
1 60
2 61
1 62
1 63
2 64
2 65
1 66
2 67
2 71
1 73
1 76
1 77
1 78
1 79
2 80
3 83
2 85
2 88
1 89
2 90
1 91
1 92
2 93
3 94
1 95
1 96
1 98
2 99
1 100
1 101
1 102
2 103
2 104
2 105
1 106
2 107
2 108
2 109
1 110
1 112
2 113
1 114
3 115
1 116
1 118
1 119
1 120
3 121
1 123
3 124
1 125
2 126
1 127
1 128
4 129
3 131
4 132
4 133
6 134
6 135
6 136
9 137
11 138
20 139
10 140
11 141
21 142
15 143
11 144
7 145
10 146
3 147
2 148
5 149
1 150
1 151
4 152
2 153
7 154
8 155
3 156
4 157
4 158
3 159
3 161
3 162
3 163
1 164
2 165
6 166
2 167
3 168
1 169
2 170
2 171
2 172
2 173
1 174
1 175
3 176
2 177
1 178
2 179
2 180
4 181
4 182
3 183
5 184
2 186
2 187
1 188
1 189
4 190
1 191
2 192
2 193
2 194
1 195
1 196
3 197
2 198
7 199
2 200
4 201
2 203
3 204
3 205
3 206
3 207
2 208
3 209
4 210
5 211
4 212
4 213
4 214
3 215
3 216
4 217
3 218
2 219
2 220
3 221
3 222
2 223
4 224
4 225
3 226
4 227
2 228
2 229
2 231
4 232
7 233
3 234
7 235
2 236
2 237
4 238
1 239
3 240
6 242
4 243
1 244
1 245
6 246
2 247
1 248
3 249
5 250
3 251
9 252
6 253
4 255
7 256
10 257
8 258
3 259
6 260
3 261
7 262
14 263
9 264
9 265
9 266
14 267
24 268
16 269
22 270
26 271
22 272
20 273
21 274
27 275
16 276
15 277
17 278
14 279
7 280
5 281
8 282
9 283
5 284
4 285
7 286
3 287
9 288
4 289
5 290
2 291
3 292
5 293
4 294
5 295
3 296
6 297
3 298
4 299
4 300
4 301
4 302
3 303
3 304
6 305
8 306
2 307
6 308
4 309
2 310
5 311
5 312
7 313
8 314
5 315
6 316
3 317
4 318
7 319
8 320
5 321
10 322
4 323
9 324
4 325
6 326
7 327
3 328
3 329
7 330
4 331
8 332
16 333
6 334
12 335
11 336
13 337
19 338
14 339
19 340
23 341
15 342
24 343
21 344
13 345
24 346
23 347
14 348
11 349
12 350
15 351
13 352
27 353
17 354
18 355
26 356
26 357
22 358
35 359
34 360
30 361
34 362
33 363
47 364
52 365
49 366
47 367
49 368
46 369
44 370
46 371
41 372
36 373
40 374
30 375
14 376
15 377
15 378
12 379
10 380
4 381
9 382
8 383
8 384
4 385
2 386
5 387
7 388
5 389
4 390
2 391
3 393
4 394
3 395
2 396
4 397
6 398
3 399
3 400
1 401
2 402
9 403
1 404
1 405
1 406
6 407
2 408
1 409
1 410
5 411
7 412
2 413
2 414
2 415
1 416
2 417
2 418
4 419
4 420
3 421
2 422
5 423
2 424
8 425
5 426
6 427
6 428
6 429
3 430
4 431
4 432
3 433
3 434
3 435
5 436
2 437
4 438
3 439
3 440
3 441
2 442
3 443
3 444
4 445
1 446
2 447
4 449
7 450
5 451
4 452
6 453
3 454
4 455
2 456
6 457
2 458
2 459
2 460
4 461
7 462
3 463
2 464
1 465
5 466
4 467
4 468
2 469
5 470
5 471
3 472
1 473
5 474
2 475
5 476
4 477
6 478
2 479
2 480
2 481
4 482
3 483
3 484
4 485
6 486
2 487
6 488
3 489
2 490
9 491
9 492
7 493
7 494
7 495
8 496
5 497
5 498
10 499
8 500
7 501
3 502
6 503
7 504
8 505
6 506
13 507
10 508
18 509
10 510
5 511
15 512
14 513
23 514
16 515
16 516
17 517
12 518
17 519
25 520
18 521
24 522
18 523
21 524
23 525
18 526
27 527
32 528
25 529
29 530
37 531
34 532
28 533
36 534
36 535
23 536
57 537
35 538
46 539
55 540
58 541
71 542
81 543
90 544
98 545
95 546
109 547
134 548
134 549
151 550
163 551
175 552
169 553
203 554
212 555
223 556
197 557
185 558
184 559
161 560
151 561
142 562
106 563
110 564
86 565
86 566
62 567
52 568
57 569
47 570
41 571
24 572
25 573
25 574
21 575
17 576
17 577
17 578
6 579
9 580
8 581
3 582
6 583
2 584
7 585
7 586
2 587
2 588
3 589
2 590
3 591
6 592
5 593
3 594
3 595
3 596
3 597
2 598
3 599
3 600
9 601
4 602
6 603
2 604
2 605
5 606
4 607
6 608
4 609
6 610
4 611
5 612
3 613
3 614
2 615
4 616
3 617
2 618
1 619
1 620
8 621
3 622
5 623
5 624
3 625
1 626
4 627
4 628
6 629
5 630
4 631
2 632
4 633
3 634
8 635
10 636
4 637
9 638
6 639
4 640
5 641
4 642
6 643
6 644
5 645
13 646
7 647
4 648
4 649
6 650
10 651
8 652
11 653
6 654
11 655
6 656
6 657
5 658
8 659
6 660
8 661
9 662
7 663
13 664
7 665
12 666
10 667
17 668
12 669
12 670
13 671
15 672
19 673
18 674
22 675
19 676
10 677
14 678
16 679
19 680
18 681
23 682
29 683
31 684
18 685
31 686
18 687
32 688
38 689
35 690
38 691
47 692
43 693
44 694
42 695
39 696
42 697
51 698
51 699
46 700
47 701
45 702
38 703
40 704
48 705
50 706
46 707
41 708
38 709
31 710
40 711
30 712
31 713
33 714
18 715
28 716
14 717
20 718
12 719
16 720
15 721
11 722
10 723
14 724
8 725
16 726
14 727
7 728
10 729
5 730
8 731
9 732
10 733
12 734
12 735
8 736
3 737
14 738
8 739
6 740
10 741
9 742
8 743
11 744
7 745
16 746
10 747
13 748
6 749
12 750
12 751
8 752
10 753
15 754
13 755
13 756
10 757
12 758
13 759
9 760
8 761
11 762
6 763
15 764
5 765
9 766
6 767
7 768
16 769
4 770
1 771
6 772
4 773
3 774
2 775
4 776
7 777
3 778
3 779
3 780
5 781
4 782
4 783
3 784
4 785
4 786
5 787
6 788
4 789
4 790
5 791
9 792
6 793
6 794
2 795
8 796
6 797
2 798
5 799
7 800
6 801
11 802
5 803
3 804
9 805
2 806
10 807
7 808
4 809
4 810
7 811
6 812
8 813
10 814
5 815
11 816
13 817
7 818
11 819
9 820
8 821
10 822
10 823
10 824
9 825
6 826
12 827
6 828
14 829
10 830
13 831
13 832
15 833
15 834
15 835
12 836
26 837
14 838
24 839
18 840
18 841
27 842
35 843
28 844
28 845
42 846
44 847
36 848
46 849
50 850
51 851
58 852
67 853
75 854
71 855
59 856
61 857
68 858
87 859
74 860
66 861
73 862
64 863
66 864
68 865
77 866
57 867
65 868
64 869
67 870
65 871
75 872
62 873
63 874
62 875
64 876
78 877
76 878
69 879
82 880
82 881
80 882
74 883
69 884
78 885
90 886
63 887
81 888
63 889
89 890
69 891
72 892
58 893
63 894
58 895
47 896
52 897
39 898
32 899
36 900
30 901
11 902
19 903
19 904
23 905
19 906
18 907
11 908
10 909
11 910
9 911
9 912
8 913
2 914
6 915
8 916
5 917
8 918
4 919
3 920
4 921
2 922
6 923
5 924
1 925
5 926
5 927
4 928
2 929
5 930
3 931
2 932
7 933
4 934
1 936
2 937
2 938
3 939
4 940
4 942
1 944
4 946
2 947
3 948
2 949
1 950
6 951
2 952
7 953
2 954
2 955
4 956
1 957
4 958
2 959
7 960
6 961
5 962
5 963
6 964
5 965
1 966
6 967
5 968
4 969
7 970
8 971
8 972
8 973
5 974
8 975
9 976
5 977
15 978
10 979
19 980
17 981
15 982
12 983
16 984
14 985
30 986
23 987
23 988
14 989
15 990
15 991
21 992
19 993
25 994
13 995
15 996
23 997
16 998
12 999
24 1000
22 1001
19 1002
15 1003
15 1004
12 1005
9 1006
9 1007
13 1008
10 1009
12 1010
8 1011
9 1012
11 1013
7 1014
7 1015
4 1016
6 1017
5 1018
1 1019
7 1020
8 1021
10 1022
5 1023
5 1024
13 1025
4 1026
8 1027
4 1028
4 1029
3 1030
2 1031
1 1032
3 1033
6 1034
2 1035
1 1036
3 1037
3 1038
3 1039
4 1040
3 1041
2 1042
3 1043
3 1044
1 1045
2 1046
1 1047
3 1049
3 1051
1 1053
2 1054
1 1055
1 1058
1 1059
4 1060
2 1062
1 1064
3 1065
3 1066
1 1067
1 1068
2 1069
1 1070
2 1071
1 1072
1 1073
2 1074
1 1076
1 1078
2 1080
1 1082
2 1083
1 1084
1 1086
2 1087
2 1089
1 1090
3 1091
3 1093
2 1094
1 1095
1 1096
3 1098
1 1099
2 1101
1 1102
3 1103
1 1104
1 1105
1 1106
2 1107
1 1108
3 1110
1 1111
1 1112
1 1113
1 1115
6 1116
2 1117
1 1118
1 1119
2 1120
1 1123
1 1124
3 1125
3 1126
8 1127
7 1128
1 1129
2 1131
8 1132
3 1133
6 1134
4 1135
3 1136
4 1137
1 1138
7 1139
7 1140
3 1141
5 1142
2 1143
3 1144
3 1145
5 1146
3 1147
5 1148
8 1149
3 1150
2 1151
3 1152
2 1153
2 1154
3 1155
5 1157
4 1158
4 1159
4 1160
3 1161
1 1162
1 1163
2 1164
1 1165
4 1166
1 1167
2 1170
1 1171
2 1173
2 1175
3 1176
1 1179
1 1181
2 1183
1 1185
1 1199
1 1205
1 1210
1 1229
1 1230
2 1231
1 1245
2 1246
1 1247
1 1249
2 1258
1 1262
1 1266
1 1282
1 1285
1 1291
2 1293
1 1295
1 1297
1 1298
1 1300
1 1301
1 1303
1 1314
1 1315
1 1316
1 1317
2 1318
2 1320
1 1322
1 1325
1 1326
1 1327
1 1330
1 1337
1 1338
1 1340
1 1346
1 1352
1 1356
1 1357
1 1370
1 1374
1 1375
1 1376
1 1378
1 1379
1 1381
1 1392
1 1398
1 1407
1 1413
1 1422
1 1433
1 1442
1 1444
1 1452
1 1458
1 1471
1 1493
1 1498
2 1499
1 1510
1 1515
1 1517
1 1528
1 1561
1 1562
1 1570
1 1573
1 1626
1 1630
1 1639
1 1640
1 1648
1 1651
1 1653
2 1655
1 1658
1 1660
1 1664
1 1695
1 1700
1 1701
1 1718
1 1722
1 1736
1 1740
1 1741
1 1746
1 1748
1 1753
1 1756
1 1760
1 1763
1 1783
1 1790
1 1791
1 1794
1 1800
1 1815
2 1819
1 1829
2 1831
2 1832
1 1833
2 1834
1 1835
1 1837
1 1838
1 1839
1 1840
1 1846
1 1850
1 1855
1 1863
1 1866
1 1872
1 1876
1 1881
1 1882
1 1886
1 1888
1 1889
1 1902
1 1912
1 1914
1 1917
1 1919
1 1925
1 1942
1 1956
1 1962
1 1987
1 2007
1 2008
1 2047
1 2055
1 2068
1 2070
1 2073
1 2091
1 2096
1 2098
1 2111
1 2135
1 2143
1 2148
1 2156
1 2255
1 2273
1 2297
1 2299
1 2303
1 2307
1 2314
1 2328
1 2336
1 2340
1 2378
1 2409
1 2411
1 2470
1 2564
1 2566
1 2575
1 2596
1 2615
2 2636
1 2642
1 2653
1 2659
1 2706
1 2727
1 2734
1 2739
1 2749
1 2753
1 2780
1 2810
1 2833
1 2885
1 2905
1 2909
1 2964
1 3048
1 3057
1 3068
1 3093
1 3094
1 3099
1 3101
1 3107
1 3109
1 3110
1 3115
1 3133
1 3160
1 3167
1 3177
1 3192
1 3228
1 3242
1 3245
1 3308
1 3325
1 3545
1 3581
1 3679
1 3686
1 3689
1 3695
1 3707
1 3714
1 3722
1 3727
1 3736
1 3756
1 3757
1 3761
1 3766
1 3770
2 3771
1 3774
1 3786
1 3793
1 3801
1 3867
1 3920
1 4273
1 4336
1 4844
1 5033
1 5110
