1 2
1 11
1 12
2 18
2 20
3 25
1 29
1 30
3 31
1 32
1 38
1 39
1 43
3 45
1 46
1 54
1 56
2 57
1 58
1 59
1 61
2 63
1 64
1 67
1 68
2 69
2 70
2 72
1 73
2 74
1 75
2 77
1 78
3 79
3 80
1 81
1 82
2 83
3 84
2 85
3 86
5 87
2 89
1 90
1 91
2 92
1 93
1 94
1 95
1 96
1 97
3 98
2 99
2 100
1 102
2 103
6 104
4 105
1 106
1 107
6 108
3 109
4 110
4 111
8 112
4 113
5 114
6 115
11 116
6 117
4 118
4 119
6 120
4 121
1 122
5 123
3 124
4 125
6 126
2 127
5 128
3 129
4 130
2 131
2 132
3 133
6 135
3 136
1 139
3 140
4 141
2 142
1 144
1 145
1 146
2 147
1 149
1 151
3 153
3 154
1 155
2 157
5 158
2 159
1 160
3 161
2 162
2 163
2 164
1 166
2 168
1 169
2 170
4 172
3 173
2 174
3 175
2 176
1 177
1 178
5 179
3 180
5 181
4 182
2 183
3 184
2 185
2 186
4 187
2 188
5 189
5 190
4 191
1 192
1 193
5 194
6 195
3 196
2 197
4 198
3 199
1 200
5 201
1 202
2 203
1 204
3 205
2 206
2 207
4 208
5 209
4 210
4 211
4 212
4 213
3 214
1 215
6 216
2 217
2 219
4 220
6 221
2 222
1 223
5 224
5 225
7 226
4 227
2 228
4 229
5 230
3 231
3 232
6 233
4 234
3 235
5 236
5 237
3 238
6 239
5 240
2 241
5 242
5 243
5 244
4 245
10 246
10 247
6 248
5 249
7 250
14 251
17 252
13 253
9 254
14 255
21 256
24 257
8 258
15 259
20 260
10 261
8 262
9 263
7 264
8 265
7 266
5 267
2 268
6 269
4 270
3 271
1 272
1 273
6 274
5 275
2 276
1 277
1 278
5 279
6 280
1 281
4 282
3 283
2 284
4 285
4 286
2 287
1 288
3 289
13 290
5 291
4 292
5 293
3 294
2 295
4 296
5 297
7 298
2 299
4 300
3 301
6 302
3 303
3 304
1 305
2 306
6 307
6 308
3 309
4 310
8 311
4 312
3 313
5 314
4 315
2 316
2 317
2 318
8 319
3 320
7 321
5 322
6 323
2 324
5 325
7 326
4 327
4 328
7 329
5 330
3 331
6 332
5 333
7 334
4 335
4 336
12 337
7 338
8 339
3 340
4 341
5 342
2 343
5 344
6 345
5 346
10 347
4 348
2 349
5 350
5 351
2 352
3 353
4 354
4 355
6 356
2 357
1 358
5 359
1 360
1 361
3 362
5 363
5 364
5 365
5 366
4 367
6 368
5 369
3 370
3 371
5 372
3 373
2 374
4 375
5 376
5 377
5 378
5 379
10 380
7 381
6 382
5 383
8 384
7 385
10 386
8 387
4 388
8 389
9 390
12 391
4 392
4 393
7 394
8 395
9 396
13 397
10 398
8 399
9 400
10 401
12 402
12 403
8 404
12 405
13 406
17 407
18 408
9 409
16 410
19 411
17 412
18 413
28 414
31 415
24 416
18 417
20 418
18 419
12 420
21 421
17 422
15 423
20 424
18 425
19 426
23 427
24 428
13 429
13 430
19 431
13 432
15 433
21 434
22 435
24 436
15 437
25 438
42 439
25 440
45 441
45 442
28 443
45 444
54 445
50 446
52 447
51 448
62 449
57 450
71 451
48 452
56 453
53 454
69 455
64 456
59 457
72 458
67 459
44 460
50 461
42 462
38 463
21 464
14 465
23 466
12 467
10 468
12 469
11 470
12 471
8 472
8 473
7 474
8 475
10 476
11 477
5 478
2 479
5 480
4 481
6 482
5 483
6 484
7 485
5 486
1 487
4 488
2 489
4 490
5 491
6 492
6 493
11 494
5 495
3 496
3 497
2 498
6 499
1 500
4 501
4 502
5 503
2 504
4 505
3 506
2 507
8 508
7 509
8 510
6 511
5 512
3 513
6 514
4 515
4 516
9 517
7 518
9 519
6 520
10 521
6 522
9 523
6 524
4 525
9 526
9 527
9 528
11 529
14 530
18 531
15 532
14 533
12 534
12 535
17 536
9 537
18 538
22 539
9 540
17 541
18 542
24 543
24 544
20 545
36 546
26 547
33 548
21 549
20 550
16 551
21 552
23 553
10 554
12 555
14 556
12 557
13 558
19 559
11 560
16 561
8 562
7 563
11 564
10 565
12 566
10 567
11 568
9 569
7 570
11 571
4 572
10 573
11 574
9 575
11 576
6 577
6 578
11 579
8 580
6 581
10 582
7 583
7 584
10 585
6 586
4 587
10 588
12 589
5 590
8 591
6 592
5 593
5 594
9 595
7 596
12 597
6 598
7 599
10 600
10 601
5 602
3 603
7 604
12 605
11 606
6 607
7 608
13 609
15 610
4 611
11 612
18 613
14 614
17 615
22 616
7 617
18 618
20 619
16 620
18 621
18 622
18 623
21 624
17 625
15 626
18 627
11 628
15 629
17 630
16 631
14 632
20 633
19 634
8 635
9 636
11 637
16 638
10 639
4 640
9 641
5 642
4 643
10 644
5 645
7 646
3 647
2 648
5 649
5 650
4 651
6 652
9 653
5 654
3 655
7 656
8 657
7 658
6 659
8 660
6 661
3 662
14 663
7 664
6 665
6 666
8 667
8 668
6 669
9 670
10 671
8 672
14 673
12 674
12 675
12 676
10 677
10 678
12 679
10 680
13 681
14 682
11 683
13 684
9 685
13 686
7 687
11 688
23 689
9 690
11 691
18 692
19 693
17 694
14 695
11 696
11 697
13 698
16 699
11 700
15 701
14 702
8 703
11 704
13 705
6 706
14 707
17 708
17 709
13 710
16 711
13 712
13 713
19 714
22 715
24 716
23 717
23 718
18 719
24 720
24 721
36 722
23 723
28 724
29 725
28 726
26 727
23 728
28 729
21 730
34 731
31 732
36 733
36 734
35 735
33 736
43 737
38 738
41 739
40 740
60 741
49 742
62 743
64 744
69 745
50 746
69 747
71 748
77 749
90 750
87 751
113 752
99 753
116 754
108 755
134 756
153 757
126 758
160 759
148 760
188 761
144 762
160 763
142 764
142 765
148 766
135 767
146 768
136 769
120 770
107 771
113 772
103 773
107 774
78 775
68 776
56 777
50 778
57 779
40 780
40 781
28 782
33 783
25 784
23 785
26 786
19 787
17 788
16 789
11 790
12 791
8 792
13 793
7 794
6 795
8 796
10 797
8 798
8 799
11 800
9 801
12 802
6 803
7 804
10 805
10 806
6 807
6 808
11 809
3 810
7 811
11 812
4 813
15 814
13 815
5 816
6 817
1 818
5 819
3 820
7 821
13 822
12 823
11 824
14 825
11 826
17 827
11 828
13 829
11 830
11 831
14 832
12 833
11 834
10 835
14 836
12 837
13 838
13 839
7 840
13 841
14 842
28 843
12 844
22 845
17 846
16 847
21 848
26 849
25 850
26 851
34 852
24 853
27 854
30 855
16 856
13 857
34 858
33 859
19 860
21 861
35 862
33 863
30 864
27 865
26 866
37 867
32 868
26 869
23 870
27 871
28 872
21 873
27 874
26 875
23 876
22 877
19 878
19 879
22 880
14 881
16 882
18 883
18 884
19 885
23 886
29 887
18 888
28 889
17 890
23 891
26 892
17 893
24 894
9 895
21 896
20 897
23 898
29 899
25 900
28 901
27 902
19 903
28 904
42 905
22 906
36 907
44 908
21 909
34 910
29 911
31 912
40 913
37 914
34 915
40 916
42 917
50 918
44 919
42 920
58 921
67 922
53 923
60 924
62 925
67 926
70 927
70 928
80 929
75 930
81 931
90 932
77 933
95 934
90 935
122 936
109 937
126 938
106 939
130 940
142 941
129 942
136 943
155 944
166 945
177 946
187 947
205 948
207 949
230 950
237 951
273 952
258 953
307 954
283 955
333 956
298 957
350 958
393 959
366 960
380 961
430 962
420 963
397 964
386 965
415 966
429 967
394 968
393 969
402 970
340 971
337 972
310 973
302 974
271 975
283 976
234 977
234 978
189 979
165 980
132 981
136 982
119 983
84 984
95 985
82 986
72 987
53 988
45 989
41 990
31 991
33 992
28 993
27 994
19 995
15 996
19 997
13 998
5 999
8 1000
7 1001
9 1002
6 1003
6 1004
1 1005
3 1006
5 1007
5 1008
2 1010
2 1011
3 1013
1 1014
2 1016
1 1017
3 1019
2 1020
1 1021
3 1022
1 1023
1 1024
1 1028
1 1032
2 1033
3 1034
1 1035
1 1039
1 1041
1 1044
1 1048
3 1049
1 1050
1 1051
2 1052
2 1053
1 1054
3 1057
1 1058
1 1059
1 1061
1 1063
1 1067
2 1068
3 1070
1 1071
2 1073
2 1074
1 1075
1 1076
1 1077
1 1079
2 1080
1 1081
3 1083
2 1086
1 1088
3 1089
2 1090
3 1091
1 1092
1 1094
2 1096
3 1099
2 1101
1 1104
1 1106
2 1108
2 1110
3 1111
1 1112
1 1113
2 1114
2 1115
3 1117
8 1118
1 1120
2 1121
3 1122
2 1123
2 1124
3 1125
4 1126
2 1127
6 1128
2 1129
6 1130
4 1131
5 1132
5 1133
4 1134
9 1135
5 1136
5 1138
5 1139
7 1140
2 1141
2 1142
3 1143
2 1144
5 1145
4 1146
12 1147
5 1148
8 1149
4 1150
8 1151
5 1152
2 1153
6 1154
5 1155
10 1156
7 1157
2 1158
4 1159
2 1160
3 1161
9 1162
6 1163
7 1164
4 1165
6 1166
5 1167
1 1168
6 1169
3 1170
3 1171
3 1172
4 1173
3 1174
6 1175
6 1176
4 1177
3 1178
1 1179
3 1180
4 1181
1 1182
2 1184
1 1186
1 1187
1 1188
2 1190
1 1191
1 1193
3 1194
2 1195
2 1197
2 1199
2 1200
2 1202
1 1203
1 1204
1 1205
3 1206
2 1207
1 1208
1 1209
3 1213
2 1214
2 1215
1 1216
1 1217
3 1220
2 1221
2 1222
1 1223
1 1225
2 1226
3 1227
1 1228
1 1230
3 1231
1 1232
1 1233
3 1236
2 1237
2 1238
1 1241
1 1242
1 1243
1 1244
1 1246
1 1247
1 1248
1 1250
1 1252
1 1253
2 1254
1 1255
1 1256
2 1258
2 1259
1 1260
1 1261
1 1262
1 1263
2 1264
1 1265
1 1267
1 1268
1 1269
1 1271
1 1272
1 1273
3 1274
2 1275
1 1276
2 1278
1 1280
2 1282
4 1283
1 1285
1 1287
1 1288
3 1289
1 1290
3 1292
2 1294
2 1296
1 1297
1 1300
2 1301
1 1305
4 1306
1 1307
1 1311
1 1312
1 1313
2 1315
1 1316
2 1318
1 1324
1 1325
2 1326
1 1328
1 1329
1 1331
3 1332
3 1333
3 1337
5 1338
2 1340
1 1341
1 1343
2 1344
2 1346
1 1347
5 1348
1 1349
1 1351
2 1354
1 1356
2 1357
1 1358
1 1359
1 1362
1 1363
1 1366
1 1367
2 1368
3 1374
2 1375
1 1376
1 1377
1 1380
1 1382
2 1385
1 1386
3 1387
1 1390
1 1398
1 1402
2 1404
2 1405
2 1408
2 1409
1 1410
1 1412
1 1413
1 1416
2 1417
1 1418
1 1419
1 1420
1 1421
1 1425
1 1428
2 1431
1 1432
1 1433
1 1434
1 1435
1 1436
2 1439
1 1441
3 1443
1 1448
1 1451
2 1454
1 1457
1 1458
1 1461
1 1462
1 1464
1 1469
2 1475
2 1476
1 1478
1 1479
2 1480
1 1481
1 1484
1 1487
1 1488
1 1492
1 1493
1 1496
1 1497
1 1498
1 1502
1 1504
3 1505
3 1506
1 1507
1 1509
1 1510
3 1512
1 1514
1 1518
2 1519
1 1524
1 1525
1 1526
3 1528
2 1530
1 1531
2 1532
1 1533
1 1536
1 1538
1 1542
1 1544
2 1548
2 1549
1 1553
2 1555
2 1556
1 1557
3 1559
2 1560
2 1564
1 1566
3 1571
1 1575
1 1580
1 1581
2 1582
1 1583
1 1584
1 1585
2 1586
1 1589
1 1590
1 1592
3 1593
1 1594
1 1598
1 1599
2 1600
1 1601
1 1605
1 1606
1 1610
1 1611
2 1613
1 1618
1 1619
1 1621
2 1623
3 1625
2 1626
1 1627
3 1629
1 1630
1 1631
3 1633
1 1634
1 1635
1 1639
1 1640
1 1642
3 1645
1 1646
1 1647
2 1650
1 1651
2 1652
3 1653
1 1655
3 1658
2 1659
1 1660
1 1661
1 1662
2 1664
1 1666
1 1667
4 1668
1 1669
2 1671
1 1672
1 1675
2 1676
1 1677
2 1678
1 1681
1 1683
1 1685
1 1687
1 1688
1 1689
1 1690
2 1692
1 1693
1 1695
1 1696
1 1697
1 1698
2 1699
1 1703
2 1704
2 1705
3 1706
1 1708
2 1710
1 1711
2 1712
2 1715
1 1716
1 1717
1 1719
2 1720
2 1721
2 1724
2 1726
1 1728
1 1729
3 1730
3 1731
1 1733
2 1734
1 1736
1 1738
1 1741
1 1742
1 1743
1 1744
1 1745
1 1747
3 1748
1 1749
1 1750
2 1751
2 1752
2 1756
1 1757
1 1758
3 1759
1 1760
1 1761
1 1762
2 1764
1 1766
1 1770
3 1772
1 1773
1 1774
2 1778
1 1779
1 1780
1 1781
1 1782
1 1783
1 1784
2 1785
2 1786
1 1787
1 1788
2 1789
1 1790
1 1791
2 1794
1 1795
1 1798
1 1799
2 1800
2 1802
2 1803
1 1804
4 1806
3 1810
2 1812
2 1814
1 1815
2 1818
1 1820
1 1821
2 1822
3 1824
1 1825
1 1828
2 1829
1 1830
2 1831
1 1832
3 1834
1 1835
3 1836
1 1837
3 1839
1 1840
1 1841
1 1843
2 1844
1 1846
2 1847
1 1848
1 1849
1 1852
3 1853
1 1854
1 1855
1 1856
1 1858
2 1859
1 1861
1 1862
2 1863
1 1865
1 1866
2 1867
1 1868
2 1869
2 1870
2 1873
2 1875
2 1876
2 1877
2 1878
3 1879
3 1880
1 1882
3 1883
2 1884
1 1885
1 1886
1 1887
1 1888
2 1889
2 1891
2 1894
4 1896
1 1898
3 1901
2 1902
1 1903
1 1905
2 1906
2 1907
1 1908
1 1910
1 1911
1 1913
1 1914
2 1915
1 1916
3 1917
1 1918
2 1919
1 1921
3 1923
2 1924
1 1927
1 1928
1 1929
2 1930
1 1935
1 1936
1 1937
3 1938
2 1939
1 1941
2 1942
1 1943
1 1944
2 1945
1 1946
1 1948
3 1950
2 1951
3 1953
1 1954
2 1955
1 1958
1 1960
4 1961
3 1963
3 1964
3 1965
2 1966
1 1967
3 1968
2 1971
3 1972
1 1973
1 1974
1 1975
2 1977
2 1979
3 1980
1 1981
1 1982
4 1984
1 1985
1 1986
1 1987
4 1988
2 1989
1 1991
1 1992
2 1994
2 1995
1 1998
3 1999
4 2001
2 2002
5 2003
2 2005
1 2006
3 2009
1 2010
4 2011
1 2014
3 2015
1 2016
4 2017
2 2019
1 2021
3 2022
2 2023
3 2025
1 2026
1 2028
2 2030
2 2031
3 2033
1 2034
3 2035
1 2036
4 2037
3 2038
1 2039
4 2041
3 2042
4 2045
1 2047
1 2049
1 2050
3 2051
1 2052
3 2053
2 2054
2 2055
1 2056
1 2057
4 2058
3 2059
2 2061
1 2062
1 2063
3 2064
1 2065
2 2066
1 2067
1 2068
2 2069
2 2070
1 2071
1 2072
2 2073
2 2074
3 2075
1 2076
1 2077
1 2078
3 2080
2 2082
2 2083
3 2084
2 2085
2 2086
2 2087
1 2088
3 2089
2 2090
5 2091
6 2092
3 2093
3 2094
1 2095
1 2096
3 2097
2 2098
6 2099
3 2100
5 2101
3 2102
1 2103
2 2104
2 2105
5 2106
4 2107
3 2108
3 2109
1 2110
2 2111
2 2112
4 2113
3 2114
3 2115
4 2116
4 2117
5 2118
1 2119
5 2120
5 2122
3 2123
6 2124
3 2125
5 2126
3 2127
7 2128
3 2129
5 2130
2 2131
5 2132
2 2133
2 2134
6 2135
5 2137
4 2138
3 2139
4 2140
1 2141
8 2142
5 2143
6 2144
1 2145
4 2146
1 2147
3 2148
7 2149
3 2150
2 2151
2 2152
4 2153
2 2154
4 2155
6 2156
3 2157
1 2158
4 2159
5 2160
4 2162
6 2163
4 2164
3 2165
4 2166
1 2167
9 2168
8 2169
9 2170
7 2171
4 2172
7 2173
5 2174
4 2176
4 2177
3 2178
3 2179
5 2180
5 2181
5 2182
6 2183
8 2184
9 2185
5 2186
4 2187
6 2188
8 2189
7 2190
7 2191
8 2192
9 2193
6 2194
5 2195
5 2196
12 2197
6 2198
7 2199
10 2200
4 2201
5 2202
7 2203
6 2204
15 2205
9 2206
13 2207
9 2208
12 2209
12 2210
8 2211
11 2212
15 2213
11 2214
7 2215
19 2216
11 2217
15 2218
11 2219
18 2220
21 2221
15 2222
10 2223
26 2224
14 2225
13 2226
17 2227
13 2228
16 2229
10 2230
17 2231
13 2232
12 2233
15 2234
15 2235
14 2236
19 2237
22 2238
11 2239
17 2240
21 2241
19 2242
14 2243
15 2244
13 2245
14 2246
10 2247
23 2248
20 2249
16 2250
21 2251
21 2252
30 2253
20 2254
13 2255
21 2256
20 2257
17 2258
18 2259
27 2260
22 2261
14 2262
20 2263
22 2264
21 2265
31 2266
18 2267
20 2268
23 2269
15 2270
18 2271
17 2272
26 2273
23 2274
30 2275
17 2276
13 2277
20 2278
22 2279
24 2280
14 2281
19 2282
28 2283
25 2284
19 2285
17 2286
21 2287
20 2288
16 2289
25 2290
17 2291
22 2292
19 2293
15 2294
13 2295
14 2296
18 2297
16 2298
12 2299
7 2300
14 2301
19 2302
16 2303
10 2304
15 2305
18 2306
17 2307
13 2308
13 2309
10 2310
12 2311
12 2312
13 2313
14 2314
15 2315
14 2316
11 2317
18 2318
14 2319
18 2320
18 2321
13 2322
18 2323
17 2324
16 2325
15 2326
25 2327
19 2328
19 2329
18 2330
13 2331
30 2332
26 2333
24 2334
18 2335
27 2336
21 2337
22 2338
35 2339
31 2340
45 2341
31 2342
31 2343
34 2344
26 2345
50 2346
25 2347
28 2348
35 2349
39 2350
28 2351
37 2352
32 2353
37 2354
46 2355
37 2356
41 2357
46 2358
49 2359
49 2360
48 2361
51 2362
50 2363
62 2364
64 2365
64 2366
49 2367
51 2368
38 2369
43 2370
47 2371
30 2372
47 2373
54 2374
41 2375
51 2376
44 2377
38 2378
44 2379
43 2380
43 2381
32 2382
44 2383
32 2384
28 2385
25 2386
31 2387
30 2388
30 2389
29 2390
21 2391
31 2392
18 2393
29 2394
19 2395
19 2396
19 2397
16 2398
24 2399
19 2400
15 2401
17 2402
15 2403
9 2404
8 2405
14 2406
9 2407
7 2408
13 2409
10 2410
14 2411
9 2412
10 2413
8 2414
12 2415
4 2416
5 2417
9 2418
6 2419
7 2420
10 2421
8 2422
4 2423
10 2424
10 2425
4 2426
9 2427
9 2428
7 2429
11 2430
5 2431
7 2432
7 2433
9 2434
8 2435
12 2436
9 2437
5 2438
12 2439
11 2440
11 2441
4 2442
6 2443
9 2444
11 2445
11 2446
8 2447
19 2448
16 2449
17 2450
14 2451
11 2452
11 2453
12 2454
18 2455
12 2456
18 2457
11 2458
23 2459
17 2460
15 2461
15 2462
16 2463
15 2464
13 2465
15 2466
24 2467
20 2468
20 2469
23 2470
16 2471
20 2472
25 2473
12 2474
27 2475
23 2476
23 2477
17 2478
17 2479
17 2480
20 2481
16 2482
18 2483
15 2484
10 2485
16 2486
14 2487
14 2488
10 2489
14 2490
16 2491
5 2492
11 2493
9 2494
3 2495
9 2496
14 2497
7 2498
7 2499
5 2500
5 2501
6 2502
2 2503
4 2504
10 2505
3 2506
5 2507
5 2508
2 2509
1 2510
1 2511
3 2512
3 2513
6 2514
6 2515
2 2516
1 2517
4 2518
1 2519
4 2520
3 2521
3 2522
5 2523
3 2524
2 2525
4 2526
1 2527
4 2528
1 2529
4 2530
2 2531
1 2532
1 2533
2 2534
3 2535
5 2536
3 2537
4 2538
2 2540
4 2541
3 2542
2 2543
1 2544
1 2545
1 2546
4 2547
4 2548
6 2549
2 2550
1 2551
1 2552
4 2553
3 2554
2 2555
2 2556
4 2557
3 2558
3 2559
2 2560
4 2561
1 2562
6 2563
3 2564
3 2565
6 2566
2 2567
5 2568
4 2569
7 2570
5 2571
7 2572
5 2573
7 2574
9 2575
3 2576
4 2577
3 2578
4 2579
3 2580
7 2581
7 2582
4 2583
4 2584
6 2585
6 2586
11 2587
7 2588
8 2589
7 2590
8 2591
5 2592
5 2593
9 2594
9 2595
9 2596
7 2597
8 2598
14 2599
10 2600
8 2601
11 2602
10 2603
10 2604
6 2605
14 2606
14 2607
13 2608
13 2609
11 2610
10 2611
16 2612
13 2613
8 2614
12 2615
11 2616
12 2617
10 2618
9 2619
5 2620
14 2621
6 2622
5 2623
13 2624
3 2625
5 2626
8 2627
5 2628
13 2629
7 2630
3 2631
9 2632
3 2633
5 2634
8 2635
4 2636
6 2637
6 2638
3 2639
9 2640
3 2641
8 2642
3 2643
3 2644
1 2645
5 2646
3 2647
3 2648
2 2649
4 2650
2 2651
1 2652
3 2653
3 2654
1 2655
3 2656
3 2657
1 2658
2 2659
5 2661
4 2662
4 2663
2 2664
3 2665
2 2666
2 2667
1 2668
1 2669
2 2671
2 2672
1 2673
1 2675
2 2676
2 2677
1 2678
2 2679
1 2680
1 2681
2 2682
2 2683
2 2684
1 2686
1 2687
3 2690
2 2691
1 2694
1 2697
1 2699
2 2701
1 2702
1 2703
1 2704
3 2706
1 2708
1 2716
1 2720
1 2721
1 2722
2 2723
1 2725
2 2726
1 2728
2 2730
1 2731
4 2732
2 2737
1 2738
1 2739
1 2741
2 2746
1 2747
2 2748
1 2749
1 2752
1 2767
1 2769
1 2773
1 2774
1 2808
1 2844
1 2887
1 2890
1 2892
1 2894
1 2901
1 2947
1 2950
1 2962
1 3003
1 3006
1 3007
1 3009
1 3017
1 3046
1 3050
1 3052
1 3072
1 3170
1 3220
1 3222
1 3230
1 3242
1 3297
1 3307
1 3315
1 3377
1 3378
1 3389
1 3441
1 3467
1 3499
1 3596
1 3629
1 3756
1 3791
1 3813
1 3873
1 3984
1 4010
1 4297
1 4526
1 4533
1 4538
1 4807
1 4817
1 4836
1 4873
1 4877
1 4895
2 4896
1 4904
2 4909
1 4922
1 4945
1 4952
1 4971
1 4994
1 5047
