3 1
6 2
1 3
6 4
10 5
7 6
10 7
6 8
4 9
2 10
3 11
3 12
6 13
7 14
2 15
6 16
13 17
8 18
5 19
3 20
3 21
6 22
3 23
6 24
7 25
8 26
6 27
6 28
5 29
6 30
6 31
5 32
3 33
7 34
8 35
5 36
8 37
5 38
9 39
6 40
8 41
4 42
5 43
3 44
8 45
4 46
5 47
1 48
7 49
6 50
7 51
2 52
5 53
8 54
5 55
6 56
5 57
5 58
9 59
9 60
5 61
3 62
12 63
8 64
4 65
9 66
6 67
6 68
3 69
13 70
7 71
10 72
22 73
10 74
9 75
12 76
11 77
7 78
9 79
13 80
8 81
13 82
7 83
11 84
9 85
11 86
11 87
10 88
11 89
12 90
11 91
9 92
15 93
16 94
20 95
22 96
11 97
23 98
15 99
8 100
7 101
10 102
11 103
13 104
5 105
10 106
13 107
15 108
14 109
18 110
20 111
23 112
16 113
26 114
29 115
29 116
27 117
25 118
24 119
23 120
16 121
19 122
16 123
17 124
11 125
9 126
6 127
12 128
12 129
18 130
18 131
15 132
13 133
19 134
18 135
14 136
13 137
23 138
9 139
19 140
21 141
19 142
19 143
11 144
17 145
31 146
25 147
25 148
36 149
41 150
36 151
43 152
33 153
32 154
30 155
27 156
21 157
18 158
19 159
14 160
17 161
9 162
17 163
17 164
11 165
19 166
10 167
17 168
17 169
13 170
24 171
22 172
20 173
21 174
18 175
18 176
23 177
23 178
24 179
22 180
30 181
22 182
34 183
36 184
29 185
35 186
26 187
38 188
31 189
38 190
34 191
34 192
37 193
20 194
21 195
18 196
30 197
34 198
27 199
30 200
41 201
55 202
49 203
60 204
64 205
65 206
73 207
74 208
83 209
89 210
94 211
114 212
131 213
114 214
112 215
132 216
126 217
133 218
153 219
151 220
172 221
178 222
187 223
213 224
229 225
223 226
264 227
352 228
366 229
459 230
452 231
500 232
490 233
473 234
472 235
401 236
391 237
363 238
293 239
213 240
188 241
179 242
119 243
119 244
112 245
110 246
96 247
92 248
110 249
136 250
141 251
146 252
177 253
172 254
203 255
201 256
195 257
186 258
179 259
136 260
116 261
99 262
94 263
64 264
63 265
51 266
52 267
49 268
45 269
42 270
54 271
53 272
56 273
46 274
59 275
38 276
32 277
37 278
38 279
24 280
29 281
24 282
31 283
23 284
22 285
22 286
26 287
33 288
29 289
31 290
26 291
23 292
27 293
21 294
50 295
25 296
53 297
30 298
39 299
42 300
45 301
50 302
39 303
49 304
50 305
53 306
49 307
58 308
61 309
69 310
66 311
47 312
83 313
85 314
63 315
61 316
64 317
65 318
62 319
62 320
69 321
68 322
76 323
76 324
74 325
83 326
94 327
108 328
87 329
79 330
111 331
115 332
113 333
105 334
97 335
105 336
103 337
89 338
96 339
94 340
85 341
110 342
86 343
89 344
103 345
78 346
100 347
77 348
93 349
91 350
74 351
97 352
110 353
136 354
122 355
134 356
180 357
198 358
205 359
248 360
301 361
312 362
372 363
437 364
534 365
472 366
541 367
606 368
551 369
538 370
519 371
481 372
458 373
398 374
365 375
336 376
251 377
240 378
213 379
169 380
152 381
136 382
131 383
105 384
122 385
82 386
76 387
76 388
57 389
68 390
67 391
52 392
35 393
39 394
46 395
35 396
25 397
35 398
37 399
22 400
33 401
35 402
39 403
38 404
47 405
45 406
45 407
46 408
57 409
47 410
62 411
48 412
82 413
77 414
77 415
92 416
96 417
111 418
106 419
127 420
108 421
128 422
152 423
179 424
177 425
180 426
164 427
199 428
215 429
215 430
217 431
211 432
244 433
205 434
198 435
193 436
194 437
184 438
190 439
158 440
164 441
129 442
130 443
122 444
109 445
88 446
75 447
60 448
62 449
63 450
37 451
43 452
28 453
31 454
25 455
27 456
25 457
25 458
23 459
18 460
23 461
18 462
9 463
15 464
19 465
14 466
11 467
13 468
13 469
18 470
11 471
16 472
18 473
17 474
17 475
18 476
20 477
16 478
20 479
12 480
14 481
18 482
18 483
14 484
19 485
16 486
20 487
15 488
14 489
17 490
21 491
9 492
21 493
18 494
16 495
12 496
12 497
14 498
18 499
18 500
15 501
20 502
16 503
15 504
23 505
26 506
21 507
29 508
21 509
29 510
30 511
34 512
27 513
37 514
46 515
47 516
51 517
58 518
64 519
88 520
69 521
57 522
88 523
97 524
104 525
98 526
123 527
99 528
141 529
132 530
136 531
144 532
148 533
175 534
172 535
177 536
178 537
181 538
166 539
202 540
181 541
150 542
137 543
151 544
100 545
108 546
83 547
80 548
76 549
44 550
47 551
38 552
43 553
38 554
22 555
18 556
15 557
19 558
24 559
19 560
18 561
17 562
27 563
16 564
27 565
25 566
19 567
15 568
17 569
18 570
26 571
19 572
15 573
15 574
22 575
22 576
15 577
13 578
20 579
17 580
17 581
22 582
25 583
25 584
23 585
29 586
28 587
21 588
23 589
20 590
36 591
20 592
32 593
28 594
29 595
21 596
18 597
22 598
23 599
19 600
10 601
19 602
16 603
6 604
17 605
12 606
7 607
8 608
9 609
13 610
12 611
11 612
10 613
7 614
4 615
5 616
12 617
11 618
8 619
9 620
10 621
10 622
6 623
5 624
10 625
14 626
6 627
8 628
10 629
11 630
12 631
11 632
11 633
12 634
11 635
13 636
16 637
15 638
14 639
11 640
14 641
13 642
16 643
5 644
20 645
14 646
13 647
11 648
12 649
17 650
16 651
14 652
16 653
25 654
26 655
20 656
29 657
15 658
24 659
13 660
15 661
22 662
23 663
18 664
23 665
22 666
23 667
27 668
24 669
22 670
26 671
19 672
26 673
14 674
23 675
20 676
18 677
17 678
16 679
6 680
18 681
19 682
12 683
18 684
15 685
15 686
14 687
14 688
10 689
11 690
14 691
11 692
13 693
11 694
16 695
16 696
10 697
14 698
20 699
11 700
11 701
20 702
15 703
6 704
11 705
9 706
10 707
6 708
9 709
11 710
9 711
8 712
4 713
12 714
9 715
12 716
14 717
16 718
14 719
14 720
13 721
26 722
17 723
11 724
14 725
11 726
11 727
9 728
13 729
14 730
13 731
16 732
17 733
12 734
14 735
19 736
27 737
25 738
21 739
24 740
17 741
29 742
29 743
34 744
20 745
34 746
40 747
35 748
41 749
47 750
49 751
35 752
48 753
37 754
46 755
38 756
49 757
43 758
35 759
39 760
46 761
34 762
20 763
27 764
22 765
23 766
20 767
19 768
11 769
18 770
14 771
10 772
12 773
14 774
13 775
10 776
9 777
13 778
20 779
11 780
8 781
10 782
10 783
5 784
5 785
9 786
12 787
12 788
9 789
7 790
9 791
9 792
6 793
10 794
10 795
10 796
9 797
6 798
14 799
14 800
10 801
10 802
4 803
13 804
9 805
11 806
9 807
14 808
15 809
12 810
7 811
10 812
10 813
11 814
13 815
10 816
7 817
22 818
16 819
15 820
22 821
22 822
21 823
36 824
28 825
34 826
32 827
41 828
30 829
38 830
34 831
32 832
41 833
51 834
43 835
49 836
52 837
43 838
34 839
41 840
35 841
41 842
41 843
36 844
39 845
45 846
31 847
24 848
32 849
39 850
31 851
17 852
18 853
25 854
20 855
19 856
14 857
12 858
9 859
8 860
5 861
6 862
8 863
12 864
20 865
11 866
9 867
14 868
9 869
8 870
5 871
11 872
12 873
9 874
15 875
16 876
6 877
6 878
7 879
5 880
5 881
5 882
8 883
6 884
6 885
6 886
7 887
4 888
5 889
5 890
7 891
6 892
6 893
5 894
4 895
1 896
6 897
5 898
6 899
3 900
4 901
9 902
6 903
11 904
7 905
4 906
4 907
3 908
8 909
5 910
9 911
13 912
7 913
7 914
7 915
9 916
6 917
9 918
5 919
6 920
2 921
9 922
7 923
6 924
5 925
10 926
7 927
8 928
7 929
5 930
8 931
10 932
10 933
6 934
10 935
9 936
14 937
11 938
9 939
15 940
12 941
9 942
14 943
13 944
14 945
11 946
9 947
15 948
13 949
17 950
16 951
11 952
21 953
12 954
14 955
17 956
11 957
9 958
17 959
17 960
13 961
14 962
13 963
7 964
17 965
5 966
7 967
16 968
7 969
14 970
13 971
8 972
8 973
18 974
8 975
9 976
8 977
9 978
8 979
11 980
13 981
6 982
12 983
3 984
8 985
9 986
9 987
6 988
6 989
8 990
9 991
11 992
9 993
17 994
9 995
10 996
10 997
14 998
12 999
10 1000
13 1001
12 1002
11 1003
20 1004
19 1005
15 1006
14 1007
16 1008
19 1009
23 1010
20 1011
14 1012
9 1013
22 1014
19 1015
20 1016
26 1017
18 1018
23 1019
21 1020
22 1021
25 1022
33 1023
31 1024
26 1025
30 1026
24 1027
28 1028
29 1029
36 1030
23 1031
25 1032
24 1033
20 1034
33 1035
30 1036
25 1037
20 1038
40 1039
32 1040
35 1041
31 1042
38 1043
33 1044
43 1045
42 1046
49 1047
41 1048
33 1049
42 1050
41 1051
43 1052
51 1053
53 1054
60 1055
46 1056
70 1057
61 1058
42 1059
46 1060
43 1061
46 1062
47 1063
52 1064
34 1065
57 1066
47 1067
42 1068
48 1069
35 1070
47 1071
43 1072
39 1073
36 1074
39 1075
39 1076
53 1077
37 1078
53 1079
62 1080
67 1081
81 1082
82 1083
76 1084
72 1085
79 1086
85 1087
87 1088
102 1089
104 1090
106 1091
135 1092
122 1093
128 1094
114 1095
154 1096
111 1097
128 1098
136 1099
135 1100
131 1101
155 1102
148 1103
114 1104
117 1105
123 1106
113 1107
109 1108
104 1109
93 1110
81 1111
72 1112
50 1113
39 1114
56 1115
48 1116
39 1117
34 1118
26 1119
23 1120
18 1121
19 1122
19 1123
19 1124
14 1125
15 1126
11 1127
10 1128
9 1129
17 1130
11 1131
7 1132
6 1133
5 1134
5 1135
8 1136
10 1137
6 1138
10 1139
10 1140
8 1141
6 1142
4 1143
5 1144
9 1145
3 1146
8 1147
9 1148
4 1149
6 1150
10 1151
8 1152
5 1153
8 1154
9 1155
8 1156
7 1157
8 1158
7 1159
3 1160
4 1161
7 1162
10 1163
6 1164
5 1165
14 1166
8 1167
5 1168
5 1169
12 1170
11 1171
10 1172
13 1173
13 1174
12 1175
8 1176
10 1177
17 1178
16 1179
19 1180
19 1181
21 1182
18 1183
13 1184
14 1185
16 1186
14 1187
14 1188
19 1189
17 1190
9 1191
21 1192
16 1193
18 1194
14 1195
9 1196
8 1197
12 1198
8 1199
15 1200
13 1201
7 1202
10 1203
8 1204
6 1205
7 1206
9 1207
3 1208
5 1209
4 1210
7 1211
5 1212
4 1213
2 1214
5 1215
6 1216
3 1217
3 1219
3 1220
2 1221
7 1222
6 1223
3 1224
2 1225
2 1226
2 1227
5 1228
3 1229
4 1230
3 1231
5 1232
4 1233
3 1234
2 1236
2 1237
4 1238
3 1239
2 1240
3 1241
3 1242
4 1243
4 1244
6 1245
4 1246
4 1247
5 1248
5 1249
3 1250
5 1251
5 1252
4 1253
4 1254
11 1255
4 1256
8 1257
6 1258
6 1259
10 1260
7 1261
14 1262
5 1263
9 1264
13 1265
4 1266
6 1267
4 1268
6 1269
5 1270
8 1271
12 1272
8 1273
8 1274
5 1275
8 1276
7 1277
4 1278
9 1279
13 1280
10 1281
13 1282
11 1283
15 1284
11 1285
6 1286
11 1287
9 1288
10 1289
5 1290
13 1291
11 1292
8 1293
7 1294
8 1295
8 1296
5 1297
8 1298
5 1299
5 1300
3 1301
5 1302
3 1303
4 1304
1 1305
6 1306
4 1307
4 1308
4 1309
3 1310
1 1311
1 1312
2 1313
2 1314
2 1315
5 1316
1 1317
1 1322
1 1324
3 1325
2 1326
2 1327
1 1328
1 1329
4 1330
4 1331
1 1333
5 1334
1 1335
4 1336
2 1337
2 1338
2 1340
2 1341
3 1342
1 1343
1 1344
5 1345
2 1346
4 1347
1 1348
4 1349
1 1350
1 1351
2 1352
3 1354
2 1355
1 1356
2 1357
1 1358
1 1359
5 1360
5 1361
1 1362
2 1363
2 1364
2 1365
1 1366
1 1367
2 1369
2 1370
4 1371
4 1372
1 1373
3 1374
1 1375
4 1376
3 1377
3 1378
2 1379
4 1380
3 1381
3 1382
3 1384
6 1385
6 1386
4 1387
1 1388
5 1389
3 1390
6 1391
6 1392
4 1393
4 1394
3 1395
8 1396
5 1397
4 1398
4 1399
4 1400
4 1401
6 1402
6 1403
5 1404
7 1405
5 1406
2 1407
3 1408
3 1409
3 1410
5 1412
2 1413
5 1414
3 1415
6 1416
7 1417
3 1418
2 1419
4 1420
1 1421
7 1422
2 1423
1 1424
3 1426
1 1427
2 1428
1 1430
2 1431
3 1433
3 1434
2 1435
1 1436
4 1437
4 1439
2 1440
2 1441
2 1442
6 1443
3 1444
2 1445
3 1446
2 1447
5 1448
3 1450
1 1451
4 1453
2 1454
1 1455
3 1456
3 1457
1 1458
2 1459
2 1460
5 1461
3 1462
2 1463
2 1465
3 1466
2 1467
3 1468
3 1471
2 1472
1 1473
1 1474
1 1475
1 1476
1 1477
1 1478
6 1479
2 1480
2 1481
5 1482
1 1483
2 1484
1 1486
2 1487
2 1489
2 1491
1 1492
5 1493
2 1494
1 1495
1 1497
2 1498
4 1499
2 1500
1 1501
1 1502
1 1503
1 1504
2 1505
2 1506
1 1508
1 1509
2 1510
3 1512
2 1513
3 1514
1 1515
1 1516
5 1517
3 1518
1 1519
1 1520
3 1521
1 1523
3 1525
3 1527
1 1528
1 1529
1 1530
3 1531
3 1532
3 1534
4 1535
2 1537
4 1538
2 1540
4 1541
1 1542
1 1543
1 1544
1 1546
2 1547
2 1548
4 1549
1 1550
3 1551
2 1552
3 1553
3 1554
1 1555
2 1556
1 1557
2 1558
1 1559
5 1560
1 1561
3 1562
6 1563
3 1564
3 1565
2 1566
2 1567
1 1568
3 1569
4 1570
4 1571
1 1572
3 1573
4 1574
4 1575
3 1576
4 1577
2 1578
2 1579
4 1580
2 1581
3 1582
2 1583
2 1584
5 1585
1 1587
2 1588
5 1589
2 1590
3 1591
4 1592
3 1593
4 1594
3 1595
5 1597
7 1598
3 1599
4 1600
2 1601
10 1602
4 1603
6 1604
7 1605
6 1606
2 1607
4 1608
7 1609
4 1610
4 1611
4 1612
8 1613
3 1614
8 1615
5 1616
7 1617
6 1618
5 1619
4 1620
12 1621
7 1622
12 1623
6 1624
5 1625
8 1626
9 1627
4 1628
6 1629
16 1630
9 1631
7 1632
8 1633
10 1634
7 1635
5 1636
5 1637
8 1638
13 1639
6 1640
4 1641
4 1642
4 1643
8 1644
9 1645
10 1646
7 1647
8 1648
11 1649
6 1650
9 1651
7 1652
14 1653
8 1654
9 1655
8 1656
9 1657
7 1658
10 1659
4 1660
8 1661
6 1662
3 1663
3 1664
9 1665
5 1666
3 1667
10 1668
2 1669
7 1670
5 1671
11 1672
7 1673
3 1674
5 1675
5 1676
7 1677
9 1678
11 1679
5 1680
9 1681
7 1682
11 1683
7 1684
13 1685
8 1686
16 1687
6 1688
9 1689
12 1690
12 1691
10 1692
16 1693
15 1694
18 1695
14 1696
14 1697
15 1698
10 1699
18 1700
23 1701
20 1702
30 1703
27 1704
29 1705
27 1706
26 1707
30 1708
24 1709
35 1710
41 1711
34 1712
31 1713
33 1714
37 1715
44 1716
39 1717
48 1718
49 1719
45 1720
48 1721
47 1722
44 1723
43 1724
45 1725
67 1726
52 1727
65 1728
46 1729
56 1730
58 1731
51 1732
48 1733
45 1734
53 1735
52 1736
53 1737
34 1738
39 1739
48 1740
38 1741
39 1742
39 1743
29 1744
30 1745
39 1746
33 1747
39 1748
16 1749
18 1750
32 1751
27 1752
27 1753
23 1754
23 1755
20 1756
15 1757
17 1758
13 1759
16 1760
19 1761
18 1762
15 1763
14 1764
15 1765
13 1766
13 1767
11 1768
9 1769
4 1770
14 1771
13 1772
16 1773
10 1774
9 1775
6 1776
4 1777
7 1778
12 1779
3 1780
7 1781
12 1782
8 1783
6 1784
8 1785
4 1786
9 1787
6 1788
5 1789
5 1790
3 1791
4 1792
6 1793
2 1794
6 1795
8 1796
3 1797
3 1798
5 1799
4 1801
3 1802
1 1803
3 1804
4 1805
4 1806
5 1807
6 1808
6 1809
3 1810
1 1811
2 1812
6 1814
2 1815
4 1816
3 1817
5 1818
2 1819
1 1820
4 1821
7 1822
5 1823
3 1824
3 1825
1 1826
6 1827
5 1828
2 1829
1 1830
4 1831
5 1832
5 1833
4 1834
7 1835
5 1836
3 1837
1 1838
1 1839
4 1840
5 1841
3 1842
3 1843
4 1844
4 1845
4 1846
4 1847
6 1848
4 1849
4 1850
2 1851
1 1852
3 1853
2 1854
4 1855
4 1856
4 1857
1 1858
2 1859
1 1860
3 1861
1 1862
5 1863
1 1864
6 1865
2 1866
4 1867
9 1868
2 1869
1 1870
1 1871
6 1872
1 1873
2 1874
4 1875
1 1876
6 1877
4 1878
2 1880
3 1881
7 1882
3 1883
4 1884
10 1885
5 1886
6 1887
8 1888
5 1889
6 1890
13 1891
7 1892
8 1893
4 1894
9 1895
6 1896
9 1897
12 1898
10 1899
12 1900
10 1901
13 1902
14 1903
9 1904
17 1905
18 1906
17 1907
16 1908
14 1909
19 1910
17 1911
22 1912
18 1913
25 1914
37 1915
29 1916
19 1917
29 1918
32 1919
30 1920
11 1921
19 1922
25 1923
25 1924
19 1925
19 1926
30 1927
23 1928
25 1929
23 1930
15 1931
9 1932
10 1933
14 1934
16 1935
24 1936
25 1937
23 1938
8 1939
5 1940
16 1941
13 1942
10 1943
7 1944
13 1945
11 1946
4 1947
9 1948
5 1949
2 1950
4 1951
4 1952
4 1953
6 1954
4 1955
3 1956
1 1957
2 1958
1 1959
4 1960
4 1961
3 1962
2 1963
1 1964
1 1965
1 1967
2 1968
2 1969
3 1970
1 1973
2 1974
1 1978
2 1979
2 1980
1 1982
1 1986
1 1991
1 1993
1 1995
1 1996
1 2000
1 2015
1 2016
1 2025
1 2027
1 2034
1 2042
1 2045
1 2055
1 2061
1 2064
1 2076
1 2078
1 2087
1 2090
1 2096
1 2097
1 2102
1 2112
1 2114
1 2117
1 2119
1 2134
1 2137
1 2147
2 2149
1 2152
1 2166
1 2177
1 2184
1 2185
1 2202
1 2212
1 2215
1 2216
2 2228
1 2238
1 2249
1 2254
1 2261
1 2281
1 2284
1 2291
1 2301
1 2305
1 2314
1 2323
1 2333
1 2335
1 2336
1 2337
2 2340
1 2349
1 2352
1 2357
1 2361
2 2366
1 2367
1 2369
1 2381
1 2384
1 2390
1 2393
1 2398
1 2415
1 2426
1 2433
1 2437
1 2449
1 2481
1 2486
2 2499
1 2516
1 2519
1 2527
1 2528
1 2531
1 2536
1 2543
1 2546
1 2558
1 2564
1 2580
1 2589
1 2598
1 2599
1 2600
1 2602
1 2605
1 2611
1 2612
3 2615
1 2616
1 2617
1 2619
1 2620
1 2621
1 2623
1 2624
1 2626
1 2627
1 2628
2 2629
1 2631
1 2632
2 2633
1 2635
3 2637
1 2640
1 2641
2 2643
2 2646
2 2648
1 2649
3 2650
1 2652
1 2653
1 2657
1 2660
2 2662
1 2665
1 2668
2 2670
1 2671
1 2680
1 2689
1 2711
1 2727
1 2728
1 2767
1 2786
1 2798
1 2805
1 2806
1 2817
1 2847
1 2898
1 2899
1 2910
1 2917
1 2923
1 2935
1 2936
1 2938
1 2946
1 2950
1 2956
2 2959
1 2962
1 2965
1 2969
1 2990
1 3029
1 3032
1 3038
1 3040
1 3079
1 3127
1 3193
1 3211
1 3241
1 3353
1 3401
1 3411
1 3416
1 3428
1 3453
1 3516
1 3547
1 3796
1 3960
1 4487
1 4603
1 4661
