1 7
1 8
1 10
1 13
1 14
1 18
1 19
1 28
1 29
2 34
1 36
1 38
1 41
1 46
1 49
1 51
2 52
1 54
1 55
3 56
1 60
2 63
1 67
4 68
1 71
1 77
1 78
2 80
2 83
1 85
1 86
2 87
1 90
2 93
2 94
1 95
1 100
1 102
2 103
1 104
1 105
1 106
1 107
2 108
2 109
1 110
1 111
2 113
1 114
1 116
1 118
1 119
3 122
1 123
1 124
3 125
2 127
2 128
1 131
1 132
3 133
2 134
1 135
1 138
1 140
1 142
1 145
1 146
1 147
1 148
1 149
1 151
4 152
1 153
1 155
1 156
3 159
1 161
1 162
2 164
1 165
1 167
2 168
1 169
1 170
1 171
1 172
2 173
2 174
3 176
4 177
1 179
1 180
2 183
1 185
1 186
1 187
3 188
2 190
1 191
1 193
2 194
1 196
1 197
1 198
2 199
2 200
2 201
1 202
1 204
1 205
2 207
3 209
2 212
1 213
1 214
1 217
2 218
1 219
1 220
1 221
3 224
1 225
2 226
1 227
1 229
2 230
4 231
1 232
1 233
3 234
1 235
2 238
3 239
4 241
3 242
5 243
1 244
4 245
1 246
3 247
5 248
4 249
1 250
2 251
6 252
7 253
3 254
7 255
6 256
4 258
1 259
6 260
2 262
3 263
1 264
1 266
1 268
1 269
1 270
2 271
1 272
2 273
1 275
2 277
2 278
3 279
5 280
4 281
2 283
1 284
5 285
6 286
4 287
3 288
2 289
7 290
5 291
3 293
6 295
1 296
1 297
3 298
1 299
2 300
5 301
2 304
1 305
1 306
1 307
2 308
1 309
1 310
1 311
1 312
1 313
1 314
1 316
3 317
1 318
3 319
2 320
1 322
3 323
1 324
1 325
5 326
2 327
3 328
1 329
4 330
3 331
5 332
6 333
4 334
4 335
2 336
1 337
2 338
3 340
3 341
2 342
1 343
4 344
2 345
3 347
6 348
1 349
4 350
1 351
3 352
3 353
1 354
4 355
2 356
3 357
2 358
3 359
2 360
1 361
1 362
4 363
4 364
4 365
4 366
3 367
5 368
2 369
3 370
4 371
4 372
3 373
6 374
4 375
4 376
2 377
2 378
3 380
2 381
2 382
2 383
5 384
3 385
2 386
2 387
6 388
2 389
3 390
5 391
4 392
4 393
8 394
3 395
3 396
11 397
4 398
9 399
8 400
7 401
12 402
8 403
10 404
19 405
21 406
23 407
15 408
13 409
19 410
19 411
29 412
18 413
22 414
26 415
29 416
22 417
16 418
14 419
8 420
9 421
11 422
5 423
8 424
4 425
6 426
2 427
4 428
3 429
1 430
2 431
5 432
2 433
1 434
1 435
4 436
1 437
2 438
2 439
1 440
2 441
2 442
3 444
2 445
4 446
4 447
1 448
3 449
2 450
2 451
2 452
2 453
1 454
1 455
2 456
1 457
2 458
1 459
5 460
4 462
2 463
2 464
1 465
4 466
2 467
3 468
6 469
3 470
4 471
3 472
6 473
3 474
4 475
6 476
2 477
3 478
2 479
7 480
2 481
2 483
1 485
1 486
3 487
2 488
1 489
1 490
2 494
1 495
1 496
1 498
1 499
1 502
1 506
2 507
1 509
2 510
1 512
1 514
2 515
3 517
1 518
2 519
2 520
1 521
1 523
2 524
1 526
1 527
1 529
1 530
1 531
1 533
2 536
3 537
2 538
2 540
1 541
3 542
1 543
1 544
1 545
2 546
1 547
1 549
2 552
2 557
1 560
2 561
1 562
3 563
1 564
2 566
1 567
1 568
3 569
2 572
1 573
2 575
1 576
2 577
1 578
3 581
2 583
1 584
3 588
1 589
1 590
1 591
1 592
1 594
2 596
1 597
3 598
2 600
2 601
1 602
2 603
1 607
3 608
2 610
2 611
1 612
1 617
2 618
2 619
3 620
1 622
2 623
1 624
2 626
4 627
2 628
1 629
1 630
1 631
4 632
1 633
1 634
1 635
1 637
2 638
3 639
2 640
1 641
1 642
2 645
4 646
1 647
1 648
2 650
3 651
5 653
2 654
2 655
1 658
2 659
2 660
1 661
2 662
2 663
3 664
5 665
1 666
5 667
2 668
5 669
3 670
5 671
4 672
3 673
1 674
4 675
3 676
2 677
2 678
4 679
3 681
3 682
3 683
2 684
2 686
7 687
1 688
4 689
3 690
3 692
5 693
7 694
5 695
2 696
2 697
3 698
5 699
4 700
4 701
3 702
6 703
2 704
7 705
12 706
8 707
6 708
7 709
7 710
8 711
2 712
7 713
11 714
9 715
6 716
5 717
8 718
12 719
8 720
7 721
10 722
14 723
11 724
9 725
12 726
10 727
11 728
8 729
9 730
8 731
6 732
7 733
9 734
14 735
8 736
11 737
8 738
2 739
11 740
7 741
9 742
12 743
14 744
8 745
6 746
11 747
10 748
7 749
7 750
7 751
13 752
11 753
9 754
11 755
12 756
11 757
9 758
11 759
13 760
8 761
7 762
9 763
4 764
13 765
8 766
7 767
10 768
8 769
10 770
5 771
11 772
9 773
8 774
8 775
7 776
9 777
5 778
10 779
9 780
7 781
6 782
9 783
4 784
8 785
5 786
6 787
9 788
7 789
10 790
14 791
8 792
10 793
10 794
10 795
15 796
14 797
10 798
11 799
9 800
13 801
26 802
20 803
19 804
24 805
26 806
23 807
28 808
28 809
33 810
43 811
32 812
45 813
43 814
54 815
54 816
48 817
56 818
52 819
70 820
80 821
68 822
88 823
95 824
85 825
84 826
84 827
77 828
84 829
68 830
75 831
76 832
88 833
79 834
64 835
62 836
63 837
54 838
46 839
50 840
41 841
36 842
28 843
29 844
34 845
29 846
31 847
25 848
21 849
28 850
23 851
27 852
28 853
20 854
23 855
21 856
25 857
31 858
31 859
36 860
29 861
24 862
22 863
30 864
20 865
25 866
20 867
21 868
14 869
24 870
18 871
17 872
16 873
13 874
9 875
22 876
10 877
12 878
11 879
7 880
5 881
6 882
4 883
5 884
4 885
3 886
3 887
4 888
2 889
2 892
3 893
1 895
3 896
2 897
1 898
1 900
2 901
4 903
1 904
2 905
2 906
1 907
1 908
1 909
4 910
1 911
2 912
2 913
1 915
2 916
1 917
1 918
3 919
1 920
1 921
3 922
1 924
4 925
4 926
1 928
3 929
3 930
4 932
1 933
2 934
1 936
3 937
1 938
2 939
2 940
3 941
2 942
4 943
4 944
3 945
3 946
8 947
1 948
2 949
1 950
2 951
5 952
4 953
2 954
1 955
2 956
2 959
1 960
5 961
2 962
4 963
3 964
6 965
1 966
2 967
4 968
1 969
6 970
2 971
5 972
4 973
2 974
2 975
3 976
2 977
2 978
4 979
4 980
1 981
2 982
2 983
5 984
1 985
1 988
2 989
1 990
2 991
1 992
1 994
3 995
1 997
2 999
1 1000
4 1001
2 1002
2 1003
1 1004
3 1005
1 1007
2 1008
5 1009
4 1010
4 1011
4 1012
5 1013
3 1014
4 1015
8 1016
9 1017
3 1018
4 1019
9 1020
9 1021
12 1022
11 1023
8 1024
7 1025
11 1026
15 1027
9 1028
8 1029
4 1030
9 1031
5 1032
10 1033
11 1034
3 1035
6 1036
12 1037
5 1038
10 1039
2 1040
5 1041
9 1042
7 1043
1 1044
3 1045
5 1046
3 1047
3 1048
3 1049
4 1051
5 1052
2 1053
7 1054
6 1055
3 1056
2 1057
4 1058
6 1059
8 1060
5 1061
5 1062
5 1063
2 1064
9 1065
4 1066
5 1067
4 1068
5 1069
4 1070
1 1071
6 1072
1 1073
7 1074
8 1075
3 1076
6 1077
5 1078
6 1079
8 1080
8 1081
7 1082
4 1083
10 1084
5 1085
3 1086
6 1087
5 1088
10 1089
4 1090
9 1091
6 1092
8 1093
6 1094
7 1095
6 1096
4 1097
7 1098
3 1099
6 1100
3 1101
3 1102
4 1103
3 1104
3 1105
6 1106
6 1107
3 1108
5 1109
5 1110
8 1111
2 1112
4 1113
4 1114
6 1115
6 1116
5 1117
6 1118
5 1119
6 1120
3 1121
3 1122
9 1123
4 1124
1 1125
5 1126
3 1127
8 1128
2 1129
2 1130
5 1131
4 1132
3 1133
6 1134
1 1135
4 1136
2 1137
1 1138
3 1139
2 1140
1 1141
1 1143
1 1144
1 1145
1 1151
2 1152
1 1155
1 1160
2 1164
1 1166
2 1167
1 1168
1 1172
1 1179
2 1180
1 1181
1 1184
1 1185
1 1194
1 1195
2 1199
1 1216
1 1218
1 1220
1 1226
1 1228
1 1229
1 1230
1 1232
1 1233
1 1236
1 1241
1 1243
2 1244
1 1245
1 1246
1 1247
2 1248
2 1250
1 1251
1 1253
1 1254
2 1255
1 1256
4 1257
1 1259
4 1261
1 1262
2 1263
1 1264
1 1265
1 1267
1 1269
1 1270
1 1272
3 1274
1 1276
1 1278
1 1282
1 1283
1 1288
1 1292
1 1294
1 1295
2 1298
1 1299
1 1300
1 1301
1 1303
1 1306
1 1312
1 1314
1 1316
2 1318
2 1319
2 1323
2 1324
2 1325
1 1328
2 1331
1 1332
1 1333
3 1334
1 1335
2 1337
1 1338
1 1340
2 1341
2 1343
2 1344
2 1345
2 1346
3 1347
2 1349
3 1350
3 1351
2 1352
1 1354
4 1355
4 1356
4 1357
5 1358
4 1359
3 1360
4 1362
4 1363
6 1364
4 1365
6 1366
4 1367
4 1368
6 1369
5 1370
8 1371
2 1372
6 1373
7 1374
10 1375
5 1376
7 1377
11 1378
12 1379
5 1380
10 1381
13 1382
10 1383
3 1384
9 1385
7 1386
6 1387
7 1388
5 1389
11 1390
7 1391
5 1392
6 1393
8 1394
4 1395
5 1396
9 1397
2 1398
12 1399
7 1400
3 1401
3 1402
2 1405
2 1407
2 1408
2 1409
3 1410
1 1412
1 1414
1 1417
1 1418
1 1419
1 1421
1 1425
1 1427
1 1428
1 1430
2 1433
2 1434
1 1443
1 1447
2 1449
1 1452
1 1453
1 1457
1 1463
1 1464
1 1465
1 1478
1 1485
1 1488
1 1498
1 1501
1 1508
1 1511
1 1522
1 1535
2 1552
1 1554
1 1560
1 1562
1 1566
1 1571
1 1574
1 1588
1 1591
1 1595
1 1597
1 1598
1 1600
1 1601
1 1607
3 1611
1 1614
1 1616
1 1618
1 1620
1 1632
1 1633
1 1635
1 1638
1 1641
1 1644
1 1648
1 1654
1 1656
1 1663
1 1666
1 1669
1 1671
1 1672
1 1673
1 1680
1 1688
1 1689
1 1693
1 1703
1 1706
2 1709
1 1710
1 1712
1 1714
1 1717
1 1726
1 1727
1 1728
2 1732
1 1747
1 1748
1 1749
1 1756
1 1760
1 1777
1 1784
1 1790
1 1791
1 1796
2 1804
1 1807
2 1809
1 1810
1 1812
1 1816
1 1817
1 1820
1 1833
1 1837
1 1839
1 1841
1 1844
2 1849
1 1850
1 1863
1 1869
1 1870
1 1877
1 1883
1 1884
2 1890
2 1891
1 1895
1 1896
1 1900
1 1901
1 1902
1 1903
1 1919
1 1926
1 1927
1 1930
1 1931
2 1932
1 1935
1 1936
1 1938
1 1941
2 1945
1 1946
2 1951
3 1953
1 1956
1 1958
2 1967
1 1970
1 1972
1 1976
1 1977
1 1978
1 1982
1 1983
1 1984
1 1987
1 1989
1 1990
1 1991
1 1993
2 1997
1 1998
1 1999
1 2000
1 2002
2 2003
2 2005
1 2007
1 2008
1 2010
1 2011
2 2019
2 2020
2 2021
1 2022
1 2024
3 2027
3 2030
2 2032
1 2034
1 2036
2 2037
1 2038
1 2039
5 2042
1 2043
1 2045
2 2046
1 2047
2 2048
2 2049
2 2050
1 2056
1 2058
1 2060
1 2066
1 2068
1 2069
1 2070
1 2071
1 2073
1 2074
2 2076
1 2079
2 2085
1 2087
1 2088
1 2093
1 2100
1 2104
1 2106
2 2107
1 2110
2 2117
1 2120
1 2125
1 2127
1 2129
2 2131
1 2133
1 2136
1 2137
2 2138
1 2139
1 2140
3 2142
2 2143
2 2146
1 2147
1 2148
1 2149
2 2150
1 2151
1 2152
2 2153
2 2155
2 2156
1 2157
3 2158
1 2159
1 2160
4 2161
3 2162
3 2163
2 2166
1 2169
1 2171
3 2174
5 2175
2 2176
2 2178
2 2180
1 2181
2 2183
3 2184
1 2187
1 2188
2 2189
2 2194
1 2195
1 2196
1 2197
1 2200
1 2201
1 2202
1 2204
1 2205
2 2208
1 2210
1 2212
1 2214
1 2216
3 2222
1 2225
2 2226
3 2227
1 2229
1 2230
1 2231
2 2232
1 2237
4 2240
1 2241
2 2244
3 2246
1 2249
1 2255
1 2259
2 2261
1 2265
1 2267
1 2268
1 2269
1 2270
2 2271
1 2272
2 2273
1 2274
1 2275
3 2276
1 2277
1 2278
1 2279
1 2280
2 2281
1 2282
1 2283
1 2284
1 2285
6 2286
3 2287
2 2288
1 2289
1 2291
3 2293
4 2294
2 2296
3 2298
1 2299
4 2301
4 2302
2 2303
3 2304
1 2305
2 2306
2 2309
3 2311
2 2313
1 2314
2 2315
2 2316
4 2317
1 2318
1 2319
5 2320
3 2321
3 2322
1 2324
2 2326
1 2327
1 2328
4 2330
1 2331
1 2332
2 2333
1 2334
2 2335
1 2336
2 2337
1 2338
3 2339
2 2340
1 2341
1 2343
3 2344
2 2345
1 2346
4 2347
4 2348
2 2349
3 2350
3 2351
2 2352
4 2353
2 2354
2 2356
2 2357
2 2358
3 2359
1 2360
3 2361
3 2362
2 2363
2 2364
3 2365
1 2366
1 2367
3 2368
3 2369
6 2370
2 2371
3 2372
1 2373
3 2374
1 2375
1 2378
5 2379
4 2380
4 2381
4 2382
5 2383
6 2384
3 2385
1 2386
1 2387
5 2388
4 2389
7 2390
5 2391
6 2392
2 2393
3 2394
7 2395
9 2396
9 2397
3 2398
3 2399
7 2400
2 2401
1 2402
4 2403
3 2404
6 2405
7 2406
3 2407
9 2408
3 2409
5 2410
3 2411
7 2412
2 2413
6 2414
3 2415
3 2416
5 2417
7 2418
8 2419
7 2420
4 2421
4 2422
2 2423
6 2424
4 2425
3 2426
3 2427
3 2428
8 2429
4 2430
1 2431
4 2433
6 2434
3 2435
1 2436
2 2437
4 2438
3 2439
4 2440
2 2441
4 2442
5 2443
4 2444
6 2445
4 2446
2 2447
8 2448
3 2449
6 2450
2 2451
10 2452
2 2453
5 2454
5 2455
4 2456
4 2457
6 2458
4 2459
3 2460
6 2461
9 2462
5 2463
8 2464
8 2465
7 2466
3 2467
8 2468
13 2469
7 2470
10 2471
9 2472
14 2473
6 2474
9 2475
10 2476
4 2477
10 2478
10 2479
14 2480
7 2481
15 2482
11 2483
12 2484
17 2485
9 2486
5 2487
14 2488
8 2489
13 2490
13 2491
14 2492
21 2493
12 2494
10 2495
14 2496
10 2497
15 2498
12 2499
10 2500
8 2501
13 2502
9 2503
9 2504
10 2505
10 2506
10 2507
10 2508
11 2509
4 2510
11 2511
7 2512
7 2513
11 2514
7 2515
8 2516
5 2517
3 2518
8 2519
10 2520
6 2521
3 2522
5 2523
5 2524
3 2526
7 2527
1 2528
1 2529
3 2530
4 2531
5 2532
2 2533
1 2534
1 2535
1 2536
2 2538
1 2539
1 2540
1 2541
1 2542
1 2544
3 2545
2 2546
1 2548
2 2549
1 2550
2 2551
2 2552
2 2554
2 2555
1 2556
1 2558
2 2561
2 2563
1 2566
3 2568
1 2570
1 2571
1 2572
1 2573
1 2574
2 2576
1 2579
2 2582
1 2583
1 2584
1 2585
1 2586
1 2587
1 2588
1 2589
1 2590
1 2592
1 2593
1 2594
1 2595
1 2596
3 2602
2 2604
1 2605
1 2613
2 2614
2 2615
2 2617
2 2618
1 2619
1 2622
2 2626
1 2627
2 2628
1 2629
1 2642
1 2647
1 2648
1 2650
1 2651
1 2654
1 2655
1 2658
2 2661
1 2663
2 2664
2 2666
1 2667
2 2668
1 2671
1 2672
2 2674
2 2677
1 2680
1 2681
1 2685
2 2688
1 2691
2 2692
1 2693
3 2694
1 2695
6 2696
3 2697
3 2699
1 2700
2 2701
2 2702
3 2703
3 2705
1 2706
2 2707
1 2708
1 2709
1 2710
7 2711
4 2712
2 2713
1 2714
2 2715
1 2716
4 2717
2 2718
2 2720
1 2721
5 2722
2 2723
1 2724
1 2725
2 2726
3 2727
1 2728
2 2729
4 2730
1 2731
3 2732
2 2733
3 2734
2 2735
3 2736
1 2737
1 2738
3 2739
4 2740
1 2743
1 2745
2 2746
1 2747
3 2748
1 2752
1 2756
1 2763
2 2764
3 2766
2 2767
1 2769
1 2771
1 2773
1 2775
1 2777
1 2779
2 2781
1 2784
1 2786
1 2788
1 2790
2 2791
1 2793
2 2795
1 2797
1 2799
1 2800
1 2801
1 2802
1 2805
1 2806
1 2808
1 2809
1 2811
1 2812
1 2814
1 2816
1 2819
1 2823
1 2825
1 2828
1 2831
1 2833
1 2839
1 2840
1 2842
1 2843
1 2845
1 2846
2 2852
1 2862
1 2869
1 2889
1 2892
1 2901
1 2914
1 2926
1 2992
1 3002
1 3008
1 3009
1 3037
1 3042
1 3051
1 3068
1 3072
1 3073
1 3079
1 3082
1 3084
2 3099
2 3101
2 3103
1 3108
2 3109
2 3110
1 3113
1 3123
2 3124
2 3125
1 3128
1 3129
1 3131
1 3133
2 3137
2 3138
2 3141
1 3142
1 3143
1 3148
1 3151
1 3152
2 3154
1 3157
2 3159
1 3160
1 3161
2 3162
1 3163
2 3164
1 3171
1 3172
1 3175
1 3176
1 3187
1 3204
1 3247
1 3250
1 3399
1 3405
1 3448
1 3482
1 3531
1 3554
1 3802
1 3965
1 4287
1 4288
1 4326
