1 1
1 4
1 9
2 13
1 18
2 22
1 24
1 25
1 26
1 31
3 37
3 38
2 39
5 40
10 41
1 42
1 43
2 44
2 48
1 49
2 51
1 52
1 54
1 57
1 61
2 62
1 64
1 66
3 69
2 72
1 73
1 75
1 76
1 77
1 78
1 83
1 85
1 86
1 87
3 88
1 89
3 90
1 92
1 93
1 94
1 96
2 97
1 99
1 100
2 102
1 107
2 108
1 109
1 110
1 111
2 112
2 117
2 118
1 119
1 120
1 121
2 122
2 124
5 125
2 127
1 128
5 129
3 130
4 131
3 132
6 133
5 134
14 135
11 136
17 137
13 138
24 139
16 140
21 141
19 142
20 143
11 144
7 145
5 146
2 147
6 148
3 149
6 150
4 151
1 152
6 153
7 154
6 155
2 156
2 157
10 158
4 160
6 161
2 162
2 163
3 164
1 165
3 167
1 168
2 169
1 170
2 171
1 172
1 173
2 174
2 175
3 176
3 177
1 178
2 179
5 180
1 181
5 182
3 183
1 184
2 185
2 186
2 187
5 188
1 189
2 190
4 191
5 192
1 193
2 194
5 195
3 196
2 197
3 198
1 199
4 200
3 201
7 202
2 203
2 204
1 205
1 206
3 207
2 208
4 209
3 210
4 211
6 212
5 213
3 214
2 215
4 216
3 217
3 218
4 220
9 221
2 222
3 223
1 224
2 225
2 226
4 227
2 228
3 229
2 230
2 231
4 232
3 233
1 234
4 235
3 236
2 237
6 238
3 239
6 240
3 241
5 242
4 243
1 244
5 245
2 246
1 247
3 248
3 249
3 250
4 251
2 252
6 253
3 254
2 255
5 256
12 257
7 258
5 259
5 260
8 261
7 262
14 263
12 264
14 265
17 266
8 267
24 268
17 269
32 270
37 271
32 272
27 273
33 274
31 275
26 276
19 277
16 278
22 279
12 280
18 281
9 282
16 283
9 284
8 285
5 286
6 287
7 288
8 289
4 290
4 291
6 292
5 293
4 294
6 295
5 296
8 297
2 298
1 299
1 300
3 301
6 302
4 303
5 304
7 305
3 306
5 307
6 308
2 309
6 310
6 311
7 312
4 313
3 314
8 315
7 316
5 317
8 318
5 319
6 320
8 321
13 322
4 323
7 324
7 325
6 326
7 327
7 328
5 329
9 330
7 331
10 332
8 333
4 334
12 335
9 336
18 337
19 338
17 339
20 340
25 341
18 342
23 343
18 344
21 345
21 346
12 347
19 348
21 349
11 350
15 351
15 352
22 353
17 354
21 355
24 356
26 357
27 358
39 359
41 360
42 361
55 362
72 363
71 364
48 365
72 366
68 367
78 368
77 369
65 370
71 371
48 372
56 373
46 374
38 375
33 376
17 377
14 378
23 379
16 380
8 381
9 382
8 383
5 384
4 385
3 386
4 387
3 388
3 389
5 390
4 391
2 392
8 393
4 394
2 395
6 396
4 397
5 398
2 399
3 400
4 402
1 403
4 404
2 405
1 406
1 407
3 408
3 409
4 410
4 411
1 412
2 413
1 414
5 415
3 416
3 417
2 418
7 419
5 420
4 421
6 422
3 423
2 424
3 425
6 426
3 427
2 428
3 429
7 430
7 431
2 432
4 433
4 434
7 435
6 436
3 437
4 438
4 439
1 440
2 441
2 442
7 443
6 444
6 445
4 446
3 447
3 448
2 449
3 450
3 451
8 452
5 453
4 454
3 455
5 456
5 457
7 458
3 459
7 460
4 461
4 462
8 463
2 464
7 465
2 466
2 467
6 468
7 469
6 470
8 471
4 472
4 473
2 474
3 475
7 476
6 477
10 478
6 479
3 480
3 481
5 482
5 483
7 484
6 485
4 486
5 487
4 488
4 489
5 490
6 491
7 492
12 493
8 494
9 495
12 496
5 497
8 498
5 499
10 500
14 501
16 502
9 503
14 504
13 505
14 506
12 507
9 508
11 509
11 510
19 511
18 512
15 513
14 514
22 515
28 516
30 517
29 518
32 519
26 520
26 521
27 522
24 523
24 524
48 525
43 526
46 527
38 528
31 529
44 530
41 531
54 532
32 533
48 534
46 535
60 536
49 537
57 538
69 539
74 540
81 541
83 542
71 543
97 544
126 545
170 546
174 547
198 548
201 549
233 550
248 551
273 552
288 553
293 554
276 555
289 556
315 557
309 558
270 559
300 560
226 561
239 562
195 563
185 564
133 565
142 566
132 567
101 568
57 569
58 570
57 571
39 572
35 573
22 574
29 575
26 576
16 577
18 578
18 579
13 580
10 581
6 582
7 583
12 584
5 585
6 586
4 587
4 588
8 589
6 590
4 591
4 592
6 593
4 594
2 595
7 596
9 597
1 598
5 599
8 600
6 601
3 602
3 603
6 604
5 605
4 606
6 607
4 608
3 609
4 610
3 611
3 612
10 613
4 614
5 615
7 616
3 617
3 618
6 619
5 620
4 621
5 622
4 623
6 624
3 625
4 626
5 627
10 628
4 629
11 630
7 631
5 632
4 633
9 634
6 635
8 636
6 637
4 638
6 639
9 640
7 641
10 642
8 643
9 644
16 645
10 646
4 647
7 648
9 649
6 650
11 651
11 652
9 653
15 654
8 655
10 656
13 657
10 658
14 659
10 660
17 661
13 662
19 663
15 664
18 665
13 666
20 667
13 668
13 669
16 670
19 671
18 672
24 673
20 674
13 675
22 676
23 677
19 678
31 679
38 680
23 681
27 682
32 683
41 684
46 685
58 686
58 687
50 688
62 689
70 690
70 691
60 692
60 693
74 694
84 695
87 696
87 697
100 698
75 699
80 700
94 701
81 702
81 703
64 704
62 705
67 706
69 707
56 708
62 709
57 710
57 711
48 712
43 713
32 714
24 715
30 716
32 717
22 718
31 719
30 720
16 721
19 722
12 723
15 724
14 725
12 726
16 727
12 728
5 729
9 730
3 731
5 732
10 733
9 734
6 735
9 736
10 737
6 738
12 739
6 740
3 741
8 742
6 743
13 744
4 745
9 746
13 747
7 748
4 749
6 750
10 751
7 752
8 753
6 754
4 755
3 756
3 757
11 758
12 759
6 760
11 761
6 762
6 763
8 764
10 765
9 766
6 767
3 768
5 769
4 770
6 771
9 772
2 773
6 774
4 775
6 776
2 777
5 778
5 779
2 780
3 781
7 782
11 783
7 784
5 785
5 786
3 787
5 788
8 789
3 790
5 791
7 792
4 793
4 794
6 795
3 796
4 797
6 798
6 799
6 800
7 801
6 802
2 803
7 804
6 805
7 806
11 807
8 808
8 809
14 810
6 811
6 812
10 813
9 814
15 815
9 816
13 817
16 818
5 819
18 820
14 821
13 822
11 823
11 824
10 825
11 826
18 827
17 828
17 829
16 830
14 831
21 832
11 833
26 834
29 835
25 836
28 837
24 838
26 839
30 840
36 841
34 842
37 843
26 844
48 845
47 846
52 847
57 848
63 849
76 850
66 851
82 852
85 853
85 854
83 855
88 856
110 857
108 858
119 859
116 860
87 861
118 862
90 863
77 864
111 865
93 866
98 867
83 868
83 869
122 870
89 871
83 872
106 873
102 874
110 875
107 876
106 877
97 878
116 879
94 880
119 881
113 882
117 883
118 884
101 885
127 886
92 887
107 888
87 889
96 890
105 891
67 892
91 893
88 894
64 895
63 896
64 897
55 898
55 899
44 900
39 901
34 902
30 903
33 904
28 905
24 906
14 907
16 908
12 909
15 910
13 911
9 912
8 913
8 914
9 915
9 916
6 917
4 918
5 919
5 920
9 921
5 922
4 923
3 924
2 925
1 926
4 927
6 928
5 929
5 930
4 931
4 932
2 933
4 934
4 935
7 936
4 937
6 938
2 939
6 940
3 941
7 942
4 943
5 944
5 945
5 946
6 947
5 948
4 949
3 950
5 952
6 953
3 954
2 955
6 956
5 957
2 958
6 959
3 960
6 961
4 962
5 963
3 964
9 965
7 966
1 967
11 968
9 969
10 970
12 971
7 972
12 973
14 974
15 975
14 976
8 977
13 978
11 979
15 980
20 981
14 982
26 983
22 984
29 985
24 986
33 987
30 988
33 989
32 990
29 991
32 992
27 993
27 994
34 995
25 996
31 997
18 998
23 999
26 1000
21 1001
21 1002
32 1003
17 1004
20 1005
13 1006
18 1007
14 1008
15 1009
17 1010
15 1011
11 1012
16 1013
9 1014
16 1015
13 1016
6 1017
7 1018
7 1019
11 1020
4 1021
7 1022
12 1023
9 1024
11 1025
14 1026
8 1027
10 1028
6 1029
5 1030
8 1031
6 1032
4 1033
9 1034
5 1035
3 1036
3 1037
4 1038
5 1039
4 1040
4 1041
8 1042
8 1043
4 1044
9 1045
2 1046
2 1047
3 1048
4 1049
4 1050
3 1051
2 1052
1 1053
2 1054
2 1056
1 1057
2 1058
4 1059
2 1060
3 1061
1 1065
1 1067
1 1068
2 1071
2 1072
2 1073
1 1074
2 1075
5 1076
1 1078
2 1079
3 1080
1 1083
2 1085
3 1086
1 1087
2 1088
2 1089
1 1090
2 1091
3 1092
1 1094
1 1095
2 1097
4 1099
2 1100
5 1102
7 1103
1 1105
1 1106
1 1108
1 1109
3 1110
3 1111
4 1114
3 1116
4 1117
3 1118
2 1119
4 1120
3 1121
6 1122
4 1123
3 1124
3 1125
2 1126
3 1127
5 1128
4 1129
6 1130
3 1131
8 1132
3 1133
10 1134
6 1135
4 1136
5 1137
3 1138
5 1139
6 1140
5 1141
6 1142
1 1143
4 1144
3 1145
2 1146
3 1147
4 1148
2 1149
3 1150
3 1151
2 1152
1 1153
3 1154
12 1155
4 1156
4 1157
1 1158
2 1159
1 1160
2 1161
2 1162
2 1163
2 1164
3 1165
2 1166
1 1167
2 1169
2 1171
1 1183
1 1187
1 1194
1 1195
1 1200
1 1206
1 1208
1 1210
1 1215
1 1222
1 1231
1 1236
1 1240
1 1250
1 1271
1 1273
1 1284
1 1295
1 1297
2 1298
1 1299
1 1303
1 1305
2 1306
1 1308
1 1309
1 1310
1 1311
1 1313
1 1314
1 1315
1 1318
3 1319
2 1320
1 1321
1 1322
2 1323
2 1330
2 1331
1 1335
1 1339
1 1340
1 1342
1 1344
1 1348
1 1349
2 1350
1 1358
1 1359
1 1368
1 1382
1 1385
1 1386
1 1387
1 1396
1 1397
1 1409
1 1416
1 1435
1 1440
1 1450
1 1457
1 1465
1 1469
1 1473
1 1476
1 1477
1 1497
1 1510
1 1522
1 1531
1 1538
1 1547
1 1550
1 1566
1 1577
1 1588
1 1593
1 1606
1 1613
1 1615
2 1623
1 1631
1 1633
1 1639
1 1641
1 1644
2 1646
2 1649
1 1650
1 1683
1 1691
1 1701
1 1715
1 1718
1 1755
1 1756
1 1771
1 1793
2 1799
1 1802
1 1805
1 1813
1 1815
1 1818
1 1819
1 1821
1 1825
1 1827
2 1831
2 1835
1 1837
1 1841
1 1843
1 1849
1 1850
1 1854
1 1859
1 1860
1 1861
1 1864
1 1867
1 1870
1 1875
1 1879
1 1884
1 1894
1 1897
1 1906
1 1909
1 1915
1 1919
1 1930
1 1936
1 1940
1 1953
1 1958
1 1960
1 1966
1 1989
2 1992
1 2004
1 2018
1 2027
1 2034
1 2043
1 2076
1 2099
1 2104
1 2127
1 2211
1 2250
1 2308
1 2314
1 2320
2 2377
1 2381
1 2382
1 2403
1 2408
1 2432
1 2522
1 2737
1 2760
1 2838
1 2861
1 3083
1 3106
1 3317
1 3455
1 3499
1 3524
1 3741
1 3748
1 3752
1 3777
1 3795
1 3827
1 3834
1 3918
