9 1
2 2
1 4
3 5
2 6
1 8
1 9
1 11
1 12
1 13
2 14
1 15
1 16
1 18
3 21
1 22
1 23
3 24
2 25
1 26
2 27
1 28
1 29
1 30
1 31
1 32
2 33
2 34
3 35
3 36
1 37
2 38
3 39
1 41
1 42
1 43
1 44
4 45
3 46
3 47
4 48
1 49
3 50
2 51
2 52
4 53
5 54
3 56
2 57
1 58
3 59
3 60
5 61
3 62
2 63
4 64
4 65
2 66
4 67
4 68
6 69
3 70
6 71
6 72
6 73
8 74
5 75
5 76
5 77
4 78
4 79
7 80
6 81
4 82
5 83
3 84
2 85
5 86
4 87
4 88
4 89
3 90
2 91
6 92
8 93
1 94
6 95
5 96
4 97
4 98
5 99
7 100
6 101
3 102
2 103
13 104
10 105
5 106
8 107
1 108
8 109
7 110
6 111
8 112
7 113
8 114
3 115
5 116
10 117
6 118
12 119
12 120
10 121
8 122
10 123
9 124
15 125
7 126
12 127
7 128
6 129
10 130
6 131
8 132
6 133
8 134
6 135
2 136
3 137
7 138
3 139
6 140
11 141
4 142
7 143
4 144
4 145
11 146
4 147
9 148
11 149
5 150
11 151
7 152
10 153
13 154
6 155
14 156
16 157
19 158
11 159
17 160
22 161
20 162
17 163
30 164
17 165
14 166
11 167
17 168
10 169
8 170
10 171
9 172
5 173
11 174
8 175
7 176
6 177
5 178
4 179
12 180
12 181
9 182
9 183
10 184
16 185
17 186
20 187
21 188
31 189
35 190
49 191
58 192
70 193
91 194
86 195
130 196
117 197
110 198
104 199
102 200
67 201
69 202
46 203
35 204
33 205
28 206
24 207
22 208
20 209
10 210
13 211
8 212
12 213
11 214
9 215
6 216
13 217
15 218
12 219
7 220
7 221
11 222
9 223
13 224
10 225
11 226
18 227
10 228
14 229
18 230
6 231
11 232
9 233
16 234
20 235
10 236
12 237
11 238
14 239
8 240
19 241
22 242
19 243
16 244
9 245
19 246
16 247
16 248
15 249
8 250
18 251
23 252
12 253
14 254
21 255
28 256
18 257
24 258
28 259
29 260
18 261
26 262
28 263
28 264
28 265
24 266
28 267
23 268
28 269
20 270
24 271
22 272
22 273
29 274
28 275
37 276
29 277
24 278
31 279
28 280
28 281
27 282
28 283
22 284
27 285
29 286
24 287
25 288
29 289
28 290
39 291
42 292
41 293
51 294
54 295
51 296
57 297
63 298
72 299
77 300
88 301
109 302
93 303
78 304
82 305
114 306
87 307
86 308
79 309
77 310
70 311
70 312
67 313
61 314
66 315
66 316
76 317
81 318
97 319
91 320
93 321
132 322
110 323
124 324
147 325
163 326
130 327
143 328
159 329
118 330
142 331
124 332
108 333
101 334
99 335
69 336
83 337
74 338
72 339
59 340
70 341
53 342
50 343
46 344
53 345
91 346
52 347
76 348
73 349
68 350
94 351
84 352
59 353
67 354
57 355
50 356
48 357
63 358
54 359
50 360
51 361
43 362
46 363
45 364
46 365
60 366
52 367
44 368
61 369
57 370
45 371
56 372
58 373
53 374
50 375
53 376
67 377
48 378
62 379
39 380
49 381
50 382
51 383
53 384
40 385
46 386
44 387
34 388
36 389
31 390
31 391
36 392
32 393
39 394
34 395
30 396
39 397
42 398
29 399
45 400
44 401
38 402
46 403
47 404
49 405
64 406
59 407
58 408
61 409
60 410
63 411
62 412
60 413
66 414
78 415
85 416
95 417
102 418
100 419
84 420
150 421
151 422
168 423
199 424
220 425
229 426
273 427
316 428
318 429
344 430
406 431
436 432
484 433
482 434
492 435
499 436
501 437
486 438
454 439
434 440
416 441
396 442
328 443
306 444
273 445
241 446
207 447
174 448
158 449
160 450
149 451
104 452
121 453
127 454
110 455
81 456
108 457
97 458
115 459
132 460
112 461
119 462
127 463
136 464
111 465
111 466
89 467
103 468
96 469
78 470
70 471
82 472
60 473
71 474
50 475
47 476
41 477
48 478
39 479
35 480
35 481
41 482
24 483
35 484
40 485
38 486
35 487
40 488
32 489
44 490
46 491
47 492
50 493
51 494
49 495
58 496
67 497
65 498
57 499
78 500
83 501
77 502
106 503
106 504
107 505
111 506
112 507
131 508
135 509
119 510
134 511
139 512
152 513
145 514
175 515
168 516
168 517
157 518
197 519
188 520
171 521
223 522
210 523
198 524
201 525
194 526
215 527
211 528
193 529
190 530
198 531
184 532
140 533
146 534
121 535
120 536
84 537
86 538
74 539
51 540
58 541
41 542
50 543
31 544
29 545
32 546
25 547
23 548
24 549
16 550
19 551
11 552
13 553
20 554
12 555
13 556
19 557
15 558
12 559
14 560
9 561
11 562
8 563
15 564
11 565
4 566
11 567
15 568
8 569
14 570
8 571
14 572
9 573
12 574
7 575
11 576
6 577
14 578
9 579
13 580
12 581
14 582
16 583
8 584
13 585
7 586
9 587
12 588
16 589
12 590
15 591
11 592
18 593
16 594
24 595
17 596
20 597
13 598
22 599
29 600
28 601
28 602
31 603
24 604
29 605
25 606
20 607
28 608
23 609
30 610
16 611
23 612
17 613
17 614
12 615
12 616
13 617
18 618
14 619
8 620
10 621
8 622
10 623
8 624
16 625
10 626
14 627
7 628
11 629
12 630
7 631
6 632
10 633
11 634
9 635
16 636
21 637
11 638
15 639
15 640
16 641
22 642
15 643
18 644
25 645
19 646
23 647
19 648
39 649
42 650
22 651
32 652
29 653
35 654
38 655
42 656
51 657
48 658
49 659
44 660
66 661
56 662
43 663
60 664
52 665
64 666
59 667
48 668
59 669
39 670
35 671
30 672
30 673
27 674
38 675
30 676
24 677
32 678
28 679
26 680
31 681
26 682
18 683
17 684
23 685
23 686
16 687
29 688
24 689
15 690
17 691
26 692
22 693
18 694
16 695
15 696
10 697
16 698
20 699
19 700
15 701
23 702
13 703
17 704
14 705
20 706
26 707
7 708
6 709
11 710
9 711
8 712
12 713
17 714
11 715
9 716
4 717
10 718
8 719
13 720
16 721
15 722
12 723
7 724
10 725
13 726
10 727
10 728
6 729
15 730
13 731
13 732
16 733
13 734
13 735
14 736
9 737
7 738
16 739
9 740
10 741
16 742
8 743
9 744
13 745
13 746
8 747
15 748
13 749
17 750
10 751
10 752
6 753
9 754
14 755
13 756
11 757
9 758
14 759
14 760
11 761
15 762
9 763
7 764
9 765
12 766
6 767
13 768
8 769
13 770
13 771
10 772
17 773
10 774
11 775
24 776
18 777
13 778
17 779
13 780
13 781
9 782
20 783
13 784
26 785
30 786
23 787
22 788
19 789
24 790
28 791
24 792
21 793
24 794
27 795
29 796
16 797
25 798
17 799
15 800
21 801
17 802
28 803
16 804
9 805
12 806
9 807
13 808
20 809
22 810
12 811
15 812
10 813
7 814
13 815
13 816
19 817
10 818
15 819
19 820
17 821
16 822
23 823
20 824
19 825
11 826
21 827
18 828
21 829
20 830
23 831
28 832
32 833
15 834
21 835
26 836
26 837
20 838
27 839
33 840
28 841
24 842
32 843
29 844
47 845
25 846
35 847
36 848
37 849
30 850
42 851
53 852
52 853
53 854
69 855
54 856
63 857
68 858
73 859
61 860
64 861
85 862
74 863
64 864
68 865
59 866
62 867
54 868
53 869
67 870
67 871
60 872
36 873
36 874
42 875
34 876
39 877
34 878
42 879
31 880
41 881
37 882
37 883
31 884
32 885
40 886
33 887
29 888
45 889
43 890
38 891
42 892
40 893
55 894
64 895
61 896
46 897
58 898
59 899
68 900
62 901
69 902
69 903
58 904
66 905
56 906
51 907
59 908
37 909
63 910
45 911
40 912
34 913
37 914
32 915
28 916
21 917
20 918
25 919
21 920
21 921
14 922
13 923
17 924
11 925
8 926
10 927
9 928
5 929
12 930
7 931
9 932
6 933
8 934
4 935
4 936
5 937
7 938
5 939
2 940
3 941
6 942
6 943
7 944
2 945
4 946
3 947
5 948
3 949
4 952
4 953
1 954
5 955
1 956
5 957
6 958
2 959
2 960
4 961
3 962
3 963
1 964
4 965
3 966
2 967
6 968
1 970
3 972
1 973
7 974
1 975
4 976
1 977
5 978
2 979
1 980
2 981
1 982
2 983
3 984
3 985
1 986
1 987
1 988
3 989
2 990
1 993
2 994
1 995
2 996
1 997
1 998
2 999
4 1001
2 1002
3 1003
5 1004
3 1005
3 1006
1 1007
1 1008
2 1009
2 1010
1 1011
1 1012
2 1014
2 1016
3 1017
3 1019
1 1021
2 1023
2 1025
1 1026
1 1027
3 1028
3 1029
1 1030
1 1031
1 1032
3 1033
4 1034
2 1035
1 1036
4 1037
3 1038
1 1039
2 1040
2 1041
5 1042
4 1043
3 1044
3 1045
1 1046
2 1047
2 1048
5 1049
3 1050
2 1051
2 1052
5 1053
4 1054
2 1055
2 1056
4 1057
1 1058
1 1059
2 1060
1 1061
1 1062
3 1063
1 1064
2 1065
4 1066
3 1067
3 1068
3 1069
2 1070
2 1071
1 1072
5 1074
4 1075
2 1076
2 1078
1 1079
5 1081
3 1082
3 1083
3 1084
1 1085
5 1086
4 1087
1 1088
3 1089
2 1090
3 1091
4 1092
3 1093
1 1094
2 1095
4 1096
1 1097
5 1098
2 1099
2 1100
1 1101
4 1102
3 1103
5 1104
5 1105
4 1106
3 1107
2 1108
6 1109
5 1110
6 1111
3 1112
6 1113
1 1114
6 1115
4 1116
4 1117
3 1118
3 1119
6 1120
5 1121
4 1122
4 1123
4 1124
5 1125
7 1126
5 1127
1 1128
6 1129
3 1130
1 1131
2 1132
6 1133
4 1134
3 1135
2 1136
4 1137
1 1138
3 1139
3 1140
4 1141
2 1142
5 1143
1 1144
4 1145
3 1146
2 1148
4 1149
3 1150
6 1151
2 1152
2 1153
2 1154
2 1155
3 1156
7 1157
3 1158
5 1159
3 1160
9 1161
3 1162
4 1163
5 1164
5 1165
7 1166
4 1167
4 1168
7 1169
4 1170
4 1171
10 1172
6 1173
10 1174
12 1175
10 1176
9 1177
14 1178
9 1179
10 1180
11 1181
12 1182
15 1183
15 1184
16 1185
15 1186
21 1187
20 1188
15 1189
18 1190
15 1191
13 1192
18 1193
15 1194
9 1195
9 1196
11 1197
18 1198
12 1199
11 1200
6 1201
15 1202
8 1203
11 1204
9 1205
13 1206
7 1207
9 1208
5 1209
3 1210
5 1211
2 1212
6 1213
5 1214
8 1215
7 1216
3 1217
2 1218
4 1219
3 1220
3 1221
5 1222
3 1223
1 1224
7 1225
9 1226
4 1227
4 1228
3 1229
4 1230
5 1231
6 1232
2 1233
2 1234
5 1235
1 1236
3 1237
2 1238
4 1239
3 1240
5 1241
3 1242
3 1243
4 1245
2 1246
4 1247
3 1248
5 1249
4 1250
4 1251
7 1252
2 1253
8 1254
4 1255
5 1256
8 1257
6 1258
2 1259
5 1260
5 1261
4 1262
7 1263
8 1264
10 1265
12 1266
12 1267
10 1268
6 1269
9 1270
13 1271
11 1272
8 1273
11 1274
11 1275
19 1276
18 1277
13 1278
9 1279
22 1280
10 1281
23 1282
21 1283
16 1284
17 1285
19 1286
26 1287
28 1288
18 1289
26 1290
13 1291
29 1292
24 1293
23 1294
22 1295
22 1296
28 1297
26 1298
27 1299
21 1300
25 1301
21 1302
22 1303
18 1304
20 1305
14 1306
13 1307
17 1308
11 1309
11 1310
15 1311
11 1312
8 1313
18 1314
11 1315
13 1316
13 1317
7 1318
16 1319
11 1320
10 1321
9 1322
13 1323
8 1324
7 1325
11 1326
9 1327
8 1328
8 1329
5 1330
5 1331
3 1332
1 1333
7 1334
3 1335
9 1336
8 1337
8 1338
5 1339
6 1340
4 1341
6 1342
3 1343
5 1344
3 1345
4 1346
5 1347
2 1348
10 1349
4 1350
5 1351
5 1352
4 1353
5 1354
5 1355
2 1356
4 1357
4 1358
4 1359
4 1360
4 1361
6 1362
6 1363
5 1364
2 1365
3 1366
5 1367
5 1368
4 1369
2 1370
2 1371
2 1372
4 1373
6 1374
1 1375
2 1376
11 1377
3 1378
5 1379
5 1380
6 1381
4 1382
2 1383
9 1384
5 1385
2 1386
3 1387
3 1388
3 1389
2 1390
5 1391
4 1392
5 1393
4 1394
6 1395
2 1396
4 1397
6 1398
4 1399
2 1400
5 1401
2 1403
7 1404
5 1405
3 1406
1 1407
3 1408
3 1409
2 1410
3 1411
2 1412
5 1413
2 1414
5 1415
4 1417
4 1418
2 1419
1 1420
2 1421
5 1423
7 1424
4 1425
2 1426
6 1427
1 1428
1 1429
2 1430
3 1431
2 1432
3 1433
4 1434
4 1435
1 1436
2 1437
1 1438
3 1439
5 1440
4 1441
2 1442
4 1443
7 1444
8 1445
3 1446
4 1447
3 1448
2 1449
2 1450
1 1451
5 1452
5 1453
3 1454
4 1455
3 1456
6 1457
2 1458
4 1459
7 1460
1 1462
5 1463
5 1464
3 1465
4 1466
9 1467
6 1468
7 1469
5 1470
6 1471
5 1472
5 1473
4 1474
9 1475
5 1476
6 1477
4 1478
8 1479
4 1480
5 1481
8 1482
6 1483
7 1484
5 1485
4 1486
4 1487
4 1488
3 1489
7 1490
7 1492
4 1493
5 1494
8 1495
6 1496
3 1497
4 1498
3 1499
7 1500
1 1501
7 1502
9 1503
8 1504
14 1505
13 1506
7 1507
16 1508
9 1509
9 1510
8 1511
10 1512
7 1513
4 1514
9 1515
9 1516
7 1517
7 1518
10 1519
14 1520
14 1521
22 1522
18 1523
20 1524
18 1525
22 1526
16 1527
18 1528
21 1529
18 1530
40 1531
30 1532
26 1533
20 1534
29 1535
24 1536
21 1537
29 1538
28 1539
30 1540
29 1541
17 1542
22 1543
19 1544
24 1545
30 1546
32 1547
22 1548
24 1549
21 1550
24 1551
23 1552
15 1553
15 1554
16 1555
18 1556
18 1557
17 1558
14 1559
18 1560
18 1561
15 1562
10 1563
1 1564
12 1565
11 1566
12 1567
11 1568
11 1569
6 1570
10 1571
4 1572
8 1573
6 1574
6 1575
8 1576
2 1577
5 1578
7 1579
7 1580
4 1581
7 1582
2 1583
6 1584
2 1585
2 1586
2 1587
4 1588
4 1589
2 1591
2 1592
6 1593
7 1594
1 1595
1 1596
2 1597
5 1598
3 1599
4 1600
3 1601
1 1602
2 1603
6 1604
3 1605
1 1606
1 1607
4 1608
1 1609
4 1610
3 1611
2 1612
1 1613
3 1614
3 1615
4 1616
7 1617
4 1619
6 1620
7 1621
3 1622
5 1623
3 1624
9 1625
4 1626
5 1627
4 1628
4 1629
4 1630
5 1631
9 1632
4 1633
2 1634
5 1635
7 1636
2 1637
4 1638
7 1639
7 1640
2 1641
6 1642
7 1643
6 1644
7 1645
2 1646
4 1647
8 1648
5 1649
7 1650
4 1651
9 1652
7 1653
6 1654
2 1655
9 1656
4 1657
6 1658
2 1659
6 1660
1 1661
4 1662
1 1663
5 1664
5 1665
3 1666
4 1667
4 1668
3 1669
1 1670
1 1671
2 1672
4 1673
3 1674
2 1675
3 1676
3 1677
2 1678
2 1679
3 1680
1 1681
2 1683
1 1684
3 1685
1 1686
3 1687
1 1688
2 1689
3 1691
1 1692
1 1693
2 1695
1 1696
6 1697
2 1698
3 1699
2 1700
2 1701
3 1702
3 1703
4 1704
2 1706
4 1707
3 1708
3 1709
5 1710
2 1711
2 1712
3 1713
2 1714
1 1716
1 1717
3 1719
6 1720
5 1721
2 1722
1 1723
1 1724
1 1726
5 1727
2 1728
3 1729
2 1730
6 1731
1 1732
1 1733
5 1734
1 1735
1 1736
10 1737
3 1738
4 1739
2 1740
4 1741
2 1742
7 1743
1 1744
4 1745
1 1746
1 1747
3 1748
3 1749
5 1750
7 1751
3 1752
4 1753
3 1754
8 1755
5 1756
5 1757
10 1758
8 1759
10 1760
10 1761
7 1762
8 1763
11 1764
10 1765
7 1766
7 1767
4 1768
8 1769
3 1770
5 1771
6 1772
9 1773
10 1774
8 1775
6 1776
15 1777
7 1778
15 1779
13 1780
10 1781
9 1782
10 1783
11 1784
8 1785
14 1786
8 1787
8 1788
16 1789
17 1790
10 1791
7 1792
6 1793
10 1794
10 1795
9 1796
8 1797
5 1798
7 1799
7 1800
9 1801
9 1802
10 1803
5 1804
6 1805
12 1806
7 1807
5 1808
7 1809
4 1810
6 1811
4 1812
4 1813
5 1814
6 1815
4 1816
1 1817
2 1818
4 1819
3 1820
3 1821
1 1822
2 1824
1 1825
8 1826
3 1827
2 1828
1 1829
6 1831
4 1832
4 1833
4 1834
5 1835
7 1836
2 1837
1 1838
3 1839
7 1840
6 1841
3 1842
2 1844
1 1845
4 1846
7 1847
3 1848
6 1849
5 1850
3 1851
6 1852
12 1853
7 1854
5 1855
5 1856
5 1857
6 1858
8 1859
7 1860
4 1861
3 1862
7 1863
5 1864
13 1865
6 1866
10 1867
5 1868
6 1869
13 1870
11 1871
7 1872
9 1873
5 1874
12 1875
4 1876
7 1877
8 1878
6 1879
6 1880
8 1881
11 1882
12 1883
11 1884
13 1885
8 1886
12 1887
9 1888
11 1889
12 1890
12 1891
12 1892
9 1893
4 1894
13 1895
4 1896
12 1897
8 1898
7 1899
10 1900
8 1901
13 1902
7 1903
9 1904
7 1905
8 1906
11 1907
6 1908
4 1909
9 1910
7 1911
6 1912
11 1913
6 1914
4 1915
2 1917
9 1918
2 1919
2 1920
3 1921
5 1922
1 1923
4 1924
2 1925
2 1926
3 1927
1 1928
1 1929
5 1930
2 1931
2 1932
5 1934
3 1935
4 1936
5 1937
1 1939
3 1940
2 1941
2 1942
4 1943
4 1945
2 1946
1 1947
4 1948
4 1949
2 1950
6 1951
4 1952
3 1953
4 1954
2 1955
5 1956
4 1957
3 1958
6 1959
3 1960
3 1961
2 1962
2 1963
5 1964
6 1965
3 1966
5 1967
6 1968
5 1969
6 1970
3 1971
6 1973
3 1974
2 1975
1 1976
2 1977
3 1978
4 1980
3 1981
2 1982
3 1983
1 1984
2 1985
5 1986
3 1987
1 1988
2 1989
3 1990
3 1992
3 1994
1 1995
2 1997
1 1998
1 1999
2 2000
4 2001
1 2002
5 2004
1 2005
1 2006
1 2009
1 2015
1 2016
2 2021
2 2025
2 2029
1 2033
1 2034
2 2035
2 2037
1 2038
2 2041
1 2042
1 2043
1 2044
1 2045
3 2047
1 2049
1 2051
1 2052
1 2055
1 2056
2 2057
1 2058
1 2061
1 2062
1 2063
5 2065
1 2067
2 2070
1 2071
1 2073
4 2074
2 2075
2 2076
2 2077
1 2078
3 2079
2 2083
2 2084
2 2085
1 2086
1 2087
1 2088
3 2089
1 2091
1 2092
1 2093
2 2094
1 2096
1 2097
1 2101
2 2103
1 2104
1 2107
1 2110
3 2111
1 2112
1 2113
1 2114
2 2115
1 2117
1 2121
1 2122
2 2123
3 2125
1 2126
1 2127
1 2129
1 2131
2 2132
3 2133
2 2134
2 2135
1 2139
2 2140
2 2141
3 2143
1 2145
2 2147
4 2148
2 2149
1 2150
1 2151
1 2153
3 2154
3 2155
1 2157
1 2158
1 2159
1 2161
3 2162
1 2163
2 2164
2 2165
1 2167
3 2168
2 2169
1 2170
1 2171
1 2172
2 2173
2 2174
2 2175
1 2176
1 2178
3 2179
3 2181
3 2182
4 2183
2 2184
1 2185
1 2186
1 2187
4 2188
3 2190
2 2192
3 2194
1 2196
2 2197
3 2198
1 2199
4 2200
3 2201
4 2202
2 2203
1 2204
1 2205
2 2206
2 2208
1 2209
4 2210
1 2211
2 2213
1 2214
1 2215
3 2216
3 2217
5 2218
4 2219
3 2220
7 2221
1 2222
2 2223
2 2224
3 2225
4 2226
3 2227
5 2228
6 2229
4 2230
3 2231
2 2232
3 2233
2 2234
3 2235
4 2236
6 2237
4 2238
4 2239
6 2240
2 2241
3 2242
3 2243
7 2244
4 2245
3 2246
2 2247
2 2248
3 2249
5 2250
1 2251
9 2252
7 2253
3 2254
6 2255
6 2256
4 2257
6 2258
4 2259
3 2260
5 2261
7 2262
2 2263
8 2264
3 2265
5 2266
2 2267
4 2268
8 2269
3 2270
7 2271
5 2272
6 2273
12 2274
7 2275
9 2276
4 2277
7 2278
6 2279
7 2280
9 2281
7 2282
10 2283
7 2284
7 2285
7 2286
8 2287
11 2288
12 2289
11 2290
5 2291
12 2292
12 2293
12 2294
9 2295
18 2296
11 2297
8 2298
11 2299
7 2300
8 2301
12 2302
8 2303
7 2304
11 2305
10 2306
8 2307
13 2308
16 2309
11 2310
10 2311
5 2312
9 2313
9 2314
11 2315
9 2316
8 2317
5 2318
7 2319
5 2320
4 2321
4 2322
3 2323
10 2324
6 2325
11 2326
12 2327
5 2328
5 2329
9 2330
10 2331
6 2332
11 2333
13 2334
6 2335
11 2336
6 2337
2 2338
6 2339
4 2340
7 2341
10 2342
13 2343
10 2344
3 2345
8 2346
9 2347
7 2348
7 2349
8 2350
10 2351
7 2352
8 2353
12 2354
13 2355
17 2356
9 2357
8 2358
12 2359
10 2360
14 2361
10 2362
12 2363
13 2364
16 2365
16 2366
15 2367
15 2368
17 2369
16 2370
18 2371
17 2372
9 2373
21 2374
16 2375
18 2376
32 2377
13 2378
19 2379
25 2380
27 2381
23 2382
30 2383
27 2384
27 2385
29 2386
29 2387
28 2388
26 2389
29 2390
40 2391
29 2392
33 2393
37 2394
36 2395
25 2396
34 2397
36 2398
39 2399
28 2400
38 2401
39 2402
36 2403
36 2404
34 2405
43 2406
35 2407
29 2408
20 2409
37 2410
32 2411
35 2412
34 2413
27 2414
23 2415
35 2416
30 2417
25 2418
22 2419
21 2420
16 2421
17 2422
19 2423
17 2424
14 2425
15 2426
11 2427
18 2428
14 2429
13 2430
8 2431
8 2432
7 2433
11 2434
10 2435
4 2436
8 2437
2 2438
9 2439
3 2440
9 2441
5 2442
6 2443
4 2444
5 2445
2 2446
2 2447
1 2448
1 2449
2 2450
3 2451
2 2452
5 2453
2 2454
3 2455
1 2456
2 2457
2 2459
4 2460
2 2461
2 2463
2 2465
1 2469
1 2476
2 2478
1 2479
1 2480
1 2481
1 2483
3 2486
1 2490
3 2492
1 2496
1 2498
1 2501
1 2502
1 2505
1 2506
1 2507
1 2508
2 2510
1 2511
1 2512
1 2513
2 2515
1 2516
2 2517
1 2520
1 2523
1 2526
1 2529
1 2530
2 2531
1 2532
1 2533
1 2536
1 2538
1 2542
1 2543
1 2544
4 2547
1 2548
1 2550
1 2555
1 2557
1 2558
5 2562
1 2563
2 2564
1 2566
1 2569
1 2570
2 2571
1 2573
3 2581
1 2585
2 2587
2 2588
1 2590
1 2593
1 2595
3 2597
2 2601
2 2602
4 2603
1 2606
1 2607
1 2608
1 2609
1 2611
1 2612
1 2614
1 2615
1 2616
1 2617
3 2618
1 2619
1 2623
2 2624
1 2626
3 2627
1 2628
3 2629
2 2630
2 2631
5 2633
2 2634
2 2635
2 2636
4 2637
4 2638
3 2639
4 2640
3 2641
1 2642
1 2643
1 2644
2 2645
2 2646
2 2650
4 2651
1 2652
1 2653
1 2654
1 2656
2 2657
2 2658
1 2660
2 2661
1 2662
1 2663
2 2664
2 2665
2 2666
2 2667
2 2668
2 2669
2 2670
1 2672
2 2673
1 2674
1 2675
2 2676
2 2677
1 2678
4 2679
2 2680
2 2681
1 2683
1 2684
1 2686
2 2688
6 2689
3 2690
3 2691
2 2692
3 2693
2 2694
3 2695
2 2696
3 2698
2 2699
3 2700
3 2701
1 2702
4 2703
2 2704
4 2705
2 2706
5 2707
2 2708
2 2709
3 2710
4 2711
3 2712
1 2713
2 2714
2 2715
2 2716
1 2717
1 2719
1 2720
4 2721
3 2722
3 2724
4 2725
2 2726
4 2727
1 2728
1 2729
1 2731
3 2732
1 2733
1 2735
2 2736
4 2738
2 2739
3 2740
1 2741
3 2742
1 2744
1 2745
2 2747
1 2748
1 2751
1 2753
1 2754
1 2755
2 2756
1 2757
2 2758
1 2761
3 2763
1 2764
1 2766
1 2767
3 2768
1 2770
3 2775
1 2778
2 2780
1 2781
3 2782
1 2784
4 2785
1 2786
1 2787
2 2788
2 2789
3 2790
1 2791
1 2792
5 2794
1 2796
2 2797
1 2798
2 2800
1 2801
2 2802
1 2803
2 2804
3 2805
2 2807
1 2808
2 2809
3 2810
1 2811
3 2812
4 2813
2 2815
1 2816
4 2817
3 2818
2 2819
2 2821
1 2822
1 2823
2 2824
1 2825
2 2826
2 2828
3 2829
6 2830
2 2831
4 2832
5 2833
2 2834
1 2835
2 2836
3 2837
1 2838
3 2839
5 2840
4 2841
2 2842
2 2843
2 2844
1 2845
1 2846
5 2847
2 2848
3 2849
2 2850
5 2851
6 2852
4 2853
6 2854
4 2855
6 2856
5 2857
4 2858
2 2859
3 2860
2 2861
2 2862
7 2863
3 2864
5 2865
2 2866
6 2867
5 2868
4 2869
5 2870
5 2871
4 2872
4 2873
1 2874
6 2875
7 2876
7 2877
4 2878
7 2879
3 2880
3 2881
1 2882
3 2883
12 2884
3 2885
7 2886
3 2887
6 2888
4 2889
6 2890
6 2891
4 2892
4 2893
10 2894
3 2895
7 2896
4 2897
7 2898
7 2899
5 2900
8 2901
4 2902
11 2903
5 2904
11 2905
12 2906
9 2907
10 2908
12 2909
5 2910
8 2911
7 2912
3 2913
14 2914
9 2915
13 2916
6 2917
13 2918
9 2919
18 2920
15 2921
8 2922
20 2923
16 2924
10 2925
18 2926
9 2927
21 2928
12 2929
13 2930
12 2931
15 2932
12 2933
13 2934
26 2935
23 2936
26 2937
11 2938
17 2939
17 2940
26 2941
14 2942
23 2943
17 2944
19 2945
17 2946
15 2947
22 2948
16 2949
12 2950
13 2951
16 2952
11 2953
18 2954
8 2955
16 2956
21 2957
15 2958
10 2959
11 2960
9 2961
6 2962
10 2963
16 2964
10 2965
15 2966
7 2967
7 2968
3 2969
8 2970
10 2971
1 2972
6 2973
4 2974
3 2975
4 2976
5 2977
4 2978
8 2979
2 2980
1 2981
1 2982
2 2983
2 2984
2 2985
1 2986
2 2987
3 2988
3 2989
1 2990
2 2991
4 2992
2 2993
4 2995
2 2997
2 2998
2 2999
1 3001
1 3002
1 3003
2 3004
1 3005
1 3006
1 3008
3 3009
1 3010
1 3011
1 3014
1 3016
1 3019
1 3020
1 3022
1 3023
1 3026
2 3028
1 3043
2 3052
1 3054
1 3056
1 3057
1 3063
1 3073
1 3078
2 3085
1 3088
1 3096
1 3147
1 3149
1 3152
1 3163
1 3170
1 3171
1 3174
2 3182
1 3205
1 3209
1 3217
1 3229
1 3249
2 3251
1 3256
1 3262
1 3270
1 3274
1 3291
1 3294
1 3296
1 3299
1 3302
1 3309
1 3311
1 3314
1 3318
2 3324
1 3334
1 3335
1 3355
1 3358
1 3365
1 3379
2 3388
1 3402
1 3449
1 3518
1 3522
1 3529
1 3539
1 3552
1 3595
1 3606
1 3614
1 3642
1 3666
1 3688
1 3711
1 3731
1 3732
1 3736
1 3742
1 3760
1 3807
1 3828
1 3852
1 3865
1 3910
1 3951
1 3957
1 3986
1 3988
1 3994
1 4033
1 4040
1 4045
1 4071
1 4107
1 4116
1 4123
1 4142
2 4145
1 4187
1 4190
1 4194
1 4198
1 4251
1 4265
1 4272
1 4279
1 4325
1 4329
1 4333
1 4342
1 4344
1 4346
1 4347
1 4366
1 4385
1 4488
1 4523
1 4544
1 4560
2 4647
1 4656
1 4661
1 4663
1 4664
1 4671
1 4678
1 4690
1 4743
1 4901
1 5102
1 5128
1 5140
1 5239
1 5420
1 5466
1 5491
1 5504
1 5551
1 5793
