2 2
1 4
2 5
1 6
1 9
1 11
2 12
1 15
1 16
2 17
3 18
4 19
1 21
1 22
1 28
1 30
1 34
2 36
1 37
1 38
1 39
1 40
2 43
2 44
1 45
1 50
1 52
1 56
1 58
1 64
2 65
2 66
3 67
1 68
1 71
4 72
2 73
1 74
1 75
1 76
1 77
1 78
2 80
1 81
2 82
2 83
1 85
2 86
4 87
2 88
2 89
1 90
4 92
1 93
3 96
2 97
1 98
2 99
1 103
3 104
2 105
1 106
4 107
1 108
1 110
1 111
2 112
4 113
2 115
3 116
1 118
2 119
4 120
3 123
2 124
1 125
5 126
2 127
2 128
1 129
2 130
1 131
6 132
2 133
6 134
3 135
2 136
1 137
4 138
3 139
2 140
2 141
1 143
2 144
1 145
6 146
1 147
5 148
6 149
3 150
1 151
3 152
3 154
1 155
3 156
1 157
5 158
4 159
2 160
3 161
6 162
3 163
2 164
4 165
2 166
3 167
2 168
2 170
4 171
5 172
3 173
1 174
3 175
2 177
1 178
1 179
2 181
1 183
1 184
2 185
1 186
4 187
2 188
2 189
1 190
2 191
2 192
1 193
3 196
2 197
1 198
3 199
3 200
2 201
2 202
3 203
1 204
3 205
5 206
3 209
1 210
4 211
4 212
3 214
4 215
1 216
4 217
4 218
1 219
3 220
2 221
2 222
2 223
2 224
4 225
4 226
3 227
5 228
2 229
4 230
3 231
2 232
5 233
2 234
3 235
2 236
3 237
3 238
4 239
5 240
6 241
1 242
6 243
5 244
6 245
12 246
9 247
11 248
14 249
10 250
13 251
13 252
12 253
19 254
14 255
16 256
8 257
11 258
9 259
7 260
3 261
5 262
5 263
8 264
6 265
6 266
5 267
6 268
2 269
2 270
5 271
1 272
4 273
2 274
3 275
4 276
2 277
5 278
6 279
2 280
5 281
4 282
2 283
7 284
3 285
3 286
1 287
1 288
9 289
5 290
8 291
8 292
5 293
3 294
5 295
7 296
11 297
5 298
5 299
6 300
4 301
5 302
4 303
1 304
6 305
1 306
4 307
3 308
3 309
4 310
1 311
3 312
3 313
5 314
7 315
3 316
4 317
3 318
5 319
3 320
6 321
3 322
3 323
8 324
1 325
2 326
2 327
7 328
1 329
7 330
5 331
6 332
1 333
5 334
3 335
2 336
4 337
5 338
6 339
6 340
5 341
6 342
5 343
8 344
4 345
4 346
5 347
7 348
7 349
11 350
16 351
5 352
6 353
9 354
11 355
12 356
10 357
13 358
7 359
10 360
10 361
12 362
11 363
7 364
5 365
6 366
4 367
6 368
10 369
8 370
7 371
10 372
10 373
15 374
9 375
6 376
6 377
11 378
4 379
9 380
9 381
4 382
10 383
14 384
14 385
14 386
15 387
8 388
10 389
12 390
10 391
9 392
8 393
22 394
12 395
8 396
15 397
13 398
22 399
28 400
29 401
26 402
38 403
36 404
47 405
53 406
66 407
78 408
91 409
70 410
88 411
84 412
68 413
92 414
79 415
72 416
72 417
67 418
48 419
38 420
41 421
36 422
42 423
28 424
33 425
17 426
23 427
22 428
15 429
10 430
12 431
11 432
9 433
10 434
6 435
5 436
12 437
5 438
4 439
4 440
7 441
9 442
5 443
6 444
4 445
4 446
3 447
3 448
7 449
5 450
4 451
8 452
5 453
5 454
5 455
7 456
7 457
7 458
4 459
11 460
7 461
11 462
9 463
7 464
9 465
12 466
16 467
10 468
9 469
18 470
21 471
8 472
13 473
17 474
15 475
14 476
15 477
13 478
10 479
7 480
10 481
5 482
7 483
9 484
5 485
5 486
6 487
12 488
4 489
3 490
4 491
4 492
4 493
2 494
2 495
4 496
3 497
8 498
1 499
5 500
3 501
3 503
3 504
2 505
4 506
3 507
5 508
6 509
3 510
3 511
2 512
4 513
5 514
4 515
6 516
5 517
2 520
5 521
4 522
1 523
1 524
3 525
5 526
1 527
2 528
5 529
1 530
2 531
3 532
5 533
3 534
3 535
4 536
5 537
3 538
4 539
4 540
4 541
4 542
6 543
5 544
6 545
11 546
9 547
6 548
6 549
5 550
2 551
1 552
2 553
3 554
5 555
3 556
5 557
5 558
5 559
3 560
1 561
7 562
3 564
4 566
8 568
4 569
4 570
2 572
4 573
4 574
2 575
2 576
4 577
6 578
3 579
3 580
3 581
4 582
2 583
3 584
2 585
6 586
3 587
4 588
5 589
4 590
2 591
5 593
3 594
6 595
4 596
1 597
2 598
1 599
3 601
5 602
4 603
5 604
4 605
1 606
4 607
3 608
6 609
3 610
7 611
2 612
3 613
6 614
3 615
2 616
9 617
7 618
9 619
2 620
4 621
6 622
7 623
4 624
4 625
8 626
6 627
7 628
2 629
6 630
9 631
3 632
7 633
3 634
6 635
4 636
6 637
10 638
6 639
2 640
6 641
10 642
4 643
8 644
6 645
4 646
4 647
7 648
13 649
7 650
5 651
2 652
8 653
9 654
10 655
9 656
7 657
4 658
5 659
4 660
13 661
9 662
6 663
9 664
13 665
6 666
10 667
4 668
11 669
5 670
11 671
7 672
12 673
8 674
12 675
12 676
15 677
7 678
11 679
8 680
10 681
19 682
6 683
9 684
11 685
13 686
11 687
10 688
15 689
12 690
17 691
16 692
17 693
7 694
20 695
15 696
12 697
13 698
19 699
12 700
18 701
20 702
17 703
23 704
27 705
32 706
27 707
33 708
25 709
40 710
35 711
20 712
42 713
23 714
32 715
28 716
33 717
31 718
30 719
29 720
25 721
32 722
22 723
34 724
35 725
40 726
37 727
36 728
39 729
32 730
39 731
39 732
34 733
49 734
31 735
33 736
31 737
46 738
38 739
35 740
32 741
29 742
40 743
32 744
44 745
32 746
33 747
35 748
52 749
41 750
33 751
40 752
34 753
28 754
24 755
38 756
45 757
39 758
49 759
34 760
43 761
49 762
30 763
36 764
27 765
34 766
24 767
26 768
24 769
32 770
37 771
26 772
27 773
31 774
23 775
31 776
28 777
25 778
37 779
30 780
31 781
37 782
31 783
39 784
37 785
35 786
35 787
40 788
32 789
40 790
39 791
44 792
38 793
55 794
49 795
47 796
66 797
44 798
55 799
53 800
66 801
63 802
81 803
69 804
80 805
95 806
101 807
100 808
114 809
120 810
122 811
132 812
145 813
156 814
164 815
160 816
212 817
208 818
209 819
234 820
223 821
244 822
239 823
241 824
289 825
271 826
321 827
294 828
295 829
306 830
320 831
296 832
290 833
265 834
266 835
278 836
228 837
216 838
186 839
190 840
211 841
177 842
207 843
144 844
156 845
139 846
148 847
125 848
124 849
149 850
135 851
148 852
121 853
124 854
139 855
129 856
117 857
122 858
112 859
133 860
137 861
119 862
134 863
137 864
122 865
116 866
124 867
88 868
100 869
102 870
78 871
80 872
73 873
83 874
65 875
67 876
55 877
67 878
42 879
37 880
27 881
35 882
33 883
21 884
26 885
23 886
28 887
23 888
20 889
14 890
13 891
13 892
15 893
10 894
13 895
12 896
13 897
9 898
8 899
8 900
6 901
5 902
12 903
6 904
12 905
11 906
10 907
9 908
8 909
8 910
4 911
11 912
11 913
5 914
8 915
4 916
9 917
10 918
8 919
11 920
13 921
8 922
7 923
7 924
10 925
13 926
6 927
9 928
10 929
11 930
14 931
9 932
16 933
14 934
12 935
11 936
12 937
13 938
16 939
6 940
15 941
20 942
13 943
12 944
13 945
21 946
16 947
15 948
10 949
21 950
21 951
17 952
22 953
11 954
21 955
20 956
23 957
19 958
15 959
15 960
19 961
25 962
17 963
23 964
27 965
21 966
20 967
21 968
20 969
21 970
25 971
21 972
17 973
23 974
23 975
25 976
18 977
18 978
12 979
8 980
20 981
16 982
15 983
12 984
10 985
13 986
13 987
8 988
7 989
9 990
12 991
10 992
14 993
12 994
14 995
8 996
10 997
8 998
11 999
7 1000
10 1001
5 1002
8 1003
11 1004
10 1005
11 1006
9 1007
19 1008
10 1009
12 1010
7 1011
19 1012
15 1013
18 1014
24 1015
11 1016
23 1017
31 1018
21 1019
16 1020
23 1021
26 1022
23 1023
23 1024
29 1025
24 1026
21 1027
18 1028
22 1029
36 1030
35 1031
31 1032
27 1033
26 1034
17 1035
27 1036
26 1037
27 1038
22 1039
14 1040
15 1041
21 1042
18 1043
12 1044
19 1045
16 1046
23 1047
12 1048
10 1049
10 1050
10 1051
10 1052
12 1053
19 1054
22 1055
17 1056
11 1057
14 1058
12 1059
14 1060
17 1061
15 1062
18 1063
19 1064
15 1065
18 1066
18 1067
20 1068
16 1069
9 1070
21 1071
17 1072
13 1073
12 1074
18 1075
22 1076
13 1077
25 1078
16 1079
20 1080
22 1081
20 1082
22 1083
23 1084
18 1085
28 1086
31 1087
29 1088
30 1089
29 1090
32 1091
32 1092
26 1093
27 1094
32 1095
23 1096
35 1097
35 1098
25 1099
27 1100
17 1101
27 1102
31 1103
22 1104
28 1105
26 1106
23 1107
23 1108
32 1109
29 1110
23 1111
28 1112
39 1113
31 1114
31 1115
23 1116
34 1117
41 1118
40 1119
36 1120
28 1121
26 1122
37 1123
26 1124
45 1125
27 1126
28 1127
36 1128
25 1129
18 1130
27 1131
21 1132
16 1133
7 1134
20 1135
19 1136
17 1137
16 1138
14 1139
9 1140
9 1141
10 1142
11 1143
10 1144
5 1145
10 1146
3 1147
5 1148
5 1149
7 1150
2 1151
7 1152
1 1153
2 1154
3 1155
3 1156
1 1157
4 1158
2 1159
1 1160
2 1161
2 1162
2 1163
1 1164
2 1165
3 1166
1 1167
1 1168
1 1169
2 1170
2 1172
2 1173
2 1174
2 1175
3 1176
3 1177
3 1178
3 1181
1 1182
1 1184
2 1185
1 1186
3 1187
1 1188
2 1189
1 1190
2 1193
1 1194
1 1195
2 1197
1 1198
1 1199
2 1203
2 1204
1 1205
1 1207
3 1208
2 1209
1 1210
1 1212
1 1213
2 1214
2 1216
1 1217
2 1218
1 1219
5 1220
1 1221
2 1222
3 1223
6 1224
1 1225
3 1226
1 1227
1 1228
3 1229
4 1232
4 1233
4 1234
3 1235
2 1236
1 1238
2 1239
2 1240
1 1241
6 1242
3 1243
6 1245
2 1246
3 1247
3 1248
3 1249
2 1250
4 1251
6 1252
4 1253
1 1255
2 1256
7 1257
4 1258
5 1259
2 1260
2 1261
3 1262
6 1263
2 1264
5 1265
5 1266
3 1267
3 1268
4 1269
3 1270
3 1271
4 1272
3 1273
2 1274
1 1275
4 1276
1 1277
4 1278
1 1280
3 1281
1 1282
2 1283
5 1286
1 1287
3 1288
2 1289
2 1290
2 1291
1 1292
2 1293
2 1294
1 1295
2 1296
3 1297
3 1298
6 1299
3 1300
3 1301
1 1302
2 1303
2 1304
2 1305
2 1306
1 1307
4 1308
3 1309
1 1310
1 1312
2 1313
5 1314
3 1315
5 1316
2 1317
2 1318
5 1319
3 1320
4 1321
1 1322
4 1323
2 1324
6 1325
4 1327
4 1328
2 1329
9 1330
2 1331
4 1332
6 1333
6 1334
7 1335
3 1336
4 1337
7 1338
3 1339
3 1340
2 1341
4 1342
5 1343
7 1344
5 1345
9 1346
12 1347
8 1348
7 1349
12 1350
7 1351
9 1352
7 1353
11 1354
8 1355
5 1356
14 1357
9 1358
18 1359
13 1360
14 1361
6 1362
12 1363
12 1364
25 1365
12 1366
6 1367
18 1368
17 1369
18 1370
27 1371
22 1372
31 1373
28 1374
32 1375
26 1376
19 1377
32 1378
38 1379
29 1380
37 1381
38 1382
31 1383
27 1384
29 1385
34 1386
25 1387
27 1388
28 1389
22 1390
21 1391
21 1392
35 1393
22 1394
24 1395
23 1396
18 1397
15 1398
13 1399
11 1400
13 1401
14 1402
19 1403
8 1404
10 1405
7 1406
6 1407
8 1408
7 1409
8 1410
3 1411
7 1412
8 1413
3 1414
5 1415
3 1416
6 1417
1 1418
1 1420
1 1421
1 1422
1 1423
1 1425
2 1426
2 1427
2 1430
1 1431
1 1432
1 1433
1 1436
1 1439
1 1442
2 1444
1 1445
1 1446
1 1447
1 1449
1 1450
1 1451
2 1452
5 1454
1 1459
1 1460
1 1462
1 1467
2 1468
1 1469
1 1471
1 1474
2 1479
1 1481
1 1484
2 1487
2 1492
1 1493
1 1494
1 1497
4 1498
1 1499
1 1500
1 1503
1 1510
1 1512
1 1513
1 1514
2 1517
2 1521
1 1523
2 1524
1 1526
1 1536
3 1537
1 1541
1 1542
2 1546
1 1548
1 1557
1 1558
1 1559
1 1560
1 1563
1 1567
1 1569
1 1570
1 1571
1 1572
2 1574
1 1575
3 1576
1 1577
1 1578
1 1582
1 1584
1 1588
1 1596
1 1597
1 1599
1 1600
1 1602
2 1604
1 1605
2 1606
1 1610
3 1611
1 1612
4 1613
1 1616
2 1619
1 1620
4 1622
1 1623
1 1628
2 1629
2 1630
1 1631
1 1634
1 1635
1 1636
1 1637
1 1638
1 1639
1 1641
1 1642
1 1648
2 1650
1 1651
2 1652
1 1653
4 1656
1 1658
1 1661
1 1662
2 1663
1 1665
1 1667
1 1668
1 1673
1 1675
1 1680
2 1681
1 1682
2 1684
1 1686
1 1688
2 1689
1 1692
1 1693
1 1697
2 1699
1 1702
1 1705
2 1706
2 1707
1 1708
2 1709
1 1711
1 1712
1 1713
1 1714
1 1718
1 1721
1 1722
1 1723
1 1731
1 1732
2 1735
1 1736
2 1740
1 1743
1 1745
2 1746
1 1748
1 1751
1 1755
3 1757
1 1762
1 1765
1 1775
1 1777
1 1778
1 1780
1 1782
1 1783
1 1786
1 1788
1 1789
1 1791
1 1792
1 1798
1 1799
1 1800
1 1802
1 1804
2 1805
1 1807
1 1808
1 1813
1 1814
1 1816
1 1817
1 1821
1 1828
1 1829
1 1831
2 1832
1 1834
1 1845
1 1846
1 1847
2 1848
1 1849
2 1851
1 1853
1 1855
1 1859
1 1862
1 1863
2 1864
1 1867
2 1868
1 1870
2 1872
1 1876
1 1877
1 1879
1 1881
3 1882
2 1883
1 1885
2 1886
1 1890
2 1891
1 1892
2 1894
3 1895
1 1898
1 1902
1 1905
1 1907
2 1908
2 1909
1 1912
2 1916
1 1917
1 1918
1 1921
1 1922
2 1926
2 1928
1 1931
2 1932
1 1934
3 1935
1 1936
3 1938
1 1939
1 1941
1 1943
1 1944
2 1945
1 1947
1 1948
1 1950
1 1952
2 1954
1 1955
3 1956
2 1957
1 1959
2 1961
1 1962
1 1963
3 1964
2 1965
3 1966
1 1967
1 1968
3 1971
1 1973
1 1975
1 1976
1 1977
1 1978
1 1979
1 1980
1 1982
1 1987
1 1988
2 1989
1 1990
2 1991
2 1992
2 1997
2 1998
2 2000
1 2001
1 2003
1 2004
2 2005
3 2006
1 2007
2 2008
2 2009
1 2010
2 2011
2 2013
3 2014
2 2015
1 2016
3 2017
3 2018
2 2019
3 2021
3 2022
2 2023
4 2024
5 2025
1 2026
5 2027
1 2030
2 2031
3 2032
3 2033
2 2034
2 2035
5 2037
2 2038
2 2040
4 2041
2 2044
1 2045
3 2046
3 2047
2 2048
1 2052
1 2056
1 2057
4 2058
1 2059
1 2061
1 2062
4 2063
5 2064
4 2066
1 2067
2 2068
2 2071
1 2073
2 2075
2 2076
1 2079
1 2080
3 2081
1 2082
1 2083
3 2086
1 2089
1 2090
1 2091
1 2093
1 2094
1 2096
1 2098
1 2101
4 2102
2 2103
3 2104
2 2105
2 2106
2 2107
1 2109
2 2111
2 2113
4 2115
2 2117
1 2118
5 2119
3 2121
4 2122
3 2124
2 2125
1 2126
1 2127
2 2128
3 2129
3 2130
1 2131
2 2132
3 2133
5 2134
2 2135
3 2136
6 2137
2 2139
2 2140
4 2141
1 2142
3 2143
3 2144
3 2145
7 2146
4 2147
3 2148
4 2149
4 2150
2 2151
8 2152
6 2153
3 2154
6 2155
3 2156
2 2157
5 2158
5 2159
5 2160
2 2161
3 2162
6 2163
2 2164
3 2165
3 2166
5 2167
2 2168
3 2169
2 2170
3 2171
1 2172
2 2173
6 2174
3 2176
3 2177
3 2179
3 2181
4 2183
2 2184
2 2185
1 2187
1 2188
2 2192
1 2194
2 2196
2 2197
2 2204
1 2206
1 2208
1 2209
1 2212
1 2217
1 2219
1 2220
1 2221
1 2222
2 2224
2 2225
1 2227
1 2228
3 2229
2 2230
1 2231
1 2236
1 2238
2 2239
1 2245
2 2250
2 2251
2 2252
2 2255
1 2256
2 2259
1 2261
2 2262
2 2265
1 2266
1 2268
1 2269
2 2270
1 2272
1 2273
1 2275
1 2276
2 2277
1 2278
2 2282
4 2283
3 2284
2 2285
1 2286
1 2287
2 2288
1 2289
1 2290
1 2293
1 2294
2 2295
1 2296
1 2297
1 2299
3 2301
1 2302
1 2304
4 2305
1 2307
3 2308
2 2310
1 2311
2 2315
1 2316
2 2317
1 2318
1 2319
1 2321
1 2322
1 2324
2 2325
1 2326
1 2327
2 2328
3 2330
2 2331
2 2332
2 2333
1 2335
1 2337
3 2338
1 2339
3 2340
1 2342
2 2343
5 2344
2 2345
1 2346
2 2347
2 2348
3 2350
4 2351
2 2352
3 2353
1 2356
1 2357
1 2358
6 2359
4 2360
2 2361
4 2362
4 2363
1 2364
3 2365
3 2366
3 2367
1 2368
2 2369
2 2370
1 2371
3 2372
3 2373
4 2374
4 2375
4 2376
4 2377
1 2378
3 2379
3 2380
5 2381
4 2382
2 2383
3 2384
3 2385
3 2386
6 2387
4 2388
8 2389
1 2390
6 2391
7 2392
6 2393
7 2394
1 2395
7 2396
5 2397
7 2398
6 2399
7 2400
6 2401
9 2402
3 2403
7 2404
6 2405
7 2406
3 2407
6 2408
3 2409
6 2410
1 2411
2 2412
9 2413
6 2414
4 2415
4 2416
10 2417
3 2418
5 2419
5 2420
5 2421
2 2422
7 2423
8 2424
1 2425
4 2426
8 2427
2 2428
6 2429
2 2430
6 2431
2 2432
7 2433
3 2434
5 2435
6 2436
4 2437
3 2438
4 2439
5 2440
4 2441
6 2442
4 2443
2 2444
3 2445
6 2447
2 2448
6 2450
8 2451
3 2452
3 2453
6 2454
4 2455
2 2456
4 2457
6 2458
7 2459
4 2460
6 2461
6 2462
2 2463
2 2464
4 2465
12 2466
5 2467
8 2468
7 2469
9 2470
10 2471
10 2472
5 2473
9 2474
9 2475
8 2476
6 2477
7 2478
9 2479
5 2480
15 2481
12 2482
14 2483
5 2484
8 2485
10 2486
8 2487
10 2488
8 2489
7 2490
13 2491
8 2492
8 2493
14 2494
18 2495
15 2496
14 2497
15 2498
9 2499
12 2500
9 2501
10 2502
9 2503
9 2504
16 2505
6 2506
5 2507
14 2508
5 2509
10 2510
4 2511
9 2512
4 2513
6 2514
3 2515
2 2516
11 2517
3 2518
2 2519
1 2520
4 2521
7 2522
1 2523
7 2524
6 2525
4 2526
2 2527
5 2528
4 2529
3 2530
4 2531
3 2532
2 2533
4 2534
3 2535
3 2536
1 2537
3 2538
4 2539
1 2540
2 2541
1 2542
1 2544
2 2545
2 2547
1 2549
3 2550
2 2551
3 2552
1 2553
1 2554
2 2555
2 2556
1 2558
1 2562
1 2563
3 2565
1 2566
1 2567
2 2569
2 2570
1 2571
1 2572
1 2573
1 2574
1 2575
1 2579
3 2584
1 2585
1 2586
1 2587
1 2588
1 2589
3 2591
1 2592
1 2593
1 2594
1 2595
1 2596
1 2597
2 2598
2 2601
1 2602
3 2604
3 2605
1 2608
1 2609
1 2610
1 2611
2 2615
1 2616
2 2617
1 2618
1 2619
1 2620
2 2626
1 2627
1 2629
2 2630
1 2632
1 2633
1 2634
2 2636
1 2638
1 2639
1 2641
2 2646
1 2648
1 2649
1 2650
1 2651
3 2654
1 2656
1 2657
2 2658
1 2660
1 2663
2 2667
2 2668
1 2670
1 2671
1 2672
2 2673
2 2677
1 2678
2 2680
3 2681
3 2682
1 2683
3 2684
3 2685
4 2686
2 2687
1 2688
1 2689
2 2690
1 2691
2 2692
2 2695
1 2696
1 2697
3 2698
3 2699
5 2700
1 2701
1 2702
5 2703
2 2704
2 2705
1 2706
7 2707
2 2708
1 2709
1 2710
2 2711
3 2712
2 2713
4 2714
7 2716
1 2717
2 2718
4 2719
5 2720
3 2721
2 2722
2 2723
1 2724
2 2725
3 2726
5 2727
1 2728
2 2729
2 2730
3 2731
3 2733
1 2734
1 2735
2 2736
3 2737
2 2738
8 2739
1 2740
2 2741
6 2743
1 2745
1 2746
2 2749
1 2750
1 2751
1 2752
1 2753
1 2754
1 2761
1 2763
1 2764
1 2768
1 2770
1 2773
1 2775
2 2776
1 2778
1 2779
1 2784
1 2785
1 2787
2 2789
1 2795
2 2796
2 2797
1 2803
2 2804
1 2809
1 2810
1 2811
1 2817
1 2818
1 2819
1 2820
1 2822
1 2826
1 2828
3 2829
1 2832
3 2836
1 2837
1 2841
2 2842
1 2844
1 2853
2 2855
1 2857
1 2859
1 2864
1 2869
1 2870
1 2875
1 2878
1 2908
1 2922
1 2931
1 2956
1 2966
1 2971
1 2973
1 2978
1 2980
1 2989
1 2995
1 3000
1 3001
2 3008
1 3009
1 3012
1 3018
1 3020
1 3029
2 3038
2 3040
1 3041
1 3042
1 3045
1 3050
1 3071
1 3073
1 3074
1 3079
1 3083
1 3086
1 3103
1 3105
1 3107
2 3110
1 3115
1 3118
1 3119
2 3120
3 3121
1 3122
2 3126
1 3128
1 3129
1 3131
2 3134
2 3137
3 3139
2 3140
1 3142
2 3146
1 3149
2 3152
1 3154
1 3158
2 3159
1 3165
3 3166
1 3169
2 3171
1 3175
1 3178
1 3182
1 3185
1 3189
1 3207
1 3211
1 3213
1 3282
1 3367
1 3371
1 3411
1 3479
1 3487
1 3511
1 3538
1 3557
1 3626
1 3674
1 3681
1 3714
1 3723
1 3916
1 4574
1 4632
1 4753
1 4783
1 4795
1 4872
