1 3
2 8
1 9
1 11
1 12
1 14
2 15
1 19
1 22
1 23
1 24
1 26
1 27
1 31
1 34
3 36
1 38
3 40
4 41
1 42
2 44
4 45
1 46
2 47
1 50
2 51
1 52
2 54
3 55
1 57
1 58
1 59
1 62
2 63
4 66
1 67
1 68
1 69
3 70
2 71
2 72
1 73
2 74
2 75
3 76
2 78
1 79
6 81
2 83
4 84
1 85
1 87
2 88
1 89
1 90
1 91
3 92
1 94
1 96
2 98
3 99
1 102
2 103
2 104
2 105
1 108
4 109
1 110
1 111
1 113
1 114
3 115
2 116
2 117
6 118
2 119
1 120
1 121
1 122
4 125
2 126
2 127
3 129
4 130
1 131
1 132
1 133
3 134
1 135
4 136
1 137
2 138
1 140
3 141
4 143
1 144
4 145
3 146
2 147
3 149
4 151
1 153
1 154
4 155
1 156
1 157
6 158
2 159
1 161
3 162
1 163
3 164
2 165
1 166
2 167
8 168
3 169
2 170
4 171
6 172
3 173
3 174
3 175
3 176
2 177
1 178
1 179
3 180
1 181
1 183
3 184
2 185
2 186
2 187
1 188
3 189
2 190
4 191
5 192
2 193
4 194
2 195
3 196
3 197
1 198
7 199
6 200
2 201
2 202
6 203
4 204
2 205
3 206
7 207
10 208
4 209
8 210
5 211
3 212
5 213
3 214
3 215
7 216
2 217
2 218
4 219
3 220
4 221
1 222
3 223
7 224
2 225
3 226
2 227
3 228
1 229
3 230
4 231
4 232
2 233
3 234
6 235
4 236
7 237
5 238
5 239
1 240
4 241
3 242
4 243
1 244
1 246
5 247
3 248
3 249
5 250
2 251
5 252
6 254
1 255
4 256
5 257
4 258
6 259
4 260
3 261
3 262
3 263
8 264
4 265
5 266
9 267
4 268
1 269
4 270
2 271
5 272
7 273
4 274
2 275
4 276
6 277
6 278
10 279
8 280
6 281
4 282
10 283
7 284
11 285
6 286
13 287
14 288
7 289
12 290
14 291
9 292
10 293
8 294
10 295
16 296
13 297
24 298
13 299
8 300
17 301
18 302
21 303
20 304
13 305
11 306
10 307
18 308
18 309
19 310
13 311
10 312
11 313
17 314
8 315
8 316
9 317
6 318
8 319
16 320
12 321
14 322
6 323
7 324
7 325
11 326
11 327
4 328
5 329
5 330
9 331
3 332
6 333
11 334
11 335
14 336
13 337
7 338
22 339
19 340
24 341
21 342
25 343
14 344
27 345
36 346
31 347
39 348
43 349
43 350
48 351
54 352
67 353
69 354
82 355
101 356
102 357
109 358
104 359
99 360
112 361
103 362
79 363
79 364
61 365
58 366
43 367
37 368
25 369
23 370
24 371
15 372
19 373
13 374
5 375
10 376
6 377
9 378
11 379
5 380
11 381
14 382
14 383
8 384
15 385
15 386
15 387
13 388
13 389
19 390
13 391
21 392
14 393
14 394
24 395
12 396
22 397
21 398
25 399
18 400
23 401
24 402
17 403
20 404
15 405
20 406
27 407
14 408
19 409
13 410
18 411
16 412
11 413
11 414
15 415
16 416
20 417
17 418
21 419
15 420
34 421
25 422
23 423
22 424
42 425
44 426
43 427
34 428
48 429
56 430
49 431
55 432
62 433
66 434
59 435
75 436
77 437
79 438
75 439
76 440
78 441
73 442
66 443
66 444
76 445
69 446
46 447
40 448
47 449
39 450
25 451
36 452
29 453
31 454
27 455
21 456
16 457
12 458
30 459
20 460
21 461
16 462
17 463
17 464
13 465
18 466
16 467
12 468
17 469
19 470
14 471
18 472
11 473
11 474
20 475
13 476
5 477
12 478
12 479
7 480
10 481
5 482
7 483
12 484
8 485
7 486
4 487
6 488
9 489
13 490
7 491
4 492
7 493
3 494
18 495
5 496
14 497
10 498
10 499
12 500
16 501
17 502
13 503
12 504
13 505
23 506
21 507
23 508
20 509
29 510
20 511
26 512
29 513
37 514
33 515
35 516
31 517
28 518
26 519
21 520
32 521
35 522
22 523
30 524
24 525
24 526
26 527
19 528
22 529
18 530
17 531
17 532
7 533
9 534
5 535
9 536
14 537
8 538
12 539
6 540
8 541
7 542
10 543
7 544
5 545
7 546
9 547
1 548
6 549
6 550
6 551
6 552
9 553
7 554
7 555
10 556
10 557
8 558
17 559
19 560
15 561
16 562
15 563
21 564
17 565
16 566
19 567
13 568
25 569
15 570
34 571
26 572
34 573
26 574
33 575
36 576
32 577
43 578
56 579
50 580
70 581
75 582
68 583
83 584
84 585
98 586
95 587
111 588
113 589
134 590
128 591
144 592
155 593
104 594
124 595
102 596
126 597
107 598
105 599
104 600
80 601
71 602
76 603
86 604
47 605
55 606
46 607
36 608
23 609
30 610
26 611
20 612
15 613
24 614
10 615
12 616
12 617
14 618
12 619
11 620
10 621
7 622
8 623
3 624
3 625
4 626
2 627
9 628
2 629
5 630
8 631
5 632
5 633
5 634
2 635
3 636
4 638
2 639
2 640
2 641
1 642
7 643
4 644
9 645
7 646
6 647
1 648
2 649
5 650
2 651
5 652
8 653
10 654
5 655
6 656
4 657
2 658
5 659
5 660
11 661
8 662
9 663
3 664
9 665
10 666
5 667
6 668
7 669
8 670
2 671
12 672
8 673
4 674
9 675
3 676
4 677
3 678
6 679
8 680
3 681
6 682
4 683
7 684
5 685
4 686
2 687
8 688
6 689
6 690
4 691
3 692
3 693
4 694
3 695
4 696
7 697
7 698
7 699
5 700
5 701
5 702
4 703
7 704
7 705
12 706
4 707
4 708
8 709
14 710
8 711
2 712
17 713
13 714
9 715
9 716
16 717
12 718
12 719
23 720
11 721
14 722
14 723
21 724
21 725
27 726
18 727
35 728
33 729
35 730
40 731
53 732
47 733
54 734
52 735
64 736
94 737
70 738
80 739
91 740
104 741
106 742
137 743
123 744
138 745
154 746
135 747
151 748
167 749
159 750
152 751
140 752
121 753
144 754
138 755
105 756
116 757
99 758
111 759
95 760
81 761
75 762
74 763
42 764
69 765
45 766
51 767
36 768
42 769
39 770
21 771
35 772
21 773
18 774
27 775
25 776
19 777
20 778
14 779
12 780
16 781
9 782
12 783
13 784
2 785
3 786
11 787
3 788
4 789
7 790
10 791
9 792
12 793
7 794
7 795
5 796
4 797
9 798
7 799
6 800
9 801
6 802
3 803
7 804
5 805
2 806
6 807
5 808
6 809
3 810
4 811
8 812
4 813
6 814
3 815
5 816
4 817
3 818
4 819
2 820
4 821
4 824
1 825
3 826
1 827
4 828
4 829
5 830
4 831
3 832
6 833
2 834
6 835
4 836
2 837
8 838
3 839
7 840
3 841
6 842
4 843
3 844
7 845
4 846
4 847
7 848
3 849
6 850
6 851
3 852
7 853
8 854
7 855
6 856
11 857
9 858
8 859
8 860
2 861
9 862
11 863
13 864
17 865
20 866
14 867
10 868
9 869
19 870
15 871
19 872
15 873
15 874
13 875
29 876
28 877
13 878
22 879
23 880
26 881
28 882
21 883
28 884
26 885
36 886
39 887
19 888
39 889
27 890
29 891
25 892
23 893
23 894
29 895
29 896
21 897
23 898
17 899
10 900
20 901
20 902
12 903
8 904
15 905
12 906
11 907
12 908
8 909
11 910
7 911
5 912
8 913
9 914
8 915
8 916
7 917
11 918
9 919
7 920
9 921
6 922
4 923
2 924
4 925
3 926
5 927
1 928
2 929
2 930
2 931
3 932
2 933
2 934
3 935
3 936
3 937
2 938
2 939
3 940
1 942
1 944
3 945
1 948
2 950
1 953
2 954
1 955
1 956
1 957
2 958
4 959
2 961
2 962
3 963
4 964
2 965
2 966
1 967
2 968
5 969
3 970
1 971
1 972
4 973
2 974
3 975
2 976
1 977
1 979
1 980
1 981
1 982
2 985
3 988
2 991
1 993
3 996
1 998
1 999
1 1000
1 1002
1 1003
1 1013
1 1014
1 1018
1 1022
1 1026
1 1030
1 1036
1 1041
1 1043
2 1047
2 1050
1 1054
1 1057
1 1064
1 1065
1 1068
1 1069
1 1072
1 1074
2 1077
1 1080
1 1081
1 1084
1 1088
1 1096
2 1097
1 1100
1 1101
1 1103
1 1104
1 1107
1 1109
2 1110
2 1114
1 1117
1 1121
1 1122
1 1124
1 1125
1 1128
1 1129
1 1131
2 1132
1 1134
1 1137
2 1139
1 1148
1 1149
2 1150
2 1151
1 1155
1 1156
2 1158
3 1159
2 1170
1 1171
1 1175
1 1179
1 1181
2 1182
1 1183
1 1184
2 1189
2 1191
1 1195
1 1196
1 1209
1 1214
1 1218
1 1221
1 1223
2 1231
1 1233
1 1234
2 1237
1 1243
1 1248
2 1250
2 1251
1 1253
1 1254
3 1258
2 1259
2 1260
1 1261
3 1263
1 1264
3 1266
3 1267
2 1268
2 1270
2 1271
1 1272
1 1273
1 1276
2 1277
4 1278
2 1279
1 1280
1 1281
2 1283
2 1284
2 1285
2 1286
1 1287
3 1289
1 1291
4 1293
2 1298
1 1300
3 1301
1 1303
2 1307
1 1309
1 1310
1 1311
1 1313
1 1318
2 1319
2 1320
2 1323
1 1324
2 1326
3 1327
1 1328
1 1333
1 1334
1 1336
1 1337
1 1340
1 1342
1 1343
2 1344
1 1345
1 1346
2 1347
2 1348
3 1349
1 1351
2 1352
3 1353
1 1356
1 1357
3 1358
1 1365
2 1366
1 1369
1 1371
1 1372
5 1374
1 1376
2 1381
1 1383
1 1385
1 1386
2 1387
1 1388
1 1389
4 1390
2 1391
1 1393
1 1395
2 1396
1 1397
1 1398
1 1399
1 1400
4 1401
1 1402
2 1403
4 1404
2 1405
1 1406
1 1407
1 1408
2 1410
1 1412
1 1413
1 1415
2 1416
3 1417
2 1418
1 1419
2 1422
1 1423
1 1424
1 1426
1 1427
2 1428
3 1429
1 1430
1 1431
1 1432
4 1433
3 1434
2 1435
2 1436
2 1437
4 1438
2 1439
3 1440
2 1441
1 1442
3 1446
1 1447
1 1448
2 1449
6 1451
2 1452
2 1453
2 1454
3 1455
2 1456
3 1457
1 1458
1 1459
2 1460
1 1461
1 1462
2 1463
3 1464
1 1466
3 1467
3 1468
1 1469
1 1471
3 1472
2 1474
1 1475
3 1476
2 1477
1 1481
1 1482
1 1483
3 1484
1 1485
3 1486
2 1487
3 1488
2 1489
2 1490
3 1491
6 1492
1 1493
2 1494
3 1495
4 1496
3 1497
4 1499
5 1500
2 1501
1 1502
3 1504
8 1505
4 1506
3 1507
1 1508
8 1509
5 1510
3 1511
4 1512
4 1513
5 1514
3 1517
8 1518
5 1519
4 1520
4 1521
5 1522
4 1523
6 1524
4 1525
3 1526
2 1527
4 1528
6 1529
5 1530
7 1531
4 1532
6 1533
3 1534
5 1535
5 1536
2 1537
3 1538
5 1539
3 1540
6 1541
6 1542
4 1543
3 1544
7 1545
5 1546
7 1547
3 1548
6 1549
5 1550
3 1551
9 1552
10 1553
8 1554
5 1555
12 1556
11 1557
9 1558
13 1559
7 1560
5 1561
10 1562
7 1563
12 1564
11 1565
4 1566
6 1567
9 1568
6 1569
6 1570
8 1571
12 1572
8 1573
11 1574
11 1575
8 1576
6 1577
10 1578
14 1579
17 1580
9 1581
11 1582
11 1583
12 1584
6 1585
14 1586
9 1587
20 1588
9 1589
14 1590
20 1591
16 1592
19 1593
14 1594
22 1595
8 1596
11 1597
15 1598
17 1599
23 1600
18 1601
22 1602
19 1603
33 1604
19 1605
18 1606
23 1607
19 1608
35 1609
26 1610
25 1611
32 1612
31 1613
32 1614
37 1615
28 1616
29 1617
28 1618
40 1619
23 1620
29 1621
25 1622
27 1623
27 1624
23 1625
19 1626
31 1627
24 1628
21 1629
14 1630
24 1631
29 1632
23 1633
14 1634
17 1635
15 1636
18 1637
11 1638
17 1639
7 1640
10 1641
9 1642
9 1643
5 1644
6 1645
11 1646
9 1647
12 1648
8 1649
7 1650
9 1651
8 1652
3 1653
2 1654
4 1655
2 1657
3 1658
3 1659
2 1660
1 1661
1 1662
3 1663
1 1664
2 1665
1 1667
1 1668
1 1669
1 1670
2 1672
1 1673
1 1675
1 1676
2 1677
1 1682
1 1685
1 1687
1 1688
1 1694
1 1696
1 1698
1 1702
1 1706
1 1708
2 1715
1 1720
1 1722
1 1725
1 1728
1 1736
1 1743
1 1746
1 1747
1 1760
1 1765
1 1768
2 1769
1 1777
1 1782
1 1786
1 1788
1 1792
1 1793
1 1798
1 1803
1 1808
1 1814
1 1815
1 1817
1 1821
1 1822
1 1823
1 1824
1 1826
1 1831
1 1832
1 1839
2 1842
1 1843
1 1845
2 1850
2 1853
2 1854
1 1861
2 1863
1 1864
1 1866
1 1867
1 1868
1 1869
2 1870
1 1871
1 1872
1 1874
1 1877
2 1878
2 1879
2 1881
2 1885
1 1886
1 1888
1 1889
3 1891
1 1892
1 1893
1 1894
1 1895
1 1896
2 1897
1 1900
1 1901
1 1903
1 1905
1 1907
1 1908
3 1909
1 1915
1 1916
1 1919
2 1920
2 1925
2 1927
1 1928
1 1930
1 1931
1 1935
2 1940
2 1941
2 1945
1 1948
1 1949
1 1950
1 1952
1 1953
1 1954
2 1955
1 1958
1 1962
1 1963
4 1964
2 1966
2 1967
4 1968
2 1971
2 1973
4 1974
6 1975
1 1976
3 1977
3 1978
2 1979
5 1980
4 1981
1 1983
1 1984
1 1985
6 1986
1 1987
4 1988
3 1989
2 1990
5 1991
4 1992
3 1994
9 1995
5 1996
2 1997
3 1998
5 1999
5 2000
6 2001
3 2002
7 2003
10 2004
6 2005
10 2006
6 2007
8 2008
13 2009
15 2010
7 2011
3 2012
4 2013
11 2014
10 2015
5 2016
8 2017
7 2018
10 2019
8 2020
10 2021
4 2022
3 2023
8 2024
2 2025
11 2026
8 2027
2 2028
3 2029
5 2030
10 2031
3 2032
1 2033
3 2034
3 2036
2 2037
1 2038
3 2039
3 2040
6 2041
1 2042
1 2043
1 2044
2 2046
2 2047
3 2048
1 2051
1 2053
2 2054
1 2055
2 2056
3 2059
1 2060
4 2063
3 2064
1 2065
2 2066
3 2069
1 2071
1 2074
2 2075
3 2076
2 2077
3 2078
2 2079
3 2081
4 2083
2 2084
3 2087
2 2089
2 2091
2 2095
3 2097
1 2098
1 2100
3 2101
2 2102
1 2103
3 2104
2 2105
1 2106
2 2110
1 2112
1 2113
2 2114
1 2115
3 2116
1 2117
1 2118
1 2119
1 2120
3 2121
1 2122
3 2124
3 2125
1 2126
1 2127
1 2128
1 2129
2 2130
2 2131
1 2132
1 2134
1 2136
1 2137
1 2140
3 2141
1 2142
1 2152
2 2154
1 2157
2 2161
1 2162
2 2170
2 2171
1 2172
1 2177
1 2178
1 2181
1 2182
1 2183
1 2185
1 2195
1 2206
1 2211
1 2213
2 2229
1 2232
1 2233
1 2236
1 2239
2 2263
1 2264
2 2267
2 2271
1 2278
1 2296
1 2297
1 2303
1 2304
1 2309
1 2310
1 2312
1 2317
1 2334
3 2338
1 2349
1 2352
2 2353
1 2367
1 2376
1 2382
1 2385
1 2392
1 2395
1 2402
1 2403
1 2406
1 2407
1 2408
1 2417
1 2424
1 2427
1 2428
1 2436
1 2437
1 2438
2 2444
1 2446
1 2447
1 2449
1 2455
1 2457
1 2459
1 2464
2 2465
1 2467
1 2470
1 2471
1 2477
1 2479
2 2483
1 2486
1 2500
1 2502
1 2507
1 2508
1 2511
1 2513
1 2520
1 2522
1 2526
2 2533
1 2535
1 2546
1 2552
1 2553
1 2555
1 2563
1 2569
1 2573
1 2576
1 2577
1 2581
1 2583
1 2584
1 2587
1 2598
1 2600
1 2605
1 2606
1 2610
1 2615
1 2623
1 2628
2 2638
1 2641
2 2643
1 2644
1 2645
1 2648
1 2649
1 2659
1 2660
1 2666
1 2675
2 2677
1 2680
1 2681
1 2682
1 2683
1 2692
1 2696
1 2701
1 2703
1 2706
1 2712
1 2713
1 2718
1 2719
2 2723
1 2725
1 2732
1 2739
1 2742
1 2744
1 2765
2 2771
1 2774
2 2775
2 2778
1 2780
2 2785
2 2790
1 2802
1 2804
1 2807
1 2817
2 2818
1 2821
1 2825
1 2833
1 2845
2 2851
1 2853
1 2859
1 2871
1 2873
1 2888
1 2890
1 2895
1 2899
1 2902
1 2905
2 2906
1 2914
1 2924
2 2926
2 2929
1 2931
1 2936
1 2937
1 2938
1 2948
2 2955
1 2961
1 2965
1 2969
1 2971
1 2972
1 2979
2 2980
1 2982
1 2985
1 2986
1 2989
1 2993
1 2994
1 3002
1 3003
1 3006
1 3007
1 3010
2 3011
3 3013
1 3014
3 3017
1 3018
2 3019
1 3020
1 3021
2 3022
3 3027
1 3028
1 3029
3 3031
1 3032
1 3033
1 3034
2 3035
3 3036
2 3037
1 3038
1 3040
2 3041
1 3042
1 3043
2 3045
2 3047
2 3049
5 3050
3 3051
4 3054
6 3055
3 3056
5 3057
1 3058
3 3059
4 3060
3 3061
2 3063
2 3064
2 3065
2 3066
3 3067
4 3068
4 3069
4 3070
4 3071
3 3072
7 3073
3 3074
1 3075
1 3076
4 3077
4 3078
1 3079
5 3080
9 3081
2 3082
5 3083
5 3084
6 3085
6 3086
4 3087
8 3088
5 3089
7 3090
6 3091
10 3092
6 3093
8 3094
2 3095
6 3096
6 3097
6 3098
4 3099
3 3100
5 3101
8 3102
12 3103
6 3104
3 3105
5 3106
3 3107
7 3108
6 3109
12 3110
5 3111
10 3112
4 3113
2 3114
3 3115
3 3116
6 3117
3 3118
4 3119
3 3120
3 3121
3 3122
4 3123
6 3124
2 3125
4 3126
5 3127
1 3128
1 3130
1 3133
2 3134
1 3135
2 3136
1 3137
1 3138
1 3141
1 3142
1 3143
1 3144
5 3146
2 3147
2 3148
1 3150
1 3152
2 3154
1 3156
1 3158
1 3159
1 3162
2 3165
2 3173
1 3174
2 3175
1 3177
1 3179
3 3181
2 3182
2 3188
1 3191
1 3197
1 3199
3 3200
1 3203
2 3211
1 3212
1 3214
1 3215
1 3217
2 3221
2 3224
2 3226
1 3228
1 3230
1 3232
3 3234
2 3235
1 3238
1 3239
1 3240
1 3243
2 3246
3 3247
1 3248
1 3249
3 3251
1 3252
2 3254
2 3255
1 3256
1 3257
1 3258
1 3259
1 3261
1 3264
3 3265
1 3268
1 3269
1 3271
1 3272
1 3273
1 3274
1 3275
1 3277
1 3280
1 3288
1 3289
1 3300
1 3302
1 3304
1 3313
1 3379
1 3395
1 3405
1 3553
1 3558
2 3669
1 3801
1 3937
1 4084
1 4171
1 4298
1 5073
1 5161
