1 1
1 2
7 3
4 4
1 5
1 6
2 7
1 10
3 11
1 12
2 13
4 14
2 15
4 17
1 18
5 19
2 20
4 21
5 22
4 23
2 24
2 25
2 26
2 27
5 28
4 30
5 31
1 32
4 33
3 34
2 35
6 36
15 37
7 38
3 39
5 40
2 41
1 42
2 43
1 44
5 45
3 48
2 49
1 50
4 51
4 53
3 54
2 55
2 56
3 57
4 59
5 60
4 61
2 62
3 63
8 64
3 65
3 66
5 67
3 68
2 69
3 70
2 71
2 72
4 73
5 74
1 75
4 76
5 77
4 78
3 79
4 80
4 81
2 82
4 83
1 84
4 85
5 86
6 87
3 88
4 89
5 90
5 91
6 92
4 93
4 94
5 95
12 96
6 97
6 98
3 99
6 100
6 101
7 102
7 103
5 104
8 105
1 106
2 107
4 108
3 109
5 110
7 111
8 112
3 113
6 114
9 115
6 116
8 117
7 118
7 119
5 120
10 121
13 122
11 123
9 124
6 125
11 126
11 127
6 128
9 129
8 130
4 131
5 132
8 133
6 134
5 135
5 136
5 137
13 138
11 139
14 140
13 141
16 142
21 143
19 144
24 145
37 146
37 147
36 148
63 149
49 150
49 151
48 152
38 153
32 154
33 155
19 156
23 157
23 158
16 159
24 160
15 161
17 162
8 163
11 164
21 165
10 166
5 167
8 168
9 169
3 170
3 171
9 172
11 173
4 174
5 175
5 176
5 177
6 178
8 179
8 180
2 181
8 182
7 183
4 184
7 185
6 186
5 187
3 188
10 189
7 190
8 191
7 192
9 193
6 194
16 195
11 196
11 197
12 198
6 199
10 200
7 201
18 202
13 203
30 204
19 205
19 206
14 207
22 208
28 209
26 210
22 211
24 212
17 213
9 214
18 215
10 216
21 217
24 218
15 219
14 220
16 221
15 222
13 223
14 224
14 225
11 226
12 227
13 228
9 229
11 230
15 231
17 232
25 233
23 234
14 235
20 236
16 237
27 238
22 239
22 240
27 241
22 242
17 243
19 244
21 245
24 246
20 247
15 248
11 249
16 250
11 251
18 252
14 253
4 254
11 255
16 256
11 257
10 258
12 259
17 260
15 261
11 262
15 263
10 264
8 265
12 266
10 267
14 268
16 269
18 270
6 271
12 272
15 273
17 274
20 275
10 276
10 277
13 278
12 279
10 280
7 281
7 282
7 283
12 284
8 285
12 286
9 287
6 288
9 289
7 290
5 291
11 292
10 293
13 294
10 295
10 296
11 297
5 298
4 299
7 300
6 301
5 302
8 303
10 304
13 305
9 306
6 307
5 308
7 309
10 310
9 311
7 312
15 313
14 314
14 315
17 316
15 317
11 318
12 319
11 320
12 321
16 322
18 323
13 324
14 325
11 326
14 327
21 328
16 329
18 330
13 331
20 332
11 333
12 334
23 335
11 336
27 337
17 338
23 339
18 340
22 341
29 342
21 343
16 344
16 345
22 346
25 347
17 348
21 349
23 350
33 351
25 352
21 353
25 354
22 355
19 356
28 357
27 358
28 359
20 360
27 361
26 362
24 363
26 364
33 365
23 366
26 367
24 368
29 369
18 370
14 371
31 372
21 373
22 374
19 375
25 376
12 377
19 378
13 379
17 380
11 381
15 382
17 383
8 384
15 385
11 386
10 387
14 388
5 389
5 390
7 391
14 392
11 393
7 394
11 395
17 396
12 397
17 398
12 399
6 400
8 401
23 402
11 403
19 404
10 405
14 406
18 407
16 408
19 409
10 410
18 411
14 412
26 413
18 414
18 415
24 416
24 417
21 418
28 419
25 420
32 421
30 422
40 423
25 424
37 425
21 426
25 427
30 428
34 429
39 430
34 431
43 432
58 433
55 434
53 435
65 436
74 437
97 438
65 439
89 440
81 441
107 442
105 443
129 444
125 445
142 446
132 447
153 448
135 449
156 450
164 451
174 452
176 453
157 454
176 455
145 456
143 457
141 458
126 459
133 460
101 461
89 462
78 463
61 464
67 465
51 466
53 467
40 468
28 469
29 470
30 471
29 472
15 473
23 474
19 475
20 476
17 477
13 478
20 479
14 480
25 481
14 482
17 483
12 484
15 485
19 486
22 487
9 488
13 489
13 490
21 491
14 492
19 493
15 494
9 495
18 496
25 497
18 498
16 499
23 500
23 501
14 502
20 503
24 504
19 505
20 506
20 507
27 508
26 509
27 510
18 511
23 512
26 513
39 514
35 515
44 516
50 517
44 518
54 519
60 520
56 521
42 522
57 523
66 524
61 525
56 526
46 527
59 528
54 529
64 530
49 531
58 532
48 533
49 534
40 535
38 536
30 537
35 538
29 539
28 540
35 541
29 542
38 543
30 544
49 545
40 546
41 547
34 548
41 549
49 550
55 551
40 552
52 553
45 554
52 555
63 556
56 557
72 558
63 559
53 560
54 561
39 562
47 563
47 564
37 565
46 566
22 567
25 568
32 569
29 570
27 571
26 572
24 573
26 574
14 575
26 576
28 577
21 578
29 579
25 580
20 581
21 582
38 583
35 584
22 585
27 586
30 587
33 588
33 589
40 590
33 591
40 592
43 593
41 594
44 595
50 596
58 597
33 598
56 599
54 600
55 601
53 602
59 603
53 604
54 605
59 606
50 607
50 608
59 609
65 610
62 611
64 612
77 613
57 614
51 615
83 616
79 617
82 618
81 619
88 620
91 621
99 622
103 623
92 624
98 625
118 626
117 627
117 628
111 629
151 630
137 631
127 632
140 633
155 634
143 635
120 636
173 637
149 638
160 639
158 640
172 641
198 642
172 643
207 644
195 645
199 646
186 647
202 648
193 649
199 650
197 651
184 652
184 653
186 654
223 655
211 656
224 657
223 658
213 659
196 660
208 661
197 662
169 663
164 664
162 665
151 666
138 667
125 668
112 669
135 670
119 671
99 672
90 673
113 674
94 675
92 676
95 677
64 678
71 679
73 680
71 681
57 682
46 683
58 684
51 685
42 686
38 687
39 688
36 689
34 690
38 691
26 692
28 693
21 694
29 695
18 696
26 697
28 698
25 699
29 700
29 701
25 702
23 703
32 704
25 705
27 706
17 707
20 708
27 709
25 710
14 711
26 712
17 713
26 714
18 715
15 716
12 717
15 718
14 719
16 720
12 721
16 722
21 723
12 724
19 725
12 726
9 727
10 728
12 729
29 730
18 731
14 732
19 733
12 734
18 735
22 736
17 737
25 738
11 739
21 740
20 741
24 742
24 743
27 744
27 745
29 746
28 747
23 748
35 749
30 750
28 751
19 752
26 753
30 754
37 755
34 756
35 757
47 758
28 759
45 760
37 761
40 762
36 763
36 764
47 765
38 766
42 767
47 768
45 769
50 770
42 771
48 772
46 773
43 774
44 775
50 776
49 777
49 778
56 779
57 780
54 781
65 782
72 783
75 784
81 785
68 786
102 787
87 788
82 789
88 790
84 791
76 792
100 793
80 794
88 795
77 796
98 797
73 798
79 799
66 800
76 801
63 802
79 803
70 804
66 805
51 806
68 807
63 808
59 809
63 810
67 811
90 812
81 813
83 814
94 815
93 816
106 817
123 818
110 819
129 820
127 821
136 822
158 823
184 824
182 825
180 826
212 827
185 828
208 829
205 830
223 831
199 832
202 833
207 834
220 835
207 836
203 837
180 838
178 839
176 840
181 841
134 842
113 843
134 844
116 845
104 846
97 847
77 848
66 849
73 850
69 851
64 852
62 853
44 854
53 855
59 856
53 857
49 858
50 859
55 860
39 861
49 862
61 863
37 864
42 865
41 866
49 867
55 868
51 869
32 870
35 871
28 872
42 873
38 874
33 875
38 876
42 877
41 878
56 879
47 880
44 881
43 882
48 883
60 884
46 885
62 886
57 887
54 888
60 889
56 890
47 891
59 892
65 893
64 894
67 895
60 896
72 897
69 898
80 899
70 900
89 901
63 902
80 903
91 904
82 905
85 906
78 907
70 908
86 909
96 910
72 911
90 912
85 913
87 914
89 915
97 916
85 917
84 918
87 919
99 920
96 921
81 922
101 923
84 924
86 925
81 926
85 927
74 928
86 929
78 930
95 931
73 932
56 933
78 934
84 935
70 936
80 937
84 938
71 939
70 940
87 941
84 942
87 943
77 944
88 945
101 946
82 947
108 948
89 949
99 950
118 951
110 952
101 953
100 954
116 955
104 956
108 957
115 958
122 959
119 960
105 961
90 962
99 963
113 964
92 965
95 966
96 967
74 968
67 969
85 970
58 971
62 972
52 973
58 974
57 975
40 976
45 977
36 978
31 979
32 980
37 981
30 982
29 983
31 984
33 985
21 986
28 987
23 988
26 989
35 990
27 991
35 992
24 993
29 994
28 995
27 996
24 997
35 998
27 999
25 1000
30 1001
36 1002
26 1003
30 1004
30 1005
35 1006
27 1007
25 1008
32 1009
28 1010
22 1011
31 1012
24 1013
23 1014
22 1015
22 1016
13 1017
18 1018
17 1019
20 1020
28 1021
17 1022
15 1023
18 1024
21 1025
22 1026
15 1027
17 1028
14 1029
13 1030
14 1031
18 1032
23 1033
9 1034
11 1035
23 1036
12 1037
19 1038
15 1039
11 1040
15 1041
12 1042
16 1043
18 1044
15 1045
14 1046
20 1047
12 1048
23 1049
16 1050
19 1051
23 1052
21 1053
19 1054
18 1055
16 1056
25 1057
23 1058
18 1059
24 1060
23 1061
27 1062
38 1063
31 1064
34 1065
30 1066
24 1067
33 1068
37 1069
29 1070
36 1071
25 1072
23 1073
32 1074
26 1075
33 1076
26 1077
33 1078
18 1079
25 1080
34 1081
26 1082
23 1083
21 1084
24 1085
20 1086
19 1087
17 1088
21 1089
18 1090
18 1091
17 1092
21 1093
19 1094
13 1095
18 1096
22 1097
13 1098
14 1099
15 1100
14 1101
17 1102
17 1103
22 1104
12 1105
13 1106
15 1107
22 1108
13 1109
18 1110
8 1111
7 1112
21 1113
17 1114
14 1115
11 1116
16 1117
14 1118
14 1119
17 1120
22 1121
20 1122
18 1123
12 1124
13 1125
19 1126
20 1127
18 1128
21 1129
19 1130
16 1131
25 1132
20 1133
23 1134
23 1135
22 1136
33 1137
29 1138
18 1139
28 1140
26 1141
34 1142
31 1143
43 1144
37 1145
36 1146
42 1147
45 1148
37 1149
41 1150
40 1151
32 1152
31 1153
39 1154
37 1155
38 1156
34 1157
27 1158
44 1159
31 1160
28 1161
29 1162
31 1163
37 1164
15 1165
33 1166
30 1167
36 1168
28 1169
27 1170
31 1171
23 1172
26 1173
34 1174
21 1175
23 1176
24 1177
27 1178
22 1179
15 1180
24 1181
32 1182
22 1183
27 1184
27 1185
22 1186
23 1187
24 1188
23 1189
26 1190
36 1191
39 1192
29 1193
42 1194
30 1195
42 1196
27 1197
41 1198
32 1199
47 1200
45 1201
33 1202
62 1203
41 1204
49 1205
45 1206
58 1207
46 1208
43 1209
41 1210
52 1211
40 1212
43 1213
26 1214
54 1215
31 1216
35 1217
30 1218
30 1219
32 1220
30 1221
37 1222
32 1223
25 1224
28 1225
22 1226
26 1227
18 1228
20 1229
25 1230
28 1231
28 1232
19 1233
12 1234
20 1235
22 1236
22 1237
18 1238
25 1239
18 1240
21 1241
19 1242
22 1243
10 1244
23 1245
18 1246
12 1247
12 1248
17 1249
16 1250
18 1251
22 1252
17 1253
19 1254
22 1255
20 1256
19 1257
16 1258
22 1259
18 1260
27 1261
21 1262
24 1263
22 1264
28 1265
18 1266
20 1267
21 1268
20 1269
20 1270
20 1271
19 1272
17 1273
22 1274
21 1275
35 1276
14 1277
29 1278
21 1279
28 1280
29 1281
27 1282
27 1283
28 1284
25 1285
34 1286
30 1287
37 1288
28 1289
38 1290
31 1291
45 1292
33 1293
52 1294
43 1295
49 1296
50 1297
49 1298
62 1299
48 1300
51 1301
54 1302
70 1303
69 1304
66 1305
60 1306
75 1307
59 1308
67 1309
71 1310
76 1311
69 1312
75 1313
82 1314
76 1315
75 1316
60 1317
61 1318
80 1319
66 1320
55 1321
60 1322
51 1323
45 1324
68 1325
47 1326
54 1327
41 1328
33 1329
50 1330
42 1331
37 1332
28 1333
41 1334
24 1335
41 1336
25 1337
23 1338
32 1339
24 1340
27 1341
33 1342
29 1343
18 1344
26 1345
25 1346
29 1347
15 1348
25 1349
10 1350
13 1351
11 1352
16 1353
17 1354
15 1355
18 1356
20 1357
11 1358
10 1359
12 1360
14 1361
12 1362
11 1363
13 1364
7 1365
3 1366
9 1367
8 1368
7 1369
8 1370
10 1371
7 1372
7 1373
6 1374
6 1375
8 1376
13 1377
3 1378
5 1379
7 1380
4 1381
6 1382
8 1383
8 1384
6 1385
7 1386
5 1387
7 1388
8 1389
8 1390
2 1391
3 1392
12 1393
6 1394
6 1395
7 1396
10 1397
7 1398
8 1399
4 1400
9 1401
7 1402
1 1403
3 1404
5 1405
10 1406
6 1407
7 1408
4 1409
10 1410
3 1411
9 1412
4 1413
9 1414
7 1415
7 1416
10 1417
17 1418
6 1419
5 1420
5 1421
5 1422
8 1423
6 1424
7 1425
8 1426
5 1427
7 1428
7 1429
12 1430
4 1431
7 1432
13 1433
13 1434
10 1435
5 1436
7 1437
7 1438
18 1439
12 1440
11 1441
7 1442
11 1443
7 1444
12 1445
14 1446
22 1447
15 1448
15 1449
19 1450
16 1451
16 1452
4 1453
13 1454
12 1455
4 1456
13 1457
11 1458
5 1459
17 1460
13 1461
14 1462
12 1463
15 1464
10 1465
13 1466
6 1467
13 1468
16 1469
10 1470
18 1471
9 1472
17 1473
13 1474
18 1475
13 1476
19 1477
8 1478
18 1479
15 1480
23 1481
22 1482
25 1483
22 1484
20 1485
18 1486
24 1487
22 1488
30 1489
31 1490
32 1491
15 1492
36 1493
30 1494
24 1495
29 1496
43 1497
35 1498
27 1499
34 1500
28 1501
37 1502
32 1503
40 1504
42 1505
37 1506
30 1507
34 1508
25 1509
30 1510
26 1511
25 1512
27 1513
35 1514
36 1515
30 1516
27 1517
33 1518
39 1519
22 1520
25 1521
30 1522
28 1523
26 1524
37 1525
33 1526
30 1527
34 1528
26 1529
32 1530
25 1531
41 1532
40 1533
41 1534
30 1535
45 1536
37 1537
41 1538
32 1539
51 1540
57 1541
44 1542
42 1543
46 1544
53 1545
53 1546
43 1547
63 1548
64 1549
70 1550
47 1551
60 1552
76 1553
65 1554
81 1555
79 1556
77 1557
75 1558
79 1559
83 1560
83 1561
85 1562
79 1563
62 1564
74 1565
86 1566
87 1567
75 1568
77 1569
92 1570
82 1571
80 1572
71 1573
64 1574
61 1575
74 1576
63 1577
63 1578
54 1579
62 1580
57 1581
56 1582
38 1583
61 1584
54 1585
27 1586
44 1587
42 1588
41 1589
34 1590
37 1591
31 1592
31 1593
30 1594
21 1595
17 1596
21 1597
18 1598
20 1599
21 1600
9 1601
16 1602
11 1603
16 1604
5 1605
10 1606
11 1607
15 1608
7 1609
9 1610
6 1611
9 1612
15 1613
8 1614
11 1615
9 1616
8 1617
12 1618
7 1619
12 1620
15 1621
9 1622
9 1623
14 1624
18 1625
11 1626
17 1627
9 1628
13 1629
16 1630
10 1631
13 1632
15 1633
16 1634
10 1635
12 1636
18 1637
12 1638
16 1639
14 1640
15 1641
17 1642
17 1643
11 1644
14 1645
16 1646
23 1647
15 1648
23 1649
21 1650
20 1651
14 1652
23 1653
16 1654
13 1655
14 1656
16 1657
18 1658
15 1659
12 1660
9 1661
16 1662
11 1663
13 1664
9 1665
11 1666
6 1667
7 1668
9 1669
8 1670
3 1671
4 1672
5 1673
7 1674
2 1675
5 1676
5 1677
1 1678
4 1679
2 1680
3 1681
5 1682
2 1683
3 1684
2 1685
3 1686
2 1687
1 1688
3 1690
1 1692
2 1693
3 1694
2 1695
3 1696
1 1698
2 1699
1 1700
4 1702
1 1703
1 1704
1 1705
1 1706
1 1707
1 1708
1 1709
1 1711
3 1712
1 1713
2 1715
1 1716
1 1717
2 1718
1 1721
1 1724
3 1725
1 1726
2 1728
1 1729
2 1730
2 1731
3 1732
1 1733
2 1734
4 1735
4 1736
3 1738
2 1739
2 1740
2 1741
2 1742
1 1743
1 1744
2 1746
1 1748
3 1749
3 1750
3 1753
3 1754
1 1756
3 1757
4 1758
1 1759
3 1760
1 1762
5 1763
1 1764
2 1765
2 1766
1 1768
4 1769
2 1771
3 1772
2 1773
4 1774
1 1775
1 1776
2 1777
4 1778
3 1779
3 1780
3 1781
4 1782
3 1783
1 1784
2 1785
5 1786
1 1787
6 1788
1 1791
3 1792
3 1794
2 1795
4 1796
2 1797
1 1798
6 1799
4 1800
2 1801
1 1802
6 1803
6 1804
4 1805
4 1806
1 1807
2 1808
1 1809
4 1810
5 1811
2 1812
1 1813
4 1814
6 1815
2 1818
3 1819
5 1821
5 1822
1 1823
3 1824
2 1825
8 1826
4 1827
5 1828
10 1829
5 1830
2 1831
9 1832
4 1833
4 1834
3 1835
6 1836
9 1837
5 1838
6 1839
9 1840
9 1841
13 1842
7 1843
6 1844
11 1845
8 1846
6 1847
9 1848
8 1849
6 1850
12 1851
8 1852
10 1853
6 1854
4 1855
10 1856
8 1857
9 1858
7 1859
9 1860
10 1861
6 1862
10 1863
6 1864
13 1865
8 1866
3 1867
4 1868
5 1869
12 1870
5 1871
6 1872
11 1873
9 1874
10 1875
10 1876
5 1877
8 1878
11 1879
4 1880
5 1881
6 1882
4 1883
4 1884
5 1885
4 1886
7 1887
4 1888
10 1889
6 1890
5 1891
7 1892
6 1893
9 1894
6 1895
4 1896
2 1897
2 1898
1 1899
3 1900
7 1901
1 1902
3 1903
3 1904
6 1905
2 1906
6 1907
2 1908
2 1909
1 1910
6 1911
2 1912
2 1913
1 1915
1 1917
2 1918
3 1919
4 1920
3 1921
1 1923
1 1925
2 1926
1 1929
2 1930
2 1931
1 1932
3 1933
1 1934
2 1936
2 1938
1 1939
2 1940
3 1941
2 1942
1 1943
2 1944
4 1945
1 1947
1 1948
1 1949
3 1950
1 1952
1 1953
3 1954
1 1956
4 1957
2 1959
2 1960
2 1962
2 1964
3 1965
1 1966
2 1967
1 1968
2 1969
2 1970
1 1971
2 1972
2 1973
2 1974
3 1975
2 1976
1 1977
4 1978
1 1979
1 1981
1 1982
3 1983
1 1985
1 1986
1 1987
1 1988
2 1989
2 1990
1 1991
2 1992
1 1996
1 1997
1 1998
6 1999
2 2000
4 2001
1 2002
2 2003
1 2005
3 2006
1 2007
3 2008
2 2009
2 2010
2 2011
2 2012
1 2013
3 2015
1 2016
1 2017
1 2018
3 2019
2 2020
1 2021
1 2023
1 2024
2 2025
2 2026
1 2027
2 2031
3 2032
1 2033
4 2034
5 2035
1 2036
1 2038
2 2039
2 2040
1 2041
2 2042
3 2044
1 2045
1 2046
1 2048
4 2049
1 2050
2 2051
1 2052
2 2053
1 2054
3 2055
2 2056
3 2058
1 2060
1 2061
2 2063
2 2065
3 2067
3 2068
2 2069
1 2070
1 2071
3 2072
1 2074
3 2075
3 2077
2 2079
1 2084
1 2085
5 2086
3 2087
4 2088
1 2089
2 2091
3 2092
4 2093
1 2094
5 2095
2 2096
2 2097
4 2098
1 2099
3 2100
3 2101
2 2102
2 2103
2 2104
1 2105
2 2106
4 2107
1 2108
2 2109
2 2110
4 2111
5 2113
4 2114
2 2115
9 2116
2 2117
3 2118
4 2119
4 2120
4 2122
4 2123
5 2124
7 2125
6 2126
6 2127
8 2128
7 2129
2 2130
4 2131
9 2132
5 2133
6 2134
9 2135
5 2136
14 2137
7 2138
7 2139
12 2140
6 2141
9 2142
1 2143
5 2144
10 2145
8 2146
10 2147
5 2148
5 2149
8 2150
10 2151
7 2152
4 2153
4 2154
6 2155
12 2156
7 2157
8 2158
5 2159
5 2160
7 2161
9 2162
6 2163
6 2164
7 2165
7 2166
2 2167
3 2168
2 2169
6 2170
3 2171
8 2172
5 2173
2 2174
2 2175
2 2176
1 2178
3 2179
4 2180
3 2181
1 2182
1 2183
4 2184
3 2185
3 2187
2 2188
4 2189
5 2190
4 2192
3 2193
2 2195
4 2196
3 2197
3 2198
6 2199
3 2200
5 2201
2 2202
5 2203
6 2204
2 2205
2 2206
2 2207
2 2209
2 2210
1 2211
1 2212
4 2213
4 2214
3 2215
1 2217
3 2219
2 2220
1 2222
3 2223
1 2224
4 2225
3 2227
2 2228
2 2229
3 2230
2 2231
1 2232
2 2233
1 2234
4 2235
1 2236
3 2237
2 2238
3 2239
1 2240
2 2241
7 2242
2 2243
3 2244
4 2245
2 2246
1 2247
1 2248
2 2249
1 2253
1 2254
3 2255
1 2256
2 2257
4 2258
1 2259
1 2261
3 2262
3 2263
2 2265
1 2266
3 2267
1 2269
1 2270
1 2271
1 2272
1 2273
3 2274
1 2275
1 2276
3 2278
1 2279
1 2282
1 2283
2 2284
1 2288
2 2291
1 2293
1 2295
1 2296
1 2300
1 2301
2 2304
1 2305
2 2306
1 2308
1 2310
1 2311
1 2313
1 2314
1 2316
1 2317
1 2319
1 2320
1 2322
1 2324
1 2327
1 2329
1 2330
2 2333
2 2334
1 2336
1 2342
1 2343
1 2346
1 2347
1 2349
1 2351
2 2356
1 2360
1 2361
1 2363
1 2365
4 2367
1 2369
1 2370
3 2371
1 2374
1 2376
2 2381
1 2382
2 2384
1 2385
1 2386
1 2387
1 2388
2 2392
1 2394
1 2397
1 2398
2 2399
1 2400
2 2401
1 2403
2 2404
1 2405
2 2406
2 2407
3 2408
1 2410
2 2412
2 2413
2 2414
1 2415
2 2416
1 2417
2 2418
1 2420
1 2421
1 2424
2 2425
2 2426
2 2427
3 2428
1 2429
1 2430
5 2431
2 2432
3 2433
1 2434
1 2437
3 2438
3 2439
4 2440
3 2441
3 2442
1 2444
1 2445
1 2446
1 2447
2 2448
2 2449
2 2450
1 2452
2 2453
3 2454
4 2455
1 2456
2 2457
4 2458
2 2459
3 2460
4 2461
3 2462
6 2463
2 2464
1 2465
5 2466
2 2467
2 2468
5 2469
4 2470
1 2471
1 2472
5 2473
5 2474
6 2475
5 2476
3 2477
4 2478
1 2479
4 2480
1 2481
6 2482
1 2483
3 2484
1 2485
2 2486
2 2487
1 2488
1 2489
6 2490
2 2491
1 2492
2 2493
2 2494
4 2496
4 2497
1 2499
4 2500
1 2502
3 2503
2 2504
1 2506
1 2507
1 2508
1 2509
2 2510
2 2511
1 2512
1 2518
1 2520
1 2521
1 2522
1 2523
1 2524
4 2525
3 2527
1 2528
1 2529
1 2531
1 2532
1 2533
1 2535
2 2536
1 2537
3 2538
1 2540
2 2541
4 2543
1 2544
2 2547
2 2549
2 2553
2 2554
2 2555
3 2556
1 2557
1 2559
1 2561
2 2562
1 2563
2 2564
1 2565
2 2567
1 2569
2 2570
2 2571
1 2572
1 2573
2 2574
2 2575
1 2576
1 2577
1 2578
3 2579
1 2580
2 2582
1 2583
2 2584
2 2585
2 2587
4 2588
4 2589
4 2590
1 2592
2 2594
1 2595
2 2597
2 2598
1 2599
1 2600
1 2602
3 2603
2 2604
1 2605
1 2606
1 2607
1 2608
1 2609
1 2611
1 2614
2 2615
1 2616
1 2617
1 2618
2 2619
1 2620
1 2621
1 2622
3 2624
1 2625
2 2627
1 2629
2 2630
1 2631
1 2632
1 2633
1 2634
2 2635
2 2636
3 2637
1 2640
1 2641
2 2642
1 2643
1 2644
2 2645
1 2646
3 2647
2 2648
2 2649
1 2650
2 2651
1 2652
1 2654
2 2655
5 2656
3 2657
2 2658
1 2659
4 2660
2 2662
1 2663
1 2664
3 2665
3 2666
1 2667
2 2668
1 2669
2 2671
6 2672
4 2673
3 2674
5 2675
1 2676
3 2677
2 2678
2 2679
3 2680
1 2681
2 2682
1 2683
3 2684
2 2685
6 2687
5 2688
4 2689
3 2690
4 2693
1 2694
1 2695
1 2697
3 2698
2 2700
2 2701
4 2702
2 2703
1 2714
1 2715
1 2722
1 2727
1 2733
2 2735
1 2736
1 2739
1 2742
1 2743
1 2744
2 2752
1 2768
1 2769
1 2776
2 2793
1 2811
1 2812
2 2827
1 2828
1 2840
1 2843
2 2844
1 2848
1 2864
1 2866
1 2871
1 2874
1 2889
1 2897
2 2909
1 2912
1 2917
1 2925
2 2931
1 2936
1 2939
1 2940
1 2957
1 2959
1 2961
2 2977
1 2988
1 2992
1 3002
1 3003
1 3018
1 3039
1 3043
1 3049
1 3058
1 3073
1 3076
1 3079
1 3080
1 3105
1 3110
1 3114
1 3120
1 3121
1 3122
1 3127
1 3132
1 3133
1 3140
1 3162
1 3174
1 3175
1 3194
1 3206
1 3210
2 3233
1 3238
1 3250
1 3283
1 3308
1 3323
1 3428
1 3523
1 3547
1 3555
1 3589
1 3613
2 3648
1 3701
1 3712
1 3732
1 3747
1 3843
1 3861
1 3990
1 4067
1 4145
1 4274
1 4356
1 4430
1 5181
