1 1
1 2
2 3
1 4
1 9
2 13
2 14
1 15
2 16
2 18
2 19
3 20
2 21
3 22
1 23
1 24
1 27
1 28
1 31
3 32
1 34
3 35
3 36
6 37
8 38
3 39
2 40
2 43
2 44
2 45
2 47
1 48
1 51
3 52
1 55
4 57
1 58
2 60
1 63
1 64
1 65
2 66
2 67
4 68
1 69
2 70
2 71
1 72
2 73
1 74
4 75
2 76
2 77
2 78
3 79
1 80
2 81
1 82
1 85
1 86
2 88
2 89
2 90
2 91
1 92
2 93
7 94
6 95
5 96
4 97
3 98
3 99
3 100
3 101
2 102
2 103
2 104
8 105
1 106
3 107
2 108
3 109
3 110
1 112
1 113
2 114
3 115
1 116
2 117
2 118
2 119
4 120
3 121
1 122
4 123
4 124
1 125
3 126
2 127
3 128
1 129
1 130
3 131
1 133
1 134
2 135
6 136
1 137
3 138
7 139
5 140
7 141
9 142
5 143
10 144
8 145
17 146
14 147
21 148
14 149
12 150
19 151
16 152
14 153
18 154
15 155
9 156
8 157
4 158
7 159
10 160
7 161
12 162
6 163
7 164
4 165
6 166
4 167
3 168
1 169
1 170
5 171
5 172
1 174
1 175
1 177
1 178
2 179
3 180
2 181
5 182
3 183
5 184
2 185
3 186
1 187
3 188
3 189
1 190
2 191
2 192
6 193
6 194
2 195
4 196
4 197
8 198
5 199
6 200
2 201
8 202
3 203
5 204
6 205
4 206
5 207
5 208
11 209
9 210
6 211
7 212
8 213
2 214
10 215
8 216
4 217
4 218
7 219
9 220
3 221
4 222
2 223
4 224
6 225
5 226
1 227
8 228
6 229
6 230
4 231
5 232
4 233
6 234
4 235
6 236
8 237
5 238
11 239
8 240
11 241
9 242
11 243
17 244
11 245
11 246
6 247
6 248
6 249
5 250
7 251
9 252
5 253
5 254
5 255
2 256
7 257
9 258
4 259
5 260
7 261
3 262
3 263
7 264
4 265
3 266
1 267
2 268
9 269
6 270
7 271
4 272
6 273
6 274
4 275
6 276
7 277
7 278
1 279
5 280
3 281
6 282
5 283
1 284
1 285
3 286
9 287
4 288
4 289
2 290
3 291
3 292
1 293
1 294
4 295
5 296
2 297
2 298
3 299
2 300
4 301
1 302
4 303
2 304
5 305
4 306
4 307
2 308
1 309
6 310
4 311
2 312
4 313
3 314
5 315
4 316
5 317
4 318
3 319
2 320
1 321
5 322
5 323
4 324
5 325
2 326
8 327
5 328
8 329
6 330
3 331
6 332
6 333
9 334
5 335
9 336
5 337
11 338
5 339
9 340
8 341
7 342
6 343
14 344
3 345
6 346
7 347
6 348
2 349
11 350
13 351
16 352
9 353
14 354
15 355
9 356
15 357
11 358
16 359
8 360
8 361
7 362
11 363
7 364
7 365
16 366
8 367
11 368
12 369
9 370
6 371
11 372
7 373
6 374
9 375
11 376
7 377
8 378
12 379
7 380
5 381
4 382
3 383
5 384
4 385
1 386
6 387
4 388
3 389
3 390
2 391
11 392
4 393
2 394
5 395
4 396
2 397
7 398
3 399
2 400
4 401
3 402
6 403
1 404
5 405
4 406
5 407
7 408
6 409
3 410
5 411
5 412
3 413
9 414
3 415
7 416
6 417
7 418
6 419
8 420
7 421
15 422
13 423
15 424
14 425
9 426
16 427
12 428
13 429
16 430
13 431
13 432
23 433
22 434
19 435
33 436
30 437
26 438
37 439
33 440
35 441
32 442
36 443
56 444
52 445
62 446
51 447
59 448
53 449
53 450
56 451
55 452
57 453
59 454
60 455
57 456
45 457
39 458
48 459
44 460
36 461
32 462
29 463
24 464
14 465
21 466
8 467
14 468
9 469
11 470
7 471
9 472
8 473
4 474
10 475
2 476
3 477
5 478
3 479
7 480
2 481
7 482
6 483
9 484
3 485
3 486
3 487
3 488
5 489
8 490
4 491
2 492
2 493
11 494
3 495
7 496
4 497
3 498
2 499
2 500
6 501
6 502
6 503
7 504
6 505
3 506
11 507
2 508
7 509
10 510
5 511
10 512
6 513
6 514
13 515
8 516
8 517
9 518
18 519
18 520
13 521
17 522
13 523
11 524
12 525
17 526
13 527
16 528
14 529
7 530
9 531
14 532
8 533
10 534
7 535
6 536
6 537
13 538
11 539
5 540
12 541
6 542
8 543
16 544
14 545
12 546
8 547
13 548
18 549
12 550
18 551
18 552
15 553
26 554
19 555
16 556
23 557
19 558
16 559
12 560
15 561
18 562
17 563
16 564
7 565
10 566
16 567
13 568
13 569
9 570
14 571
5 572
5 573
10 574
6 575
11 576
11 577
10 578
17 579
6 580
15 581
11 582
7 583
10 584
9 585
12 586
12 587
4 588
12 589
14 590
15 591
8 592
14 593
11 594
13 595
8 596
9 597
16 598
16 599
14 600
21 601
17 602
22 603
18 604
17 605
28 606
19 607
29 608
21 609
23 610
31 611
34 612
34 613
24 614
33 615
29 616
29 617
36 618
41 619
36 620
43 621
43 622
45 623
56 624
72 625
43 626
66 627
63 628
80 629
68 630
68 631
68 632
81 633
75 634
89 635
93 636
109 637
92 638
95 639
104 640
126 641
102 642
112 643
106 644
97 645
91 646
107 647
105 648
89 649
84 650
89 651
113 652
89 653
94 654
78 655
82 656
103 657
86 658
70 659
71 660
75 661
66 662
73 663
90 664
61 665
64 666
56 667
71 668
48 669
50 670
64 671
57 672
40 673
43 674
51 675
41 676
40 677
38 678
37 679
37 680
37 681
38 682
37 683
26 684
27 685
22 686
17 687
17 688
13 689
22 690
16 691
13 692
10 693
9 694
10 695
9 696
12 697
16 698
6 699
10 700
11 701
8 702
12 703
12 704
14 705
12 706
5 707
8 708
10 709
3 710
7 711
8 712
5 713
7 714
11 715
9 716
12 717
8 718
8 719
7 720
7 721
8 722
9 723
10 724
8 725
10 726
5 727
7 728
9 729
5 730
8 731
10 732
15 733
7 734
10 735
8 736
12 737
9 738
7 739
8 740
11 741
8 742
13 743
11 744
8 745
13 746
12 747
15 748
12 749
10 750
14 751
16 752
19 753
11 754
25 755
21 756
21 757
12 758
19 759
24 760
19 761
26 762
17 763
31 764
15 765
25 766
24 767
23 768
33 769
26 770
28 771
33 772
24 773
26 774
29 775
18 776
29 777
31 778
30 779
28 780
36 781
31 782
36 783
26 784
40 785
58 786
49 787
42 788
50 789
47 790
50 791
42 792
51 793
44 794
34 795
33 796
37 797
28 798
32 799
33 800
29 801
30 802
40 803
31 804
34 805
32 806
33 807
21 808
34 809
33 810
34 811
34 812
30 813
44 814
40 815
33 816
43 817
59 818
55 819
56 820
58 821
74 822
73 823
73 824
77 825
79 826
102 827
94 828
104 829
104 830
97 831
86 832
123 833
86 834
100 835
95 836
95 837
93 838
75 839
77 840
67 841
64 842
57 843
52 844
50 845
51 846
48 847
40 848
26 849
29 850
35 851
30 852
33 853
23 854
28 855
17 856
14 857
19 858
18 859
16 860
17 861
19 862
26 863
21 864
12 865
21 866
16 867
14 868
18 869
29 870
15 871
19 872
14 873
18 874
24 875
16 876
19 877
18 878
15 879
23 880
26 881
17 882
21 883
21 884
22 885
21 886
25 887
23 888
22 889
26 890
20 891
15 892
28 893
27 894
21 895
34 896
30 897
39 898
31 899
38 900
27 901
36 902
37 903
40 904
27 905
46 906
35 907
40 908
49 909
56 910
48 911
50 912
52 913
49 914
44 915
54 916
55 917
52 918
52 919
44 920
42 921
48 922
54 923
41 924
49 925
47 926
43 927
46 928
26 929
34 930
29 931
26 932
30 933
29 934
31 935
35 936
37 937
31 938
23 939
34 940
44 941
32 942
32 943
33 944
35 945
26 946
43 947
42 948
38 949
40 950
26 951
28 952
35 953
32 954
33 955
36 956
32 957
38 958
36 959
30 960
42 961
32 962
30 963
37 964
26 965
29 966
26 967
20 968
19 969
23 970
19 971
18 972
19 973
14 974
15 975
19 976
12 977
8 978
8 979
11 980
9 981
5 982
2 983
6 984
3 985
5 986
12 987
8 988
9 989
6 990
6 991
6 992
5 993
5 994
7 995
8 996
5 997
8 998
6 999
5 1000
5 1001
6 1002
5 1003
6 1004
7 1005
8 1006
6 1007
8 1008
11 1009
7 1010
8 1011
7 1012
1 1013
6 1014
7 1015
6 1016
3 1017
5 1018
5 1019
7 1020
4 1021
5 1022
7 1023
3 1024
1 1025
10 1026
7 1027
7 1028
3 1029
3 1030
3 1031
6 1032
4 1033
4 1034
6 1035
4 1036
7 1037
5 1038
3 1039
5 1040
3 1042
2 1043
2 1044
6 1045
6 1046
9 1047
6 1048
2 1049
7 1050
5 1051
11 1052
6 1053
3 1054
13 1055
3 1056
6 1057
8 1058
8 1059
4 1060
7 1061
9 1062
14 1063
10 1064
8 1065
7 1066
7 1067
19 1068
13 1069
11 1070
6 1071
10 1072
10 1073
5 1074
7 1075
5 1076
6 1077
9 1078
9 1079
7 1080
9 1081
7 1082
8 1083
6 1084
8 1085
8 1086
7 1087
3 1088
7 1089
10 1090
5 1091
7 1092
4 1093
4 1094
8 1095
9 1096
4 1097
6 1098
3 1099
7 1100
6 1101
7 1102
5 1103
2 1104
7 1105
4 1106
1 1107
5 1108
2 1109
5 1110
2 1111
5 1112
2 1113
6 1114
5 1115
3 1116
1 1117
5 1118
8 1119
7 1120
2 1121
4 1122
5 1123
4 1124
5 1125
12 1126
5 1127
5 1128
5 1129
9 1130
3 1131
3 1132
5 1133
5 1134
10 1135
9 1136
12 1137
7 1138
8 1139
13 1140
9 1141
9 1142
12 1143
12 1144
10 1145
10 1146
6 1147
11 1148
10 1149
9 1150
10 1151
14 1152
16 1153
10 1154
9 1155
12 1156
4 1157
14 1158
18 1159
8 1160
11 1161
8 1162
16 1163
11 1164
5 1165
8 1166
9 1167
9 1168
5 1169
10 1170
6 1171
10 1172
7 1173
7 1174
5 1175
4 1176
10 1177
10 1178
8 1179
4 1180
4 1181
10 1182
5 1183
4 1184
4 1185
8 1186
12 1187
10 1188
12 1189
16 1190
9 1191
11 1192
3 1193
8 1194
11 1195
14 1196
14 1197
11 1198
11 1199
14 1200
9 1201
17 1202
17 1203
13 1204
12 1205
9 1206
13 1207
12 1208
8 1209
12 1210
13 1211
10 1212
6 1213
12 1214
20 1215
10 1216
11 1217
15 1218
11 1219
12 1220
9 1221
7 1222
5 1223
6 1224
10 1225
7 1226
7 1227
6 1228
5 1229
9 1230
10 1231
10 1232
12 1233
14 1234
7 1235
7 1236
7 1237
5 1238
6 1239
5 1240
9 1241
6 1242
6 1243
4 1244
8 1245
10 1246
5 1247
9 1248
8 1249
7 1250
7 1251
9 1252
3 1253
4 1254
7 1255
8 1256
10 1257
13 1258
8 1259
11 1260
10 1261
11 1262
4 1263
8 1264
10 1265
9 1266
9 1267
7 1268
15 1269
13 1270
10 1271
12 1272
17 1273
6 1274
12 1275
8 1276
10 1277
10 1278
16 1279
16 1280
8 1281
15 1282
10 1283
18 1284
16 1285
11 1286
31 1287
11 1288
20 1289
20 1290
20 1291
26 1292
23 1293
25 1294
23 1295
28 1296
24 1297
30 1298
25 1299
34 1300
49 1301
30 1302
30 1303
38 1304
40 1305
37 1306
58 1307
40 1308
42 1309
42 1310
43 1311
32 1312
45 1313
50 1314
43 1315
37 1316
45 1317
37 1318
41 1319
33 1320
36 1321
30 1322
42 1323
35 1324
26 1325
28 1326
31 1327
31 1328
25 1329
16 1330
22 1331
21 1332
24 1333
25 1334
30 1335
18 1336
13 1337
12 1338
17 1339
16 1340
16 1341
19 1342
19 1343
15 1344
8 1345
17 1346
9 1347
24 1348
12 1349
11 1350
14 1351
9 1352
13 1353
14 1354
9 1355
9 1356
8 1357
11 1358
5 1359
11 1360
6 1361
5 1362
7 1363
7 1364
3 1365
10 1366
3 1367
5 1368
5 1369
4 1370
3 1371
9 1372
4 1373
6 1374
3 1375
3 1376
4 1377
5 1378
6 1379
2 1381
7 1382
3 1383
2 1384
3 1385
2 1386
5 1387
5 1388
6 1389
4 1390
1 1391
7 1392
6 1393
2 1394
3 1395
1 1396
3 1397
7 1398
4 1399
2 1400
7 1401
9 1402
6 1403
1 1404
8 1405
10 1407
4 1408
6 1409
2 1410
3 1411
5 1412
8 1413
5 1414
4 1415
10 1416
8 1417
4 1418
1 1419
4 1420
6 1421
5 1422
6 1423
6 1424
10 1425
7 1426
4 1427
4 1428
8 1429
6 1430
9 1431
10 1432
6 1433
6 1434
8 1435
4 1436
11 1437
4 1438
3 1439
4 1440
4 1441
12 1442
8 1443
9 1444
3 1445
6 1446
5 1447
4 1448
9 1449
6 1450
5 1451
6 1452
6 1453
12 1454
6 1455
10 1456
9 1457
3 1458
5 1459
11 1460
5 1461
5 1462
6 1463
11 1464
5 1465
7 1466
6 1467
7 1468
6 1469
6 1470
9 1471
6 1472
8 1473
11 1474
9 1475
12 1476
5 1477
11 1478
6 1479
8 1480
3 1481
7 1482
5 1483
10 1484
11 1485
16 1486
10 1487
14 1488
20 1489
14 1490
12 1491
11 1492
12 1493
10 1494
18 1495
12 1496
18 1497
11 1498
14 1499
15 1500
11 1501
21 1502
18 1503
12 1504
8 1505
17 1506
15 1507
25 1508
22 1509
14 1510
21 1511
12 1512
22 1513
22 1514
19 1515
22 1516
20 1517
21 1518
15 1519
17 1520
24 1521
17 1522
22 1523
25 1524
22 1525
23 1526
23 1527
20 1528
31 1529
19 1530
26 1531
29 1532
33 1533
24 1534
25 1535
23 1536
32 1537
37 1538
35 1539
41 1540
34 1541
43 1542
45 1543
35 1544
47 1545
59 1546
45 1547
49 1548
59 1549
67 1550
51 1551
74 1552
66 1553
58 1554
70 1555
56 1556
67 1557
68 1558
68 1559
69 1560
73 1561
77 1562
74 1563
64 1564
92 1565
73 1566
89 1567
80 1568
81 1569
93 1570
82 1571
68 1572
74 1573
77 1574
67 1575
67 1576
66 1577
51 1578
62 1579
56 1580
59 1581
55 1582
39 1583
49 1584
40 1585
45 1586
37 1587
31 1588
32 1589
32 1590
31 1591
24 1592
27 1593
25 1594
19 1595
21 1596
17 1597
10 1598
10 1599
13 1600
13 1601
10 1602
10 1603
7 1604
9 1605
11 1606
14 1607
15 1608
13 1609
7 1610
6 1611
3 1612
10 1613
8 1614
5 1615
3 1616
6 1617
8 1618
10 1619
6 1620
10 1621
14 1622
11 1623
9 1624
9 1625
8 1626
12 1627
11 1628
12 1629
5 1630
15 1631
10 1632
9 1633
14 1634
11 1635
19 1636
15 1637
17 1638
17 1639
10 1640
17 1641
12 1642
16 1643
17 1644
13 1645
14 1646
13 1647
17 1648
19 1649
17 1650
12 1651
8 1652
18 1653
10 1654
9 1655
11 1656
11 1657
7 1658
10 1659
4 1660
11 1661
12 1662
10 1663
7 1664
2 1665
7 1666
11 1667
3 1668
4 1669
5 1670
4 1671
8 1672
5 1673
6 1674
6 1675
1 1676
4 1677
2 1678
2 1679
3 1680
2 1681
2 1683
3 1684
2 1685
2 1686
1 1687
2 1688
4 1689
3 1690
3 1691
1 1692
2 1693
1 1696
1 1697
1 1698
2 1699
2 1700
2 1701
1 1706
3 1708
1 1711
3 1712
3 1716
1 1717
2 1718
3 1720
1 1721
1 1722
2 1723
1 1725
1 1726
2 1727
2 1728
2 1730
2 1731
3 1732
1 1733
4 1734
1 1735
1 1736
2 1738
1 1739
2 1740
1 1742
3 1744
1 1746
1 1749
1 1750
2 1751
2 1752
1 1753
3 1754
2 1755
5 1756
1 1757
2 1759
1 1761
5 1762
3 1763
1 1765
4 1766
1 1768
5 1769
4 1770
2 1772
1 1773
1 1774
1 1776
2 1778
4 1780
2 1781
5 1782
1 1783
2 1784
1 1785
1 1786
1 1787
4 1788
2 1789
2 1790
4 1791
1 1792
2 1793
2 1794
3 1795
3 1796
1 1797
1 1798
2 1799
2 1800
1 1801
4 1802
1 1803
5 1805
1 1806
1 1807
2 1808
2 1809
3 1810
3 1811
2 1813
4 1814
4 1815
4 1816
2 1817
3 1818
3 1819
3 1820
2 1821
1 1822
4 1823
5 1824
1 1825
2 1826
2 1827
3 1828
3 1829
2 1830
4 1831
2 1832
8 1833
3 1834
5 1835
5 1836
4 1837
4 1838
3 1839
2 1840
4 1841
5 1842
5 1843
2 1844
6 1845
3 1846
4 1847
5 1848
4 1849
8 1850
8 1851
7 1852
8 1853
7 1854
4 1855
9 1856
8 1857
7 1858
7 1859
6 1860
9 1861
7 1862
7 1863
9 1864
9 1865
5 1866
8 1867
7 1868
3 1869
4 1870
4 1871
2 1872
3 1873
6 1874
5 1875
5 1876
5 1877
4 1878
5 1879
6 1880
4 1881
2 1882
4 1883
3 1884
5 1885
3 1886
11 1887
4 1889
2 1891
1 1892
3 1893
3 1894
5 1895
4 1896
4 1897
3 1898
3 1899
1 1900
4 1901
2 1902
2 1903
2 1904
1 1905
1 1906
1 1907
1 1908
3 1909
2 1910
5 1911
1 1912
1 1913
2 1914
1 1915
1 1917
1 1918
1 1919
1 1920
1 1922
2 1923
2 1926
2 1928
2 1930
1 1932
1 1933
2 1935
1 1937
1 1938
1 1939
1 1942
1 1943
1 1945
1 1946
1 1948
2 1950
3 1951
2 1953
3 1955
3 1958
2 1960
1 1961
3 1962
1 1963
1 1965
1 1966
2 1967
1 1968
3 1969
2 1970
1 1971
1 1972
1 1973
1 1975
3 1976
1 1977
2 1979
1 1981
1 1982
1 1983
1 1984
2 1985
3 1987
1 1988
2 1989
2 1994
1 1998
1 2000
2 2004
3 2005
2 2007
2 2008
1 2010
1 2011
1 2012
2 2013
1 2015
2 2016
1 2018
3 2019
3 2020
1 2021
1 2023
1 2027
1 2029
1 2032
1 2033
1 2035
1 2036
2 2037
1 2039
2 2040
3 2041
2 2042
1 2043
4 2044
3 2045
3 2046
2 2048
1 2049
1 2052
1 2053
2 2054
1 2056
1 2057
4 2060
1 2061
3 2062
1 2063
1 2064
1 2066
3 2067
3 2068
1 2069
2 2070
1 2071
1 2072
1 2073
1 2074
3 2075
1 2078
3 2080
3 2082
1 2083
3 2084
1 2086
2 2088
2 2090
2 2091
3 2092
2 2093
1 2094
4 2095
4 2097
1 2098
4 2099
1 2100
1 2101
2 2102
3 2104
2 2105
3 2106
4 2107
2 2109
3 2110
1 2111
3 2112
3 2113
2 2114
1 2115
7 2116
1 2117
4 2118
3 2119
5 2120
3 2121
4 2122
8 2123
8 2124
3 2125
4 2126
4 2127
4 2128
9 2129
6 2130
3 2131
5 2132
4 2133
5 2134
3 2135
5 2136
3 2137
6 2138
9 2139
8 2140
4 2141
4 2142
5 2143
7 2144
5 2145
11 2146
3 2147
10 2148
6 2149
6 2150
7 2151
8 2152
7 2153
2 2154
4 2155
5 2156
5 2157
5 2158
11 2159
4 2160
6 2161
8 2162
5 2163
5 2164
4 2165
3 2166
6 2167
1 2168
2 2169
5 2170
2 2171
3 2173
1 2175
1 2176
5 2177
4 2178
5 2179
3 2180
2 2181
1 2183
3 2184
1 2185
2 2186
1 2187
2 2188
3 2189
5 2190
1 2191
4 2192
1 2193
2 2194
2 2196
2 2197
1 2198
1 2199
2 2200
3 2201
3 2203
7 2204
4 2205
2 2206
1 2207
5 2208
1 2210
3 2212
1 2213
1 2214
1 2215
1 2216
1 2217
2 2218
2 2219
1 2220
1 2222
1 2226
3 2227
1 2229
1 2230
3 2232
2 2234
3 2235
4 2236
1 2237
2 2238
2 2239
3 2240
2 2243
1 2244
1 2245
1 2246
3 2247
1 2248
1 2249
3 2250
1 2251
2 2253
2 2255
1 2256
2 2257
3 2260
2 2264
1 2266
1 2267
2 2268
1 2269
1 2270
2 2271
3 2273
1 2274
1 2276
4 2277
1 2278
2 2279
1 2280
2 2281
2 2284
1 2285
1 2287
2 2288
1 2290
1 2295
2 2297
1 2298
1 2299
2 2302
3 2303
1 2304
2 2305
1 2306
2 2307
1 2310
1 2311
1 2314
1 2316
1 2317
1 2319
1 2320
1 2325
3 2329
1 2330
2 2332
1 2333
1 2334
1 2338
1 2340
1 2342
1 2343
1 2344
2 2345
1 2348
1 2349
4 2350
1 2351
5 2352
1 2355
4 2356
1 2357
1 2358
2 2359
2 2360
1 2361
1 2362
3 2363
2 2365
1 2367
1 2368
1 2369
2 2370
2 2371
1 2372
1 2373
1 2374
4 2376
1 2378
1 2379
1 2380
1 2384
1 2388
1 2390
1 2391
2 2392
1 2393
1 2394
3 2396
3 2397
3 2399
1 2401
1 2402
2 2404
1 2405
2 2406
4 2407
1 2408
1 2409
3 2410
3 2411
2 2412
2 2413
2 2414
1 2415
3 2416
2 2417
1 2418
3 2419
1 2420
4 2421
3 2422
5 2423
1 2424
2 2426
1 2427
7 2428
5 2429
3 2430
6 2432
2 2433
3 2434
3 2435
2 2436
1 2437
3 2438
5 2439
2 2440
7 2441
4 2442
2 2443
5 2444
6 2445
8 2446
4 2447
4 2448
5 2449
4 2450
4 2451
5 2452
3 2453
2 2454
2 2455
2 2456
7 2457
4 2458
5 2459
5 2460
4 2461
5 2462
3 2463
5 2464
3 2465
6 2466
5 2467
3 2468
5 2469
8 2470
4 2471
7 2472
5 2473
4 2474
4 2475
10 2476
4 2477
7 2478
4 2479
2 2480
6 2481
4 2482
5 2483
4 2484
5 2485
2 2486
7 2487
4 2488
5 2489
2 2490
4 2491
4 2492
3 2493
6 2494
3 2495
6 2497
4 2498
1 2499
1 2500
5 2501
2 2502
1 2503
2 2504
1 2505
3 2507
1 2508
1 2509
4 2510
2 2511
3 2512
4 2513
1 2514
1 2515
3 2516
1 2517
2 2518
2 2519
2 2520
1 2521
3 2522
2 2523
5 2524
2 2525
2 2526
4 2527
1 2528
3 2529
3 2530
1 2532
2 2533
2 2534
3 2535
2 2536
1 2537
2 2538
1 2539
3 2540
3 2541
2 2542
3 2543
5 2544
2 2545
2 2546
2 2547
1 2548
3 2549
1 2550
3 2551
6 2553
4 2554
3 2555
2 2556
4 2557
3 2559
2 2560
5 2561
5 2562
1 2563
1 2564
3 2565
5 2566
4 2567
1 2568
3 2569
3 2571
3 2572
2 2573
3 2574
1 2575
2 2576
6 2577
4 2578
3 2579
3 2580
3 2581
3 2582
2 2583
2 2584
3 2585
3 2586
5 2588
1 2589
1 2590
1 2591
1 2594
1 2595
1 2596
3 2597
1 2598
6 2599
1 2601
2 2602
3 2603
1 2604
2 2605
1 2606
4 2607
1 2608
1 2609
1 2611
3 2612
2 2614
1 2616
2 2617
1 2618
2 2619
2 2620
1 2621
3 2622
2 2623
1 2625
2 2626
1 2627
3 2629
1 2631
2 2632
1 2633
2 2635
1 2636
6 2637
3 2638
4 2639
1 2640
2 2642
2 2643
1 2644
1 2645
6 2646
2 2648
4 2649
4 2650
4 2651
3 2652
4 2653
3 2654
1 2655
1 2656
2 2657
4 2658
3 2659
4 2660
3 2661
2 2662
3 2663
3 2664
3 2665
2 2666
1 2667
2 2668
4 2669
3 2670
2 2671
2 2672
4 2673
4 2674
2 2675
3 2676
2 2677
5 2678
2 2679
4 2680
3 2681
2 2682
5 2683
4 2684
2 2685
3 2686
2 2688
2 2689
2 2690
1 2691
1 2692
4 2694
1 2695
1 2696
2 2697
3 2698
3 2699
1 2700
1 2701
2 2702
3 2704
2 2705
2 2706
1 2707
2 2708
2 2709
1 2710
1 2711
1 2712
1 2713
1 2714
1 2715
2 2716
1 2725
1 2729
2 2736
1 2776
1 2795
1 2835
1 2837
1 2842
1 2845
1 2854
1 2858
1 2891
1 2902
1 2918
1 2927
1 2938
1 2940
1 2948
1 2950
1 2959
1 2963
1 2969
1 2971
1 2978
1 3002
1 3012
1 3016
1 3020
1 3025
1 3027
1 3030
1 3031
1 3033
1 3053
1 3054
1 3057
1 3059
1 3065
1 3070
1 3073
1 3075
1 3077
1 3099
1 3109
1 3110
1 3114
1 3120
2 3122
1 3124
1 3141
1 3145
1 3147
2 3161
1 3162
1 3168
1 3173
1 3223
1 3225
1 3228
1 3229
1 3234
1 3243
1 3256
1 3268
1 3270
1 3277
1 3286
1 3325
1 3349
1 3360
1 3374
1 3389
1 3437
1 3574
1 3631
1 3668
1 3674
1 3690
1 3794
1 3808
1 3819
1 3887
1 3999
1 4505
