1 2
1 6
1 12
1 13
2 14
2 16
1 18
2 19
1 20
1 22
1 23
1 26
1 27
1 28
1 29
2 34
1 35
3 36
2 37
3 38
4 39
6 40
4 41
4 42
2 43
1 44
1 45
1 47
1 51
1 53
2 55
1 57
1 58
1 59
1 63
1 67
1 70
1 71
1 72
1 74
1 76
2 77
1 79
1 80
1 83
3 84
1 85
5 87
1 88
1 89
1 90
2 92
1 93
1 95
1 96
1 97
3 100
2 103
2 104
2 105
2 106
2 107
2 109
1 110
1 111
1 112
1 113
7 116
2 117
2 118
1 119
2 120
1 121
3 122
1 127
1 128
2 129
1 130
2 132
1 133
1 134
1 135
1 136
4 137
4 138
6 139
4 140
4 141
7 142
5 143
4 144
4 145
5 146
3 147
3 148
3 150
4 151
2 152
1 153
4 154
1 155
4 157
1 158
4 159
2 160
3 161
3 163
2 164
3 165
1 167
4 168
2 169
2 170
1 171
3 173
2 174
3 175
1 177
2 178
2 179
1 180
3 181
1 182
1 183
4 185
1 186
2 187
4 188
3 189
9 190
3 191
8 192
7 193
9 194
5 195
8 196
7 197
9 198
5 199
9 200
6 201
8 202
3 203
4 204
5 205
6 206
3 207
4 208
1 209
5 210
1 211
4 212
2 213
5 214
5 215
3 216
3 217
6 218
4 219
2 220
2 221
2 222
2 223
3 224
4 225
1 226
1 227
3 228
2 229
2 230
2 231
5 232
3 233
2 234
3 235
4 236
1 237
1 239
4 240
3 241
3 242
2 243
2 244
2 245
2 246
7 247
4 248
7 249
2 250
6 251
3 252
4 253
5 254
4 255
1 256
5 257
2 258
1 259
3 260
1 261
3 262
4 263
4 264
5 265
6 266
4 267
2 268
5 269
6 270
6 271
6 272
4 273
6 274
5 275
1 276
5 277
6 278
8 279
5 280
7 281
6 282
4 283
3 284
6 285
10 286
8 287
3 288
6 289
1 290
3 291
2 292
2 293
1 294
9 295
5 296
7 297
7 298
4 299
11 300
4 301
7 302
8 303
8 304
8 305
5 306
8 307
5 308
8 309
10 310
6 311
5 312
8 313
10 314
13 315
7 316
9 317
7 318
9 319
11 320
9 321
10 322
13 323
12 324
17 325
11 326
8 327
9 328
13 329
9 330
8 331
9 332
13 333
6 334
11 335
7 336
10 337
6 338
4 339
9 340
7 341
5 342
10 343
5 344
8 345
4 346
6 347
7 348
5 349
7 350
3 351
4 352
3 353
14 354
5 355
7 356
9 357
10 358
9 359
9 360
4 361
9 362
11 363
9 364
8 365
8 366
13 367
10 368
14 369
10 370
5 371
13 372
12 373
9 374
17 375
6 376
16 377
14 378
14 379
12 380
13 381
10 382
6 383
11 384
14 385
19 386
17 387
21 388
21 389
11 390
20 391
16 392
21 393
20 394
21 395
27 396
35 397
25 398
20 399
35 400
22 401
34 402
42 403
29 404
35 405
37 406
43 407
53 408
39 409
37 410
40 411
31 412
30 413
38 414
34 415
27 416
33 417
32 418
30 419
37 420
36 421
35 422
26 423
27 424
34 425
38 426
44 427
45 428
46 429
45 430
52 431
57 432
63 433
75 434
88 435
86 436
68 437
76 438
75 439
88 440
104 441
69 442
67 443
65 444
56 445
54 446
51 447
62 448
48 449
36 450
37 451
42 452
30 453
46 454
30 455
34 456
26 457
26 458
34 459
37 460
41 461
44 462
43 463
40 464
47 465
41 466
68 467
43 468
50 469
93 470
61 471
77 472
87 473
81 474
105 475
117 476
102 477
91 478
95 479
117 480
116 481
126 482
134 483
144 484
187 485
190 486
222 487
268 488
242 489
342 490
343 491
394 492
447 493
473 494
574 495
601 496
730 497
767 498
825 499
836 500
905 501
912 502
968 503
890 504
867 505
803 506
721 507
650 508
583 509
544 510
475 511
375 512
302 513
253 514
194 515
162 516
139 517
96 518
92 519
59 520
64 521
36 522
34 523
43 524
31 525
19 526
19 527
15 528
14 529
12 530
8 531
3 532
7 533
10 534
8 535
2 536
1 537
4 538
9 539
3 540
5 541
7 542
6 543
4 544
4 545
7 546
1 547
1 548
3 549
2 550
3 551
1 552
1 553
3 554
6 555
2 556
1 557
3 558
2 560
4 561
3 562
4 563
1 564
2 565
1 567
3 568
1 569
1 570
5 573
3 574
1 575
2 576
1 577
2 578
2 579
1 580
3 581
1 582
2 583
3 584
5 585
1 586
5 587
1 589
1 590
4 591
3 593
4 594
1 595
3 596
1 597
3 598
2 599
2 601
2 602
3 604
5 605
4 606
2 607
1 608
2 609
1 610
2 611
3 612
2 613
6 614
1 616
1 617
4 618
1 619
6 620
2 621
2 622
3 623
4 624
2 625
2 626
2 627
4 628
4 629
2 630
2 631
3 632
2 633
2 634
3 635
1 636
4 637
4 638
1 639
1 640
6 641
2 642
5 643
3 644
2 645
1 646
3 647
2 648
2 649
4 650
3 651
2 652
3 653
3 654
2 655
3 656
3 657
4 658
1 659
2 660
1 661
2 662
4 664
2 665
3 666
2 667
2 668
1 669
4 671
2 672
1 673
2 674
1 675
1 676
5 677
2 678
5 679
2 680
1 681
4 682
2 683
3 684
2 685
4 686
2 687
3 688
7 690
1 691
1 692
4 693
4 694
2 695
6 696
3 697
6 698
4 699
6 700
6 701
5 702
4 703
3 704
6 705
3 706
2 707
4 708
4 709
2 710
4 711
1 712
6 713
7 714
7 715
11 716
3 717
6 718
4 719
7 720
4 721
3 722
7 723
8 724
8 725
4 726
4 727
9 728
4 729
9 730
8 731
8 732
8 733
7 734
10 735
7 736
15 737
6 738
16 739
15 740
10 741
10 742
10 743
12 744
11 745
21 746
15 747
15 748
18 749
13 750
14 751
25 752
13 753
20 754
14 755
21 756
14 757
23 758
19 759
27 760
22 761
8 762
19 763
19 764
15 765
17 766
13 767
18 768
9 769
12 770
14 771
13 772
17 773
10 774
12 775
9 776
15 777
11 778
19 779
16 780
6 781
16 782
15 783
7 784
12 785
7 786
10 787
18 788
13 789
13 790
13 791
13 792
17 793
14 794
11 795
9 796
15 797
11 798
18 799
20 800
18 801
19 802
17 803
17 804
20 805
16 806
21 807
26 808
30 809
26 810
34 811
33 812
37 813
36 814
36 815
34 816
45 817
44 818
40 819
49 820
61 821
38 822
41 823
54 824
58 825
50 826
59 827
71 828
65 829
70 830
66 831
67 832
64 833
73 834
54 835
65 836
61 837
53 838
64 839
62 840
64 841
42 842
45 843
40 844
43 845
27 846
34 847
30 848
22 849
28 850
18 851
28 852
23 853
25 854
14 855
16 856
13 857
16 858
8 859
8 860
7 861
11 862
9 863
17 864
7 865
16 866
10 867
11 868
10 869
7 870
16 871
12 872
14 873
9 874
16 875
21 876
27 877
21 878
19 879
24 880
17 881
16 882
23 883
18 884
19 885
26 886
18 887
20 888
30 889
36 890
34 891
33 892
41 893
42 894
39 895
38 896
42 897
30 898
36 899
35 900
47 901
38 902
38 903
28 904
35 905
25 906
50 907
31 908
32 909
22 910
29 911
36 912
25 913
22 914
17 915
28 916
20 917
12 918
17 919
12 920
9 921
11 922
9 923
10 924
11 925
6 926
11 927
3 928
6 929
7 930
4 931
5 932
5 933
5 934
3 935
6 936
2 937
6 938
2 939
3 940
4 941
2 942
1 943
2 945
4 946
2 949
3 950
2 951
1 952
1 953
1 955
3 956
5 957
1 958
2 959
1 960
1 961
4 962
1 963
5 964
4 965
7 966
2 967
4 968
4 969
6 970
5 971
4 972
5 973
3 974
5 975
4 976
5 977
7 978
6 979
5 980
5 981
5 982
7 983
5 984
5 985
5 986
4 987
7 988
5 989
9 990
5 991
4 992
7 993
4 994
5 995
7 996
9 997
9 998
7 999
4 1000
8 1001
5 1002
8 1003
7 1004
4 1005
2 1006
6 1007
5 1008
1 1009
3 1010
1 1011
1 1012
2 1013
3 1014
3 1016
1 1017
3 1020
2 1021
2 1023
2 1024
3 1025
1 1027
1 1029
2 1030
1 1031
2 1032
4 1033
1 1034
1 1035
4 1036
1 1037
1 1038
1 1040
2 1041
1 1042
1 1043
1 1044
3 1046
4 1049
2 1052
2 1054
3 1055
3 1056
1 1057
2 1059
1 1061
1 1062
2 1064
1 1065
1 1066
2 1067
1 1068
2 1069
1 1071
3 1072
1 1073
1 1074
2 1075
4 1076
2 1077
3 1078
5 1079
1 1081
2 1082
3 1083
1 1084
2 1085
4 1086
3 1087
1 1088
2 1089
1 1090
2 1091
1 1092
2 1094
3 1095
1 1096
2 1097
3 1098
4 1099
2 1100
4 1101
5 1102
2 1103
4 1104
4 1105
4 1106
2 1107
2 1108
2 1109
1 1110
1 1111
4 1112
6 1113
3 1114
5 1115
5 1116
5 1117
3 1118
6 1119
8 1120
5 1121
5 1122
3 1123
6 1124
4 1125
6 1126
8 1127
3 1128
3 1129
4 1130
2 1131
3 1132
4 1133
2 1134
4 1135
7 1136
2 1137
4 1138
2 1139
1 1140
3 1141
3 1142
2 1143
2 1144
2 1145
9 1146
2 1147
2 1148
3 1149
2 1150
3 1151
1 1152
2 1153
2 1154
2 1155
2 1156
2 1158
1 1160
4 1161
2 1163
2 1164
6 1165
3 1166
2 1167
4 1168
5 1169
2 1170
2 1171
1 1172
3 1173
3 1174
3 1175
4 1176
2 1177
1 1178
3 1179
2 1180
3 1181
1 1183
2 1185
3 1187
2 1188
1 1189
2 1190
1 1192
1 1194
2 1195
1 1196
2 1198
1 1199
1 1200
1 1203
1 1205
1 1207
2 1210
1 1216
2 1219
1 1220
2 1221
1 1224
2 1225
1 1228
1 1233
1 1234
1 1235
1 1237
1 1239
1 1240
3 1244
1 1246
1 1254
1 1255
1 1256
1 1259
1 1262
1 1265
2 1270
2 1271
1 1278
2 1283
1 1285
1 1290
2 1292
2 1293
1 1296
1 1298
1 1299
2 1301
1 1305
1 1306
2 1307
4 1308
2 1310
1 1311
1 1312
1 1316
1 1317
1 1320
3 1321
1 1322
1 1324
1 1325
1 1326
1 1327
1 1328
1 1329
1 1330
1 1331
1 1332
1 1337
1 1339
1 1342
2 1345
1 1346
1 1349
1 1350
1 1352
2 1356
1 1358
1 1359
2 1362
2 1364
1 1365
1 1366
3 1367
3 1370
1 1372
1 1373
1 1374
1 1376
1 1377
1 1378
2 1380
1 1386
1 1387
1 1388
1 1390
1 1396
1 1402
2 1404
1 1406
2 1407
2 1409
1 1410
1 1411
1 1415
1 1416
2 1418
2 1420
2 1421
1 1422
1 1423
1 1424
2 1427
1 1428
1 1429
1 1430
1 1431
2 1433
1 1435
1 1438
2 1439
1 1441
1 1442
2 1444
2 1445
2 1446
3 1449
2 1450
2 1452
1 1454
1 1455
2 1458
1 1459
1 1460
1 1461
1 1462
1 1463
1 1464
1 1468
1 1470
1 1472
1 1473
3 1475
2 1476
3 1478
3 1480
1 1482
1 1483
1 1484
3 1485
2 1486
2 1487
2 1488
3 1489
1 1490
2 1491
3 1492
2 1493
3 1494
5 1496
5 1497
2 1498
2 1499
3 1500
2 1501
1 1502
2 1504
2 1505
3 1506
1 1507
3 1509
1 1510
1 1511
3 1512
1 1513
1 1514
3 1515
2 1518
1 1519
1 1520
1 1522
1 1523
1 1526
1 1527
1 1528
1 1529
1 1530
2 1531
1 1532
3 1535
1 1540
1 1541
2 1542
3 1543
1 1545
1 1546
2 1547
3 1548
2 1549
3 1550
2 1552
1 1553
1 1554
1 1555
2 1556
3 1557
1 1560
2 1561
1 1562
2 1563
3 1564
2 1565
1 1567
1 1568
2 1569
2 1570
2 1571
1 1573
1 1574
1 1575
1 1576
1 1577
2 1578
1 1579
2 1580
2 1581
3 1582
3 1583
3 1584
5 1585
4 1587
4 1588
1 1589
1 1590
1 1592
2 1593
2 1594
1 1595
1 1600
1 1601
4 1604
1 1608
1 1609
1 1611
3 1612
1 1616
1 1617
1 1619
1 1620
1 1621
1 1629
2 1631
1 1632
3 1633
2 1634
3 1636
1 1637
1 1639
1 1640
1 1642
3 1644
1 1645
2 1651
3 1652
1 1654
1 1655
1 1657
4 1658
2 1661
5 1663
4 1666
1 1667
1 1669
1 1672
1 1673
3 1674
2 1678
1 1682
4 1684
1 1685
2 1686
3 1688
1 1689
1 1691
3 1694
1 1697
1 1699
1 1700
6 1704
1 1706
2 1709
2 1711
1 1712
1 1713
1 1714
3 1715
2 1718
2 1720
3 1721
3 1722
2 1724
1 1725
1 1726
3 1727
3 1728
2 1729
1 1731
2 1732
3 1733
4 1734
2 1736
3 1737
3 1739
1 1740
3 1741
2 1742
2 1744
3 1745
1 1746
3 1747
1 1748
2 1749
3 1750
4 1751
3 1753
2 1754
3 1755
4 1756
2 1757
1 1758
4 1759
3 1760
3 1761
2 1762
6 1763
3 1764
3 1765
2 1766
1 1767
3 1768
2 1769
1 1770
1 1771
5 1772
4 1773
5 1774
3 1775
4 1776
2 1777
10 1778
3 1779
1 1780
5 1781
5 1782
7 1783
3 1784
4 1785
5 1786
2 1787
7 1788
10 1789
8 1790
5 1791
7 1792
8 1793
6 1794
4 1795
5 1796
6 1797
2 1798
6 1799
5 1800
9 1801
3 1802
9 1803
6 1804
6 1805
2 1806
6 1807
7 1808
4 1809
8 1810
8 1811
4 1812
7 1813
5 1814
5 1815
3 1816
5 1817
4 1818
6 1819
3 1820
4 1821
3 1822
1 1823
6 1824
5 1825
7 1826
5 1827
2 1828
3 1829
3 1830
5 1831
3 1832
2 1833
6 1834
3 1835
6 1836
10 1837
3 1838
1 1839
6 1840
2 1841
6 1842
3 1843
6 1844
5 1845
5 1846
3 1847
2 1848
2 1849
3 1850
3 1851
4 1852
2 1853
6 1854
3 1855
1 1856
1 1857
7 1858
7 1859
1 1860
3 1861
2 1862
4 1863
5 1864
7 1865
4 1866
6 1867
6 1868
9 1869
4 1870
5 1871
3 1872
2 1873
5 1874
4 1875
6 1876
4 1877
8 1878
2 1879
4 1880
5 1881
6 1882
9 1883
6 1884
3 1885
4 1886
8 1887
7 1888
17 1889
7 1890
5 1891
8 1892
9 1893
5 1894
9 1895
6 1896
9 1897
17 1898
13 1899
6 1900
5 1901
9 1902
9 1903
5 1904
5 1905
7 1906
10 1907
9 1908
9 1909
4 1910
9 1911
14 1912
10 1913
11 1914
13 1915
8 1916
13 1917
12 1918
12 1919
13 1920
13 1921
13 1922
21 1923
17 1924
17 1925
12 1926
20 1927
16 1928
17 1929
26 1930
23 1931
20 1932
23 1933
29 1934
22 1935
32 1936
29 1937
23 1938
32 1939
20 1940
37 1941
40 1942
46 1943
45 1944
54 1945
61 1946
49 1947
41 1948
51 1949
53 1950
62 1951
54 1952
56 1953
54 1954
49 1955
60 1956
65 1957
55 1958
66 1959
57 1960
49 1961
41 1962
46 1963
44 1964
48 1965
49 1966
41 1967
34 1968
43 1969
33 1970
30 1971
33 1972
26 1973
24 1974
35 1975
27 1976
18 1977
25 1978
23 1979
15 1980
12 1981
10 1982
8 1983
16 1984
10 1985
12 1986
8 1987
9 1988
5 1989
8 1990
10 1991
6 1992
3 1993
8 1994
3 1995
3 1996
4 1997
2 1998
7 1999
1 2000
2 2003
3 2004
1 2005
2 2007
2 2008
1 2009
4 2010
2 2013
2 2014
2 2015
1 2016
1 2017
1 2018
1 2019
2 2021
1 2023
1 2026
1 2030
1 2032
1 2038
1 2042
1 2049
1 2050
1 2054
1 2055
1 2057
1 2058
2 2060
1 2066
2 2068
1 2071
2 2073
1 2074
1 2076
1 2078
1 2080
4 2087
1 2091
2 2094
1 2095
1 2096
1 2098
1 2099
1 2100
2 2104
1 2106
1 2107
2 2112
1 2113
1 2117
1 2123
1 2127
1 2128
2 2131
1 2132
1 2134
1 2137
1 2138
1 2141
1 2143
1 2149
1 2150
3 2158
1 2160
1 2162
1 2165
1 2170
1 2171
2 2172
2 2174
1 2179
4 2184
1 2185
3 2191
1 2192
1 2193
2 2195
3 2196
1 2197
1 2204
1 2205
1 2206
1 2210
1 2211
1 2212
1 2213
1 2215
2 2216
1 2217
3 2218
1 2221
1 2222
1 2223
1 2224
1 2226
1 2229
1 2231
1 2232
2 2234
1 2235
1 2236
3 2237
2 2239
2 2240
3 2241
3 2243
3 2245
3 2248
1 2250
1 2251
1 2252
1 2253
1 2254
2 2255
3 2256
3 2257
1 2260
1 2261
4 2262
7 2263
1 2265
3 2266
3 2267
3 2269
4 2270
3 2271
3 2272
1 2273
1 2274
2 2275
4 2276
3 2277
2 2278
1 2279
1 2280
4 2281
2 2282
2 2283
1 2284
3 2285
3 2286
1 2287
4 2289
2 2290
2 2291
3 2292
2 2294
4 2296
2 2297
2 2298
1 2299
1 2300
1 2301
1 2302
1 2303
1 2305
1 2306
1 2308
1 2309
2 2311
1 2312
2 2313
3 2314
1 2315
3 2316
2 2317
2 2319
1 2320
1 2321
4 2322
1 2323
1 2324
1 2325
1 2326
3 2328
2 2330
1 2332
1 2333
5 2335
1 2336
1 2337
3 2338
2 2339
3 2340
1 2342
2 2343
4 2345
3 2346
1 2347
2 2348
2 2349
3 2350
4 2352
1 2353
1 2354
2 2355
1 2356
1 2357
3 2358
3 2360
3 2361
1 2362
3 2363
2 2364
2 2365
4 2366
1 2367
1 2368
6 2370
1 2371
2 2372
3 2373
5 2374
5 2375
1 2376
4 2377
8 2378
1 2379
5 2380
4 2381
3 2382
6 2383
5 2384
5 2385
6 2386
5 2387
5 2388
5 2389
3 2390
6 2391
6 2392
5 2393
9 2394
9 2395
2 2396
6 2397
14 2398
9 2399
12 2400
8 2401
10 2402
10 2403
16 2404
10 2405
12 2406
15 2407
12 2408
13 2409
15 2410
11 2411
16 2412
21 2413
14 2414
14 2415
18 2416
11 2417
14 2418
18 2419
13 2420
15 2421
20 2422
13 2423
16 2424
20 2425
16 2426
16 2427
16 2428
14 2429
15 2430
17 2431
12 2432
9 2433
13 2434
14 2435
10 2436
12 2437
16 2438
11 2439
12 2440
9 2441
17 2442
5 2443
3 2444
14 2445
14 2446
9 2447
8 2448
5 2449
8 2450
6 2451
5 2452
9 2453
1 2454
2 2455
1 2456
5 2457
3 2458
4 2459
1 2460
3 2462
3 2463
4 2464
4 2465
5 2466
3 2468
1 2470
1 2471
3 2472
1 2474
1 2475
1 2477
1 2478
1 2481
1 2483
1 2485
1 2486
1 2489
1 2490
1 2493
3 2496
1 2499
2 2500
2 2501
1 2504
1 2506
3 2507
1 2508
1 2509
2 2514
1 2515
1 2517
1 2519
1 2520
1 2521
1 2522
1 2523
1 2524
1 2525
2 2527
2 2528
1 2530
1 2531
2 2532
2 2533
1 2535
1 2536
2 2539
1 2540
2 2541
1 2542
2 2543
1 2544
1 2545
3 2546
2 2547
1 2548
2 2549
2 2551
3 2552
2 2555
3 2556
3 2557
2 2558
2 2559
2 2560
2 2561
1 2562
3 2563
1 2564
1 2565
5 2566
2 2567
2 2568
9 2569
2 2570
4 2571
6 2572
4 2573
4 2574
2 2575
3 2576
4 2577
3 2578
7 2579
4 2580
2 2581
4 2582
6 2583
3 2584
3 2585
4 2586
7 2587
3 2588
2 2589
1 2590
3 2591
3 2592
1 2593
9 2594
4 2595
4 2596
8 2597
5 2598
3 2599
5 2600
5 2601
3 2602
4 2603
3 2605
2 2606
1 2607
5 2608
4 2609
4 2610
2 2611
1 2613
3 2614
3 2615
4 2616
1 2619
2 2621
3 2623
2 2624
1 2629
2 2631
2 2632
1 2634
1 2636
1 2637
1 2639
1 2651
1 2666
1 2670
1 2680
1 2682
1 2699
1 2710
1 2719
1 2722
1 2729
1 2732
1 2733
3 2742
1 2744
1 2746
1 2751
1 2754
1 2760
1 2762
1 2765
1 2768
1 2769
1 2779
1 2799
1 2801
1 2808
1 2818
1 2859
1 2896
1 2897
1 2903
1 2910
1 2911
1 2923
1 2933
1 2948
1 2954
1 2958
1 2960
1 2990
1 2997
1 3016
1 3048
1 3118
1 3122
1 3184
1 3189
1 3239
1 3256
1 3330
1 3334
1 3404
1 3497
1 3588
1 3592
2 3655
1 3660
1 3756
1 3805
1 3830
1 3870
1 3899
1 3916
1 3938
1 3978
1 3989
1 4002
1 4004
1 4012
1 4015
1 4017
1 4033
1 4038
1 4042
1 4045
1 4048
1 4053
1 4057
1 4061
2 4064
1 4076
1 4077
1 4079
1 4080
1 4089
1 4090
1 4091
1 4095
2 4098
1 4099
1 4105
1 4107
1 4110
1 4115
1 4116
1 4121
3 4122
1 4128
2 4129
1 4130
1 4134
1 4150
1 4182
1 4266
1 4276
1 4442
1 4858
1 5047
