2 2
1 3
1 4
2 10
1 11
1 13
1 14
1 17
2 18
1 20
1 23
2 24
1 27
1 28
2 31
1 32
2 33
3 34
2 35
1 36
3 37
4 38
2 41
1 42
1 43
2 44
1 48
2 49
2 50
3 51
1 52
4 53
3 54
1 55
1 56
2 59
3 60
3 61
2 62
2 64
1 66
2 67
1 68
2 69
2 70
4 71
3 72
2 74
1 75
1 77
6 78
3 79
3 80
2 81
1 83
1 84
1 85
1 86
1 87
1 88
1 90
4 91
3 92
2 93
3 94
6 95
2 96
6 97
1 98
2 100
1 101
1 102
3 103
2 104
3 105
2 106
1 108
2 109
1 110
1 111
2 112
4 113
1 114
1 115
4 116
6 117
5 118
7 119
5 120
4 121
1 122
2 123
3 124
2 125
1 126
2 127
2 128
6 130
1 131
3 133
2 134
1 135
5 137
3 138
1 139
3 140
7 141
5 142
7 143
11 144
7 145
7 146
6 147
16 148
17 149
13 150
11 151
12 152
9 153
7 154
13 155
7 156
10 157
12 158
5 159
2 160
3 161
4 162
4 163
9 164
6 165
5 166
2 167
7 168
4 169
2 170
5 171
4 172
1 173
2 175
5 176
3 177
1 178
3 179
2 180
1 181
3 182
5 183
3 185
1 187
6 188
1 189
3 190
6 191
1 192
2 193
5 194
6 195
3 196
4 197
4 198
1 199
3 200
4 201
2 202
3 203
5 204
3 205
5 206
4 207
10 208
3 209
9 210
10 211
4 212
2 213
2 214
7 215
4 216
3 217
3 218
3 219
2 220
2 221
3 222
3 223
5 224
3 225
6 226
7 227
5 228
2 229
3 230
3 231
5 232
5 233
3 234
6 235
8 236
3 237
6 238
7 239
5 240
5 241
7 242
12 243
7 244
4 245
6 246
4 247
6 248
5 249
8 250
6 251
4 252
7 253
15 254
5 255
7 256
4 257
6 258
4 259
6 260
7 261
4 262
7 263
7 264
6 265
6 266
4 267
4 268
4 269
2 270
4 271
10 272
5 273
3 274
7 275
10 276
2 277
3 278
6 279
4 280
7 281
4 282
4 283
1 284
3 285
3 286
3 287
4 288
2 289
3 290
2 291
1 292
2 293
5 294
5 295
4 296
2 297
4 298
5 299
7 300
4 302
6 303
2 304
3 305
5 306
2 307
2 308
1 309
4 310
3 311
2 312
1 313
4 314
5 315
6 316
4 317
7 318
6 320
10 321
13 322
5 323
6 324
3 325
3 326
2 327
10 328
8 329
10 330
13 331
6 332
8 333
3 334
4 335
6 336
6 337
6 338
6 339
5 340
5 341
8 342
8 343
11 344
7 345
11 346
11 347
16 348
14 349
8 350
13 351
16 352
10 353
19 354
19 355
16 356
23 357
16 358
17 359
14 360
15 361
11 362
15 363
17 364
11 365
5 366
13 367
15 368
17 369
17 370
12 371
15 372
7 373
9 374
10 375
8 376
8 377
12 378
6 379
4 380
3 381
7 382
5 383
7 384
5 385
3 386
6 387
5 388
6 389
3 390
4 391
3 392
6 393
8 394
7 395
2 396
4 397
1 398
3 399
3 400
3 401
4 402
2 403
9 404
7 405
7 406
8 407
6 408
5 409
12 410
4 411
5 412
8 413
4 414
5 415
4 416
6 417
10 418
12 419
9 420
7 421
10 422
8 423
14 424
10 425
16 426
11 427
19 428
13 429
20 430
17 431
29 432
24 433
29 434
24 435
32 436
32 437
48 438
40 439
47 440
50 441
48 442
44 443
58 444
84 445
72 446
77 447
84 448
78 449
84 450
92 451
82 452
76 453
75 454
104 455
87 456
70 457
56 458
62 459
57 460
37 461
44 462
31 463
24 464
28 465
33 466
18 467
17 468
7 469
12 470
11 471
12 472
6 473
5 474
4 475
4 476
7 477
6 478
11 479
3 480
3 481
3 482
2 483
5 484
5 485
3 486
2 487
3 488
2 489
6 490
4 491
5 492
6 493
4 495
3 496
4 497
2 498
6 499
4 500
5 501
5 502
1 503
3 504
6 505
6 506
4 507
3 508
6 509
4 510
11 511
8 512
6 513
4 514
6 515
8 516
7 517
9 518
6 519
4 520
8 521
9 522
10 523
4 524
9 525
6 526
10 527
3 528
7 529
4 530
12 531
7 532
11 533
9 534
8 535
9 536
10 537
14 538
13 539
4 540
12 541
5 542
15 543
8 544
9 545
9 546
14 547
12 548
17 549
15 550
16 551
16 552
20 553
11 554
13 555
10 556
24 557
19 558
16 559
14 560
20 561
23 562
21 563
15 564
18 565
12 566
15 567
18 568
10 569
12 570
10 571
17 572
18 573
15 574
9 575
10 576
15 577
10 578
15 579
16 580
6 581
11 582
12 583
21 584
9 585
15 586
20 587
16 588
14 589
13 590
15 591
12 592
21 593
15 594
12 595
22 596
18 597
14 598
24 599
19 600
28 601
21 602
22 603
20 604
28 605
15 606
27 607
19 608
40 609
36 610
34 611
44 612
29 613
30 614
29 615
34 616
42 617
55 618
53 619
48 620
47 621
60 622
64 623
60 624
61 625
68 626
75 627
88 628
96 629
88 630
106 631
93 632
110 633
114 634
122 635
120 636
117 637
114 638
121 639
124 640
121 641
119 642
143 643
126 644
131 645
132 646
120 647
135 648
135 649
125 650
125 651
130 652
138 653
144 654
138 655
147 656
119 657
108 658
116 659
78 660
114 661
92 662
96 663
96 664
76 665
91 666
82 667
66 668
73 669
52 670
50 671
60 672
48 673
49 674
52 675
54 676
49 677
39 678
52 679
47 680
32 681
33 682
33 683
26 684
22 685
23 686
19 687
24 688
29 689
11 690
16 691
17 692
18 693
18 694
12 695
18 696
14 697
12 698
19 699
18 700
5 701
14 702
15 703
15 704
23 705
12 706
10 707
16 708
11 709
11 710
8 711
10 712
9 713
7 714
12 715
11 716
11 717
6 718
3 719
6 720
8 721
11 722
6 723
8 724
8 725
9 726
6 727
6 728
9 729
7 730
9 731
10 732
7 733
5 734
13 735
11 736
18 737
14 738
10 739
15 740
11 741
14 742
18 743
15 744
18 745
24 746
12 747
15 748
17 749
17 750
26 751
17 752
18 753
17 754
19 755
19 756
33 757
20 758
29 759
27 760
26 761
21 762
33 763
31 764
27 765
23 766
23 767
26 768
32 769
21 770
31 771
35 772
25 773
29 774
24 775
35 776
35 777
46 778
40 779
47 780
45 781
34 782
44 783
48 784
44 785
57 786
52 787
49 788
64 789
58 790
59 791
61 792
55 793
41 794
51 795
42 796
67 797
54 798
43 799
43 800
39 801
47 802
47 803
38 804
33 805
35 806
33 807
38 808
26 809
46 810
30 811
35 812
47 813
47 814
47 815
52 816
39 817
62 818
67 819
58 820
86 821
86 822
77 823
99 824
106 825
117 826
109 827
103 828
117 829
127 830
135 831
113 832
115 833
128 834
122 835
132 836
104 837
94 838
71 839
88 840
77 841
72 842
68 843
60 844
65 845
52 846
48 847
40 848
45 849
42 850
33 851
27 852
27 853
25 854
22 855
22 856
23 857
24 858
16 859
23 860
24 861
15 862
14 863
26 864
14 865
20 866
14 867
19 868
15 869
15 870
21 871
14 872
17 873
22 874
11 875
28 876
15 877
16 878
10 879
21 880
14 881
16 882
19 883
15 884
23 885
20 886
23 887
19 888
31 889
19 890
25 891
16 892
19 893
35 894
25 895
21 896
38 897
40 898
23 899
35 900
43 901
37 902
53 903
35 904
41 905
41 906
51 907
52 908
49 909
57 910
64 911
65 912
52 913
53 914
58 915
53 916
57 917
50 918
61 919
37 920
55 921
40 922
38 923
44 924
39 925
43 926
29 927
41 928
23 929
44 930
23 931
34 932
27 933
17 934
21 935
19 936
16 937
19 938
7 939
17 940
18 941
29 942
23 943
15 944
14 945
22 946
21 947
17 948
18 949
21 950
20 951
22 952
27 953
22 954
13 955
20 956
16 957
25 958
24 959
17 960
22 961
15 962
13 963
11 964
15 965
11 966
17 967
17 968
11 969
11 970
10 971
8 972
6 973
10 974
10 975
7 976
6 977
7 978
7 979
5 980
7 981
5 982
9 983
5 984
9 985
6 986
6 987
3 988
7 989
5 990
3 991
4 992
5 993
4 994
5 995
2 996
3 997
4 998
1 999
4 1000
3 1001
2 1002
5 1003
1 1004
2 1005
3 1006
5 1007
3 1008
3 1009
5 1010
4 1011
4 1012
5 1013
6 1014
5 1015
5 1016
2 1017
1 1018
2 1019
3 1020
5 1021
3 1022
3 1023
4 1024
5 1025
7 1026
4 1027
4 1028
2 1029
2 1030
3 1031
4 1032
2 1033
2 1034
3 1035
1 1036
3 1037
4 1038
1 1039
2 1040
6 1041
2 1042
3 1043
2 1044
2 1045
6 1046
1 1047
2 1050
2 1051
3 1052
6 1053
4 1054
9 1055
2 1056
8 1057
2 1058
1 1059
7 1060
5 1061
6 1062
2 1063
4 1064
2 1065
5 1066
4 1067
6 1068
4 1069
9 1070
3 1071
8 1072
3 1073
5 1074
5 1075
8 1076
3 1077
7 1078
7 1079
3 1080
5 1081
8 1082
6 1083
5 1084
4 1085
2 1086
4 1087
4 1088
2 1089
8 1090
3 1091
4 1092
2 1093
7 1094
5 1095
5 1096
6 1097
4 1098
5 1099
1 1100
2 1101
5 1102
1 1103
3 1104
3 1105
3 1106
1 1107
3 1108
1 1109
3 1110
2 1111
10 1112
4 1113
2 1114
1 1115
2 1116
2 1118
1 1119
2 1120
4 1121
3 1122
4 1123
3 1124
6 1125
3 1126
1 1127
4 1128
4 1129
4 1130
8 1132
4 1133
4 1134
2 1135
4 1136
3 1137
7 1138
3 1139
8 1140
4 1141
3 1142
3 1143
6 1145
8 1146
11 1147
3 1148
4 1149
9 1150
8 1151
3 1152
6 1153
6 1154
4 1155
11 1156
4 1157
4 1158
5 1159
5 1160
6 1161
5 1162
8 1163
8 1164
4 1165
3 1166
6 1167
6 1168
8 1169
4 1170
5 1171
7 1172
3 1173
7 1174
5 1175
2 1176
9 1177
3 1178
7 1179
6 1180
6 1181
3 1182
7 1183
6 1184
2 1185
6 1186
5 1187
8 1188
7 1189
4 1190
10 1191
5 1192
2 1193
5 1194
6 1195
4 1196
7 1197
5 1198
5 1199
5 1200
1 1201
5 1202
7 1203
10 1204
6 1205
1 1206
7 1207
3 1208
6 1209
5 1210
7 1211
7 1212
3 1213
3 1214
7 1215
6 1216
6 1217
1 1218
9 1219
6 1220
4 1221
5 1222
6 1223
4 1224
11 1225
4 1226
4 1227
6 1228
3 1229
5 1230
4 1231
5 1232
3 1233
8 1234
5 1235
2 1236
3 1237
6 1238
5 1239
5 1240
4 1241
7 1242
6 1243
7 1244
6 1245
4 1246
6 1247
3 1248
11 1249
10 1250
8 1251
6 1252
2 1253
8 1254
9 1255
8 1256
7 1257
5 1258
5 1259
6 1260
9 1261
4 1262
9 1263
7 1264
7 1265
11 1266
7 1267
6 1268
10 1269
13 1270
6 1271
9 1272
8 1273
9 1274
17 1275
17 1276
8 1277
11 1278
9 1279
16 1280
11 1281
13 1282
19 1283
17 1284
21 1285
15 1286
25 1287
23 1288
15 1289
16 1290
26 1291
23 1292
26 1293
30 1294
28 1295
24 1296
32 1297
29 1298
25 1299
34 1300
35 1301
21 1302
40 1303
40 1304
29 1305
35 1306
36 1307
40 1308
38 1309
42 1310
59 1311
46 1312
39 1313
43 1314
40 1315
49 1316
49 1317
34 1318
42 1319
35 1320
24 1321
18 1322
30 1323
38 1324
27 1325
35 1326
32 1327
32 1328
25 1329
27 1330
26 1331
23 1332
19 1333
23 1334
29 1335
14 1336
28 1337
18 1338
23 1339
18 1340
16 1341
16 1342
16 1343
23 1344
17 1345
15 1346
16 1347
13 1348
13 1349
11 1350
16 1351
8 1352
10 1353
6 1354
8 1355
3 1356
6 1357
8 1358
8 1359
10 1360
10 1361
3 1362
6 1363
5 1364
3 1365
6 1366
2 1367
3 1368
6 1369
6 1370
6 1371
7 1372
5 1373
8 1374
5 1375
5 1377
1 1378
5 1379
5 1380
4 1381
4 1382
4 1383
8 1384
5 1385
2 1386
5 1387
3 1388
7 1389
5 1390
4 1391
7 1392
4 1393
3 1394
1 1395
6 1396
7 1397
5 1398
8 1399
8 1400
4 1401
2 1402
6 1403
6 1404
6 1405
5 1406
6 1407
11 1408
6 1409
8 1410
7 1411
7 1412
4 1413
4 1414
5 1415
8 1416
6 1417
6 1418
4 1419
8 1420
7 1421
7 1422
9 1423
3 1424
7 1425
4 1426
6 1427
8 1428
1 1429
6 1430
7 1431
5 1432
12 1433
9 1434
4 1435
11 1436
11 1437
9 1438
5 1439
12 1440
9 1441
9 1442
8 1443
6 1444
9 1445
8 1446
7 1447
4 1448
11 1449
5 1450
7 1451
9 1452
13 1453
6 1454
9 1455
13 1456
8 1457
12 1458
9 1459
7 1460
6 1461
10 1462
5 1463
8 1464
8 1465
6 1466
8 1467
8 1468
6 1469
2 1470
11 1471
7 1472
5 1473
11 1474
7 1475
8 1476
9 1477
6 1478
15 1479
14 1480
10 1481
12 1482
7 1483
11 1484
12 1485
12 1486
10 1487
14 1488
10 1489
8 1490
11 1491
5 1492
15 1493
22 1494
17 1495
11 1496
21 1497
19 1498
8 1499
14 1500
15 1501
20 1502
9 1503
18 1504
19 1505
15 1506
19 1507
21 1508
21 1509
14 1510
17 1511
7 1512
16 1513
28 1514
17 1515
16 1516
26 1517
29 1518
30 1519
19 1520
27 1521
18 1522
23 1523
30 1524
26 1525
23 1526
31 1527
41 1528
29 1529
18 1530
42 1531
29 1532
40 1533
51 1534
42 1535
34 1536
50 1537
50 1538
44 1539
55 1540
53 1541
53 1542
59 1543
65 1544
66 1545
53 1546
65 1547
76 1548
83 1549
81 1550
71 1551
85 1552
85 1553
83 1554
96 1555
101 1556
113 1557
122 1558
106 1559
105 1560
110 1561
108 1562
126 1563
121 1564
128 1565
101 1566
101 1567
125 1568
115 1569
113 1570
123 1571
111 1572
97 1573
93 1574
108 1575
114 1576
96 1577
85 1578
90 1579
78 1580
93 1581
81 1582
66 1583
62 1584
66 1585
59 1586
54 1587
58 1588
41 1589
49 1590
34 1591
43 1592
32 1593
36 1594
34 1595
23 1596
19 1597
24 1598
22 1599
15 1600
14 1601
15 1602
15 1603
18 1604
14 1605
12 1606
7 1607
14 1608
8 1609
8 1610
12 1611
5 1612
13 1613
8 1614
14 1615
9 1616
10 1617
12 1618
12 1619
9 1620
9 1621
14 1622
12 1623
12 1624
16 1625
15 1626
17 1627
23 1628
9 1629
13 1630
17 1631
15 1632
15 1633
15 1634
14 1635
19 1636
19 1637
18 1638
20 1639
16 1640
21 1641
20 1642
16 1643
14 1644
15 1645
15 1646
23 1647
15 1648
17 1649
20 1650
14 1651
15 1652
17 1653
17 1654
20 1655
18 1656
16 1657
20 1658
17 1659
14 1660
6 1661
8 1662
14 1663
10 1664
10 1665
7 1666
3 1667
3 1668
7 1669
5 1670
8 1671
2 1672
3 1673
1 1674
4 1675
5 1676
7 1677
6 1678
4 1679
6 1680
2 1681
3 1682
2 1683
1 1684
1 1685
3 1687
1 1688
1 1689
1 1691
1 1692
3 1693
2 1694
1 1695
1 1697
1 1698
2 1699
1 1704
1 1705
1 1706
2 1707
1 1709
1 1711
5 1712
3 1713
1 1714
3 1715
2 1716
1 1718
1 1719
2 1720
1 1722
1 1723
1 1727
1 1733
1 1734
3 1736
2 1740
2 1741
1 1742
2 1743
3 1744
2 1745
3 1746
4 1747
1 1749
3 1750
1 1751
1 1752
3 1753
2 1754
1 1755
1 1756
4 1758
1 1759
2 1761
2 1762
3 1763
1 1764
1 1765
1 1766
1 1771
1 1772
2 1773
2 1775
4 1776
4 1777
1 1778
1 1779
4 1781
1 1782
2 1785
1 1786
3 1787
1 1788
1 1789
1 1790
1 1791
1 1792
1 1793
1 1794
3 1795
2 1796
2 1797
1 1798
1 1799
4 1800
1 1802
2 1804
2 1805
3 1806
2 1810
1 1811
1 1812
1 1814
1 1815
1 1816
2 1817
1 1818
1 1820
1 1821
1 1822
4 1823
1 1824
2 1825
2 1828
4 1829
3 1830
3 1831
3 1832
2 1833
1 1834
1 1835
2 1836
3 1837
1 1838
4 1840
2 1841
8 1842
1 1843
2 1844
6 1845
4 1846
4 1847
5 1848
2 1849
2 1850
2 1851
1 1852
2 1853
4 1854
1 1855
7 1856
3 1857
1 1858
1 1859
3 1860
2 1861
4 1862
3 1863
3 1864
1 1865
4 1866
2 1867
3 1868
3 1869
5 1870
2 1871
5 1872
3 1873
3 1874
2 1875
1 1876
2 1877
1 1878
3 1880
2 1881
5 1882
2 1883
1 1884
4 1885
3 1886
2 1887
1 1890
3 1891
1 1892
2 1893
2 1894
1 1897
1 1898
1 1905
1 1907
2 1912
2 1914
1 1918
2 1923
1 1924
1 1927
1 1929
1 1932
1 1934
1 1935
3 1938
1 1940
1 1944
1 1945
2 1947
1 1949
2 1950
1 1951
1 1952
1 1953
1 1955
2 1960
1 1961
1 1962
1 1966
1 1967
1 1973
1 1974
1 1976
3 1980
2 1983
1 1984
2 1987
1 1989
2 1995
1 1996
1 1997
1 2000
1 2005
1 2006
1 2008
1 2009
1 2011
1 2013
1 2015
1 2020
2 2024
1 2027
1 2028
1 2029
1 2030
1 2034
1 2037
2 2042
2 2043
1 2049
1 2054
2 2055
1 2056
1 2057
1 2059
1 2060
3 2063
1 2064
1 2075
1 2079
1 2080
1 2087
1 2089
1 2090
1 2092
1 2094
1 2096
1 2098
1 2103
2 2106
1 2107
1 2108
2 2110
1 2111
2 2113
1 2114
1 2115
1 2116
3 2119
1 2120
4 2123
1 2125
1 2126
2 2127
1 2129
1 2130
2 2131
2 2132
1 2134
2 2135
1 2136
2 2138
2 2140
1 2141
1 2142
1 2143
1 2145
2 2146
2 2147
3 2148
2 2150
1 2151
3 2152
2 2153
2 2154
2 2155
1 2157
1 2158
1 2159
2 2161
1 2164
2 2165
1 2166
1 2169
2 2171
2 2173
1 2178
1 2179
2 2180
2 2187
1 2189
1 2195
1 2198
4 2201
1 2204
1 2206
1 2208
1 2211
2 2213
1 2214
1 2219
1 2220
1 2221
1 2223
2 2225
1 2226
2 2227
1 2231
1 2233
1 2236
1 2237
1 2241
1 2242
2 2247
1 2248
1 2250
1 2252
1 2253
1 2255
1 2256
1 2259
1 2260
1 2262
2 2264
2 2267
1 2270
1 2271
1 2272
1 2273
2 2274
1 2275
1 2278
1 2279
1 2281
1 2282
1 2284
3 2285
2 2293
1 2295
1 2297
1 2310
1 2312
1 2314
1 2315
1 2318
1 2320
1 2322
2 2323
1 2330
1 2331
1 2333
1 2337
1 2338
2 2340
1 2341
3 2342
1 2345
1 2346
2 2350
1 2353
1 2354
1 2356
2 2358
1 2361
1 2366
3 2367
1 2368
4 2370
1 2371
1 2372
2 2374
2 2376
1 2380
1 2382
2 2383
2 2385
1 2386
1 2387
2 2388
1 2389
1 2390
1 2391
1 2392
1 2393
2 2394
2 2395
1 2396
3 2398
1 2399
2 2400
3 2402
2 2405
2 2406
1 2407
1 2408
2 2409
1 2410
2 2411
1 2412
3 2413
4 2414
2 2416
1 2417
1 2418
1 2419
2 2420
2 2422
1 2423
3 2424
1 2425
5 2426
2 2428
1 2429
3 2430
2 2431
1 2432
1 2433
3 2434
3 2435
1 2436
3 2437
2 2438
1 2439
6 2440
2 2441
3 2442
1 2443
2 2444
4 2445
2 2446
3 2447
2 2448
3 2449
8 2450
3 2451
1 2452
6 2453
4 2454
4 2455
3 2456
4 2457
5 2458
6 2459
6 2460
1 2461
3 2462
6 2463
2 2464
2 2465
10 2466
5 2467
5 2468
4 2469
5 2470
6 2471
4 2472
6 2473
1 2474
7 2475
5 2476
4 2477
4 2478
8 2479
4 2480
4 2481
1 2482
4 2483
4 2485
5 2486
2 2487
6 2488
1 2489
8 2490
1 2491
2 2492
1 2493
1 2494
1 2495
3 2496
2 2497
3 2498
3 2499
3 2502
3 2503
3 2504
1 2505
2 2507
1 2508
1 2509
1 2511
1 2512
1 2513
2 2515
1 2516
1 2517
3 2518
1 2520
1 2521
3 2522
2 2523
1 2524
2 2527
2 2528
1 2529
1 2530
1 2531
1 2533
1 2535
1 2537
1 2539
1 2540
2 2541
2 2542
2 2543
1 2544
1 2546
1 2547
2 2548
1 2549
4 2550
1 2551
4 2552
1 2553
3 2554
1 2555
1 2556
3 2557
2 2558
1 2559
4 2560
1 2561
2 2562
1 2563
3 2565
3 2566
3 2568
2 2569
2 2570
2 2571
2 2572
3 2573
2 2574
1 2575
4 2576
4 2577
1 2578
1 2579
3 2580
5 2581
5 2582
1 2584
2 2586
1 2588
2 2589
2 2591
2 2592
2 2593
1 2594
1 2596
3 2598
1 2599
1 2602
1 2604
2 2605
2 2608
1 2612
1 2615
1 2622
1 2625
2 2628
1 2629
1 2633
1 2641
1 2644
1 2645
1 2647
1 2652
1 2657
2 2658
1 2663
1 2666
1 2667
1 2668
1 2677
1 2679
1 2685
2 2687
1 2688
1 2689
1 2699
1 2701
1 2702
1 2707
1 2804
1 2827
1 2840
1 2903
1 2904
1 2979
1 3001
1 3081
1 3111
1 3194
1 3280
1 3287
1 3355
1 3375
1 3565
1 3795
1 3893
