2 1
2 2
4 3
5 4
3 5
1 6
1 8
1 10
1 12
4 13
3 14
1 15
4 16
3 17
1 18
3 19
2 20
2 21
5 22
3 23
2 25
4 26
1 28
5 29
1 30
2 31
8 32
10 33
6 34
4 35
10 36
15 37
13 38
12 39
4 40
2 41
6 42
3 44
3 45
2 46
1 48
3 49
1 50
3 51
5 52
6 53
2 54
4 55
5 56
3 57
3 58
4 59
4 60
3 61
6 62
2 63
4 64
2 65
1 66
4 67
4 68
5 69
3 70
1 71
2 72
3 73
6 74
2 75
3 76
1 77
4 78
5 80
2 81
2 82
2 83
5 84
4 85
5 86
4 87
3 88
5 89
5 90
2 91
18 92
6 93
8 94
13 95
12 96
9 97
4 98
8 99
8 100
8 101
4 102
6 103
6 104
5 105
4 106
5 107
3 108
4 109
3 110
4 111
7 112
6 113
2 114
5 115
4 116
6 117
11 118
9 119
4 120
5 121
11 122
7 123
9 124
5 125
9 126
7 127
2 128
5 129
7 130
5 131
4 132
4 133
9 134
9 135
9 136
9 137
10 138
17 139
25 140
22 141
34 142
35 143
38 144
55 145
60 146
77 147
95 148
113 149
114 150
111 151
112 152
85 153
73 154
70 155
50 156
35 157
44 158
34 159
36 160
33 161
34 162
23 163
29 164
25 165
19 166
12 167
20 168
17 169
11 170
7 171
4 172
7 173
5 174
9 175
7 176
6 177
3 178
5 179
9 180
8 181
6 182
10 183
8 184
5 185
4 186
7 187
6 188
5 189
7 190
7 191
7 192
8 193
14 194
15 195
11 196
20 197
10 198
25 199
27 200
27 201
27 202
42 203
39 204
44 205
37 206
42 207
32 208
35 209
23 210
33 211
35 212
28 213
27 214
25 215
19 216
23 217
16 218
22 219
14 220
17 221
15 222
21 223
6 224
17 225
13 226
13 227
16 228
16 229
15 230
18 231
24 232
21 233
25 234
20 235
27 236
21 237
38 238
30 239
35 240
29 241
31 242
41 243
39 244
26 245
30 246
28 247
13 248
20 249
18 250
13 251
19 252
13 253
22 254
10 255
9 256
14 257
8 258
18 259
11 260
10 261
11 262
8 263
14 264
20 265
20 266
13 267
27 268
20 269
12 270
24 271
29 272
15 273
34 274
24 275
24 276
23 277
22 278
20 279
21 280
12 281
11 282
19 283
16 284
12 285
14 286
10 287
5 288
13 289
13 290
8 291
8 292
6 293
6 294
11 295
8 296
8 297
8 298
10 299
12 300
6 301
15 302
6 303
5 304
7 305
9 306
4 307
14 308
19 309
13 310
12 311
15 312
16 313
12 314
11 315
13 316
14 317
22 318
8 319
14 320
28 321
13 322
31 323
18 324
29 325
22 326
17 327
27 328
21 329
23 330
16 331
28 332
20 333
15 334
21 335
27 336
22 337
21 338
21 339
21 340
29 341
34 342
20 343
19 344
25 345
22 346
23 347
29 348
16 349
27 350
25 351
33 352
35 353
33 354
23 355
27 356
27 357
35 358
35 359
26 360
33 361
32 362
26 363
35 364
35 365
18 366
20 367
21 368
29 369
41 370
34 371
38 372
21 373
31 374
33 375
19 376
29 377
16 378
11 379
21 380
20 381
12 382
9 383
10 384
14 385
15 386
11 387
12 388
8 389
14 390
16 391
13 392
13 393
12 394
14 395
10 396
11 397
7 398
16 399
13 400
12 401
18 402
26 403
14 404
18 405
19 406
19 407
17 408
22 409
25 410
22 411
28 412
30 413
23 414
29 415
19 416
30 417
32 418
34 419
43 420
31 421
29 422
32 423
38 424
48 425
47 426
48 427
46 428
55 429
72 430
56 431
61 432
60 433
70 434
80 435
91 436
89 437
96 438
121 439
119 440
118 441
154 442
163 443
189 444
168 445
208 446
213 447
220 448
238 449
251 450
242 451
227 452
245 453
189 454
229 455
209 456
198 457
182 458
186 459
153 460
137 461
114 462
99 463
73 464
82 465
59 466
57 467
33 468
37 469
35 470
24 471
18 472
24 473
24 474
20 475
17 476
8 477
17 478
14 479
16 480
13 481
16 482
11 483
13 484
17 485
14 486
12 487
20 488
11 489
18 490
10 491
11 492
11 493
9 494
10 495
8 496
16 497
21 498
10 499
15 500
22 501
7 502
29 503
15 504
13 505
21 506
15 507
15 508
25 509
33 510
34 511
37 512
36 513
34 514
33 515
33 516
36 517
31 518
51 519
59 520
39 521
46 522
46 523
62 524
65 525
61 526
64 527
51 528
48 529
47 530
62 531
39 532
38 533
37 534
45 535
42 536
36 537
27 538
31 539
26 540
27 541
27 542
32 543
31 544
32 545
39 546
35 547
38 548
36 549
39 550
52 551
51 552
41 553
52 554
45 555
54 556
53 557
42 558
56 559
39 560
42 561
39 562
31 563
36 564
34 565
41 566
38 567
33 568
21 569
24 570
31 571
27 572
27 573
30 574
25 575
28 576
13 577
18 578
18 579
18 580
16 581
25 582
33 583
34 584
23 585
23 586
31 587
28 588
30 589
30 590
26 591
36 592
34 593
36 594
32 595
35 596
44 597
43 598
31 599
40 600
71 601
48 602
45 603
50 604
52 605
58 606
54 607
48 608
54 609
63 610
52 611
57 612
48 613
59 614
69 615
81 616
61 617
70 618
79 619
63 620
68 621
75 622
80 623
90 624
75 625
107 626
92 627
92 628
104 629
107 630
129 631
107 632
119 633
146 634
131 635
130 636
126 637
123 638
158 639
131 640
150 641
154 642
156 643
135 644
140 645
159 646
161 647
138 648
144 649
144 650
154 651
155 652
165 653
155 654
146 655
125 656
145 657
158 658
119 659
145 660
133 661
141 662
109 663
134 664
104 665
94 666
94 667
91 668
83 669
89 670
83 671
71 672
74 673
61 674
63 675
49 676
56 677
54 678
50 679
42 680
37 681
38 682
38 683
29 684
35 685
26 686
26 687
26 688
25 689
18 690
25 691
28 692
21 693
19 694
21 695
16 696
17 697
16 698
15 699
17 700
21 701
15 702
21 703
19 704
10 705
20 706
15 707
16 708
13 709
16 710
14 711
11 712
10 713
15 714
14 715
8 716
8 717
16 718
9 719
12 720
15 721
9 722
13 723
11 724
15 725
15 726
14 727
18 728
6 729
15 730
15 731
14 732
13 733
13 734
15 735
16 736
15 737
16 738
21 739
9 740
29 741
16 742
11 743
12 744
19 745
17 746
21 747
25 748
26 749
35 750
22 751
19 752
32 753
31 754
28 755
32 756
31 757
33 758
32 759
42 760
36 761
31 762
31 763
37 764
36 765
42 766
35 767
64 768
46 769
41 770
45 771
34 772
41 773
43 774
42 775
43 776
53 777
54 778
46 779
51 780
47 781
53 782
53 783
54 784
55 785
47 786
69 787
63 788
52 789
74 790
69 791
66 792
58 793
61 794
69 795
40 796
77 797
64 798
58 799
52 800
56 801
54 802
42 803
47 804
58 805
47 806
51 807
53 808
41 809
46 810
45 811
49 812
53 813
47 814
55 815
51 816
77 817
67 818
90 819
77 820
87 821
91 822
102 823
109 824
120 825
136 826
147 827
136 828
141 829
147 830
136 831
145 832
123 833
135 834
134 835
129 836
112 837
114 838
117 839
102 840
85 841
90 842
84 843
86 844
76 845
68 846
62 847
63 848
56 849
52 850
55 851
47 852
45 853
42 854
25 855
41 856
31 857
42 858
34 859
25 860
32 861
30 862
31 863
34 864
25 865
38 866
27 867
32 868
33 869
16 870
33 871
30 872
27 873
30 874
25 875
24 876
31 877
33 878
45 879
34 880
33 881
36 882
36 883
47 884
43 885
36 886
40 887
58 888
38 889
45 890
42 891
41 892
40 893
44 894
55 895
61 896
64 897
52 898
65 899
60 900
55 901
56 902
54 903
74 904
63 905
75 906
76 907
74 908
67 909
73 910
73 911
86 912
79 913
91 914
96 915
92 916
91 917
78 918
84 919
83 920
69 921
83 922
81 923
62 924
67 925
78 926
54 927
60 928
60 929
68 930
56 931
59 932
61 933
52 934
64 935
49 936
55 937
46 938
60 939
45 940
50 941
59 942
49 943
60 944
59 945
55 946
51 947
63 948
67 949
64 950
69 951
78 952
72 953
70 954
85 955
77 956
70 957
70 958
74 959
66 960
68 961
76 962
52 963
58 964
65 965
50 966
61 967
49 968
36 969
37 970
35 971
30 972
24 973
30 974
23 975
21 976
21 977
18 978
16 979
13 980
16 981
23 982
14 983
22 984
8 985
7 986
11 987
10 988
14 989
11 990
17 991
12 992
10 993
10 994
11 995
21 996
17 997
16 998
13 999
17 1000
14 1001
11 1002
16 1003
13 1004
12 1005
13 1006
10 1007
11 1008
15 1009
14 1010
9 1011
11 1012
11 1013
4 1014
10 1015
5 1016
10 1017
13 1018
4 1019
10 1020
6 1021
7 1022
6 1023
9 1024
4 1025
3 1026
8 1027
7 1028
9 1029
4 1030
9 1031
6 1032
6 1033
8 1034
8 1035
5 1036
10 1037
8 1038
7 1039
9 1040
5 1041
3 1042
6 1043
12 1044
4 1045
9 1046
16 1047
15 1048
9 1049
7 1050
10 1051
11 1052
5 1053
9 1054
10 1055
16 1056
16 1057
18 1058
11 1059
11 1060
16 1061
20 1062
9 1063
15 1064
10 1065
18 1066
10 1067
13 1068
19 1069
10 1070
19 1071
17 1072
21 1073
16 1074
11 1075
12 1076
13 1077
13 1078
10 1079
11 1080
6 1081
17 1082
15 1083
17 1084
4 1085
14 1086
9 1087
18 1088
15 1089
7 1090
9 1091
8 1092
11 1093
9 1094
4 1095
11 1096
1 1097
4 1098
11 1099
8 1100
6 1101
6 1102
4 1103
3 1104
9 1105
6 1106
8 1107
5 1108
4 1109
5 1110
2 1111
11 1112
7 1113
5 1114
3 1115
4 1116
6 1117
10 1118
9 1119
2 1120
10 1121
5 1122
5 1123
4 1124
8 1125
5 1126
6 1127
7 1128
5 1129
7 1130
9 1131
13 1132
7 1133
9 1134
9 1135
11 1136
15 1137
9 1138
9 1139
10 1140
8 1141
9 1142
14 1143
17 1144
10 1145
23 1146
17 1147
19 1148
11 1149
17 1150
15 1151
25 1152
8 1153
18 1154
16 1155
14 1156
9 1157
20 1158
17 1159
15 1160
20 1161
10 1162
7 1163
20 1164
16 1165
15 1166
9 1167
25 1168
11 1169
13 1170
13 1171
6 1172
8 1173
15 1174
13 1175
5 1176
15 1177
18 1178
12 1179
7 1180
7 1181
11 1182
10 1183
8 1184
16 1185
13 1186
6 1187
12 1188
9 1189
18 1190
12 1191
11 1192
13 1193
13 1194
18 1195
9 1196
13 1197
16 1198
13 1199
10 1200
14 1201
18 1202
19 1203
17 1204
17 1205
18 1206
22 1207
20 1208
15 1209
12 1210
25 1211
16 1212
21 1213
12 1214
17 1215
9 1216
16 1217
7 1218
13 1219
9 1220
16 1221
13 1222
12 1223
17 1224
10 1225
11 1226
8 1227
11 1228
8 1229
12 1230
10 1231
11 1232
18 1233
8 1234
10 1235
10 1236
9 1237
6 1238
13 1239
4 1240
9 1241
11 1242
10 1243
8 1244
11 1245
12 1246
11 1247
14 1248
9 1249
15 1250
7 1251
4 1252
3 1253
10 1254
13 1255
12 1256
10 1257
9 1258
13 1259
9 1260
9 1261
15 1262
13 1263
14 1264
7 1265
10 1266
9 1267
13 1268
14 1269
11 1270
15 1271
15 1272
20 1273
17 1274
8 1275
19 1276
17 1277
10 1278
10 1279
11 1280
20 1281
17 1282
20 1283
22 1284
16 1285
24 1286
21 1287
22 1288
21 1289
22 1290
27 1291
20 1292
24 1293
27 1294
28 1295
32 1296
20 1297
31 1298
30 1299
32 1300
40 1301
34 1302
39 1303
44 1304
47 1305
40 1306
38 1307
48 1308
39 1309
48 1310
46 1311
48 1312
46 1313
51 1314
46 1315
43 1316
37 1317
50 1318
50 1319
39 1320
53 1321
36 1322
33 1323
23 1324
23 1325
28 1326
31 1327
40 1328
24 1329
22 1330
19 1331
34 1332
26 1333
16 1334
21 1335
14 1336
3 1337
12 1338
18 1339
16 1340
17 1341
21 1342
15 1343
11 1344
10 1345
13 1346
12 1347
14 1348
15 1349
8 1350
13 1351
10 1352
13 1353
7 1354
5 1355
7 1356
5 1357
9 1358
6 1359
7 1360
9 1361
9 1362
3 1363
1 1364
4 1365
6 1366
3 1367
7 1368
3 1369
4 1370
4 1371
2 1372
6 1373
2 1374
2 1375
5 1376
9 1377
6 1378
10 1379
4 1380
2 1381
2 1382
6 1383
7 1384
5 1385
2 1386
5 1387
3 1388
5 1389
5 1390
1 1391
4 1392
2 1393
1 1394
1 1395
2 1396
4 1397
2 1398
6 1399
9 1400
7 1401
2 1402
3 1403
2 1404
4 1406
5 1407
8 1408
8 1409
3 1410
4 1411
5 1412
3 1413
3 1414
10 1415
3 1416
3 1417
6 1418
2 1419
4 1420
9 1421
3 1422
5 1423
4 1424
8 1425
7 1426
6 1427
5 1428
4 1429
3 1430
5 1431
13 1432
1 1433
5 1434
6 1435
9 1436
8 1437
7 1438
7 1439
4 1440
9 1441
7 1442
6 1443
6 1444
7 1445
3 1446
11 1447
3 1448
7 1449
11 1450
4 1451
5 1452
4 1453
7 1454
3 1455
3 1456
3 1457
3 1458
4 1459
4 1460
8 1461
3 1462
5 1463
6 1464
8 1465
16 1466
5 1467
8 1468
6 1469
4 1470
7 1471
4 1472
10 1473
4 1474
6 1475
12 1476
7 1477
7 1478
8 1479
8 1480
7 1481
11 1482
12 1483
12 1484
10 1485
7 1486
13 1487
9 1488
11 1489
12 1490
9 1491
10 1492
8 1493
12 1494
10 1495
10 1496
18 1497
15 1498
10 1499
13 1500
15 1501
17 1502
19 1503
13 1504
17 1505
8 1506
12 1507
20 1508
11 1509
21 1510
17 1511
20 1512
14 1513
12 1514
13 1515
15 1516
17 1517
7 1518
11 1519
11 1520
18 1521
12 1522
18 1523
20 1524
13 1525
17 1526
17 1527
24 1528
13 1529
21 1530
19 1531
33 1532
21 1533
27 1534
23 1535
31 1536
30 1537
30 1538
38 1539
28 1540
24 1541
34 1542
32 1543
28 1544
34 1545
40 1546
32 1547
42 1548
43 1549
51 1550
36 1551
48 1552
44 1553
50 1554
58 1555
56 1556
56 1557
55 1558
53 1559
55 1560
55 1561
64 1562
72 1563
63 1564
50 1565
81 1566
71 1567
66 1568
55 1569
63 1570
63 1571
54 1572
64 1573
71 1574
60 1575
57 1576
48 1577
44 1578
54 1579
50 1580
35 1581
34 1582
34 1583
38 1584
40 1585
23 1586
35 1587
24 1588
35 1589
20 1590
23 1591
34 1592
14 1593
18 1594
16 1595
13 1596
17 1597
17 1598
15 1599
5 1600
13 1601
5 1602
14 1603
15 1604
6 1605
2 1606
5 1607
5 1608
9 1609
5 1610
6 1611
3 1612
9 1613
3 1614
8 1615
6 1616
6 1617
10 1618
6 1619
3 1620
4 1621
8 1622
8 1623
6 1624
4 1625
5 1626
6 1627
7 1628
6 1629
14 1630
12 1631
5 1632
7 1633
8 1634
12 1635
10 1636
13 1637
8 1638
6 1639
13 1640
9 1641
10 1642
12 1643
8 1644
14 1645
13 1646
6 1647
13 1648
11 1649
10 1650
11 1651
10 1652
13 1653
17 1654
11 1656
6 1657
10 1658
9 1659
8 1660
5 1661
7 1662
5 1663
3 1664
4 1665
6 1666
9 1667
2 1668
1 1669
1 1670
5 1671
2 1672
4 1673
2 1674
1 1675
2 1676
3 1677
2 1678
1 1679
2 1681
2 1682
2 1683
3 1684
1 1686
1 1688
1 1689
1 1690
1 1691
1 1693
1 1695
1 1696
2 1697
1 1698
1 1699
1 1700
1 1701
1 1703
1 1705
1 1706
1 1707
1 1708
2 1709
1 1710
1 1712
2 1713
2 1714
1 1715
1 1719
1 1720
2 1723
1 1725
4 1726
1 1729
1 1730
3 1731
2 1732
1 1733
1 1735
1 1736
1 1738
1 1739
1 1740
2 1742
4 1743
1 1744
1 1745
1 1746
1 1747
1 1748
1 1749
1 1750
1 1751
1 1753
1 1754
2 1755
1 1756
1 1757
2 1758
3 1759
3 1763
1 1764
5 1765
1 1767
2 1768
2 1769
1 1770
1 1771
1 1772
4 1774
1 1775
1 1776
1 1777
2 1778
1 1779
3 1780
2 1781
1 1782
2 1783
2 1784
1 1785
1 1786
1 1787
1 1788
3 1790
1 1793
1 1794
1 1796
3 1797
1 1798
1 1799
2 1801
2 1802
1 1803
1 1804
2 1806
1 1807
1 1808
1 1809
3 1810
2 1811
2 1812
2 1813
2 1814
2 1815
1 1817
1 1818
2 1820
1 1821
3 1823
3 1824
1 1825
4 1828
4 1829
2 1830
1 1831
1 1832
2 1833
1 1834
2 1835
3 1836
3 1837
2 1838
5 1839
5 1841
3 1843
2 1844
2 1845
6 1846
10 1847
2 1848
3 1849
4 1850
5 1851
1 1852
6 1853
4 1854
2 1855
4 1856
1 1857
4 1858
6 1859
4 1860
4 1861
3 1862
5 1863
6 1864
2 1865
4 1866
1 1867
2 1868
8 1869
4 1870
2 1871
6 1872
1 1874
1 1875
3 1876
3 1877
1 1878
8 1879
3 1880
5 1881
3 1882
2 1883
1 1884
3 1885
2 1886
4 1887
3 1888
2 1889
4 1890
1 1891
2 1893
4 1894
1 1895
2 1897
4 1898
1 1899
1 1901
2 1902
5 1905
3 1906
3 1907
2 1908
2 1910
2 1911
1 1914
2 1916
1 1917
2 1918
1 1919
1 1920
1 1924
1 1927
1 1932
1 1934
1 1936
1 1937
1 1940
1 1945
1 1947
1 1948
1 1953
1 1954
3 1955
2 1956
1 1957
1 1958
2 1959
1 1960
1 1962
1 1963
1 1964
1 1965
1 1967
3 1969
1 1970
2 1971
2 1973
1 1974
1 1975
2 1976
1 1977
1 1979
1 1980
1 1982
2 1983
1 1984
1 1988
2 1990
2 1991
2 1992
1 1994
2 1995
3 1996
2 1997
1 1998
1 2000
2 2001
1 2004
2 2005
2 2006
1 2016
2 2021
2 2024
1 2031
1 2032
2 2033
2 2034
1 2035
3 2037
1 2041
1 2044
1 2045
1 2046
1 2047
1 2048
3 2050
2 2051
1 2056
2 2057
1 2058
1 2061
1 2063
1 2065
1 2072
2 2076
1 2078
1 2079
1 2082
1 2085
1 2086
2 2090
1 2093
2 2099
1 2102
2 2103
2 2104
1 2105
1 2107
1 2108
1 2111
2 2112
1 2113
1 2114
4 2115
3 2116
1 2117
2 2118
4 2119
4 2120
3 2121
2 2122
1 2123
1 2124
1 2125
3 2127
1 2129
2 2130
2 2131
3 2132
3 2133
2 2134
4 2135
6 2136
2 2137
6 2139
6 2141
5 2142
6 2143
2 2144
3 2145
2 2146
4 2147
3 2148
3 2149
3 2150
5 2151
2 2152
3 2154
2 2155
2 2156
1 2157
3 2158
1 2159
3 2160
1 2161
2 2162
5 2163
2 2164
2 2165
3 2166
2 2167
3 2169
1 2170
1 2173
1 2174
1 2175
1 2176
3 2177
2 2178
2 2179
3 2181
1 2182
1 2183
1 2184
5 2185
1 2186
5 2188
2 2189
2 2190
1 2192
1 2193
1 2195
1 2196
1 2197
1 2198
3 2199
1 2200
1 2203
1 2204
2 2206
2 2209
4 2211
2 2212
1 2213
3 2214
1 2216
2 2218
1 2219
2 2220
1 2221
2 2223
1 2224
1 2225
1 2227
3 2228
2 2232
1 2233
2 2235
1 2236
1 2237
2 2238
1 2239
1 2241
1 2243
1 2244
2 2247
2 2250
2 2253
2 2254
1 2256
1 2258
1 2259
1 2260
1 2261
2 2262
2 2265
1 2269
1 2276
1 2289
1 2291
1 2296
1 2297
1 2300
1 2308
1 2310
2 2312
1 2315
2 2316
1 2317
1 2318
1 2320
1 2327
1 2328
1 2331
1 2332
1 2333
2 2334
1 2336
1 2337
1 2339
1 2342
1 2345
1 2346
1 2351
2 2353
2 2356
1 2358
1 2359
2 2360
1 2361
1 2365
1 2367
1 2368
1 2369
3 2371
1 2372
2 2373
1 2374
1 2376
1 2377
1 2381
1 2382
1 2383
1 2385
1 2392
1 2393
2 2396
1 2397
1 2399
1 2400
1 2403
2 2404
1 2405
1 2406
1 2408
1 2415
1 2417
1 2418
4 2421
1 2422
1 2423
1 2424
1 2425
1 2429
1 2430
1 2431
1 2432
2 2434
1 2436
1 2438
3 2439
4 2440
2 2441
1 2444
2 2445
2 2447
1 2448
1 2451
1 2453
2 2454
3 2455
1 2456
2 2457
2 2458
1 2460
1 2461
2 2462
1 2463
2 2464
3 2465
1 2466
2 2467
2 2468
1 2469
2 2470
4 2471
1 2472
3 2473
1 2474
1 2475
1 2477
1 2478
1 2479
1 2480
3 2481
3 2482
3 2483
7 2484
2 2485
2 2487
1 2488
1 2489
2 2490
1 2492
5 2493
1 2494
2 2495
1 2496
1 2499
1 2501
1 2503
3 2504
2 2505
2 2506
1 2508
1 2514
1 2515
1 2516
2 2517
2 2518
1 2521
2 2524
1 2526
1 2527
1 2528
1 2530
1 2531
1 2532
1 2534
1 2535
1 2537
1 2538
1 2544
1 2545
1 2546
2 2548
2 2549
1 2551
2 2552
3 2553
3 2554
1 2557
1 2558
1 2559
1 2562
1 2564
1 2565
1 2566
2 2568
3 2572
1 2573
2 2574
2 2578
1 2579
1 2581
1 2582
1 2583
2 2584
1 2585
1 2588
1 2589
1 2590
1 2597
3 2599
2 2600
1 2604
1 2606
2 2607
1 2608
1 2609
1 2610
1 2612
2 2618
4 2621
1 2622
1 2624
1 2626
2 2628
2 2631
1 2632
1 2634
2 2636
1 2637
3 2639
1 2641
1 2642
1 2643
2 2644
1 2645
1 2646
3 2647
1 2648
2 2650
2 2653
1 2654
1 2655
2 2656
2 2658
1 2659
1 2660
1 2661
2 2663
1 2665
1 2667
1 2669
1 2670
5 2673
2 2674
1 2675
4 2676
3 2677
3 2679
1 2680
2 2682
3 2683
1 2684
1 2685
1 2686
1 2687
1 2688
2 2691
1 2692
1 2694
2 2695
1 2696
2 2697
1 2698
2 2699
2 2704
1 2705
1 2710
2 2711
1 2714
1 2717
1 2784
1 2801
1 2824
1 2838
1 2846
1 2847
1 2866
1 2873
1 2928
1 2933
1 2954
1 2971
1 2997
1 3043
1 3048
1 3053
1 3059
1 3062
1 3095
1 3124
1 3132
1 3155
1 3179
1 3194
1 3204
1 3206
1 3207
1 3266
1 3313
1 3360
1 3501
1 3637
1 3670
1 3740
1 3985
1 4037
