1 2
1 4
1 5
1 6
1 8
1 12
1 14
1 26
1 30
1 31
2 33
2 34
1 38
1 39
1 40
1 41
2 42
2 43
1 44
1 45
1 46
1 49
2 51
1 55
1 58
1 59
4 60
1 61
1 65
1 66
2 67
1 68
1 69
1 70
1 71
1 72
1 75
2 76
3 77
6 78
4 79
9 80
6 81
2 82
4 83
2 84
4 88
2 89
2 90
2 92
2 93
2 94
3 95
2 96
2 97
1 98
2 99
2 101
2 102
1 103
2 104
1 105
1 106
1 107
1 108
1 109
2 110
1 112
2 114
1 115
1 117
2 118
1 119
3 120
2 121
1 122
1 123
2 125
2 126
1 127
2 128
2 129
3 130
1 133
3 135
1 136
3 137
3 140
1 141
1 142
4 143
1 144
1 145
1 146
3 147
1 148
1 149
2 150
1 151
3 153
2 154
2 155
2 156
3 158
6 159
1 160
9 161
3 162
4 163
2 164
4 165
1 167
3 169
1 170
3 171
1 172
2 173
1 174
2 175
2 176
3 177
1 178
1 179
1 180
1 181
2 182
3 183
2 184
3 185
3 186
5 187
4 188
7 189
13 190
11 191
9 192
20 193
12 194
10 195
21 196
17 197
18 198
19 199
17 200
13 201
13 202
10 203
12 204
3 205
2 206
2 207
4 208
1 209
4 210
8 211
1 212
4 213
2 214
1 215
4 216
4 217
4 218
3 219
3 220
3 221
2 222
2 223
2 224
1 225
1 226
3 227
2 228
1 229
1 230
2 231
2 232
1 233
3 234
3 235
3 236
1 237
3 239
3 240
1 241
4 242
3 243
2 244
1 245
2 246
1 247
3 248
2 249
4 250
1 251
9 252
2 253
6 254
4 255
8 256
6 257
3 258
4 259
4 260
6 261
6 262
8 263
4 264
6 265
5 266
1 267
4 268
2 269
2 270
8 271
3 272
2 273
5 274
2 275
2 276
7 277
5 278
4 279
4 280
3 281
5 282
5 283
5 284
2 285
4 286
9 287
5 288
4 289
2 290
7 291
5 292
15 293
9 294
16 295
13 296
11 297
10 298
16 299
17 300
15 301
24 302
26 303
19 304
19 305
15 306
17 307
18 308
19 309
13 310
11 311
9 312
11 313
12 314
9 315
10 316
8 317
13 318
12 319
13 320
7 321
17 322
26 323
16 324
19 325
18 326
12 327
20 328
23 329
25 330
12 331
19 332
19 333
17 334
14 335
11 336
12 337
8 338
10 339
6 340
12 341
10 342
5 343
12 344
8 345
8 346
10 347
9 348
7 349
8 350
10 351
10 352
20 353
15 354
12 355
14 356
3 357
7 358
11 359
4 360
12 361
9 362
3 363
9 364
7 365
16 366
10 367
10 368
13 369
10 370
7 371
8 372
15 373
4 374
11 375
9 376
12 377
8 378
8 379
16 380
10 381
9 382
10 383
13 384
10 385
8 386
10 387
4 388
6 389
7 390
5 391
8 392
10 393
15 394
7 395
8 396
9 397
10 398
12 399
11 400
8 401
3 402
8 403
9 404
10 405
16 406
12 407
6 408
10 409
15 410
16 411
9 412
15 413
15 414
16 415
12 416
25 417
18 418
17 419
31 420
23 421
31 422
26 423
39 424
43 425
46 426
50 427
48 428
46 429
70 430
58 431
73 432
79 433
97 434
93 435
107 436
93 437
104 438
102 439
107 440
104 441
112 442
103 443
63 444
78 445
62 446
51 447
41 448
43 449
46 450
28 451
25 452
33 453
25 454
17 455
27 456
21 457
20 458
18 459
13 460
20 461
15 462
18 463
15 464
16 465
24 466
16 467
23 468
18 469
26 470
15 471
18 472
14 473
11 474
12 475
11 476
11 477
16 478
12 479
9 480
5 481
11 482
7 483
6 484
9 485
4 486
5 487
5 488
6 489
8 490
8 491
12 492
5 493
17 494
11 495
17 496
11 497
9 498
9 499
6 500
10 501
16 502
15 503
21 504
20 505
20 506
22 507
22 508
22 509
21 510
26 511
37 512
25 513
25 514
29 515
24 516
30 517
36 518
29 519
27 520
36 521
27 522
24 523
32 524
35 525
26 526
33 527
29 528
22 529
20 530
20 531
19 532
19 533
17 534
14 535
14 536
11 537
6 538
4 539
9 540
2 541
4 542
2 543
4 544
9 545
8 546
5 547
4 548
3 549
3 550
6 552
1 553
5 554
4 555
5 556
2 557
2 558
1 559
5 560
2 561
2 562
4 563
2 564
3 565
5 566
6 567
5 568
4 569
4 570
1 571
3 572
4 573
2 574
4 575
5 576
4 577
3 578
4 579
5 580
9 581
7 582
7 583
8 584
6 585
7 586
11 587
11 588
13 589
8 590
11 591
6 592
9 593
5 594
6 595
14 596
9 597
12 598
8 599
10 600
5 601
6 602
2 603
7 604
8 605
5 606
7 607
7 608
7 609
10 610
8 611
5 612
5 613
5 614
6 615
3 616
8 617
7 618
3 619
8 620
4 621
8 622
9 623
2 624
6 625
7 626
5 627
6 628
9 629
9 630
7 631
8 632
5 633
10 634
11 635
11 636
9 637
11 638
8 639
14 640
14 641
19 642
24 643
15 644
22 645
24 646
28 647
28 648
45 649
27 650
35 651
34 652
43 653
54 654
51 655
72 656
73 657
69 658
78 659
88 660
88 661
103 662
106 663
109 664
116 665
117 666
102 667
121 668
113 669
86 670
109 671
99 672
85 673
87 674
57 675
59 676
51 677
53 678
45 679
38 680
35 681
20 682
8 683
10 684
12 685
11 686
10 687
12 688
8 689
12 690
10 691
9 692
5 693
2 694
4 695
4 696
5 697
9 698
4 699
5 700
2 701
1 702
1 703
3 704
4 705
2 706
6 707
2 708
1 710
4 711
3 712
2 713
2 714
3 715
2 716
4 718
1 719
4 721
6 722
2 723
4 724
3 725
3 726
2 727
1 728
1 730
4 731
2 732
4 733
4 734
2 735
2 736
3 738
4 739
4 740
2 741
5 742
3 743
1 744
1 745
2 746
2 747
5 748
3 749
3 750
3 752
3 753
4 754
5 755
4 756
2 757
1 758
7 759
2 760
1 761
4 762
4 763
1 764
1 767
2 768
1 770
1 771
3 772
1 773
3 775
3 776
2 777
1 778
4 779
3 780
3 781
2 782
3 785
1 786
2 787
2 788
2 789
1 790
2 791
4 792
4 793
5 794
1 795
2 796
5 797
1 798
2 799
1 800
2 801
1 802
5 803
6 804
5 805
2 806
1 807
4 808
5 809
2 810
2 812
2 813
4 814
3 815
2 816
4 817
4 818
3 819
3 820
8 821
4 822
5 823
7 824
8 825
6 826
4 827
7 828
5 829
6 830
7 831
9 832
6 833
6 834
11 835
12 836
8 837
7 838
12 839
6 840
9 841
9 842
11 843
11 844
15 845
22 846
13 847
23 848
18 849
21 850
24 851
20 852
22 853
26 854
31 855
31 856
26 857
29 858
43 859
29 860
38 861
26 862
33 863
22 864
31 865
24 866
24 867
25 868
21 869
26 870
22 871
18 872
15 873
22 874
13 875
17 876
7 877
7 878
11 879
7 880
7 881
6 882
10 883
7 884
1 885
6 886
5 887
8 888
5 889
9 890
11 891
10 892
12 893
5 894
4 895
5 896
8 897
13 898
10 899
13 900
8 901
6 902
16 903
10 904
17 905
12 906
20 907
9 908
10 909
13 910
16 911
12 912
21 913
12 914
12 915
12 916
12 917
15 918
9 919
6 920
5 921
10 922
5 923
7 924
5 925
3 926
9 927
7 928
3 929
4 930
1 931
3 932
3 933
1 934
5 935
1 936
4 937
2 938
1 939
1 940
1 941
1 943
3 946
3 948
2 949
3 950
1 952
1 953
2 954
1 962
2 967
3 968
2 971
2 972
2 974
1 977
1 978
1 979
1 980
2 981
2 983
1 984
1 986
1 987
2 988
1 990
1 991
1 992
1 994
1 996
1 997
1 999
2 1003
1 1007
1 1008
1 1009
2 1011
1 1013
2 1014
3 1018
1 1019
1 1020
2 1024
2 1025
2 1026
1 1027
2 1028
4 1029
2 1030
1 1033
2 1035
1 1036
1 1038
2 1039
1 1040
1 1041
2 1042
1 1043
2 1044
2 1045
1 1049
2 1051
2 1052
4 1053
2 1054
5 1056
2 1059
1 1061
1 1063
1 1065
2 1066
2 1069
4 1070
1 1072
2 1073
1 1074
1 1076
1 1078
1 1079
1 1080
3 1083
1 1084
3 1085
2 1087
2 1088
2 1090
2 1091
2 1093
1 1094
3 1095
1 1098
1 1101
2 1103
2 1104
3 1105
2 1106
2 1107
1 1108
1 1109
1 1110
2 1111
1 1112
2 1113
2 1114
3 1115
1 1116
1 1119
5 1121
1 1122
1 1123
1 1125
1 1126
1 1127
1 1129
4 1130
1 1131
1 1132
1 1133
1 1135
3 1136
2 1138
2 1140
2 1143
2 1146
3 1149
1 1150
2 1152
1 1153
6 1154
1 1155
1 1156
1 1157
1 1158
2 1160
2 1161
1 1163
3 1164
1 1165
3 1168
1 1169
1 1170
4 1172
4 1173
2 1174
4 1175
2 1176
2 1177
4 1178
5 1179
4 1180
4 1181
5 1182
7 1183
3 1184
8 1185
6 1186
2 1187
5 1188
3 1189
4 1190
4 1191
1 1192
8 1193
2 1194
5 1195
6 1196
3 1197
2 1198
1 1199
5 1200
5 1201
2 1202
2 1203
3 1204
3 1205
2 1206
5 1209
2 1210
2 1211
2 1212
3 1213
2 1214
3 1215
1 1216
4 1217
2 1218
1 1219
4 1221
2 1222
2 1223
1 1226
1 1227
2 1228
3 1229
1 1230
1 1231
2 1232
3 1233
1 1234
1 1237
2 1238
1 1239
1 1241
1 1242
1 1243
1 1244
1 1246
1 1247
1 1249
1 1250
3 1251
1 1252
1 1254
2 1255
1 1256
2 1257
5 1258
3 1259
1 1260
5 1261
4 1262
1 1263
2 1264
3 1265
1 1266
2 1267
3 1268
2 1269
3 1270
7 1272
3 1273
4 1274
4 1275
4 1276
7 1277
2 1278
6 1279
7 1280
2 1281
6 1282
8 1283
5 1284
2 1285
6 1286
10 1287
8 1288
8 1289
6 1290
13 1291
8 1292
10 1293
11 1294
10 1295
9 1296
6 1297
7 1298
5 1299
4 1300
7 1301
7 1302
5 1303
5 1304
6 1305
6 1306
8 1307
8 1308
7 1309
2 1310
10 1311
2 1312
2 1313
4 1314
6 1315
3 1316
5 1317
5 1318
4 1319
6 1320
5 1321
5 1322
7 1323
5 1324
8 1325
6 1326
1 1328
5 1329
4 1330
1 1331
2 1332
4 1333
6 1334
2 1335
5 1336
3 1337
3 1338
2 1339
1 1340
1 1341
1 1343
2 1344
5 1345
6 1347
3 1348
2 1349
5 1350
2 1351
3 1352
3 1353
3 1354
3 1355
2 1356
3 1358
4 1359
2 1360
1 1361
1 1362
3 1364
1 1366
3 1367
2 1368
3 1369
4 1370
2 1371
2 1372
2 1373
7 1374
4 1375
4 1376
4 1377
3 1378
3 1379
3 1380
3 1381
7 1382
4 1383
3 1384
1 1385
2 1386
3 1387
3 1388
2 1389
5 1390
4 1391
3 1392
4 1393
5 1394
4 1395
4 1396
6 1397
3 1398
5 1399
3 1400
4 1401
6 1402
5 1403
5 1404
8 1405
6 1406
9 1407
6 1408
8 1409
4 1410
2 1411
7 1412
8 1413
5 1414
3 1415
8 1416
6 1417
11 1418
10 1419
10 1420
14 1421
6 1422
7 1423
14 1424
8 1425
10 1426
5 1427
17 1428
11 1429
9 1430
15 1431
15 1432
8 1433
10 1434
9 1435
6 1436
14 1437
10 1438
7 1439
8 1440
9 1441
13 1442
6 1443
7 1444
9 1445
5 1446
9 1447
9 1448
7 1449
3 1450
8 1451
12 1452
6 1453
6 1454
6 1455
3 1456
4 1457
7 1458
7 1459
4 1460
7 1461
3 1462
6 1463
2 1464
7 1465
3 1466
6 1467
4 1468
8 1469
4 1470
2 1471
6 1472
6 1473
7 1474
4 1475
5 1476
2 1477
3 1478
3 1479
6 1480
6 1481
12 1482
5 1483
11 1484
14 1485
13 1486
5 1487
15 1488
7 1489
12 1490
11 1491
15 1492
13 1493
19 1494
14 1495
13 1496
17 1497
18 1498
12 1499
16 1500
15 1501
12 1502
13 1503
17 1504
17 1505
16 1506
20 1507
23 1508
22 1509
18 1510
21 1511
22 1512
30 1513
22 1514
30 1515
33 1516
33 1517
44 1518
29 1519
49 1520
46 1521
45 1522
45 1523
40 1524
48 1525
51 1526
37 1527
43 1528
49 1529
56 1530
41 1531
48 1532
51 1533
53 1534
27 1535
46 1536
43 1537
36 1538
40 1539
30 1540
32 1541
33 1542
30 1543
37 1544
26 1545
31 1546
22 1547
23 1548
17 1549
24 1550
21 1551
15 1552
14 1553
17 1554
13 1555
13 1556
4 1557
10 1558
8 1559
10 1560
7 1561
7 1562
7 1563
3 1564
6 1565
6 1566
4 1567
5 1568
2 1569
3 1570
2 1571
5 1572
2 1574
3 1575
1 1576
3 1577
2 1579
2 1580
1 1581
3 1582
1 1584
1 1585
1 1586
2 1587
4 1588
1 1590
3 1592
1 1593
3 1594
1 1595
4 1596
2 1597
2 1599
2 1600
1 1601
1 1602
1 1604
4 1605
1 1607
2 1609
1 1611
2 1612
1 1613
2 1614
1 1616
2 1617
1 1618
4 1619
3 1621
2 1622
3 1624
9 1625
5 1626
3 1627
4 1628
3 1629
3 1630
4 1631
1 1632
3 1633
3 1634
3 1636
4 1637
4 1638
5 1639
2 1640
2 1641
4 1642
2 1643
3 1644
3 1645
1 1646
6 1647
2 1649
1 1650
2 1651
2 1652
2 1653
1 1655
2 1656
1 1657
1 1659
3 1660
2 1664
1 1667
1 1670
5 1672
2 1673
1 1674
3 1675
1 1677
2 1679
1 1680
2 1681
1 1682
1 1684
1 1686
1 1692
1 1697
2 1704
1 1707
2 1708
1 1716
1 1717
1 1719
1 1720
1 1722
1 1727
1 1728
3 1731
1 1736
1 1737
2 1738
2 1741
2 1743
1 1744
1 1745
1 1750
1 1751
1 1752
1 1754
1 1756
3 1758
2 1759
1 1760
3 1761
2 1762
2 1766
2 1767
2 1769
1 1770
2 1771
1 1772
1 1773
1 1775
1 1776
2 1777
3 1778
1 1782
2 1783
1 1784
1 1786
1 1787
2 1788
2 1791
1 1792
1 1794
1 1795
2 1796
1 1797
2 1799
2 1802
1 1803
1 1804
2 1805
2 1806
2 1807
2 1808
1 1809
1 1811
1 1813
2 1814
2 1815
2 1818
2 1820
4 1821
3 1823
1 1824
2 1825
1 1827
1 1828
2 1829
3 1830
3 1831
2 1832
1 1833
1 1836
2 1837
1 1838
3 1839
1 1841
2 1842
3 1843
3 1844
2 1845
1 1846
3 1847
1 1848
2 1849
1 1850
1 1851
2 1852
2 1853
3 1855
3 1856
5 1857
1 1858
3 1859
1 1860
4 1861
5 1862
4 1863
4 1864
2 1866
4 1867
3 1868
4 1869
1 1870
5 1871
2 1872
4 1873
3 1874
6 1875
3 1876
6 1877
5 1878
7 1879
9 1880
9 1881
4 1882
7 1883
3 1884
4 1885
3 1886
6 1887
5 1888
6 1889
4 1890
3 1891
2 1892
4 1893
3 1894
8 1895
4 1896
3 1897
2 1898
6 1899
6 1900
5 1901
5 1902
6 1903
3 1904
4 1905
1 1906
2 1907
5 1908
3 1909
2 1910
5 1911
4 1912
3 1913
1 1914
3 1916
3 1917
2 1919
2 1921
1 1922
1 1923
1 1924
1 1925
2 1926
3 1927
1 1929
2 1930
1 1932
1 1933
1 1934
2 1935
1 1936
2 1937
1 1938
2 1939
1 1940
3 1942
1 1943
1 1945
5 1947
2 1948
1 1949
4 1950
2 1954
2 1956
3 1957
3 1960
2 1961
2 1962
1 1963
2 1964
1 1965
1 1966
2 1967
2 1968
1 1969
2 1971
2 1974
4 1975
1 1976
2 1977
3 1979
3 1980
2 1982
1 1983
1 1984
2 1985
1 1987
1 1989
1 1990
1 1991
1 1992
1 1993
1 1995
1 2002
1 2006
1 2007
1 2008
2 2009
1 2010
2 2012
1 2015
1 2016
1 2020
1 2022
2 2025
1 2026
1 2027
1 2028
1 2032
1 2034
1 2036
1 2039
1 2041
1 2046
1 2049
1 2051
1 2053
1 2054
1 2058
1 2068
1 2069
3 2077
1 2081
1 2082
1 2085
1 2086
1 2087
1 2092
1 2093
1 2099
3 2100
1 2101
1 2102
1 2104
1 2105
1 2107
1 2108
2 2110
2 2111
1 2118
1 2122
1 2126
1 2130
1 2131
3 2136
1 2138
1 2139
1 2141
2 2143
1 2146
2 2148
1 2151
1 2152
1 2154
2 2155
1 2159
2 2161
1 2162
1 2163
1 2164
1 2165
2 2170
1 2171
1 2172
3 2173
1 2174
2 2176
2 2177
1 2178
2 2180
1 2181
1 2184
2 2186
1 2191
1 2194
1 2195
2 2196
1 2197
1 2198
2 2199
2 2200
1 2202
2 2203
1 2204
2 2206
2 2209
1 2210
2 2213
1 2214
2 2215
1 2217
4 2218
1 2219
2 2221
2 2222
1 2224
2 2225
1 2226
2 2227
2 2228
3 2230
1 2232
2 2235
1 2236
2 2238
2 2240
2 2241
3 2242
1 2243
2 2244
4 2245
3 2246
2 2247
1 2248
3 2250
2 2251
2 2252
1 2253
1 2254
2 2255
1 2256
2 2257
3 2258
1 2259
1 2260
2 2261
2 2262
1 2263
3 2264
2 2265
3 2266
1 2267
3 2268
2 2269
4 2270
1 2272
4 2274
3 2275
2 2276
1 2277
6 2278
4 2279
2 2280
3 2281
1 2282
1 2283
6 2284
6 2285
5 2286
6 2287
7 2288
5 2289
2 2290
4 2291
4 2292
3 2293
1 2294
3 2295
8 2296
3 2297
7 2298
6 2299
7 2300
4 2301
3 2302
9 2303
7 2304
7 2305
5 2306
6 2307
1 2308
7 2309
4 2310
3 2311
4 2312
5 2313
4 2314
5 2315
4 2316
9 2317
4 2318
5 2319
5 2320
2 2321
5 2322
3 2323
5 2324
3 2325
4 2326
4 2327
5 2328
5 2329
2 2330
5 2331
2 2332
4 2333
3 2334
6 2335
5 2336
5 2337
3 2339
1 2340
6 2341
1 2342
3 2343
5 2344
2 2345
7 2346
2 2347
3 2348
2 2349
3 2350
3 2351
3 2352
4 2353
1 2354
7 2355
4 2356
4 2357
5 2358
2 2359
4 2360
4 2361
4 2362
5 2363
4 2364
8 2366
5 2367
6 2368
4 2369
3 2370
9 2371
4 2372
5 2373
6 2374
8 2375
7 2376
7 2377
10 2378
7 2379
3 2380
12 2381
9 2382
8 2383
11 2384
9 2385
14 2386
16 2387
14 2388
13 2389
11 2390
9 2391
14 2392
12 2393
10 2394
8 2395
10 2396
13 2397
13 2398
12 2399
8 2400
8 2401
13 2402
6 2403
11 2404
6 2405
8 2406
10 2407
8 2408
8 2409
3 2410
12 2411
6 2412
7 2413
7 2414
9 2415
9 2416
6 2417
12 2418
9 2419
4 2421
5 2422
4 2423
3 2424
4 2425
1 2426
7 2427
3 2428
6 2429
6 2430
5 2431
2 2432
4 2433
5 2434
1 2435
2 2436
4 2437
5 2438
1 2443
1 2444
2 2447
2 2448
1 2450
1 2453
1 2455
1 2456
1 2457
1 2458
1 2461
1 2463
1 2464
1 2468
1 2469
1 2471
1 2472
1 2476
1 2477
1 2480
1 2484
1 2486
1 2490
1 2494
1 2495
1 2499
2 2501
1 2505
1 2507
2 2509
1 2512
1 2513
1 2514
1 2516
1 2517
2 2519
1 2521
1 2522
1 2523
1 2524
1 2526
1 2533
1 2535
1 2536
1 2537
1 2540
2 2546
1 2550
1 2557
1 2559
1 2561
2 2563
2 2568
1 2570
1 2572
2 2573
1 2577
1 2578
1 2580
1 2583
1 2585
1 2586
1 2588
1 2589
1 2591
1 2595
1 2596
2 2597
1 2600
2 2601
1 2603
1 2604
2 2605
1 2606
1 2607
1 2608
1 2612
1 2615
2 2616
1 2617
1 2621
2 2623
1 2624
1 2625
4 2626
1 2630
1 2631
1 2633
1 2635
1 2639
2 2640
2 2641
1 2642
3 2643
1 2646
3 2647
1 2648
1 2649
1 2652
2 2654
1 2655
1 2657
1 2658
1 2659
2 2660
1 2662
5 2664
2 2665
1 2666
1 2668
3 2669
1 2670
2 2671
1 2672
3 2673
1 2674
1 2676
1 2677
1 2679
2 2681
1 2684
4 2685
1 2686
2 2687
2 2688
3 2689
2 2690
3 2691
3 2692
3 2693
2 2694
2 2695
3 2696
2 2697
1 2698
1 2699
4 2700
1 2701
4 2702
3 2704
6 2706
1 2707
1 2708
1 2711
1 2712
1 2713
4 2715
2 2716
1 2717
3 2718
1 2719
1 2721
2 2726
3 2727
3 2728
1 2729
3 2730
2 2731
1 2733
1 2734
1 2735
3 2737
3 2739
1 2740
2 2742
2 2743
2 2745
1 2746
1 2747
1 2752
1 2754
2 2755
3 2757
1 2758
1 2759
1 2760
1 2761
2 2763
2 2764
1 2765
5 2766
2 2767
1 2768
1 2769
3 2773
2 2774
2 2775
1 2776
2 2778
3 2779
1 2780
3 2781
2 2782
4 2783
3 2786
3 2787
1 2789
1 2790
3 2791
1 2792
1 2793
2 2794
1 2796
1 2797
4 2799
2 2800
3 2801
2 2802
2 2803
1 2804
1 2805
2 2806
1 2807
4 2809
1 2810
4 2812
3 2813
4 2814
3 2816
1 2817
3 2818
1 2819
3 2820
3 2821
2 2822
3 2823
4 2824
3 2825
4 2826
2 2827
4 2828
2 2829
5 2830
3 2831
3 2833
1 2834
2 2835
1 2836
1 2837
2 2838
2 2839
7 2840
6 2841
3 2842
3 2843
1 2844
4 2846
3 2847
2 2848
5 2849
2 2850
4 2851
2 2852
1 2853
5 2854
8 2855
3 2856
3 2857
4 2858
5 2859
2 2860
4 2861
4 2862
3 2863
1 2864
1 2865
2 2866
1 2867
6 2868
3 2869
3 2870
7 2871
2 2872
7 2873
6 2874
8 2875
2 2876
12 2877
3 2878
3 2879
9 2880
4 2881
4 2882
9 2883
5 2884
7 2885
4 2886
3 2887
4 2888
10 2889
3 2890
6 2891
7 2892
3 2893
9 2894
8 2895
7 2896
8 2897
9 2898
4 2899
8 2900
11 2901
4 2902
10 2903
6 2904
9 2905
8 2906
12 2907
12 2908
11 2909
8 2910
9 2911
16 2912
11 2913
11 2914
8 2915
12 2916
11 2917
11 2918
21 2919
13 2920
20 2921
13 2922
6 2923
21 2924
22 2925
18 2926
22 2927
30 2928
21 2929
27 2930
10 2931
17 2932
21 2933
20 2934
17 2935
17 2936
21 2937
13 2938
12 2939
14 2940
21 2941
15 2942
19 2943
17 2944
24 2945
13 2946
21 2947
21 2948
22 2949
32 2950
24 2951
18 2952
22 2953
17 2954
20 2955
18 2956
11 2957
15 2958
14 2959
15 2960
12 2961
17 2962
14 2963
8 2964
19 2965
6 2966
9 2967
10 2968
7 2969
16 2970
15 2971
6 2972
10 2973
5 2974
13 2975
7 2976
10 2977
6 2978
4 2979
6 2980
3 2981
7 2982
1 2983
1 2984
5 2985
2 2987
3 2988
3 2989
2 2991
1 2993
2 2994
2 2995
1 2996
3 2997
1 2998
1 3000
2 3001
1 3002
1 3003
1 3006
1 3009
1 3011
1 3013
1 3014
3 3015
1 3017
2 3018
2 3019
1 3023
1 3025
1 3029
1 3031
1 3040
2 3049
1 3058
1 3066
1 3067
1 3068
1 3070
1 3071
1 3105
1 3125
1 3133
1 3139
1 3172
1 3180
1 3186
1 3191
1 3201
1 3207
1 3227
1 3229
1 3231
1 3232
1 3233
1 3235
1 3241
2 3248
1 3258
1 3263
1 3264
4 3267
1 3279
1 3284
1 3287
1 3290
1 3293
1 3295
1 3296
1 3297
1 3298
1 3299
1 3300
1 3302
2 3303
1 3304
1 3305
2 3306
1 3309
1 3310
2 3311
2 3312
1 3313
1 3314
1 3317
1 3324
2 3325
1 3327
1 3329
1 3333
1 3336
1 3337
1 3340
1 3342
1 3351
1 3356
1 3358
1 3360
1 3361
1 3362
1 3366
1 3370
1 3373
1 3375
1 3380
1 3382
1 3384
1 3386
1 3389
1 3390
2 3392
1 3402
1 3404
1 3406
1 3409
1 3410
2 3414
1 3415
1 3416
1 3418
1 3419
1 3420
1 3421
1 3422
1 3423
1 3425
1 3427
1 3433
1 3438
1 3439
1 3440
1 3443
2 3445
2 3448
1 3449
1 3450
1 3451
2 3454
2 3455
1 3457
2 3458
1 3459
1 3461
2 3463
1 3465
2 3471
1 3472
2 3474
1 3476
3 3477
1 3478
3 3479
2 3481
2 3482
2 3483
1 3487
2 3488
1 3490
3 3491
1 3492
1 3493
1 3494
2 3497
4 3500
3 3501
1 3502
2 3503
4 3504
1 3505
2 3506
1 3507
2 3508
2 3509
2 3511
2 3512
3 3513
1 3516
3 3517
4 3519
3 3520
2 3521
1 3522
1 3523
1 3524
4 3525
5 3526
4 3527
2 3528
4 3529
1 3530
3 3531
3 3533
6 3534
3 3535
1 3536
2 3537
5 3539
3 3540
2 3541
3 3542
1 3543
3 3544
4 3545
1 3546
7 3547
3 3548
3 3549
2 3550
4 3551
4 3552
4 3553
5 3554
6 3555
3 3556
2 3557
5 3558
4 3559
2 3560
2 3561
3 3562
1 3563
2 3564
2 3565
2 3566
2 3567
1 3568
2 3569
1 3570
3 3571
2 3572
2 3573
4 3574
4 3575
1 3577
2 3579
1 3581
2 3582
1 3583
3 3584
2 3585
2 3586
1 3588
1 3596
1 3597
1 3599
1 3601
1 3602
2 3603
1 3606
1 3608
1 3611
1 3623
1 3636
1 3638
1 3652
1 3657
1 3659
1 3702
1 3710
1 3717
1 3718
1 3719
2 3728
1 3735
1 3740
1 3743
1 3746
2 3749
1 3754
1 3758
1 3761
1 3765
1 3768
2 3770
1 3786
1 3788
1 3791
1 3793
1 3799
1 3800
1 3818
1 3850
1 3856
1 3906
1 3918
1 3920
1 3924
1 3941
1 3947
1 3981
1 3990
1 3995
1 4004
1 4021
1 4026
1 4031
1 4034
1 4044
1 4046
1 4060
1 4064
1 4068
2 4072
1 4076
1 4077
1 4078
1 4081
1 4086
1 4089
1 4098
1 4110
1 4111
2 4118
2 4119
1 4126
1 4128
1 4129
1 4135
2 4137
2 4138
1 4139
2 4140
1 4141
2 4142
1 4143
1 4145
2 4148
1 4150
1 4154
1 4155
1 4171
1 4172
2 4173
2 4178
2 4181
1 4182
1 4183
1 4186
1 4187
1 4201
2 4233
1 4242
1 4253
1 4287
1 4292
1 4293
1 4298
1 4299
1 4303
1 4309
1 4311
2 4314
1 4315
1 4325
1 4326
1 4335
1 4349
1 4355
1 4373
1 4376
1 4398
1 4428
1 4433
1 4504
1 4513
1 4601
1 4626
1 4640
1 4651
1 4658
1 4668
1 4682
1 4724
1 4743
1 4765
1 4782
1 4920
1 4931
1 5024
1 5044
1 5064
1 5067
1 5070
2 5091
1 5092
1 5096
1 5098
1 5099
1 5107
2 5123
1 5127
1 5129
1 5131
1 5139
1 5140
1 5149
1 5152
1 5153
1 5154
1 5172
1 5189
1 5338
1 5387
1 5395
1 5450
1 5464
1 5477
1 5488
1 5494
1 5532
1 5534
1 5542
1 5561
1 5573
1 5653
1 5746
1 5786
