1 2
1 3
1 4
1 6
1 9
1 10
2 15
1 16
2 18
1 20
1 23
1 27
1 32
1 33
2 34
2 35
2 37
1 39
1 41
1 43
3 44
2 48
1 49
2 50
3 51
3 52
1 54
2 56
1 58
2 59
2 60
3 61
2 62
1 63
1 64
1 65
2 67
3 68
1 69
1 70
1 72
3 73
2 74
2 75
1 77
4 79
2 80
1 81
3 82
1 84
1 86
2 87
2 89
3 91
1 92
4 93
1 94
1 95
2 96
2 97
2 98
3 99
4 100
1 101
3 102
1 103
5 104
2 105
3 106
4 107
2 109
2 111
1 112
3 113
2 114
2 115
3 116
1 117
2 118
4 119
1 120
2 121
4 122
1 124
2 125
2 126
2 127
2 128
3 129
1 130
1 131
4 132
1 133
2 134
1 135
4 136
2 137
1 140
3 141
4 143
1 144
3 145
2 146
3 148
3 149
2 150
3 151
2 153
6 154
1 156
5 157
4 158
5 159
3 160
4 161
3 162
4 163
5 164
1 165
4 166
1 167
1 168
1 169
2 170
3 171
3 172
1 173
1 174
2 175
5 176
3 177
6 178
1 179
2 180
2 181
8 182
8 183
8 184
3 185
4 186
4 187
9 188
7 189
11 190
15 191
19 192
13 193
21 194
20 195
28 196
26 197
37 198
20 199
25 200
21 201
19 202
16 203
10 204
9 205
7 206
4 207
2 208
5 209
3 210
4 211
9 212
5 213
2 214
2 215
6 216
9 217
8 218
5 219
3 220
5 221
4 222
4 223
8 224
2 225
4 226
1 227
6 228
2 229
4 230
4 231
5 232
2 233
3 234
3 235
4 236
4 237
5 238
8 239
2 240
4 241
9 242
3 243
5 244
7 245
6 246
10 247
6 248
3 249
5 250
3 251
10 252
3 253
4 254
8 255
4 256
4 257
6 258
9 259
6 260
9 261
9 262
6 263
6 264
6 265
2 266
5 267
7 268
11 269
9 270
3 271
8 272
4 273
8 274
8 275
6 276
5 277
6 278
13 279
10 280
10 281
7 282
5 283
8 284
12 285
11 286
6 287
13 288
13 289
10 290
11 291
7 292
19 293
22 294
26 295
25 296
28 297
34 298
37 299
46 300
42 301
36 302
44 303
47 304
45 305
51 306
57 307
34 308
34 309
30 310
28 311
19 312
23 313
19 314
15 315
19 316
23 317
14 318
19 319
18 320
24 321
23 322
27 323
33 324
19 325
23 326
25 327
29 328
35 329
30 330
29 331
23 332
22 333
31 334
25 335
14 336
24 337
16 338
9 339
12 340
15 341
15 342
12 343
20 344
15 345
17 346
18 347
23 348
11 349
16 350
14 351
16 352
14 353
20 354
17 355
21 356
15 357
28 358
13 359
18 360
16 361
16 362
11 363
31 364
24 365
23 366
24 367
22 368
26 369
20 370
29 371
20 372
30 373
37 374
33 375
31 376
22 377
27 378
34 379
26 380
30 381
29 382
32 383
27 384
26 385
18 386
22 387
16 388
23 389
16 390
23 391
24 392
17 393
17 394
25 395
20 396
26 397
27 398
20 399
31 400
21 401
27 402
30 403
19 404
17 405
29 406
25 407
29 408
34 409
37 410
36 411
39 412
36 413
39 414
40 415
45 416
58 417
54 418
49 419
52 420
61 421
81 422
86 423
93 424
98 425
108 426
120 427
123 428
145 429
162 430
182 431
182 432
204 433
226 434
245 435
221 436
273 437
269 438
243 439
275 440
260 441
239 442
234 443
211 444
188 445
192 446
158 447
146 448
114 449
115 450
82 451
78 452
85 453
57 454
54 455
60 456
50 457
52 458
56 459
55 460
44 461
52 462
60 463
45 464
49 465
52 466
50 467
57 468
54 469
55 470
42 471
32 472
29 473
28 474
36 475
20 476
31 477
25 478
19 479
28 480
15 481
17 482
16 483
20 484
23 485
16 486
18 487
14 488
23 489
26 490
24 491
34 492
26 493
23 494
37 495
23 496
41 497
38 498
40 499
40 500
41 501
38 502
49 503
50 504
52 505
54 506
66 507
57 508
61 509
54 510
72 511
69 512
75 513
67 514
70 515
76 516
81 517
65 518
67 519
73 520
60 521
73 522
61 523
74 524
56 525
73 526
63 527
59 528
60 529
40 530
42 531
48 532
46 533
32 534
39 535
34 536
21 537
20 538
20 539
14 540
17 541
8 542
11 543
7 544
14 545
11 546
3 547
7 548
4 549
12 550
7 551
5 552
6 553
7 554
6 555
3 556
3 557
6 558
3 559
2 560
3 561
7 562
3 563
3 564
8 565
5 566
4 567
1 568
4 569
1 570
4 571
4 572
3 573
4 574
2 576
5 577
5 578
4 579
4 580
8 581
3 582
5 583
5 584
11 585
6 586
6 587
7 588
4 589
10 590
6 591
6 592
8 593
7 594
13 595
4 596
7 597
9 598
5 599
9 600
9 601
12 602
6 603
10 604
8 605
9 606
11 607
9 608
11 609
13 610
8 611
10 612
14 613
8 614
5 615
2 616
5 617
8 618
2 619
3 620
5 621
8 622
4 623
3 624
3 625
3 626
4 627
2 628
4 629
1 631
3 632
5 633
2 634
5 635
8 636
4 637
4 638
8 639
5 640
6 641
3 642
3 643
3 644
4 645
7 646
7 647
6 648
6 649
6 650
10 651
13 652
12 653
14 654
6 655
15 656
11 657
25 658
11 659
11 660
11 661
16 662
10 663
13 664
10 665
20 666
10 667
15 668
13 669
14 670
9 671
8 672
6 673
9 674
11 675
10 676
16 677
15 678
8 679
20 680
7 681
11 682
9 683
9 684
12 685
11 686
5 687
13 688
8 689
7 690
11 691
13 692
5 693
7 694
8 695
9 696
5 697
3 698
3 699
11 700
5 701
6 702
5 703
3 704
8 705
5 706
5 707
10 708
6 709
4 710
4 711
2 712
4 713
2 714
7 715
3 716
7 718
2 719
7 720
2 721
3 722
5 723
5 724
4 725
3 726
8 727
5 728
3 729
6 730
7 731
4 732
5 733
5 735
7 736
11 737
6 738
6 739
11 740
9 741
6 742
8 743
8 744
3 745
7 746
5 747
4 748
8 749
3 750
9 751
4 752
8 753
4 754
4 755
4 756
6 757
5 758
3 759
3 760
6 761
8 762
13 763
7 764
3 765
2 766
9 767
6 768
7 769
8 770
4 771
6 772
5 773
11 774
3 775
6 776
5 777
5 778
7 779
8 780
8 781
9 782
12 783
8 784
14 785
3 786
6 787
4 788
9 789
7 790
9 791
7 792
14 793
11 794
14 795
8 796
8 797
8 798
5 799
5 800
6 801
5 802
8 803
10 804
10 805
9 806
6 807
8 808
9 809
5 810
2 811
4 812
7 813
2 814
3 815
4 816
6 817
7 818
5 819
11 820
3 821
5 822
5 823
13 824
6 825
9 826
13 827
11 828
12 829
9 830
5 831
14 832
12 833
10 834
14 835
10 836
9 837
8 838
9 839
13 840
10 841
19 842
10 843
7 844
19 845
14 846
15 847
15 848
21 849
17 850
18 851
16 852
20 853
22 854
17 855
15 856
20 857
19 858
20 859
21 860
19 861
27 862
23 863
22 864
18 865
18 866
21 867
26 868
25 869
24 870
21 871
18 872
25 873
18 874
19 875
17 876
10 877
17 878
19 879
17 880
20 881
23 882
19 883
24 884
24 885
26 886
20 887
23 888
25 889
32 890
34 891
29 892
38 893
28 894
40 895
48 896
44 897
58 898
57 899
48 900
52 901
41 902
45 903
55 904
54 905
40 906
50 907
40 908
31 909
37 910
35 911
41 912
21 913
26 914
43 915
22 916
18 917
11 918
11 919
17 920
9 921
13 922
10 923
10 924
4 925
12 926
6 927
8 928
6 929
9 930
9 931
2 932
2 933
3 934
4 935
3 936
1 937
3 938
2 939
1 940
3 942
1 943
3 944
3 946
1 947
5 948
2 949
1 950
3 951
1 952
1 953
1 954
3 955
1 956
3 958
1 959
3 960
1 962
3 963
2 964
2 965
1 966
1 967
5 968
2 969
3 971
1 974
4 976
1 977
3 978
1 979
2 980
1 981
1 984
2 985
1 986
3 987
1 988
1 989
3 991
4 992
3 993
2 995
2 997
2 998
1 999
1 1001
1 1002
1 1003
2 1004
3 1006
1 1007
1 1008
1 1010
1 1012
1 1013
1 1014
1 1015
2 1016
1 1018
1 1022
1 1023
1 1024
1 1025
2 1026
2 1027
4 1030
2 1031
1 1032
1 1033
1 1034
4 1035
1 1036
1 1038
1 1039
1 1040
1 1041
1 1042
1 1043
2 1044
2 1045
1 1048
1 1049
1 1050
2 1051
1 1053
2 1055
1 1056
3 1058
1 1061
1 1063
1 1067
1 1068
1 1070
3 1071
2 1072
1 1073
1 1074
1 1076
1 1078
1 1079
3 1081
1 1083
1 1088
3 1089
1 1090
3 1092
1 1093
1 1094
3 1095
1 1096
1 1097
1 1098
2 1099
3 1101
2 1103
1 1104
1 1105
4 1107
2 1108
1 1110
1 1111
4 1113
3 1114
1 1115
2 1116
1 1117
3 1119
1 1120
4 1121
1 1122
1 1124
2 1125
2 1126
1 1127
4 1128
1 1129
2 1131
2 1132
3 1134
1 1135
2 1136
1 1137
2 1138
1 1139
2 1140
1 1141
3 1142
2 1143
1 1144
1 1146
1 1148
1 1149
2 1150
1 1151
1 1152
2 1153
2 1154
4 1155
5 1156
3 1157
3 1158
3 1159
4 1160
4 1161
1 1162
8 1164
4 1165
3 1166
1 1167
3 1168
6 1169
5 1170
5 1171
5 1172
4 1173
7 1174
8 1175
4 1176
5 1177
7 1178
6 1179
7 1180
7 1181
7 1182
6 1183
8 1184
8 1185
9 1186
6 1187
12 1188
7 1189
13 1190
7 1191
12 1192
13 1193
7 1194
8 1195
11 1196
7 1197
10 1198
5 1199
8 1200
11 1201
3 1202
7 1203
4 1204
4 1205
4 1206
5 1207
4 1208
6 1209
6 1210
9 1211
5 1212
6 1213
1 1214
3 1215
2 1216
4 1217
1 1218
2 1219
3 1220
6 1221
3 1223
2 1224
2 1225
3 1226
2 1227
2 1228
2 1229
1 1230
1 1231
1 1233
1 1235
3 1236
1 1237
1 1238
3 1239
3 1241
1 1242
1 1243
1 1244
4 1245
2 1247
2 1248
2 1249
2 1250
4 1251
3 1252
1 1253
3 1254
3 1255
3 1256
1 1257
5 1258
2 1259
2 1260
2 1261
7 1262
5 1263
6 1264
3 1265
5 1266
5 1267
11 1268
6 1269
7 1270
3 1271
6 1272
9 1273
4 1274
7 1275
11 1276
11 1277
12 1278
14 1279
10 1280
9 1281
9 1282
14 1283
16 1284
12 1285
12 1286
12 1287
18 1288
22 1289
14 1290
5 1291
16 1292
18 1293
14 1294
22 1295
15 1296
10 1297
10 1298
17 1299
15 1300
11 1301
12 1302
19 1303
19 1304
15 1305
14 1306
10 1307
10 1308
12 1309
9 1310
10 1311
10 1312
10 1313
11 1314
9 1315
3 1316
8 1317
5 1318
6 1319
5 1320
7 1321
10 1322
5 1323
5 1324
3 1325
5 1326
4 1327
3 1328
2 1329
4 1330
2 1331
6 1332
7 1333
10 1334
2 1335
2 1336
3 1337
3 1338
5 1339
4 1340
4 1341
5 1342
4 1343
3 1344
1 1345
7 1347
2 1349
6 1350
4 1351
2 1352
1 1353
3 1354
2 1355
2 1356
3 1357
2 1358
3 1359
2 1360
1 1361
5 1362
1 1363
3 1364
4 1365
1 1366
1 1367
1 1368
1 1369
1 1370
1 1371
4 1372
2 1373
2 1375
1 1377
2 1379
2 1380
1 1381
1 1382
1 1383
4 1384
2 1385
3 1386
4 1387
5 1388
2 1389
2 1390
2 1391
2 1392
4 1393
3 1394
1 1396
2 1397
1 1398
3 1399
5 1400
2 1401
1 1402
1 1403
2 1405
2 1406
6 1407
1 1408
1 1409
1 1410
4 1412
2 1413
5 1414
1 1416
2 1417
2 1420
3 1421
2 1422
2 1423
2 1425
1 1426
2 1427
2 1428
1 1429
1 1430
2 1431
4 1432
1 1433
4 1434
2 1436
4 1437
1 1438
4 1439
3 1440
2 1441
3 1442
4 1443
3 1444
1 1445
1 1447
1 1448
1 1450
2 1451
7 1453
2 1454
1 1455
4 1456
1 1457
1 1458
2 1460
3 1461
2 1462
3 1463
1 1464
4 1465
3 1466
1 1467
2 1468
3 1470
1 1471
5 1472
1 1473
3 1474
2 1475
5 1476
2 1477
1 1478
4 1479
3 1480
1 1481
4 1482
2 1483
2 1484
2 1485
3 1486
1 1488
1 1489
4 1490
2 1491
2 1492
1 1493
3 1494
1 1496
2 1497
2 1498
2 1499
2 1500
1 1501
1 1502
2 1503
2 1504
1 1505
3 1506
2 1507
1 1508
1 1509
1 1510
5 1511
4 1512
4 1513
3 1514
3 1515
1 1516
2 1517
2 1518
4 1519
5 1520
1 1521
4 1522
6 1523
5 1524
2 1525
3 1526
3 1527
3 1528
6 1529
2 1530
10 1531
6 1532
8 1533
12 1534
6 1535
4 1536
7 1537
5 1538
7 1539
11 1540
5 1541
10 1542
9 1543
8 1544
9 1545
6 1546
7 1547
4 1548
5 1549
7 1550
2 1551
4 1552
8 1553
6 1554
2 1555
6 1557
2 1558
6 1559
4 1560
4 1561
6 1562
5 1563
1 1564
3 1565
2 1566
4 1567
1 1569
4 1570
3 1571
3 1572
1 1573
1 1574
2 1576
1 1577
2 1578
1 1579
2 1581
1 1582
1 1583
1 1584
1 1585
4 1587
2 1588
1 1589
1 1590
2 1591
2 1593
1 1594
1 1595
2 1596
2 1597
2 1598
3 1599
2 1600
1 1601
1 1602
1 1603
1 1604
2 1605
2 1607
1 1608
2 1609
1 1611
1 1612
1 1613
2 1616
2 1617
3 1618
1 1620
4 1621
6 1622
1 1625
2 1626
5 1627
2 1628
2 1629
3 1630
2 1631
3 1632
5 1633
5 1634
3 1635
3 1636
5 1637
3 1638
8 1639
3 1640
5 1641
2 1642
2 1643
1 1644
3 1645
2 1646
5 1647
7 1648
2 1649
4 1650
5 1651
3 1652
1 1653
3 1654
1 1655
2 1656
3 1657
1 1658
2 1659
4 1660
4 1661
1 1662
3 1663
1 1665
3 1667
2 1668
3 1670
1 1672
1 1673
1 1675
1 1677
1 1678
3 1679
1 1680
1 1681
1 1682
1 1683
1 1684
2 1686
1 1687
2 1690
1 1694
1 1696
2 1699
1 1703
1 1705
3 1706
3 1707
2 1708
1 1710
1 1712
1 1714
2 1716
1 1717
1 1718
2 1722
1 1723
1 1724
1 1726
1 1727
1 1728
1 1729
1 1730
2 1731
1 1733
1 1734
2 1736
1 1737
1 1741
3 1743
1 1744
1 1745
2 1746
1 1747
1 1748
3 1749
2 1750
2 1751
5 1752
3 1753
1 1754
1 1755
5 1756
2 1758
1 1759
3 1760
2 1761
2 1763
1 1764
3 1765
6 1766
5 1767
3 1768
1 1769
1 1770
1 1771
1 1772
4 1773
3 1774
6 1775
2 1776
1 1777
5 1778
4 1779
5 1780
4 1781
2 1782
7 1783
4 1784
9 1785
7 1786
4 1787
3 1788
1 1789
1 1790
3 1791
2 1792
6 1793
1 1794
3 1795
1 1796
3 1797
7 1798
1 1799
3 1800
1 1802
1 1804
2 1805
3 1806
3 1807
3 1808
2 1809
3 1810
1 1811
2 1812
3 1813
1 1814
2 1816
2 1817
1 1818
1 1822
2 1823
2 1824
2 1825
4 1826
2 1827
1 1828
1 1829
2 1830
1 1831
1 1832
1 1834
1 1836
1 1838
3 1842
2 1843
1 1845
1 1847
3 1848
2 1849
2 1851
1 1852
1 1855
1 1857
1 1858
4 1859
3 1860
2 1861
2 1862
1 1863
1 1865
2 1866
3 1867
1 1868
2 1870
1 1871
3 1872
1 1874
2 1875
2 1877
1 1878
1 1879
1 1880
3 1881
2 1882
1 1883
9 1885
5 1886
2 1887
3 1889
2 1890
3 1891
4 1892
3 1893
1 1894
1 1895
5 1896
1 1897
3 1898
1 1899
1 1901
2 1903
3 1904
2 1907
1 1908
1 1909
1 1910
1 1913
1 1914
3 1915
1 1916
2 1917
2 1918
1 1919
2 1922
1 1924
1 1925
4 1926
1 1929
1 1930
3 1932
2 1933
1 1934
1 1935
3 1936
1 1938
2 1939
2 1940
2 1941
2 1942
1 1943
1 1947
2 1949
2 1950
3 1951
1 1952
1 1953
2 1954
4 1956
2 1957
3 1958
2 1959
2 1960
1 1965
2 1966
2 1967
1 1970
2 1972
1 1973
1 1974
3 1975
1 1976
1 1977
1 1978
2 1981
3 1983
2 1984
1 1985
2 1986
1 1987
2 1988
1 1989
2 1992
1 1997
2 1998
1 2000
1 2001
1 2008
1 2012
1 2017
1 2026
1 2030
1 2037
1 2043
1 2044
1 2051
1 2055
1 2062
2 2066
2 2067
1 2068
1 2071
1 2072
1 2076
1 2079
2 2080
1 2082
2 2090
1 2091
1 2103
1 2106
1 2108
1 2123
1 2125
1 2126
2 2127
1 2132
1 2133
2 2134
1 2139
1 2146
1 2148
2 2154
1 2157
1 2159
1 2164
1 2166
1 2170
1 2176
1 2177
1 2178
1 2183
2 2184
1 2186
1 2188
1 2191
2 2192
1 2197
1 2199
1 2200
1 2201
1 2202
1 2205
1 2206
1 2207
1 2208
3 2210
1 2211
1 2212
1 2223
1 2225
1 2227
1 2228
1 2232
2 2233
1 2234
2 2235
1 2237
1 2239
1 2240
1 2241
3 2242
1 2243
2 2244
1 2245
2 2246
1 2247
1 2248
2 2249
2 2250
2 2252
1 2254
2 2255
1 2256
1 2257
1 2258
1 2260
3 2262
1 2263
2 2265
1 2266
2 2267
1 2268
1 2271
1 2272
2 2274
2 2276
3 2277
2 2278
1 2279
2 2280
2 2281
3 2282
5 2283
2 2284
1 2285
2 2286
2 2287
2 2288
4 2289
1 2290
2 2291
2 2292
4 2293
3 2294
4 2295
4 2296
4 2297
5 2298
2 2299
4 2300
1 2301
4 2302
5 2303
4 2304
2 2305
5 2306
1 2307
2 2308
6 2309
1 2310
4 2311
2 2312
4 2313
4 2314
3 2315
3 2316
6 2317
3 2318
3 2319
7 2320
3 2321
1 2322
4 2323
1 2324
1 2325
4 2327
3 2328
5 2329
2 2330
1 2331
4 2332
1 2333
8 2334
2 2335
3 2336
2 2337
6 2338
3 2340
3 2341
1 2342
2 2343
7 2344
2 2345
6 2346
4 2347
6 2348
1 2349
4 2350
4 2351
4 2352
2 2353
7 2354
2 2355
3 2356
2 2357
5 2359
6 2360
4 2361
5 2362
4 2363
7 2364
5 2365
8 2366
3 2367
4 2368
5 2369
3 2370
5 2371
5 2372
5 2373
8 2374
3 2375
7 2376
6 2377
11 2378
5 2379
8 2380
5 2381
9 2382
11 2383
10 2384
6 2385
5 2386
11 2387
9 2388
8 2389
9 2390
10 2391
14 2392
4 2393
9 2394
13 2395
13 2396
15 2397
22 2398
15 2399
15 2400
4 2401
12 2402
17 2403
7 2404
15 2405
13 2406
11 2407
11 2408
5 2409
6 2410
20 2411
16 2412
8 2413
8 2414
8 2415
12 2416
7 2417
10 2418
8 2419
8 2420
8 2421
5 2422
5 2423
10 2424
4 2425
7 2426
2 2427
6 2428
6 2429
3 2430
3 2431
3 2432
3 2433
6 2434
4 2435
1 2437
4 2438
3 2439
1 2440
1 2441
1 2442
1 2443
1 2444
5 2445
2 2447
1 2448
2 2452
2 2454
3 2455
2 2456
1 2458
3 2461
1 2462
1 2464
3 2466
1 2468
1 2469
1 2477
1 2478
1 2481
1 2487
1 2488
1 2490
1 2492
1 2493
2 2496
1 2500
1 2502
1 2510
1 2511
1 2512
1 2525
1 2528
1 2531
1 2532
1 2535
1 2542
1 2543
1 2550
1 2551
1 2552
1 2553
2 2556
1 2568
1 2572
1 2574
1 2575
1 2578
1 2579
1 2581
2 2585
1 2586
1 2589
1 2602
1 2604
3 2606
1 2608
1 2611
1 2612
1 2614
1 2615
1 2616
1 2622
1 2627
1 2629
1 2631
1 2633
2 2635
1 2640
2 2641
1 2642
1 2645
1 2646
1 2647
2 2648
1 2649
1 2650
2 2651
1 2653
1 2655
2 2657
1 2659
2 2661
1 2662
4 2663
2 2664
2 2665
1 2667
1 2668
2 2669
2 2672
1 2673
2 2674
1 2677
1 2679
1 2681
1 2685
1 2689
1 2691
1 2692
1 2693
1 2694
1 2697
2 2698
1 2699
2 2700
1 2703
2 2706
1 2707
2 2709
1 2710
2 2712
1 2715
1 2717
1 2719
2 2722
1 2725
1 2729
1 2730
2 2731
1 2734
2 2735
2 2737
2 2738
1 2739
2 2740
1 2742
1 2747
1 2750
2 2751
2 2752
2 2756
1 2761
1 2762
1 2764
1 2766
1 2771
4 2773
1 2774
1 2778
1 2779
1 2783
1 2784
1 2785
1 2786
2 2787
1 2790
2 2791
3 2792
1 2795
1 2796
1 2797
2 2798
1 2801
2 2802
1 2804
2 2806
2 2807
3 2808
1 2811
3 2812
4 2814
4 2815
2 2817
1 2819
3 2820
1 2821
1 2822
1 2823
4 2825
1 2826
2 2827
2 2828
2 2829
3 2830
5 2831
4 2833
2 2834
1 2835
2 2836
3 2837
2 2838
1 2839
1 2840
3 2842
1 2843
5 2844
3 2845
2 2846
1 2847
8 2848
3 2849
3 2850
1 2851
1 2852
1 2853
1 2854
4 2855
2 2856
1 2857
1 2859
2 2860
2 2862
1 2863
2 2864
1 2865
2 2866
1 2867
3 2868
2 2869
2 2870
4 2871
3 2872
3 2873
1 2874
3 2875
6 2876
1 2877
3 2878
4 2879
6 2880
3 2881
1 2882
5 2883
1 2884
3 2885
1 2887
4 2888
2 2889
2 2890
3 2891
6 2892
2 2893
3 2894
4 2895
6 2896
4 2897
9 2898
3 2899
5 2900
7 2901
4 2902
2 2903
5 2904
3 2905
4 2906
1 2907
9 2908
4 2909
6 2910
4 2911
5 2912
9 2913
4 2914
5 2915
5 2916
6 2917
2 2918
2 2919
7 2920
5 2921
11 2922
10 2923
9 2924
8 2925
5 2926
4 2927
5 2928
10 2929
6 2930
13 2931
4 2932
10 2933
7 2934
11 2935
8 2936
13 2937
6 2938
11 2939
9 2940
7 2941
7 2942
6 2943
11 2944
13 2945
11 2946
11 2947
13 2948
6 2949
5 2950
10 2951
12 2952
10 2953
12 2954
7 2955
7 2956
4 2957
4 2958
9 2959
6 2960
4 2961
10 2962
10 2963
7 2964
7 2965
1 2966
4 2967
2 2968
5 2969
4 2970
4 2971
2 2972
1 2973
5 2974
2 2975
2 2976
2 2977
3 2978
3 2979
1 2980
4 2981
4 2982
1 2983
2 2984
1 2985
1 2988
1 2989
2 2992
1 2994
1 2995
1 2996
2 2998
2 3001
1 3002
2 3003
1 3008
1 3010
1 3021
1 3024
1 3037
1 3044
1 3058
1 3076
1 3119
2 3252
1 3257
1 3261
1 3280
1 3292
1 3310
1 3315
1 3317
1 3344
1 3427
1 3485
1 3511
1 3544
1 3546
1 3549
1 3550
1 3607
1 3649
1 3660
1 3702
1 3706
1 3722
1 3756
1 3759
1 3780
1 3861
1 3871
1 3893
1 3909
1 3999
1 4000
1 4061
1 4089
1 4093
1 4118
1 4165
2 4170
1 4188
1 4204
1 4206
1 4216
1 4257
2 4284
1 4291
1 4294
1 4313
1 4322
1 4324
1 4339
1 4344
1 4359
1 4368
2 4373
1 4374
1 4380
1 4384
1 4394
1 4398
1 4410
1 4421
2 4505
1 4524
1 4570
1 4582
1 4595
1 4598
1 4614
1 4623
1 4634
1 4637
1 4639
1 4643
1 4648
1 4663
1 4665
2 4667
1 4671
2 4674
2 4681
1 4688
1 4690
1 4692
1 4694
1 4701
1 4705
1 4753
1 4757
1 4780
1 4894
1 4924
1 5095
1 5111
1 5112
1 5117
1 5174
1 5181
1 5184
1 5207
1 5294
1 5319
1 5454
1 5487
1 5499
1 5509
1 5545
1 5549
1 5550
1 5557
1 5560
2 5566
1 5572
2 5574
1 5580
1 5585
1 5586
1 5597
