1 1
1 2
2 3
1 4
2 5
3 7
4 8
1 9
2 10
4 11
4 12
3 14
3 16
4 17
2 18
1 21
5 22
1 23
2 24
5 25
4 26
4 27
1 28
4 29
1 30
6 31
4 32
1 33
1 34
3 35
4 36
2 37
4 38
6 39
1 40
2 41
3 42
4 43
1 44
5 45
4 46
3 47
3 48
4 50
3 51
3 52
5 53
4 54
2 55
2 56
2 57
2 58
5 59
5 60
1 61
1 62
3 63
3 64
6 65
5 66
6 67
4 68
5 69
5 70
4 71
2 72
4 73
3 74
5 75
6 76
4 77
3 78
3 79
4 80
3 81
2 82
1 83
4 84
8 85
3 86
9 87
4 88
5 89
3 90
4 91
5 92
6 93
14 94
9 95
14 96
9 97
13 98
3 99
8 100
4 101
4 102
10 103
4 104
5 105
7 106
7 107
5 108
2 109
6 110
7 111
8 112
13 113
10 114
11 115
9 116
12 117
10 118
12 119
7 120
12 121
11 122
6 123
4 124
5 125
9 126
3 127
5 128
6 129
5 130
6 131
10 132
6 133
5 134
11 135
8 136
7 137
7 138
6 139
7 140
6 141
8 142
7 143
10 144
9 145
13 146
8 147
4 148
6 149
8 150
16 151
8 152
10 153
9 154
8 155
5 156
4 157
7 158
6 159
4 160
7 161
6 162
5 163
13 164
8 165
4 166
6 167
11 168
9 169
6 170
10 171
4 172
7 173
9 174
8 175
7 176
12 177
13 178
10 179
13 180
17 181
10 182
12 183
10 184
6 185
12 186
14 187
19 188
11 189
15 190
14 191
14 192
7 193
13 194
13 195
8 196
20 197
16 198
15 199
22 200
17 201
21 202
32 203
22 204
18 205
33 206
34 207
33 208
38 209
48 210
42 211
43 212
48 213
52 214
56 215
56 216
71 217
55 218
69 219
74 220
60 221
68 222
76 223
86 224
72 225
119 226
108 227
143 228
165 229
164 230
204 231
206 232
204 233
237 234
171 235
184 236
157 237
137 238
120 239
106 240
87 241
55 242
65 243
50 244
51 245
62 246
60 247
60 248
73 249
76 250
83 251
86 252
105 253
92 254
102 255
97 256
95 257
96 258
79 259
74 260
58 261
58 262
37 263
41 264
26 265
21 266
22 267
17 268
26 269
18 270
25 271
14 272
18 273
16 274
14 275
8 276
21 277
14 278
14 279
10 280
8 281
8 282
11 283
6 284
14 285
12 286
12 287
10 288
11 289
6 290
15 291
15 292
9 293
16 294
17 295
6 296
18 297
17 298
21 299
12 300
18 301
21 302
18 303
21 304
19 305
21 306
34 307
33 308
21 309
30 310
43 311
34 312
38 313
35 314
34 315
48 316
53 317
44 318
51 319
56 320
55 321
55 322
55 323
64 324
42 325
45 326
56 327
48 328
66 329
50 330
62 331
54 332
52 333
66 334
46 335
49 336
41 337
47 338
47 339
39 340
55 341
55 342
41 343
51 344
36 345
57 346
31 347
31 348
44 349
34 350
52 351
51 352
52 353
60 354
66 355
72 356
107 357
100 358
131 359
119 360
173 361
209 362
210 363
277 364
259 365
261 366
318 367
330 368
359 369
305 370
273 371
230 372
238 373
225 374
197 375
154 376
105 377
107 378
72 379
70 380
64 381
42 382
51 383
39 384
32 385
37 386
39 387
31 388
28 389
15 390
28 391
31 392
27 393
12 394
22 395
13 396
18 397
26 398
19 399
20 400
12 401
17 402
20 403
21 404
25 405
25 406
32 407
28 408
18 409
33 410
33 411
34 412
37 413
36 414
39 415
42 416
56 417
52 418
44 419
67 420
61 421
81 422
72 423
83 424
75 425
75 426
92 427
103 428
92 429
79 430
93 431
90 432
94 433
86 434
86 435
78 436
64 437
76 438
88 439
65 440
52 441
50 442
35 443
46 444
26 445
22 446
22 447
25 448
16 449
19 450
16 451
12 452
6 453
14 454
6 455
9 456
12 457
3 458
7 459
10 460
6 461
10 462
4 463
12 464
6 465
13 466
8 467
6 468
11 469
9 470
12 471
9 472
8 473
6 474
11 475
10 476
5 477
7 478
8 479
11 480
20 481
7 482
9 483
7 484
5 485
12 486
10 487
6 488
4 489
4 490
11 491
9 492
5 493
4 494
15 495
10 496
11 497
12 498
9 499
6 500
7 501
12 502
10 503
11 504
9 505
7 506
17 507
14 508
14 509
13 510
25 511
20 512
23 513
22 514
27 515
12 516
24 517
25 518
38 519
38 520
36 521
43 522
41 523
35 524
55 525
69 526
61 527
54 528
71 529
91 530
76 531
83 532
82 533
100 534
103 535
90 536
96 537
92 538
94 539
89 540
78 541
83 542
77 543
77 544
62 545
61 546
61 547
53 548
37 549
20 550
33 551
20 552
17 553
14 554
16 555
19 556
10 557
11 558
7 559
7 560
6 561
10 562
7 563
15 564
11 565
12 566
6 567
11 568
9 569
11 570
9 571
8 572
9 573
12 574
9 575
7 576
11 577
9 578
9 579
15 580
11 581
5 582
7 583
9 584
8 585
11 586
6 587
4 588
7 589
5 590
4 591
5 592
5 593
9 594
6 595
9 596
9 597
8 598
5 599
7 600
7 601
3 602
6 603
4 604
3 605
4 606
4 607
9 608
3 609
4 610
5 611
5 612
3 613
7 614
4 615
6 616
3 617
4 618
4 619
7 620
6 621
5 622
4 623
1 624
5 625
4 626
3 627
7 628
4 629
5 630
6 631
7 632
4 633
6 634
7 635
4 636
6 637
8 638
10 639
4 640
6 641
8 642
8 643
5 644
6 645
8 646
8 647
7 648
5 649
9 650
10 651
12 652
5 653
10 654
10 655
7 656
13 657
7 658
15 659
13 660
12 661
7 662
11 663
12 664
19 665
10 666
10 667
7 668
9 669
8 670
9 671
9 672
10 673
10 674
13 675
12 676
8 677
5 678
8 679
5 680
6 681
12 682
7 683
7 684
4 685
6 686
8 687
9 688
6 689
14 690
6 691
2 692
5 693
4 694
5 695
9 696
5 697
6 698
6 699
6 700
6 701
7 702
4 703
6 704
6 705
1 706
7 707
3 708
3 709
8 710
6 711
9 712
4 713
4 714
5 715
5 716
5 718
4 719
7 720
4 721
5 722
6 723
4 724
6 725
1 726
2 727
4 728
7 729
3 730
7 731
10 732
1 733
6 734
4 735
6 736
3 737
6 738
11 739
8 740
4 741
9 742
7 743
7 744
7 745
12 746
8 747
13 748
12 749
12 750
18 751
7 752
12 753
20 754
11 755
10 756
19 757
11 758
17 759
10 760
7 761
11 762
8 763
7 764
9 765
9 766
11 767
4 768
4 769
6 770
3 771
4 772
7 773
2 774
3 775
6 776
3 777
4 778
1 779
1 780
4 781
3 782
4 783
6 784
8 785
6 786
6 787
5 788
5 789
5 790
5 791
3 792
2 793
2 794
4 795
1 796
4 797
2 798
3 799
2 800
3 801
2 802
1 803
3 804
2 805
5 806
7 807
5 808
7 809
4 810
2 811
3 812
6 813
8 814
1 815
6 816
2 817
7 818
6 819
6 820
2 821
4 822
3 823
4 824
8 825
6 826
8 827
5 828
11 829
13 830
5 831
11 832
8 833
8 834
9 835
7 836
13 837
9 838
15 839
8 840
8 841
5 842
17 843
7 844
8 845
5 846
7 847
2 848
10 849
3 850
7 851
6 852
7 853
4 854
8 855
7 856
6 857
8 858
7 859
5 860
8 861
6 862
7 863
3 864
6 865
4 866
6 867
3 868
5 869
5 870
5 871
4 872
5 873
3 874
1 876
4 877
3 878
2 879
2 880
5 881
3 882
3 883
3 884
4 886
3 887
4 888
4 889
6 890
5 891
8 892
2 893
2 894
2 895
5 896
4 897
5 898
1 899
8 900
3 901
4 902
4 903
3 904
4 905
2 906
4 907
1 908
6 909
5 910
6 911
4 912
4 913
8 914
4 915
1 916
5 917
4 918
10 919
6 920
5 921
6 922
9 923
6 924
7 926
8 927
7 928
7 929
6 930
5 931
7 932
6 933
6 934
6 935
2 936
5 937
3 938
8 939
4 940
8 941
13 942
6 943
7 944
8 945
16 946
5 947
7 948
13 949
18 950
8 951
10 952
8 953
4 954
5 955
13 956
8 957
9 958
12 959
12 960
10 961
6 962
10 963
3 964
3 965
14 966
6 967
7 968
7 969
3 970
12 971
5 972
8 973
8 974
6 975
11 976
5 977
4 978
7 979
6 980
8 981
3 982
8 983
7 984
6 985
5 986
9 987
9 988
4 989
7 990
6 991
5 992
5 993
10 994
7 995
2 996
6 997
6 998
12 999
11 1000
6 1001
6 1002
10 1003
10 1004
6 1005
8 1006
9 1007
8 1008
10 1009
13 1010
13 1011
11 1012
12 1013
10 1014
15 1015
10 1016
18 1017
19 1018
14 1019
13 1020
17 1021
15 1022
14 1023
16 1024
11 1025
17 1026
21 1027
20 1028
16 1029
27 1030
18 1031
19 1032
23 1033
28 1034
22 1035
22 1036
27 1037
19 1038
28 1039
29 1040
35 1041
30 1042
27 1043
31 1044
33 1045
39 1046
39 1047
50 1048
53 1049
44 1050
49 1051
59 1052
43 1053
58 1054
44 1055
53 1056
59 1057
45 1058
53 1059
58 1060
52 1061
51 1062
57 1063
56 1064
52 1065
40 1066
43 1067
44 1068
55 1069
72 1070
52 1071
47 1072
76 1073
48 1074
61 1075
70 1076
56 1077
71 1078
73 1079
82 1080
82 1081
82 1082
85 1083
95 1084
90 1085
106 1086
111 1087
161 1088
121 1089
149 1090
162 1091
154 1092
186 1093
157 1094
175 1095
212 1096
169 1097
199 1098
190 1099
167 1100
175 1101
165 1102
172 1103
161 1104
193 1105
144 1106
152 1107
135 1108
125 1109
124 1110
102 1111
103 1112
92 1113
84 1114
65 1115
61 1116
39 1117
41 1118
51 1119
31 1120
30 1121
28 1122
27 1123
23 1124
12 1125
11 1126
11 1127
9 1128
11 1129
7 1130
17 1131
7 1132
5 1133
11 1134
9 1135
12 1136
10 1137
3 1138
2 1139
7 1140
5 1141
7 1142
4 1143
6 1144
7 1145
9 1146
6 1147
3 1148
5 1149
6 1150
6 1151
5 1152
5 1153
10 1154
3 1155
5 1156
8 1157
6 1158
8 1159
11 1160
5 1161
6 1162
10 1163
7 1164
8 1165
11 1166
8 1167
9 1168
10 1169
12 1170
15 1171
8 1172
16 1173
11 1174
19 1175
18 1176
26 1177
14 1178
17 1179
16 1180
22 1181
17 1182
19 1183
22 1184
25 1185
27 1186
31 1187
18 1188
10 1189
23 1190
20 1191
19 1192
20 1193
20 1194
12 1195
19 1196
20 1197
13 1198
12 1199
10 1200
9 1201
17 1202
10 1203
6 1204
6 1205
7 1206
5 1207
6 1208
4 1209
4 1210
8 1211
6 1212
5 1213
6 1214
2 1215
4 1216
1 1217
4 1218
3 1219
5 1220
1 1221
1 1222
2 1223
1 1224
4 1225
4 1226
2 1227
5 1228
2 1229
1 1230
3 1232
2 1233
1 1235
2 1236
2 1237
1 1238
1 1239
4 1240
1 1241
4 1242
1 1243
6 1245
3 1246
1 1247
1 1248
3 1249
2 1251
3 1253
1 1254
1 1255
5 1256
2 1257
1 1258
2 1259
2 1260
4 1262
2 1263
2 1266
1 1267
2 1268
6 1269
6 1270
2 1271
3 1272
3 1273
2 1274
5 1276
4 1277
2 1278
1 1279
3 1280
4 1281
5 1282
3 1283
3 1284
6 1285
5 1286
3 1287
2 1288
4 1289
3 1290
3 1291
3 1292
2 1293
3 1294
3 1295
2 1297
1 1298
3 1300
1 1301
2 1302
1 1303
3 1304
2 1305
3 1306
2 1307
1 1308
1 1309
3 1311
1 1312
1 1314
1 1315
1 1316
1 1320
1 1321
2 1322
3 1324
2 1325
2 1326
2 1327
1 1329
1 1332
1 1333
1 1334
3 1336
3 1337
1 1338
1 1340
1 1341
2 1342
3 1343
1 1344
2 1347
2 1348
1 1349
1 1351
1 1352
2 1353
3 1354
1 1355
1 1356
4 1357
1 1358
1 1360
3 1361
3 1362
1 1365
1 1366
2 1367
2 1368
2 1369
1 1370
2 1373
2 1374
2 1375
1 1376
2 1377
1 1378
1 1380
3 1381
4 1382
4 1383
3 1384
2 1385
4 1386
2 1387
1 1388
2 1389
4 1390
3 1391
2 1393
3 1394
2 1395
2 1396
2 1397
1 1398
4 1399
3 1400
6 1401
2 1402
3 1403
1 1404
2 1405
3 1406
1 1407
2 1408
5 1409
3 1410
3 1411
6 1412
1 1413
1 1414
4 1416
2 1417
1 1418
4 1419
3 1420
3 1421
2 1424
3 1425
2 1427
1 1429
1 1430
1 1431
2 1433
1 1434
1 1436
3 1438
5 1439
4 1440
6 1441
2 1442
1 1443
2 1444
3 1445
3 1446
1 1447
2 1450
1 1451
2 1452
2 1453
1 1454
2 1455
4 1456
1 1457
2 1459
2 1460
3 1462
2 1463
5 1464
1 1465
1 1466
3 1467
3 1468
1 1469
1 1470
3 1472
3 1473
2 1475
1 1476
3 1477
1 1478
3 1479
3 1480
1 1481
2 1482
2 1483
2 1485
1 1487
3 1488
2 1489
1 1490
1 1491
1 1493
1 1494
1 1495
3 1496
2 1497
4 1498
2 1501
2 1502
3 1503
3 1505
3 1506
2 1507
2 1508
5 1509
1 1510
4 1511
1 1513
2 1515
2 1516
1 1517
1 1518
2 1520
3 1521
4 1522
2 1523
2 1524
2 1526
2 1527
2 1528
2 1529
2 1530
4 1531
1 1532
1 1533
3 1535
1 1536
3 1537
1 1538
3 1539
1 1540
1 1542
2 1543
1 1544
1 1545
1 1546
2 1547
3 1548
3 1549
3 1550
1 1551
1 1552
2 1553
4 1554
3 1555
1 1556
1 1557
4 1558
5 1559
6 1560
1 1561
3 1562
3 1563
3 1565
1 1566
3 1567
2 1568
2 1571
1 1572
6 1573
2 1574
2 1575
7 1576
3 1577
2 1578
6 1579
4 1580
5 1581
2 1582
9 1583
8 1584
3 1585
5 1587
4 1588
4 1589
5 1590
5 1591
4 1592
2 1593
8 1594
6 1595
3 1596
2 1597
5 1598
3 1599
1 1600
7 1601
5 1602
6 1603
10 1604
3 1605
5 1606
4 1607
6 1608
11 1609
6 1610
8 1611
3 1612
6 1613
10 1614
8 1615
10 1616
7 1617
7 1618
9 1619
10 1620
4 1621
6 1622
8 1623
5 1624
7 1625
9 1626
17 1627
8 1628
8 1629
6 1630
5 1631
13 1632
8 1633
4 1634
7 1635
7 1636
12 1637
5 1638
10 1639
8 1640
11 1641
10 1642
10 1643
15 1644
9 1645
17 1646
10 1647
14 1648
8 1649
7 1650
6 1651
8 1652
5 1653
6 1654
10 1655
9 1656
8 1657
4 1658
7 1659
6 1660
5 1661
6 1662
13 1663
12 1664
10 1665
12 1666
9 1667
11 1668
14 1669
12 1670
11 1671
7 1672
10 1673
9 1674
7 1675
5 1676
10 1677
12 1678
11 1679
9 1680
15 1681
13 1682
14 1683
12 1684
13 1685
15 1686
19 1687
15 1688
11 1689
13 1690
15 1691
24 1692
20 1693
16 1694
18 1695
17 1696
23 1697
20 1698
19 1699
32 1700
31 1701
28 1702
36 1703
33 1704
28 1705
44 1706
37 1707
43 1708
46 1709
37 1710
30 1711
32 1712
32 1713
44 1714
52 1715
48 1716
55 1717
48 1718
48 1719
50 1720
61 1721
47 1722
56 1723
61 1724
52 1725
66 1726
57 1727
57 1728
70 1729
57 1730
50 1731
59 1732
51 1733
62 1734
57 1735
56 1736
54 1737
56 1738
41 1739
41 1740
44 1741
39 1742
37 1743
39 1744
39 1745
31 1746
34 1747
28 1748
34 1749
26 1750
32 1751
24 1752
32 1753
27 1754
19 1755
23 1756
21 1757
21 1758
10 1759
19 1760
16 1761
18 1762
14 1763
28 1764
13 1765
9 1766
15 1767
13 1768
14 1769
9 1770
15 1771
18 1772
11 1773
11 1774
21 1775
15 1776
9 1777
11 1778
12 1779
16 1780
9 1781
7 1782
8 1783
8 1784
15 1785
4 1786
7 1787
9 1788
5 1789
2 1790
3 1791
3 1792
8 1793
6 1794
4 1795
5 1796
1 1797
3 1798
3 1799
4 1800
2 1801
4 1802
4 1803
5 1804
6 1805
4 1806
3 1807
5 1808
3 1809
2 1810
4 1811
1 1812
1 1813
3 1814
2 1815
3 1816
4 1817
5 1818
2 1819
1 1820
1 1821
2 1822
1 1824
4 1825
3 1826
2 1827
2 1828
3 1829
5 1830
2 1831
2 1832
3 1833
4 1835
3 1836
3 1837
4 1838
7 1839
3 1840
3 1841
1 1843
2 1844
3 1845
2 1846
3 1847
2 1848
3 1849
6 1850
8 1851
2 1852
1 1853
1 1854
2 1855
6 1856
1 1858
2 1859
8 1860
1 1861
4 1862
6 1863
4 1864
3 1865
3 1866
2 1867
9 1868
3 1869
3 1870
7 1871
6 1872
2 1873
2 1874
9 1875
4 1876
2 1877
7 1878
3 1879
4 1880
2 1881
2 1882
5 1883
6 1884
7 1885
5 1886
10 1887
4 1888
9 1889
4 1890
9 1891
8 1892
14 1893
13 1894
13 1895
16 1896
10 1897
15 1898
5 1899
8 1900
16 1901
17 1902
17 1903
23 1904
14 1905
17 1906
21 1907
24 1908
14 1909
23 1910
18 1911
20 1912
35 1913
26 1914
23 1915
27 1916
31 1917
37 1918
34 1919
29 1920
27 1921
26 1922
30 1923
31 1924
21 1925
33 1926
27 1927
22 1928
27 1929
22 1930
17 1931
27 1932
28 1933
23 1934
28 1935
15 1936
19 1937
20 1938
16 1939
13 1940
8 1941
20 1942
8 1943
14 1944
11 1945
12 1946
10 1947
13 1948
4 1949
10 1950
9 1951
4 1952
10 1953
9 1954
8 1955
4 1956
4 1957
1 1958
4 1959
4 1960
2 1961
3 1962
3 1963
1 1964
1 1966
1 1967
1 1969
2 1970
1 1972
2 1973
1 1974
1 1975
3 1976
3 1979
1 1985
1 1987
1 1991
1 2002
1 2012
1 2016
1 2026
1 2034
1 2045
1 2053
1 2068
1 2089
1 2094
1 2101
1 2106
1 2107
1 2113
1 2129
1 2131
1 2134
1 2140
1 2158
1 2162
1 2169
1 2177
1 2184
1 2213
1 2245
1 2247
1 2266
1 2267
1 2280
1 2299
2 2341
1 2347
1 2348
1 2350
1 2351
2 2379
1 2392
1 2399
1 2405
1 2438
1 2444
1 2461
1 2468
1 2470
1 2473
1 2477
1 2480
1 2503
1 2518
1 2526
1 2553
1 2570
2 2580
1 2590
1 2609
1 2616
1 2617
1 2623
1 2629
1 2632
1 2634
1 2635
2 2637
1 2639
1 2642
1 2643
1 2645
1 2647
3 2648
1 2653
2 2664
1 2671
1 2688
1 2695
1 2741
1 2750
1 2773
1 2808
1 2809
1 2870
1 2871
1 2897
1 2961
1 2977
1 2978
1 3027
1 3044
1 3051
1 3066
1 3125
1 3161
1 3171
1 3210
1 3268
1 3285
1 3329
1 3332
1 3428
1 3488
1 3529
1 4584
1 4585
