2 1
2 3
1 4
1 5
2 6
1 7
3 8
1 11
1 12
1 14
2 15
1 16
2 18
4 20
1 21
1 22
4 23
2 24
1 25
1 26
3 27
2 29
1 30
2 31
2 32
1 33
2 34
2 35
2 36
4 37
1 38
2 39
1 40
7 41
3 42
1 43
3 44
2 45
4 46
3 47
3 48
4 49
2 50
3 51
2 52
5 53
5 54
5 55
2 56
7 57
3 58
2 60
2 61
4 62
3 63
6 64
3 65
4 66
5 67
3 68
2 69
6 70
2 71
3 72
4 73
2 74
4 75
1 76
7 77
3 78
4 79
8 80
3 81
5 82
5 83
4 84
6 85
5 86
4 87
4 88
6 89
4 90
4 91
2 92
7 93
4 94
2 95
6 96
1 97
6 98
6 99
3 100
6 101
5 102
7 103
10 104
3 105
7 106
7 107
7 108
7 109
2 110
2 111
8 112
7 113
6 114
8 115
5 116
5 117
2 118
7 119
8 120
5 121
10 122
3 123
9 124
9 125
5 126
11 127
8 128
8 129
4 130
6 131
9 132
5 133
10 134
4 135
9 136
3 137
4 138
7 139
5 140
5 141
9 142
8 143
9 144
9 145
11 146
8 147
14 148
18 149
19 150
26 151
20 152
20 153
26 154
13 155
11 156
20 157
18 158
11 159
12 160
12 161
18 162
10 163
15 164
13 165
19 166
13 167
13 168
8 169
12 170
7 171
8 172
11 173
11 174
12 175
5 176
9 177
7 178
12 179
18 180
15 181
8 182
6 183
9 184
7 185
6 186
11 187
5 188
9 189
9 190
11 191
4 192
8 193
10 194
11 195
12 196
19 197
17 198
12 199
18 200
15 201
11 202
18 203
17 204
24 205
13 206
15 207
9 208
14 209
8 210
12 211
10 212
13 213
11 214
5 215
11 216
11 217
15 218
9 219
13 220
16 221
17 222
14 223
11 224
20 225
23 226
27 227
38 228
45 229
47 230
67 231
74 232
90 233
111 234
134 235
118 236
157 237
139 238
130 239
117 240
128 241
91 242
79 243
78 244
59 245
47 246
45 247
38 248
35 249
31 250
34 251
25 252
27 253
36 254
33 255
37 256
49 257
56 258
70 259
71 260
76 261
84 262
87 263
92 264
81 265
72 266
85 267
76 268
65 269
58 270
40 271
48 272
43 273
30 274
30 275
22 276
15 277
12 278
23 279
21 280
20 281
16 282
19 283
24 284
14 285
13 286
15 287
21 288
20 289
22 290
20 291
35 292
29 293
28 294
32 295
44 296
38 297
49 298
32 299
35 300
37 301
39 302
33 303
33 304
21 305
10 306
17 307
26 308
14 309
13 310
17 311
20 312
12 313
16 314
19 315
12 316
16 317
14 318
20 319
19 320
17 321
21 322
20 323
24 324
18 325
21 326
27 327
24 328
24 329
21 330
28 331
30 332
24 333
21 334
28 335
25 336
18 337
24 338
19 339
23 340
9 341
20 342
20 343
15 344
21 345
19 346
26 347
37 348
21 349
25 350
34 351
30 352
30 353
24 354
37 355
36 356
49 357
42 358
36 359
47 360
48 361
52 362
69 363
52 364
51 365
73 366
76 367
68 368
79 369
66 370
81 371
88 372
72 373
69 374
76 375
75 376
87 377
71 378
63 379
80 380
74 381
69 382
74 383
85 384
53 385
54 386
39 387
34 388
37 389
23 390
30 391
19 392
41 393
29 394
38 395
28 396
33 397
35 398
23 399
42 400
34 401
34 402
41 403
40 404
58 405
70 406
53 407
64 408
57 409
70 410
90 411
82 412
96 413
119 414
134 415
159 416
168 417
172 418
210 419
229 420
225 421
233 422
239 423
264 424
232 425
285 426
263 427
255 428
215 429
201 430
191 431
157 432
171 433
111 434
108 435
88 436
83 437
94 438
45 439
57 440
55 441
48 442
47 443
43 444
27 445
32 446
29 447
34 448
27 449
31 450
32 451
23 452
24 453
20 454
20 455
22 456
27 457
30 458
21 459
19 460
26 461
18 462
24 463
25 464
33 465
18 466
24 467
30 468
23 469
25 470
17 471
48 472
27 473
37 474
30 475
32 476
33 477
41 478
29 479
38 480
30 481
24 482
37 483
31 484
31 485
34 486
23 487
26 488
33 489
25 490
12 491
19 492
20 493
26 494
29 495
19 496
19 497
20 498
26 499
30 500
20 501
26 502
23 503
20 504
22 505
25 506
31 507
23 508
36 509
28 510
34 511
35 512
46 513
48 514
60 515
76 516
74 517
89 518
100 519
105 520
130 521
152 522
163 523
156 524
193 525
204 526
193 527
186 528
218 529
249 530
230 531
214 532
222 533
236 534
197 535
198 536
191 537
199 538
152 539
97 540
106 541
91 542
89 543
52 544
57 545
58 546
44 547
36 548
29 549
29 550
28 551
23 552
24 553
21 554
19 555
15 556
12 557
17 558
11 559
20 560
20 561
21 562
16 563
12 564
15 565
12 566
14 567
24 568
15 569
14 570
8 571
15 572
13 573
17 574
12 575
11 576
18 577
14 578
17 579
16 580
17 581
11 582
15 583
18 584
21 585
10 586
18 587
14 588
15 589
19 590
9 591
12 592
18 593
29 594
17 595
18 596
21 597
15 598
24 599
31 600
28 601
20 602
21 603
18 604
29 605
23 606
25 607
34 608
22 609
25 610
26 611
25 612
30 613
36 614
26 615
22 616
37 617
26 618
34 619
33 620
29 621
37 622
40 623
35 624
37 625
31 626
26 627
29 628
33 629
40 630
31 631
34 632
32 633
39 634
34 635
39 636
31 637
40 638
33 639
41 640
42 641
37 642
48 643
38 644
65 645
57 646
57 647
70 648
69 649
60 650
69 651
72 652
94 653
84 654
88 655
96 656
118 657
91 658
93 659
90 660
121 661
131 662
118 663
106 664
112 665
130 666
108 667
111 668
131 669
107 670
112 671
103 672
142 673
118 674
105 675
115 676
125 677
128 678
156 679
141 680
151 681
150 682
145 683
170 684
154 685
183 686
177 687
169 688
201 689
199 690
183 691
157 692
169 693
154 694
140 695
133 696
132 697
120 698
109 699
82 700
71 701
76 702
70 703
41 704
51 705
41 706
37 707
30 708
30 709
31 710
22 711
21 712
20 713
14 714
19 715
23 716
21 717
14 718
14 719
16 720
9 721
22 722
13 723
11 724
16 725
14 726
14 727
15 728
11 729
18 730
20 731
20 732
14 733
25 734
19 735
18 736
25 737
17 738
25 739
17 740
26 741
27 742
32 743
27 744
20 745
36 746
32 747
24 748
35 749
30 750
29 751
20 752
31 753
25 754
22 755
37 756
29 757
21 758
30 759
26 760
32 761
36 762
32 763
27 764
45 765
22 766
37 767
48 768
40 769
33 770
34 771
36 772
41 773
53 774
54 775
42 776
57 777
53 778
56 779
57 780
67 781
86 782
90 783
84 784
90 785
120 786
126 787
147 788
147 789
147 790
169 791
170 792
198 793
220 794
211 795
201 796
199 797
228 798
207 799
222 800
232 801
208 802
208 803
201 804
158 805
155 806
156 807
154 808
137 809
103 810
116 811
110 812
99 813
88 814
84 815
78 816
78 817
91 818
74 819
72 820
93 821
76 822
72 823
74 824
75 825
87 826
106 827
91 828
80 829
96 830
84 831
103 832
109 833
89 834
74 835
87 836
80 837
84 838
81 839
99 840
69 841
65 842
70 843
72 844
66 845
70 846
70 847
82 848
69 849
79 850
83 851
104 852
65 853
101 854
120 855
135 856
120 857
129 858
127 859
154 860
144 861
188 862
186 863
173 864
182 865
181 866
212 867
236 868
240 869
230 870
235 871
220 872
252 873
227 874
233 875
226 876
240 877
212 878
223 879
231 880
238 881
221 882
189 883
183 884
218 885
227 886
191 887
201 888
186 889
164 890
181 891
171 892
162 893
167 894
158 895
158 896
129 897
147 898
110 899
120 900
117 901
100 902
87 903
93 904
70 905
81 906
63 907
52 908
46 909
42 910
39 911
34 912
24 913
29 914
25 915
14 916
18 917
26 918
21 919
27 920
9 921
7 922
20 923
11 924
22 925
13 926
18 927
8 928
5 929
12 930
9 931
5 932
5 933
6 934
13 935
8 936
4 937
10 938
2 939
5 940
7 941
7 942
3 943
7 944
7 945
6 946
5 947
2 949
8 950
3 951
2 952
3 953
4 954
3 955
2 956
2 957
5 958
2 959
2 960
4 961
3 962
2 963
1 964
6 965
1 966
2 967
7 968
4 969
1 970
4 971
2 972
8 973
3 974
9 975
2 976
5 977
3 978
5 979
5 980
7 981
2 982
3 983
5 984
6 985
5 986
6 987
5 988
5 989
6 990
9 991
5 992
2 993
3 994
10 995
1 996
2 997
7 998
2 999
7 1000
6 1001
3 1002
5 1003
4 1004
3 1005
5 1006
4 1007
4 1008
3 1009
4 1010
8 1011
6 1012
3 1013
3 1014
3 1015
4 1016
2 1017
3 1019
1 1020
4 1021
4 1022
7 1023
2 1024
4 1025
3 1026
1 1027
3 1028
5 1029
2 1030
7 1031
1 1032
5 1033
4 1034
3 1035
4 1036
3 1037
5 1038
2 1039
3 1040
6 1041
7 1042
1 1043
6 1044
4 1045
3 1046
4 1047
2 1048
1 1049
2 1050
2 1051
9 1052
2 1053
3 1054
5 1055
8 1056
5 1057
7 1058
7 1059
3 1060
10 1061
3 1062
7 1063
3 1064
7 1065
3 1066
5 1067
4 1068
4 1069
11 1070
5 1071
9 1072
4 1073
3 1074
8 1075
6 1076
2 1077
5 1078
7 1079
5 1080
3 1081
4 1082
4 1083
6 1084
5 1085
6 1086
5 1087
7 1088
6 1089
6 1090
1 1091
3 1092
5 1093
2 1094
5 1095
5 1096
3 1097
2 1098
4 1099
6 1100
4 1101
9 1102
2 1103
6 1104
5 1105
4 1106
7 1107
12 1108
5 1109
2 1110
7 1111
9 1112
3 1113
5 1114
7 1115
4 1116
8 1117
7 1118
5 1119
9 1120
6 1121
5 1122
8 1123
2 1124
6 1125
13 1126
9 1127
4 1128
6 1129
9 1130
10 1131
5 1132
12 1133
9 1134
10 1135
8 1136
8 1137
12 1138
11 1139
7 1140
9 1141
11 1142
6 1143
7 1144
11 1145
11 1146
10 1147
14 1148
12 1149
5 1150
12 1151
9 1152
7 1153
7 1154
7 1155
13 1156
18 1157
6 1158
8 1159
17 1160
5 1161
11 1162
11 1163
15 1164
15 1165
6 1166
12 1167
13 1168
4 1169
11 1170
7 1171
10 1172
9 1173
12 1174
12 1175
15 1176
14 1177
10 1178
7 1179
11 1180
14 1181
12 1182
11 1183
9 1184
20 1185
22 1186
13 1187
17 1188
17 1189
10 1190
9 1191
15 1192
17 1193
15 1194
22 1195
14 1196
19 1197
16 1198
17 1199
11 1200
19 1201
11 1202
16 1203
21 1204
14 1205
20 1206
31 1207
20 1208
25 1209
26 1210
26 1211
21 1212
27 1213
26 1214
28 1215
45 1216
33 1217
34 1218
33 1219
43 1220
39 1221
42 1222
52 1223
54 1224
44 1225
42 1226
61 1227
60 1228
65 1229
74 1230
63 1231
73 1232
89 1233
63 1234
91 1235
79 1236
70 1237
92 1238
79 1239
80 1240
89 1241
77 1242
84 1243
84 1244
66 1245
82 1246
57 1247
64 1248
70 1249
60 1250
72 1251
56 1252
44 1253
74 1254
70 1255
51 1256
46 1257
47 1258
47 1259
43 1260
43 1261
32 1262
32 1263
35 1264
46 1265
38 1266
39 1267
35 1268
31 1269
32 1270
37 1271
36 1272
29 1273
34 1274
33 1275
32 1276
35 1277
39 1278
45 1279
42 1280
48 1281
37 1282
30 1283
25 1284
43 1285
44 1286
32 1287
31 1288
46 1289
33 1290
30 1291
33 1292
17 1293
33 1294
15 1295
35 1296
33 1297
28 1298
26 1299
17 1300
14 1301
16 1302
22 1303
16 1304
19 1305
18 1306
10 1307
18 1308
11 1309
10 1310
16 1311
7 1312
10 1313
13 1314
11 1315
11 1316
13 1317
9 1318
7 1319
13 1320
19 1321
6 1322
18 1323
12 1324
18 1325
14 1326
11 1327
10 1328
15 1329
16 1330
13 1331
16 1332
12 1333
19 1334
20 1335
21 1336
14 1337
14 1338
19 1339
14 1340
13 1341
24 1342
24 1343
21 1344
25 1345
22 1346
32 1347
36 1348
31 1349
42 1350
29 1351
33 1352
42 1353
33 1354
31 1355
48 1356
44 1357
43 1358
38 1359
43 1360
38 1361
32 1362
56 1363
40 1364
50 1365
30 1366
32 1367
41 1368
26 1369
43 1370
40 1371
32 1372
31 1373
29 1374
28 1375
28 1376
21 1377
22 1378
23 1379
22 1380
25 1381
21 1382
24 1383
20 1384
18 1385
23 1386
15 1387
17 1388
15 1389
15 1390
20 1391
12 1392
12 1393
19 1394
9 1395
14 1396
13 1397
16 1398
13 1399
20 1400
17 1401
19 1402
18 1403
8 1404
20 1405
19 1406
14 1407
26 1408
14 1409
21 1410
11 1411
20 1412
13 1413
14 1414
24 1415
10 1416
20 1417
17 1418
18 1419
24 1420
13 1421
24 1422
16 1423
16 1424
23 1425
26 1426
26 1427
31 1428
24 1429
29 1430
40 1431
18 1432
23 1433
16 1434
24 1435
19 1436
14 1437
26 1438
14 1439
19 1440
21 1441
16 1442
29 1443
23 1444
26 1445
23 1446
34 1447
18 1448
19 1449
18 1450
22 1451
23 1452
21 1453
16 1454
13 1455
21 1456
17 1457
27 1458
21 1459
22 1460
20 1461
14 1462
12 1463
10 1464
23 1465
26 1466
22 1467
13 1468
17 1469
20 1470
24 1471
28 1472
18 1473
17 1474
28 1475
26 1476
23 1477
24 1478
23 1479
23 1480
20 1481
25 1482
30 1483
29 1484
25 1485
30 1486
29 1487
19 1488
20 1489
29 1490
21 1491
27 1492
25 1493
22 1494
26 1495
29 1496
28 1497
32 1498
21 1499
16 1500
28 1501
20 1502
25 1503
25 1504
10 1505
16 1506
20 1507
23 1508
18 1509
15 1510
17 1511
13 1512
9 1513
4 1514
16 1515
9 1516
10 1517
10 1518
15 1519
14 1520
9 1521
9 1522
3 1523
7 1524
9 1525
6 1526
8 1527
8 1528
4 1529
5 1530
4 1531
5 1532
3 1533
6 1534
2 1535
1 1536
4 1537
6 1538
2 1539
9 1540
2 1541
6 1542
5 1543
4 1544
2 1545
4 1546
3 1547
1 1548
3 1549
1 1550
2 1551
1 1552
2 1553
2 1554
3 1555
4 1556
4 1557
7 1558
4 1559
4 1560
5 1561
8 1562
2 1563
6 1564
5 1565
3 1566
8 1567
2 1568
3 1569
3 1570
2 1571
5 1572
6 1573
7 1574
3 1575
7 1576
2 1577
3 1578
7 1579
2 1580
4 1581
2 1582
6 1583
4 1584
9 1585
6 1586
7 1587
1 1589
8 1590
6 1591
5 1592
3 1593
6 1594
6 1595
6 1596
4 1597
1 1598
4 1599
9 1600
4 1601
9 1602
4 1603
8 1604
7 1605
4 1606
9 1607
10 1608
4 1609
5 1610
6 1611
5 1612
4 1613
4 1614
9 1615
5 1616
6 1617
4 1618
3 1619
8 1620
4 1621
8 1622
3 1623
6 1624
3 1625
5 1626
4 1627
3 1628
9 1629
1 1630
4 1631
3 1632
4 1633
4 1634
2 1635
5 1636
2 1637
2 1638
3 1639
1 1640
5 1641
3 1642
2 1643
2 1644
7 1645
1 1647
6 1648
3 1650
1 1651
3 1652
2 1653
1 1654
1 1655
6 1656
4 1657
1 1658
1 1659
1 1660
6 1662
2 1663
1 1664
2 1665
1 1666
4 1667
6 1668
3 1669
3 1670
5 1672
4 1673
4 1674
1 1675
4 1676
7 1677
2 1678
2 1679
3 1680
3 1681
1 1682
1 1683
2 1684
3 1685
3 1686
1 1687
4 1688
1 1689
3 1690
3 1691
6 1692
3 1693
3 1694
4 1695
5 1696
5 1697
5 1698
2 1699
4 1700
4 1701
5 1702
3 1703
5 1704
7 1705
6 1706
6 1707
2 1708
4 1709
3 1710
3 1711
4 1712
8 1713
9 1714
6 1715
5 1716
3 1717
6 1718
5 1719
5 1720
8 1721
7 1722
4 1723
4 1724
4 1725
5 1726
1 1727
8 1728
6 1729
8 1730
10 1731
7 1732
3 1733
2 1734
4 1735
3 1736
6 1737
4 1738
3 1739
2 1740
2 1741
1 1743
2 1744
1 1745
1 1746
3 1747
1 1748
2 1749
1 1750
1 1751
1 1752
2 1754
1 1755
2 1756
5 1758
3 1760
2 1761
2 1763
1 1765
2 1766
4 1767
3 1768
1 1769
1 1771
1 1772
2 1773
1 1774
1 1775
2 1776
2 1778
1 1780
5 1781
2 1784
2 1786
2 1789
3 1790
1 1791
1 1794
2 1795
1 1796
1 1798
1 1799
3 1801
2 1802
1 1803
4 1805
1 1806
1 1807
1 1809
3 1811
3 1812
1 1816
1 1817
1 1818
1 1819
1 1820
1 1821
1 1822
1 1823
2 1824
1 1825
3 1828
3 1829
2 1830
2 1831
2 1832
2 1833
2 1834
1 1835
2 1836
1 1837
1 1838
3 1840
1 1843
1 1844
1 1845
3 1846
2 1847
3 1848
3 1849
3 1850
5 1851
6 1852
2 1853
4 1855
5 1856
4 1858
3 1859
2 1860
5 1861
4 1862
3 1863
1 1864
1 1865
4 1866
1 1867
4 1868
4 1869
3 1871
3 1874
5 1877
4 1878
2 1879
4 1880
1 1881
4 1882
3 1883
2 1884
2 1885
2 1887
4 1888
1 1889
1 1891
3 1892
2 1894
3 1895
3 1896
5 1897
5 1898
1 1899
4 1900
1 1901
3 1902
2 1903
6 1904
7 1906
5 1907
7 1908
1 1909
3 1910
5 1911
2 1912
2 1913
4 1914
1 1915
1 1916
4 1917
5 1918
5 1919
2 1920
5 1921
1 1922
4 1923
4 1924
3 1925
4 1926
1 1927
3 1928
1 1929
4 1930
6 1931
2 1932
2 1933
2 1934
1 1935
4 1936
6 1937
7 1938
2 1939
2 1940
4 1941
4 1942
7 1943
4 1944
2 1945
4 1946
3 1947
3 1948
1 1949
2 1950
5 1951
3 1952
5 1953
2 1954
5 1955
4 1956
4 1957
10 1958
4 1959
7 1960
1 1961
3 1962
6 1963
4 1964
10 1965
9 1966
7 1967
7 1968
4 1969
4 1970
6 1972
4 1973
5 1974
7 1975
7 1976
2 1977
5 1978
7 1979
4 1980
7 1981
13 1982
7 1983
8 1984
9 1985
7 1986
6 1987
6 1988
9 1989
11 1990
8 1991
10 1992
13 1993
9 1994
7 1995
12 1996
6 1997
10 1998
9 1999
9 2000
5 2001
10 2002
8 2003
11 2004
9 2005
10 2006
13 2007
8 2008
12 2009
7 2010
8 2011
17 2012
8 2013
13 2014
7 2015
7 2016
8 2017
9 2018
13 2019
5 2020
12 2021
10 2022
3 2023
6 2024
8 2025
6 2026
6 2027
4 2028
7 2029
6 2030
6 2031
4 2032
9 2033
5 2034
3 2035
3 2036
4 2037
5 2038
6 2039
7 2040
6 2041
7 2042
2 2043
4 2044
2 2045
5 2046
8 2047
6 2048
1 2049
4 2050
3 2051
3 2052
5 2053
4 2054
2 2055
4 2056
3 2057
2 2058
4 2060
4 2061
8 2062
3 2063
5 2064
1 2065
1 2066
4 2067
4 2068
6 2069
3 2070
9 2071
4 2072
7 2073
3 2074
7 2075
2 2076
8 2077
5 2078
10 2079
3 2080
7 2081
11 2082
4 2083
4 2084
7 2085
7 2086
6 2087
7 2088
7 2089
7 2090
16 2091
6 2092
6 2093
10 2094
8 2095
6 2096
10 2097
11 2098
6 2099
4 2100
14 2101
4 2102
19 2103
9 2104
15 2105
6 2106
14 2107
14 2108
17 2109
13 2110
9 2111
10 2112
10 2113
16 2114
16 2115
16 2116
16 2117
11 2118
22 2119
20 2120
17 2121
19 2122
23 2123
20 2124
19 2125
31 2126
24 2127
22 2128
24 2129
20 2130
24 2131
34 2132
28 2133
25 2134
47 2135
32 2136
30 2137
40 2138
44 2139
33 2140
35 2141
34 2142
43 2143
34 2144
36 2145
49 2146
34 2147
31 2148
50 2149
52 2150
43 2151
44 2152
36 2153
43 2154
35 2155
31 2156
30 2157
30 2158
30 2159
33 2160
28 2161
20 2162
23 2163
17 2164
29 2165
22 2166
22 2167
15 2168
25 2169
19 2170
19 2171
15 2172
15 2173
19 2174
8 2175
9 2176
14 2177
8 2178
11 2179
7 2180
6 2181
3 2182
12 2183
4 2184
3 2185
5 2186
5 2187
3 2188
6 2189
2 2190
4 2191
4 2192
2 2193
4 2194
1 2195
3 2196
1 2199
4 2200
3 2201
2 2202
2 2203
1 2204
2 2205
2 2208
2 2210
2 2212
1 2213
2 2214
1 2215
2 2216
1 2217
3 2218
1 2219
1 2220
1 2221
1 2222
1 2223
1 2224
1 2226
1 2227
1 2229
1 2236
1 2237
1 2257
1 2264
1 2266
1 2267
2 2269
1 2273
1 2280
1 2289
1 2290
1 2297
1 2298
1 2305
1 2309
3 2312
1 2321
2 2325
1 2330
1 2333
1 2334
1 2335
1 2338
1 2343
1 2351
1 2352
1 2356
1 2363
1 2366
1 2374
1 2375
1 2381
1 2384
1 2386
2 2388
1 2390
1 2405
1 2413
1 2418
1 2432
1 2440
1 2445
2 2452
1 2461
1 2463
2 2466
1 2478
1 2482
1 2494
1 2496
1 2500
1 2503
1 2505
1 2520
1 2521
3 2537
1 2539
1 2548
1 2549
1 2550
1 2552
1 2557
1 2565
2 2583
1 2588
1 2589
1 2593
1 2597
1 2600
1 2603
2 2607
1 2614
1 2617
2 2619
1 2625
1 2638
1 2639
1 2640
1 2641
1 2643
1 2646
1 2647
1 2652
1 2661
2 2673
2 2686
1 2690
1 2692
1 2703
1 2704
1 2710
4 2712
1 2715
1 2719
1 2721
1 2722
1 2723
1 2725
1 2726
1 2727
1 2732
1 2733
1 2734
3 2735
1 2737
1 2739
1 2741
1 2745
1 2746
1 2747
1 2748
1 2754
1 2758
1 2764
1 2765
1 2766
1 2768
1 2774
1 2775
1 2778
1 2780
1 2786
1 2787
1 2789
1 2793
1 2794
2 2797
2 2800
1 2808
1 2810
1 2812
1 2819
1 2825
1 2826
1 2836
1 2840
1 2844
1 2890
1 2915
1 2943
1 2956
1 2969
1 2978
1 2995
1 3073
1 3142
1 3150
1 3151
1 3188
1 3226
1 3228
1 3237
1 3240
1 3246
1 3258
1 3263
1 3305
1 3312
1 3321
1 3386
1 3414
1 3439
2 3461
1 3512
1 3668
1 3682
1 3764
1 3810
1 4261
1 4269
1 4344
1 4384
1 4496
1 4639
