1 1
1 7
3 10
1 11
1 12
1 14
2 15
1 16
1 19
2 20
1 22
2 26
1 27
1 29
1 32
2 33
2 36
2 37
3 38
1 39
1 41
1 43
2 44
2 45
3 49
1 50
1 51
1 52
2 53
1 55
1 57
1 58
1 59
4 61
3 62
5 64
1 67
2 68
1 69
3 70
3 71
7 72
2 73
1 74
2 75
4 76
3 77
1 78
3 79
3 80
2 81
3 83
2 84
2 85
2 86
3 87
3 88
1 89
2 90
3 91
2 92
1 93
2 95
1 96
2 98
2 99
5 100
2 101
2 103
1 104
4 105
1 106
2 107
3 108
1 109
1 110
3 111
1 112
1 113
3 114
2 115
3 116
2 117
1 118
1 119
1 120
3 121
2 122
1 123
3 124
2 125
1 126
2 128
6 129
4 130
4 131
5 132
3 133
4 134
3 135
1 136
2 137
2 138
5 139
4 140
3 141
1 142
5 143
1 144
4 145
1 146
1 147
6 148
3 149
2 150
5 151
2 152
1 153
3 154
3 155
3 156
2 157
3 158
3 159
2 160
1 162
2 163
8 164
4 165
6 166
8 167
3 168
3 169
4 170
6 171
1 172
3 173
2 174
4 175
1 176
4 177
1 179
2 180
2 181
1 182
2 183
3 184
3 185
2 186
1 188
3 189
6 190
2 191
3 192
4 194
1 195
2 196
4 197
6 198
4 199
4 200
2 201
1 202
6 203
1 204
4 205
2 206
1 207
5 208
2 209
3 212
2 213
2 214
3 215
1 216
7 217
3 218
3 219
4 220
5 221
2 222
9 223
6 224
3 225
3 226
6 227
2 228
2 229
3 230
3 231
5 232
3 233
2 234
2 235
3 236
6 237
6 238
1 239
6 240
7 241
10 242
8 243
8 244
9 245
8 246
20 247
9 248
19 249
11 250
10 251
18 252
19 253
19 254
13 255
15 256
9 257
8 258
13 259
14 260
10 261
6 262
6 263
3 264
5 265
4 266
2 267
4 268
2 269
4 270
5 271
5 272
6 273
2 274
8 275
5 276
5 277
7 278
6 279
5 280
2 281
7 282
4 283
6 284
9 285
1 286
4 287
7 288
11 289
9 291
4 292
5 293
7 294
7 295
5 296
6 297
7 298
8 299
1 300
3 301
9 302
6 303
3 304
5 305
7 306
3 307
9 308
6 309
3 310
2 311
4 312
3 313
3 314
4 315
5 316
6 317
3 318
3 319
6 320
8 321
10 322
7 323
2 324
5 325
9 326
5 327
8 328
6 329
8 330
7 331
4 332
5 333
8 334
6 335
10 336
4 337
9 338
8 339
6 340
7 341
7 342
6 343
10 344
13 345
9 346
11 347
10 348
9 349
16 350
11 351
13 352
15 353
17 354
22 355
10 356
12 357
11 358
14 359
7 360
9 361
9 362
13 363
3 364
11 365
10 366
9 367
10 368
11 369
13 370
8 371
7 372
13 373
9 374
13 375
9 376
10 377
12 378
12 379
12 380
13 381
15 382
8 383
5 384
7 385
12 386
10 387
5 388
11 389
19 390
12 391
18 392
23 393
17 394
22 395
22 396
17 397
22 398
28 399
37 400
46 401
43 402
68 403
73 404
82 405
72 406
108 407
121 408
126 409
134 410
150 411
146 412
131 413
137 414
111 415
107 416
96 417
69 418
72 419
71 420
52 421
46 422
36 423
45 424
26 425
27 426
11 427
11 428
10 429
7 430
10 431
7 432
14 433
6 434
6 435
2 436
7 437
8 438
12 439
7 440
9 441
9 442
7 443
7 444
11 445
9 446
6 447
4 448
10 449
5 450
14 451
9 452
6 453
8 454
15 455
13 456
9 457
6 458
6 459
12 460
7 461
8 462
18 463
7 464
13 465
12 466
12 467
13 468
15 469
17 470
17 471
15 472
13 473
14 474
22 475
14 476
19 477
22 478
10 479
6 480
6 481
11 482
9 483
9 484
2 485
7 486
1 487
7 488
4 489
3 490
10 492
5 493
2 494
3 495
3 496
3 497
2 498
2 499
5 500
5 501
3 502
5 503
5 504
4 505
5 506
3 507
3 508
5 509
7 510
2 511
3 512
2 513
3 514
1 515
5 516
7 517
3 518
1 519
2 520
6 521
3 522
5 523
5 524
2 525
3 526
3 527
3 528
4 529
9 530
2 531
4 532
3 533
9 534
8 535
4 536
7 537
7 538
2 539
7 540
7 541
8 542
9 543
4 544
5 545
6 546
8 547
7 548
6 549
4 550
7 551
7 552
6 553
8 554
2 555
7 556
5 557
8 558
1 559
12 560
9 561
7 562
6 563
13 564
10 565
8 566
4 567
13 568
9 569
9 570
9 571
8 572
8 573
6 574
5 575
10 576
11 577
11 578
3 579
3 580
8 581
4 582
3 583
3 584
5 585
1 586
2 587
4 588
5 589
4 590
4 591
6 592
7 593
1 594
8 595
5 596
1 597
2 598
2 599
7 600
2 601
1 602
3 603
5 604
9 605
8 606
4 607
1 608
6 609
1 610
2 611
8 612
4 613
2 614
3 615
6 616
6 617
4 618
3 619
9 620
6 621
3 622
7 623
9 624
3 625
5 626
10 627
6 628
8 629
10 630
3 631
2 632
2 633
9 634
5 635
8 636
7 637
6 638
5 639
4 640
11 641
5 642
4 643
7 644
7 645
9 646
9 647
6 648
10 649
7 651
10 652
8 653
9 654
6 655
9 656
9 657
8 658
9 659
7 660
5 661
11 662
10 663
12 664
8 665
11 666
8 667
12 668
8 669
7 670
7 671
11 672
9 673
9 674
13 675
13 676
16 677
9 678
8 679
11 680
12 681
13 682
21 683
16 684
21 685
14 686
18 687
9 688
19 689
14 690
11 691
15 692
15 693
21 694
18 695
11 696
20 697
19 698
29 699
24 700
16 701
25 702
22 703
26 704
25 705
25 706
23 707
30 708
33 709
37 710
37 711
46 712
42 713
30 714
37 715
36 716
29 717
34 718
38 719
40 720
44 721
31 722
39 723
46 724
47 725
34 726
38 727
50 728
41 729
48 730
39 731
36 732
39 733
44 734
49 735
36 736
41 737
49 738
44 739
32 740
35 741
34 742
45 743
29 744
37 745
49 746
55 747
53 748
46 749
44 750
46 751
48 752
54 753
60 754
60 755
48 756
48 757
48 758
38 759
46 760
50 761
45 762
49 763
53 764
45 765
46 766
32 767
36 768
32 769
41 770
32 771
36 772
33 773
45 774
30 775
29 776
24 777
36 778
24 779
26 780
32 781
29 782
39 783
41 784
34 785
34 786
47 787
36 788
57 789
44 790
48 791
61 792
53 793
49 794
55 795
59 796
59 797
64 798
80 799
67 800
85 801
80 802
91 803
83 804
122 805
114 806
115 807
134 808
150 809
160 810
171 811
170 812
180 813
197 814
190 815
217 816
226 817
274 818
273 819
320 820
291 821
346 822
294 823
354 824
354 825
381 826
346 827
367 828
353 829
348 830
334 831
387 832
320 833
302 834
289 835
284 836
273 837
237 838
205 839
236 840
185 841
181 842
191 843
159 844
159 845
161 846
182 847
144 848
144 849
155 850
155 851
156 852
144 853
166 854
143 855
142 856
159 857
161 858
153 859
165 860
154 861
156 862
162 863
175 864
150 865
159 866
139 867
145 868
122 869
130 870
104 871
98 872
102 873
103 874
101 875
84 876
80 877
58 878
56 879
44 880
42 881
26 882
43 883
30 884
36 885
22 886
14 887
20 888
21 889
17 890
15 891
13 892
8 893
13 894
14 895
11 896
7 897
10 898
14 899
6 900
12 901
9 902
8 903
5 904
5 905
7 906
5 907
11 908
5 909
11 910
4 911
5 912
9 913
6 914
6 915
15 916
8 917
10 918
11 919
12 920
15 921
7 922
8 923
8 924
19 925
12 926
15 927
15 928
19 929
10 930
17 931
20 932
17 933
14 934
6 935
21 936
14 937
16 938
22 939
19 940
14 941
12 942
17 943
14 944
17 945
20 946
15 947
17 948
17 949
21 950
15 951
14 952
29 953
15 954
25 955
9 956
19 957
26 958
18 959
17 960
19 961
20 962
20 963
22 964
23 965
25 966
20 967
18 968
14 969
21 970
22 971
24 972
15 973
26 974
21 975
16 976
16 977
13 978
22 979
15 980
19 981
24 982
11 983
13 984
9 985
16 986
13 987
7 988
6 989
7 990
14 991
16 992
7 993
14 994
13 995
7 996
6 997
13 998
10 999
11 1000
8 1001
12 1002
14 1003
19 1004
17 1005
17 1006
14 1007
21 1008
14 1009
13 1010
20 1011
13 1012
16 1013
16 1014
24 1015
26 1016
36 1017
26 1018
40 1019
37 1020
37 1021
45 1022
29 1023
42 1024
45 1025
45 1026
48 1027
42 1028
48 1029
46 1030
40 1031
40 1032
41 1033
29 1034
28 1035
32 1036
39 1037
38 1038
31 1039
21 1040
24 1041
25 1042
27 1043
24 1044
28 1045
15 1046
22 1047
11 1048
17 1049
15 1050
23 1051
19 1052
19 1053
19 1054
12 1055
27 1056
16 1057
17 1058
10 1059
19 1060
22 1061
19 1062
23 1063
28 1064
22 1065
22 1066
20 1067
24 1068
21 1069
21 1070
22 1071
16 1072
32 1073
22 1074
21 1075
20 1076
29 1077
32 1078
28 1079
26 1080
29 1081
40 1082
28 1083
39 1084
28 1085
31 1086
34 1087
36 1088
22 1089
38 1090
29 1091
37 1092
35 1093
37 1094
32 1095
38 1096
29 1097
39 1098
39 1099
39 1100
35 1101
32 1102
24 1103
36 1104
24 1105
28 1106
32 1107
28 1108
21 1109
27 1110
41 1111
24 1112
35 1113
22 1114
38 1115
34 1116
44 1117
34 1118
31 1119
26 1120
42 1121
29 1122
35 1123
41 1124
37 1125
34 1126
32 1127
31 1128
31 1129
24 1130
38 1131
20 1132
17 1133
18 1134
22 1135
14 1136
15 1137
11 1138
11 1139
12 1140
9 1141
4 1142
8 1143
5 1144
5 1145
5 1146
2 1148
4 1149
1 1150
3 1151
4 1152
4 1153
1 1154
1 1156
2 1157
1 1158
4 1159
1 1160
2 1162
3 1164
1 1167
2 1169
1 1170
2 1171
1 1172
1 1174
1 1177
2 1180
1 1183
2 1184
2 1185
2 1187
1 1188
2 1189
2 1190
2 1191
2 1192
1 1194
1 1195
1 1196
2 1197
2 1198
1 1201
1 1202
2 1204
1 1205
2 1210
2 1211
1 1212
2 1214
1 1215
1 1216
1 1217
2 1218
1 1222
2 1223
1 1225
2 1226
1 1227
3 1228
1 1229
3 1230
5 1231
1 1232
1 1233
6 1234
3 1235
2 1237
1 1238
1 1239
3 1240
1 1241
1 1242
3 1243
3 1245
1 1246
4 1247
5 1248
9 1249
4 1250
1 1251
5 1252
1 1253
1 1255
3 1256
5 1257
3 1258
4 1260
4 1261
3 1262
3 1263
2 1264
2 1265
2 1267
1 1268
3 1269
2 1270
4 1273
4 1274
1 1275
3 1277
3 1278
1 1279
3 1280
1 1281
1 1282
1 1284
2 1285
2 1286
1 1287
1 1288
4 1289
3 1290
1 1292
1 1294
1 1295
1 1296
3 1297
1 1298
2 1299
1 1300
8 1301
1 1302
4 1303
2 1304
2 1305
3 1306
2 1307
2 1309
5 1310
3 1311
2 1312
3 1313
1 1316
3 1317
2 1318
2 1319
1 1321
1 1322
3 1323
3 1324
1 1325
4 1326
4 1327
4 1328
4 1329
2 1330
5 1331
2 1332
3 1333
4 1334
4 1335
6 1336
4 1337
2 1338
2 1340
6 1341
5 1342
2 1343
7 1344
9 1345
4 1346
6 1347
9 1348
11 1349
4 1350
6 1351
5 1352
8 1353
7 1354
14 1355
7 1356
6 1357
10 1358
13 1359
5 1360
19 1361
12 1362
22 1363
9 1364
16 1365
15 1366
11 1367
20 1368
21 1369
26 1370
19 1371
17 1372
37 1373
34 1374
26 1375
34 1376
30 1377
27 1378
25 1379
23 1380
30 1381
26 1382
31 1383
38 1384
22 1385
24 1386
31 1387
30 1388
16 1389
19 1390
16 1391
21 1392
17 1393
24 1394
20 1395
14 1396
16 1397
14 1398
12 1399
10 1400
10 1401
11 1402
9 1403
7 1404
7 1405
6 1406
5 1407
3 1408
2 1409
4 1410
4 1411
4 1412
4 1413
2 1414
5 1415
4 1416
4 1417
4 1418
2 1419
1 1420
2 1426
1 1427
2 1430
2 1432
1 1435
1 1437
1 1438
1 1440
1 1441
1 1443
1 1444
2 1445
2 1447
1 1448
2 1450
1 1451
1 1454
1 1456
1 1457
1 1458
1 1460
1 1461
1 1462
2 1463
1 1473
1 1476
1 1477
2 1480
1 1482
1 1484
1 1488
1 1489
1 1492
1 1498
1 1502
1 1503
1 1517
2 1521
1 1522
1 1523
1 1524
1 1529
1 1530
1 1531
1 1537
1 1538
1 1540
1 1541
1 1542
1 1545
1 1547
1 1549
1 1553
1 1555
1 1557
1 1558
1 1564
1 1566
1 1568
1 1569
1 1570
2 1575
1 1576
1 1577
1 1579
1 1580
1 1582
1 1588
1 1589
1 1591
2 1595
1 1596
1 1598
1 1601
1 1602
1 1603
2 1604
2 1612
1 1616
1 1618
1 1620
2 1623
1 1624
2 1625
1 1626
1 1627
1 1630
1 1634
1 1635
2 1642
1 1643
1 1644
1 1645
1 1652
1 1654
1 1656
1 1657
1 1664
2 1665
1 1671
1 1673
1 1676
2 1677
1 1679
1 1680
2 1682
1 1683
2 1685
2 1696
1 1697
2 1698
2 1699
1 1701
1 1707
1 1709
1 1712
4 1713
1 1715
1 1717
2 1719
1 1720
2 1729
2 1731
2 1734
1 1736
1 1738
1 1741
1 1742
2 1749
3 1750
1 1751
1 1752
1 1757
2 1759
1 1766
1 1767
1 1770
1 1773
1 1774
1 1775
2 1776
1 1778
1 1780
1 1782
1 1783
1 1784
1 1786
1 1787
1 1790
2 1791
1 1794
1 1800
1 1806
1 1807
2 1808
1 1811
4 1818
2 1821
1 1822
1 1823
2 1826
1 1827
4 1830
1 1831
2 1834
1 1836
2 1837
1 1841
1 1843
2 1845
1 1850
1 1851
1 1854
3 1856
1 1858
1 1859
2 1860
1 1861
2 1862
3 1867
2 1868
1 1872
2 1873
1 1874
1 1877
1 1880
1 1886
2 1887
2 1888
1 1889
1 1890
1 1891
2 1892
1 1893
2 1894
2 1896
1 1898
1 1899
3 1901
1 1904
1 1905
2 1906
1 1907
1 1908
1 1909
4 1910
1 1916
1 1918
1 1919
2 1920
1 1921
1 1922
2 1923
1 1924
1 1925
2 1927
1 1928
1 1929
3 1932
2 1933
1 1934
2 1935
3 1936
1 1937
1 1939
2 1940
1 1941
4 1943
3 1944
3 1945
2 1946
1 1947
2 1948
5 1949
3 1950
1 1951
4 1952
1 1953
3 1955
2 1959
1 1961
1 1962
2 1965
1 1966
1 1967
1 1968
1 1969
1 1970
1 1971
2 1972
1 1973
2 1978
1 1979
4 1980
1 1982
1 1983
2 1984
1 1985
1 1986
4 1987
1 1988
3 1989
3 1990
1 1991
1 1992
1 1993
1 1994
2 1995
1 1996
2 1997
2 1998
2 1999
1 2002
2 2003
1 2005
1 2007
1 2008
5 2009
1 2010
3 2012
2 2013
4 2015
3 2016
2 2017
2 2019
2 2020
2 2021
3 2022
2 2023
4 2024
1 2025
1 2026
4 2027
2 2028
6 2029
1 2030
2 2031
3 2032
4 2033
2 2034
3 2035
2 2036
2 2037
4 2039
2 2040
5 2041
2 2042
3 2043
2 2044
3 2045
2 2049
2 2050
2 2051
1 2053
1 2054
1 2055
2 2056
2 2057
1 2058
1 2059
1 2060
1 2061
1 2063
1 2066
1 2068
2 2069
1 2073
1 2075
1 2076
2 2078
1 2080
2 2081
2 2082
2 2084
1 2085
1 2087
1 2102
1 2104
1 2105
1 2107
1 2108
1 2109
1 2110
2 2111
1 2114
2 2116
4 2119
1 2120
2 2121
2 2122
2 2124
1 2125
1 2126
2 2127
2 2128
1 2130
2 2131
1 2132
2 2133
3 2134
1 2135
3 2136
1 2137
3 2138
1 2139
3 2140
1 2141
3 2142
5 2143
1 2144
1 2145
1 2146
3 2149
2 2151
1 2152
3 2153
1 2154
1 2155
1 2156
1 2157
3 2158
1 2159
2 2160
3 2162
3 2163
3 2165
2 2167
3 2168
1 2169
2 2171
2 2173
2 2174
1 2176
2 2177
1 2179
3 2180
1 2181
1 2184
1 2185
2 2186
2 2188
2 2189
2 2193
1 2194
1 2195
2 2196
2 2200
2 2201
1 2202
2 2204
2 2205
2 2206
1 2207
1 2208
2 2210
1 2211
1 2213
1 2216
2 2218
1 2219
1 2221
1 2223
1 2227
1 2230
2 2233
2 2237
2 2240
1 2242
2 2245
1 2246
1 2249
1 2251
1 2254
1 2255
2 2256
1 2257
1 2258
2 2259
2 2260
2 2261
2 2262
3 2263
1 2264
2 2265
1 2266
2 2267
3 2268
1 2270
1 2271
1 2272
1 2273
1 2275
3 2276
2 2278
2 2280
1 2281
1 2284
1 2285
1 2286
2 2287
1 2288
5 2289
4 2290
3 2291
3 2292
3 2293
2 2295
2 2296
1 2297
3 2298
1 2299
1 2301
2 2302
3 2303
1 2304
2 2305
1 2306
1 2307
1 2308
3 2309
2 2310
3 2311
1 2312
2 2313
1 2314
2 2316
3 2317
3 2318
5 2319
1 2320
4 2322
2 2323
2 2324
2 2325
2 2327
4 2328
1 2329
2 2330
4 2332
1 2333
5 2334
4 2335
3 2336
3 2337
1 2338
1 2339
1 2340
3 2341
6 2342
4 2343
3 2344
2 2345
1 2346
3 2347
1 2348
2 2349
3 2350
2 2351
1 2352
2 2353
1 2354
4 2355
4 2356
4 2357
4 2358
4 2359
6 2360
2 2361
5 2362
4 2363
5 2364
3 2365
2 2366
4 2367
4 2368
5 2369
5 2370
8 2371
5 2372
4 2373
5 2374
6 2375
11 2376
9 2377
3 2378
4 2379
4 2380
6 2381
4 2382
6 2383
8 2384
10 2385
3 2386
4 2387
6 2388
6 2389
9 2390
6 2391
3 2392
8 2393
10 2394
7 2395
7 2396
8 2397
11 2398
6 2399
8 2400
8 2401
9 2402
13 2403
17 2404
4 2405
8 2406
11 2407
3 2408
8 2409
8 2410
10 2411
7 2412
14 2413
8 2414
15 2415
16 2416
12 2417
12 2418
8 2419
11 2420
9 2421
11 2422
9 2423
10 2424
9 2425
3 2426
7 2427
13 2428
7 2429
5 2430
12 2431
7 2432
6 2433
3 2434
12 2435
7 2436
7 2437
3 2438
9 2439
8 2440
9 2441
9 2442
4 2443
6 2444
4 2445
7 2446
8 2447
7 2448
11 2449
7 2450
6 2451
4 2452
6 2453
7 2454
10 2455
3 2456
4 2457
7 2458
6 2459
10 2460
10 2461
4 2462
9 2463
11 2464
10 2465
8 2466
10 2467
13 2468
10 2469
8 2470
14 2471
18 2472
10 2473
9 2474
15 2475
20 2476
12 2477
13 2478
19 2479
18 2480
19 2481
16 2482
17 2483
18 2484
19 2485
15 2486
15 2487
18 2488
20 2489
21 2490
16 2491
15 2492
19 2493
12 2494
19 2495
22 2496
18 2497
17 2498
16 2499
16 2500
20 2501
16 2502
16 2503
24 2504
14 2505
11 2506
27 2507
12 2508
18 2509
14 2510
14 2511
13 2512
9 2513
8 2514
7 2515
14 2516
12 2517
12 2518
10 2519
6 2520
9 2521
8 2522
7 2523
8 2524
2 2525
2 2526
6 2527
5 2528
4 2529
1 2530
5 2531
3 2532
5 2533
6 2534
3 2535
2 2536
4 2537
1 2538
4 2539
3 2540
2 2541
4 2542
4 2543
2 2544
1 2546
5 2547
3 2548
2 2549
4 2550
3 2551
5 2552
2 2553
5 2554
3 2555
2 2556
1 2557
7 2558
1 2559
2 2560
1 2561
2 2562
2 2563
4 2564
2 2565
6 2566
4 2567
2 2568
4 2569
5 2570
1 2571
3 2572
4 2573
4 2574
1 2575
1 2576
3 2577
1 2578
2 2579
1 2580
2 2581
4 2582
1 2583
3 2584
2 2585
5 2586
3 2587
2 2588
3 2589
1 2590
2 2591
3 2593
2 2594
1 2595
3 2596
3 2597
6 2598
1 2599
2 2600
4 2601
2 2602
1 2603
2 2604
1 2605
1 2607
2 2608
1 2609
3 2610
1 2611
2 2612
1 2613
1 2614
2 2615
2 2616
1 2617
1 2618
2 2619
2 2620
1 2622
2 2624
1 2627
2 2628
3 2629
3 2630
1 2631
3 2638
1 2640
2 2641
1 2643
1 2644
2 2649
1 2650
1 2651
4 2653
1 2656
2 2657
2 2658
1 2660
1 2661
1 2665
2 2666
1 2667
1 2668
1 2669
1 2672
2 2674
3 2675
4 2676
3 2677
2 2678
2 2679
2 2680
4 2682
3 2683
3 2684
1 2685
3 2686
1 2687
1 2689
3 2690
2 2691
5 2692
4 2693
1 2695
3 2696
6 2697
2 2698
2 2699
7 2700
1 2701
3 2702
2 2703
3 2704
8 2705
4 2706
4 2707
2 2708
6 2709
7 2710
7 2711
3 2712
10 2713
6 2714
6 2715
4 2716
6 2717
3 2718
2 2719
2 2720
5 2721
1 2722
3 2723
2 2724
5 2725
5 2726
3 2727
2 2728
4 2729
4 2730
4 2731
2 2732
3 2734
2 2735
4 2736
3 2737
2 2738
3 2739
4 2740
3 2741
1 2742
2 2743
4 2744
3 2745
5 2746
2 2747
3 2748
1 2749
2 2750
1 2751
1 2752
4 2755
2 2756
3 2759
2 2760
1 2761
1 2762
1 2765
1 2766
3 2767
1 2769
2 2770
1 2772
1 2774
3 2775
2 2780
1 2781
1 2782
1 2783
2 2784
2 2785
1 2786
3 2787
3 2788
1 2793
2 2794
2 2795
1 2796
1 2797
3 2800
1 2802
2 2803
1 2805
1 2807
2 2808
1 2809
1 2811
1 2812
2 2814
1 2816
1 2819
3 2822
1 2823
2 2824
1 2827
1 2828
1 2829
2 2831
2 2832
3 2834
1 2837
3 2838
1 2839
1 2841
3 2843
1 2846
1 2847
1 2848
1 2850
1 2851
2 2852
1 2855
1 2856
1 2857
1 2864
1 2874
1 2875
1 2876
1 2877
1 2879
1 2880
1 2881
1 2884
1 2887
1 2892
2 2906
1 2910
1 2929
1 2942
1 2971
1 2991
1 2995
1 2996
1 3018
2 3023
1 3024
1 3028
1 3029
1 3030
1 3035
1 3041
1 3048
1 3050
1 3054
1 3058
2 3060
1 3061
1 3063
1 3065
1 3067
1 3074
1 3076
1 3077
1 3078
1 3084
1 3089
1 3093
1 3094
1 3096
2 3097
3 3104
1 3106
1 3111
1 3112
1 3114
2 3118
1 3123
1 3124
2 3125
1 3129
1 3130
1 3131
1 3135
2 3136
5 3137
1 3138
1 3139
1 3140
5 3141
1 3143
1 3145
1 3147
1 3149
1 3150
1 3154
1 3155
1 3157
2 3158
2 3160
1 3164
1 3165
1 3167
2 3170
1 3177
2 3178
1 3186
2 3194
1 3205
1 3215
1 3220
1 3224
1 3228
1 3251
1 3277
1 3296
1 3312
1 3325
1 3376
1 3411
1 3463
1 3482
1 3529
1 3537
1 3583
1 3664
1 3679
1 3688
1 3724
1 3841
1 4083
1 4137
1 4244
1 4274
1 4517
1 4643
1 4715
1 4771
1 4783
1 4818
1 4819
1 4829
1 4849
1 4853
1 5802
