1 2
2 3
1 4
3 7
1 8
3 9
1 10
1 12
1 14
2 15
1 17
2 18
2 20
2 21
3 22
1 24
2 25
1 26
1 28
1 29
5 31
2 33
1 34
3 35
4 36
1 38
2 39
1 40
3 41
1 42
4 43
2 45
1 50
2 53
1 54
1 55
3 56
2 57
4 58
2 59
4 61
3 62
1 63
2 64
1 65
5 67
3 68
2 69
4 70
3 71
7 72
3 75
2 76
3 77
1 78
3 79
3 80
2 81
3 82
2 83
3 85
5 86
3 87
2 88
4 89
2 90
4 91
4 92
2 93
3 94
2 95
3 96
1 97
3 98
2 99
3 100
5 101
3 102
6 104
2 105
3 106
4 107
3 108
3 109
4 110
2 112
4 113
2 114
6 116
3 117
6 118
2 119
2 120
3 121
1 122
4 123
5 124
2 125
8 126
3 127
7 128
3 129
4 130
4 131
3 132
6 133
2 134
6 135
4 136
5 137
7 138
6 139
1 140
5 141
4 142
3 143
8 144
3 145
2 146
4 147
2 148
1 149
1 150
1 151
5 152
2 153
5 154
1 155
3 156
5 157
5 158
4 159
6 160
2 161
5 162
3 163
1 164
3 165
4 166
3 167
6 168
5 169
1 170
2 171
4 172
2 173
3 174
3 175
2 176
4 177
3 178
2 179
3 180
3 181
2 182
3 183
3 184
2 185
6 187
1 188
1 189
3 190
1 191
3 192
2 193
3 194
1 195
2 196
3 197
3 198
5 200
1 201
1 202
6 203
5 204
3 205
3 206
5 207
5 208
2 209
4 210
5 212
2 213
3 214
2 215
5 216
4 217
3 218
1 219
4 220
3 221
3 222
4 223
3 224
2 225
2 226
1 227
4 228
2 229
10 230
3 231
7 232
8 233
2 234
6 235
6 236
7 237
7 238
8 239
7 240
6 241
5 242
7 243
6 244
1 245
8 246
9 247
5 248
5 249
3 250
10 251
6 252
6 253
8 254
10 255
7 256
6 257
9 258
4 259
4 260
3 261
5 262
9 263
4 264
2 265
1 266
7 267
6 268
3 269
5 270
4 271
4 272
4 273
5 274
6 275
2 276
2 277
6 278
7 279
6 280
9 281
4 282
8 283
8 284
6 285
6 286
8 287
5 288
5 289
4 290
4 291
6 292
6 293
6 294
9 295
9 296
8 297
3 298
5 299
5 300
2 301
7 302
3 303
1 304
5 305
4 306
4 307
2 308
5 309
3 310
6 311
5 312
2 313
7 314
7 315
5 316
6 317
5 318
7 319
7 320
8 321
5 322
7 323
10 324
7 325
9 326
9 327
12 328
9 329
14 330
7 331
15 332
3 333
12 334
8 335
3 336
8 337
6 338
6 339
11 340
7 341
9 342
4 343
4 344
7 345
11 346
5 347
13 348
10 349
8 350
7 351
6 352
4 353
11 354
11 355
6 356
10 357
9 358
7 359
5 360
6 361
7 362
15 363
8 364
8 365
5 366
5 367
10 368
8 369
5 370
1 371
4 372
7 373
5 374
4 375
5 376
4 377
7 378
4 379
6 380
3 381
5 382
3 383
4 384
3 385
3 386
8 387
5 388
2 389
1 390
5 391
4 392
8 393
11 394
4 395
8 396
4 397
5 398
5 399
5 400
4 401
5 402
4 403
4 404
7 405
7 406
3 407
7 408
9 409
6 410
11 411
4 412
6 413
2 414
5 415
4 416
4 417
4 418
4 419
1 420
3 421
6 422
6 423
2 424
8 425
6 426
3 427
4 428
1 429
5 430
6 431
5 432
7 433
1 434
6 435
9 436
9 437
8 438
7 439
2 440
4 441
4 442
6 443
9 444
13 445
6 446
7 447
10 448
7 449
6 450
7 451
14 452
11 453
9 454
13 455
10 456
20 457
11 458
13 459
16 460
13 461
20 462
22 463
34 464
23 465
34 466
34 467
27 468
47 469
33 470
41 471
36 472
45 473
31 474
36 475
36 476
30 477
30 478
19 479
21 480
21 481
15 482
18 483
9 484
14 485
9 486
3 487
6 488
6 489
8 490
5 491
4 492
3 493
4 494
8 495
2 496
8 497
4 498
4 499
6 500
5 501
5 502
6 503
7 504
8 505
5 506
7 507
5 508
2 509
8 510
9 511
10 512
15 513
3 514
5 515
4 516
4 517
7 518
7 519
11 520
5 521
4 522
5 523
3 524
6 525
5 526
4 527
4 528
6 529
5 530
5 531
4 532
8 533
4 534
4 535
13 536
3 537
5 538
4 539
2 540
3 541
3 542
5 543
8 544
2 545
2 546
5 547
5 548
4 549
2 550
4 551
7 552
5 553
2 554
6 555
6 556
8 557
7 558
2 559
4 560
3 561
6 562
10 563
8 564
4 565
4 566
2 567
5 568
4 569
5 570
7 571
4 572
4 573
8 574
5 575
7 576
4 577
7 578
4 579
3 580
2 581
6 582
3 583
5 584
5 585
6 586
5 587
6 588
4 589
5 590
3 591
5 592
3 593
6 594
4 595
2 596
5 597
4 598
4 599
3 600
4 601
4 602
3 603
2 604
7 605
4 606
2 607
6 608
4 609
7 610
2 611
5 612
5 613
8 614
6 615
5 616
3 617
3 618
2 619
6 620
3 621
10 622
3 623
7 624
12 625
13 626
7 627
5 628
7 629
5 630
8 631
12 632
8 633
6 634
10 635
7 636
7 637
3 638
5 639
9 640
7 641
6 642
7 643
5 644
4 645
4 646
6 647
4 648
7 649
8 650
9 651
8 652
5 653
7 654
8 655
6 656
7 657
9 658
4 659
12 660
8 661
4 662
9 663
12 664
13 665
9 666
8 667
12 668
9 669
13 670
14 671
12 672
7 673
14 674
13 675
13 676
12 677
20 678
15 679
15 680
16 681
17 682
9 683
11 684
20 685
15 686
18 687
19 688
14 689
19 690
20 691
21 692
15 693
11 694
17 695
17 696
16 697
12 698
26 699
15 700
20 701
17 702
23 703
18 704
28 705
27 706
30 707
31 708
25 709
37 710
36 711
38 712
37 713
30 714
33 715
43 716
33 717
38 718
42 719
31 720
38 721
28 722
39 723
42 724
29 725
39 726
35 727
31 728
36 729
34 730
31 731
35 732
49 733
44 734
40 735
38 736
43 737
40 738
37 739
38 740
49 741
41 742
39 743
36 744
39 745
42 746
49 747
37 748
49 749
45 750
44 751
42 752
53 753
56 754
55 755
54 756
43 757
42 758
49 759
42 760
46 761
47 762
45 763
48 764
47 765
45 766
41 767
34 768
39 769
41 770
36 771
36 772
30 773
36 774
25 775
38 776
50 777
41 778
44 779
36 780
44 781
42 782
50 783
59 784
71 785
59 786
52 787
59 788
67 789
89 790
92 791
102 792
103 793
108 794
115 795
130 796
151 797
158 798
130 799
125 800
156 801
153 802
182 803
156 804
149 805
174 806
164 807
166 808
167 809
172 810
180 811
183 812
140 813
173 814
166 815
185 816
202 817
175 818
186 819
226 820
240 821
198 822
213 823
245 824
253 825
259 826
263 827
257 828
243 829
253 830
247 831
221 832
195 833
237 834
207 835
184 836
200 837
163 838
183 839
153 840
144 841
140 842
124 843
108 844
92 845
85 846
60 847
82 848
69 849
82 850
74 851
68 852
68 853
71 854
79 855
67 856
70 857
60 858
72 859
65 860
69 861
51 862
42 863
49 864
62 865
49 866
61 867
50 868
38 869
49 870
33 871
36 872
27 873
36 874
26 875
29 876
23 877
15 878
25 879
22 880
18 881
18 882
16 883
23 884
19 885
14 886
14 887
13 888
11 889
14 890
11 891
6 892
22 893
14 894
8 895
17 896
13 897
9 898
12 899
14 900
9 901
11 902
9 903
16 904
5 905
14 906
9 907
14 908
12 909
16 910
8 911
10 912
13 913
12 914
12 915
20 916
16 917
15 918
17 919
11 920
19 921
13 922
9 923
15 924
14 925
13 926
14 927
11 928
13 929
13 930
13 931
21 932
9 933
13 934
11 935
19 936
18 937
21 938
15 939
21 940
27 941
20 942
12 943
18 944
22 945
24 946
19 947
26 948
22 949
32 950
22 951
26 952
23 953
26 954
15 955
16 956
18 957
20 958
17 959
26 960
14 961
19 962
28 963
26 964
32 965
34 966
22 967
24 968
27 969
21 970
21 971
29 972
31 973
32 974
21 975
27 976
36 977
41 978
26 979
49 980
37 981
39 982
55 983
40 984
56 985
42 986
64 987
50 988
50 989
55 990
60 991
60 992
51 993
58 994
51 995
44 996
60 997
59 998
45 999
39 1000
50 1001
34 1002
38 1003
34 1004
34 1005
36 1006
45 1007
30 1008
45 1009
45 1010
47 1011
37 1012
34 1013
45 1014
34 1015
39 1016
33 1017
47 1018
58 1019
51 1020
59 1021
68 1022
48 1023
56 1024
66 1025
58 1026
56 1027
96 1028
59 1029
73 1030
108 1031
95 1032
107 1033
103 1034
142 1035
118 1036
126 1037
123 1038
145 1039
145 1040
162 1041
159 1042
171 1043
163 1044
191 1045
187 1046
184 1047
201 1048
179 1049
208 1050
227 1051
202 1052
202 1053
205 1054
184 1055
178 1056
162 1057
153 1058
149 1059
144 1060
142 1061
115 1062
114 1063
104 1064
112 1065
82 1066
84 1067
91 1068
81 1069
86 1070
82 1071
73 1072
76 1073
82 1074
72 1075
88 1076
79 1077
86 1078
94 1079
79 1080
110 1081
93 1082
103 1083
111 1084
92 1085
110 1086
98 1087
116 1088
103 1089
115 1090
89 1091
94 1092
92 1093
82 1094
74 1095
77 1096
78 1097
73 1098
74 1099
101 1100
69 1101
61 1102
58 1103
68 1104
59 1105
52 1106
57 1107
44 1108
49 1109
40 1110
40 1111
46 1112
31 1113
32 1114
43 1115
30 1116
33 1117
35 1118
32 1119
32 1120
32 1121
33 1122
32 1123
50 1124
39 1125
38 1126
28 1127
33 1128
29 1129
33 1130
28 1131
29 1132
37 1133
27 1134
25 1135
30 1136
31 1137
29 1138
32 1139
27 1140
39 1141
34 1142
36 1143
30 1144
36 1145
49 1146
31 1147
44 1148
36 1149
37 1150
44 1151
41 1152
39 1153
38 1154
53 1155
54 1156
29 1157
58 1158
44 1159
56 1160
48 1161
50 1162
44 1163
52 1164
49 1165
64 1166
70 1167
55 1168
44 1169
45 1170
57 1171
47 1172
53 1173
48 1174
60 1175
52 1176
45 1177
49 1178
55 1179
51 1180
32 1181
36 1182
45 1183
37 1184
45 1185
33 1186
39 1187
40 1188
47 1189
28 1190
52 1191
42 1192
59 1193
35 1194
47 1195
44 1196
39 1197
59 1198
59 1199
60 1200
67 1201
63 1202
87 1203
94 1204
87 1205
74 1206
73 1207
91 1208
106 1209
99 1210
113 1211
124 1212
117 1213
115 1214
139 1215
116 1216
124 1217
124 1218
97 1219
113 1220
97 1221
88 1222
119 1223
104 1224
78 1225
89 1226
100 1227
69 1228
78 1229
76 1230
68 1231
61 1232
56 1233
57 1234
46 1235
46 1236
42 1237
50 1238
44 1239
30 1240
31 1241
34 1242
26 1243
24 1244
21 1245
23 1246
32 1247
21 1248
18 1249
18 1250
17 1251
19 1252
17 1253
13 1254
12 1255
20 1256
9 1257
8 1258
10 1259
6 1260
11 1261
11 1262
7 1263
5 1264
5 1265
5 1266
6 1267
10 1268
5 1269
1 1270
4 1271
5 1272
1 1273
5 1274
2 1275
2 1276
7 1277
3 1278
2 1279
2 1280
2 1281
3 1282
5 1284
6 1285
2 1287
1 1288
2 1289
3 1290
2 1291
1 1292
1 1293
3 1294
4 1295
1 1297
3 1298
1 1299
2 1301
1 1302
2 1304
1 1305
5 1306
2 1308
5 1309
1 1310
2 1311
1 1312
3 1314
2 1315
2 1316
1 1317
2 1318
3 1319
3 1320
1 1321
1 1322
4 1324
2 1326
5 1327
2 1328
2 1329
4 1330
1 1331
1 1332
2 1333
4 1334
2 1335
3 1336
2 1337
2 1338
6 1339
1 1340
4 1342
4 1343
6 1344
3 1345
3 1346
4 1347
6 1348
4 1349
8 1350
4 1351
4 1352
3 1353
8 1354
4 1355
6 1356
6 1357
7 1358
8 1359
4 1360
9 1361
13 1362
8 1363
10 1364
10 1365
6 1366
15 1367
10 1368
10 1369
13 1370
6 1371
16 1372
18 1373
17 1374
16 1375
18 1376
19 1377
19 1378
20 1379
25 1380
16 1381
16 1382
18 1383
28 1384
17 1385
14 1386
17 1387
18 1388
15 1389
16 1390
17 1391
16 1392
12 1393
17 1394
13 1395
23 1396
9 1397
9 1398
7 1399
6 1400
9 1401
5 1402
6 1403
9 1404
7 1405
4 1406
3 1407
4 1408
4 1409
3 1410
1 1414
2 1415
1 1416
3 1418
1 1419
4 1420
2 1421
1 1422
1 1423
1 1424
1 1425
2 1426
2 1427
2 1429
3 1430
1 1432
5 1433
1 1434
2 1435
1 1436
2 1437
2 1438
2 1439
2 1441
1 1442
1 1443
1 1444
1 1447
1 1450
2 1451
1 1452
1 1453
1 1454
2 1456
1 1459
1 1461
1 1464
1 1465
1 1466
1 1467
1 1469
1 1473
1 1474
1 1475
1 1487
2 1488
1 1491
2 1496
1 1497
1 1499
1 1501
1 1502
1 1503
1 1505
1 1506
2 1512
2 1513
1 1514
1 1517
1 1518
2 1521
1 1522
1 1524
1 1530
2 1535
1 1538
1 1539
1 1541
1 1543
2 1547
2 1550
1 1552
1 1553
1 1554
1 1561
1 1563
1 1565
2 1573
2 1574
2 1575
3 1578
1 1580
1 1583
1 1585
1 1587
1 1589
1 1590
2 1591
1 1595
1 1599
1 1600
2 1602
1 1604
1 1606
1 1609
1 1612
1 1619
1 1620
1 1623
1 1626
1 1632
1 1637
1 1639
2 1643
2 1652
1 1655
1 1656
1 1658
2 1659
1 1661
1 1665
1 1667
1 1671
1 1673
1 1677
1 1679
1 1681
1 1682
1 1683
1 1688
1 1689
1 1691
3 1693
1 1700
1 1704
1 1705
1 1710
1 1711
1 1712
1 1722
1 1723
1 1726
1 1727
1 1729
1 1730
1 1733
1 1743
2 1745
1 1747
1 1749
2 1750
1 1752
1 1761
1 1762
1 1763
1 1765
1 1769
1 1770
2 1773
2 1774
1 1775
1 1779
1 1781
1 1784
1 1787
1 1789
1 1793
1 1799
1 1802
2 1803
1 1804
1 1809
2 1812
1 1813
1 1815
1 1817
2 1818
1 1822
2 1824
1 1826
1 1828
1 1830
1 1831
1 1832
2 1834
1 1836
3 1837
1 1841
2 1842
1 1843
1 1845
2 1846
2 1853
1 1856
1 1862
1 1863
1 1868
1 1869
1 1871
1 1877
2 1893
1 1894
1 1895
1 1898
1 1899
1 1906
1 1907
1 1908
1 1909
1 1911
1 1912
1 1914
1 1919
2 1923
1 1926
1 1928
1 1929
2 1932
2 1933
1 1939
1 1940
1 1944
1 1945
1 1947
1 1948
1 1950
1 1954
1 1961
1 1963
2 1966
2 1974
1 1977
2 1979
2 1980
1 1981
2 1982
2 1983
1 1985
1 1986
2 1987
1 1988
1 1991
1 1993
1 1994
2 1995
1 1996
1 2000
1 2003
2 2004
1 2005
1 2006
1 2009
1 2010
1 2014
1 2020
1 2021
1 2022
1 2026
1 2028
1 2030
2 2034
1 2040
3 2041
1 2043
1 2044
1 2047
2 2050
1 2052
1 2055
2 2056
1 2060
1 2061
1 2062
1 2063
1 2065
2 2072
1 2075
3 2076
1 2078
2 2080
1 2087
1 2090
2 2094
1 2095
1 2097
1 2098
1 2100
1 2102
1 2103
1 2107
1 2109
2 2115
1 2117
1 2121
1 2124
1 2125
1 2126
1 2128
1 2130
1 2131
1 2133
1 2137
1 2138
1 2139
2 2140
1 2141
1 2142
1 2145
2 2149
2 2152
1 2154
1 2158
1 2159
2 2160
1 2161
1 2162
1 2163
2 2165
2 2166
1 2167
1 2169
1 2173
3 2174
1 2175
1 2181
1 2184
1 2186
1 2187
2 2190
1 2191
1 2199
2 2202
1 2204
1 2205
1 2206
1 2208
2 2209
2 2212
1 2213
1 2214
1 2215
1 2219
1 2220
1 2221
2 2223
1 2224
1 2232
1 2233
1 2236
2 2238
1 2240
1 2242
1 2247
1 2249
1 2251
2 2254
3 2256
1 2257
1 2258
1 2260
2 2261
1 2262
1 2264
1 2265
3 2266
1 2269
1 2271
1 2272
1 2273
3 2274
1 2276
2 2277
1 2278
1 2279
1 2280
2 2282
1 2283
2 2284
1 2285
1 2287
1 2288
2 2289
1 2290
1 2291
1 2292
4 2294
2 2295
2 2297
1 2298
1 2299
2 2300
1 2301
1 2302
2 2305
1 2306
2 2308
1 2309
2 2310
1 2312
1 2313
1 2314
2 2316
1 2317
1 2319
1 2323
3 2324
3 2325
1 2326
2 2327
2 2328
4 2329
1 2330
5 2331
2 2333
2 2335
2 2336
2 2337
2 2338
1 2339
3 2340
2 2341
1 2342
2 2343
1 2345
3 2346
1 2347
2 2348
1 2349
3 2350
2 2351
3 2352
4 2353
2 2354
5 2355
2 2356
1 2357
2 2359
2 2360
4 2361
5 2362
2 2363
7 2364
1 2365
2 2366
3 2368
2 2369
1 2370
2 2371
2 2372
7 2373
2 2374
4 2375
2 2376
2 2377
3 2378
8 2379
4 2380
1 2381
3 2382
4 2383
4 2384
2 2385
4 2386
3 2387
4 2388
4 2390
3 2391
4 2392
12 2393
5 2394
6 2395
8 2396
4 2397
5 2398
4 2399
11 2400
4 2401
7 2402
7 2403
7 2404
4 2405
5 2406
5 2407
4 2408
6 2409
4 2410
9 2411
9 2412
2 2413
6 2414
5 2415
5 2416
7 2417
8 2418
5 2419
4 2420
7 2421
2 2422
4 2423
6 2424
6 2425
2 2426
5 2427
5 2428
4 2429
5 2430
4 2431
3 2432
3 2433
5 2434
7 2435
8 2436
4 2437
4 2438
2 2439
9 2440
3 2441
3 2442
4 2443
4 2444
8 2445
7 2446
5 2447
4 2448
7 2449
4 2450
7 2451
6 2452
9 2453
3 2454
8 2455
9 2456
6 2457
5 2458
6 2459
3 2460
7 2461
14 2462
3 2463
3 2464
9 2465
10 2466
8 2467
10 2468
7 2469
12 2470
10 2471
9 2472
13 2473
10 2474
11 2475
12 2476
13 2477
5 2478
11 2479
17 2480
13 2481
18 2482
12 2483
16 2484
16 2485
11 2486
14 2487
19 2488
13 2489
14 2490
14 2491
16 2492
11 2493
13 2494
15 2495
15 2496
27 2497
17 2498
16 2499
12 2500
15 2501
14 2502
23 2503
14 2504
6 2505
13 2506
10 2507
12 2508
12 2509
11 2510
11 2511
8 2512
7 2513
7 2514
12 2515
5 2516
3 2517
10 2518
3 2519
7 2520
3 2521
7 2522
3 2523
4 2524
4 2525
5 2526
5 2527
3 2528
6 2529
2 2530
2 2531
6 2532
3 2534
4 2535
1 2536
1 2537
3 2538
3 2539
1 2541
1 2543
2 2544
4 2545
1 2546
3 2547
1 2548
1 2549
1 2550
1 2552
3 2553
4 2554
1 2555
1 2556
1 2558
4 2559
1 2560
1 2562
2 2563
2 2565
2 2566
1 2567
1 2568
2 2569
1 2570
2 2571
2 2572
2 2574
1 2575
1 2576
2 2577
2 2578
1 2579
1 2583
1 2584
1 2587
1 2588
3 2589
1 2590
1 2591
3 2592
2 2593
1 2594
1 2595
2 2598
1 2600
1 2601
3 2602
1 2603
1 2604
1 2606
1 2607
2 2610
1 2614
2 2615
3 2616
2 2618
1 2620
1 2621
1 2622
1 2623
1 2625
2 2628
2 2629
1 2630
1 2642
1 2644
1 2646
2 2648
1 2649
1 2650
1 2651
1 2653
1 2663
1 2664
1 2666
1 2667
1 2668
2 2669
1 2670
1 2671
3 2676
2 2677
1 2680
1 2681
1 2683
2 2686
1 2689
4 2690
2 2691
1 2692
1 2693
1 2694
2 2695
1 2696
2 2698
1 2699
3 2700
1 2701
2 2702
1 2703
2 2704
3 2705
1 2706
1 2707
1 2708
4 2709
6 2711
5 2712
5 2713
3 2714
1 2715
3 2716
2 2717
1 2718
3 2719
2 2720
2 2721
1 2722
3 2723
1 2724
1 2725
3 2727
1 2728
3 2729
4 2730
1 2731
1 2732
1 2733
1 2735
3 2736
2 2739
1 2744
1 2745
2 2749
1 2751
1 2753
1 2754
2 2755
1 2756
2 2757
1 2760
1 2765
2 2769
1 2775
1 2778
2 2779
1 2782
1 2787
1 2791
1 2797
1 2799
1 2801
1 2802
1 2803
1 2804
1 2805
1 2806
1 2807
1 2810
1 2811
1 2814
2 2820
2 2821
1 2822
3 2823
1 2825
1 2826
2 2827
2 2829
1 2830
2 2841
1 2845
1 2847
1 2849
1 2851
1 2858
1 2861
1 2862
1 2865
1 2869
1 2877
1 2899
2 2910
1 2916
1 2925
1 2940
1 2977
1 2990
1 3007
1 3011
1 3012
1 3056
1 3068
1 3079
1 3087
1 3108
1 3121
1 3137
1 3142
2 3161
1 3170
1 3212
1 3221
1 3379
1 3382
1 3403
1 3447
1 3448
1 3472
1 3482
1 3486
1 3533
1 3592
1 3640
1 3659
1 3944
1 3967
1 4075
1 4104
1 4134
1 4136
1 4346
1 4372
