2 1
2 3
3 4
1 5
1 6
5 7
2 8
4 9
3 10
3 12
1 13
1 16
1 18
2 21
3 22
1 24
3 25
3 26
1 27
3 28
1 29
5 31
2 32
2 33
1 34
1 35
1 36
1 37
1 39
2 40
2 41
2 42
2 43
2 44
2 45
4 46
5 47
2 48
3 49
5 50
6 51
3 52
3 53
5 54
2 55
4 56
1 57
5 58
1 59
4 60
1 61
1 62
3 63
2 64
5 65
3 66
3 67
5 68
3 69
2 70
4 71
3 72
3 73
4 74
2 75
6 77
2 78
8 79
3 80
8 81
3 82
9 83
8 84
7 85
8 86
8 87
9 88
4 89
2 90
3 91
3 92
6 93
7 94
6 95
7 96
4 97
7 98
6 99
2 100
4 101
6 102
5 103
8 104
4 105
2 106
5 107
14 108
3 109
4 110
3 111
5 112
7 113
4 114
2 116
6 117
5 118
3 119
14 120
5 121
7 122
7 123
4 124
11 125
5 126
6 127
11 128
7 129
5 130
10 131
5 132
1 133
3 134
9 135
7 136
6 137
5 138
4 139
4 140
10 141
6 142
7 143
8 144
15 145
12 146
10 147
18 148
19 149
23 150
23 151
24 152
18 153
19 154
20 155
14 156
17 157
9 158
7 159
7 160
11 161
6 162
10 163
12 164
9 165
12 166
17 167
5 168
9 169
9 170
10 171
13 172
6 173
6 174
9 175
10 176
7 177
8 178
14 179
12 180
11 181
10 182
9 183
7 184
11 185
4 186
7 187
6 188
8 189
10 190
14 191
14 192
9 193
22 194
12 195
14 196
16 197
9 198
12 199
25 200
12 201
27 202
16 203
13 204
24 205
7 206
17 207
10 208
10 209
8 210
11 211
7 212
11 213
9 214
10 215
5 216
9 217
6 218
10 219
15 220
11 221
16 222
15 223
18 224
17 225
21 226
28 227
28 228
32 229
44 230
48 231
62 232
49 233
79 234
84 235
122 236
135 237
136 238
121 239
106 240
100 241
87 242
61 243
54 244
38 245
38 246
33 247
23 248
23 249
20 250
25 251
26 252
30 253
22 254
38 255
27 256
34 257
37 258
57 259
51 260
66 261
50 262
82 263
67 264
60 265
70 266
80 267
68 268
60 269
51 270
43 271
37 272
32 273
25 274
24 275
22 276
12 277
13 278
17 279
12 280
12 281
21 282
7 283
15 284
8 285
6 286
13 287
15 288
13 289
14 290
21 291
20 292
17 293
22 294
17 295
31 296
26 297
25 298
32 299
26 300
28 301
19 302
19 303
16 304
16 305
20 306
8 307
14 308
8 309
8 310
11 311
12 312
9 313
16 314
15 315
6 316
9 317
10 318
7 319
19 320
17 321
24 322
19 323
13 324
29 325
17 326
30 327
18 328
25 329
26 330
25 331
28 332
25 333
24 334
20 335
21 336
22 337
18 338
12 339
17 340
14 341
18 342
15 343
13 344
17 345
11 346
17 347
17 348
26 349
23 350
18 351
20 352
21 353
22 354
29 355
27 356
33 357
27 358
33 359
22 360
41 361
49 362
56 363
53 364
53 365
40 366
56 367
44 368
50 369
52 370
57 371
63 372
47 373
52 374
55 375
54 376
31 377
32 378
56 379
66 380
47 381
46 382
47 383
43 384
48 385
41 386
42 387
35 388
39 389
25 390
27 391
34 392
25 393
20 394
24 395
28 396
24 397
28 398
17 399
12 400
20 401
28 402
31 403
27 404
34 405
42 406
46 407
46 408
48 409
47 410
69 411
90 412
71 413
95 414
99 415
103 416
112 417
134 418
153 419
146 420
131 421
181 422
209 423
195 424
182 425
190 426
192 427
190 428
176 429
146 430
158 431
132 432
97 433
95 434
81 435
89 436
72 437
59 438
64 439
33 440
37 441
35 442
29 443
22 444
28 445
24 446
24 447
29 448
15 449
17 450
24 451
15 452
20 453
17 454
29 455
22 456
19 457
13 458
14 459
26 460
19 461
16 462
22 463
12 464
17 465
15 466
29 467
16 468
26 469
24 470
21 471
23 472
14 473
20 474
22 475
27 476
25 477
21 478
24 479
26 480
41 481
34 482
21 483
28 484
25 485
25 486
25 487
33 488
21 489
16 490
20 491
20 492
23 493
26 494
32 495
18 496
16 497
15 498
23 499
18 500
20 501
25 502
16 503
15 504
21 505
23 506
35 507
24 508
41 509
36 510
36 511
39 512
37 513
41 514
46 515
73 516
82 517
66 518
81 519
77 520
97 521
117 522
101 523
155 524
144 525
151 526
192 527
208 528
212 529
232 530
224 531
209 532
210 533
198 534
183 535
214 536
154 537
164 538
132 539
133 540
88 541
84 542
77 543
68 544
79 545
38 546
36 547
29 548
25 549
29 550
15 551
25 552
21 553
14 554
12 555
17 556
13 557
12 558
13 559
14 560
16 561
9 562
10 563
14 564
12 565
18 566
11 567
18 568
12 569
13 570
22 571
13 572
12 573
25 574
20 575
15 576
13 577
11 578
23 579
12 580
16 581
14 582
11 583
20 584
14 585
9 586
12 587
13 588
15 589
13 590
15 591
19 592
18 593
6 594
13 595
15 596
17 597
17 598
20 599
13 600
17 601
14 602
23 603
7 604
24 605
35 606
27 607
24 608
20 609
21 610
19 611
24 612
23 613
21 614
30 615
23 616
24 617
26 618
29 619
29 620
29 621
22 622
23 623
31 624
27 625
19 626
37 627
22 628
42 629
30 630
27 631
30 632
25 633
26 634
19 635
24 636
33 637
32 638
34 639
35 640
45 641
34 642
35 643
39 644
51 645
56 646
47 647
47 648
59 649
53 650
56 651
62 652
64 653
78 654
74 655
90 656
74 657
96 658
91 659
90 660
105 661
109 662
90 663
110 664
103 665
86 666
96 667
93 668
101 669
88 670
94 671
102 672
113 673
87 674
85 675
116 676
94 677
100 678
105 679
109 680
114 681
116 682
131 683
124 684
132 685
132 686
144 687
157 688
142 689
128 690
148 691
132 692
141 693
118 694
108 695
115 696
99 697
89 698
91 699
60 700
67 701
63 702
37 703
46 704
34 705
23 706
28 707
34 708
20 709
19 710
24 711
16 712
24 713
17 714
14 715
9 716
11 717
18 718
10 719
15 720
20 721
12 722
19 723
12 724
11 725
22 726
19 727
14 728
21 729
23 730
21 731
22 732
17 733
21 734
16 735
19 736
21 737
22 738
22 739
32 740
31 741
29 742
31 743
34 744
27 745
27 746
29 747
35 748
34 749
20 750
26 751
40 752
29 753
36 754
30 755
36 756
27 757
29 758
38 759
38 760
36 761
30 762
44 763
36 764
21 765
37 766
39 767
30 768
36 769
48 770
53 771
43 772
43 773
60 774
48 775
66 776
78 777
68 778
67 779
88 780
101 781
86 782
92 783
119 784
148 785
97 786
145 787
139 788
168 789
165 790
192 791
220 792
198 793
222 794
208 795
245 796
253 797
272 798
251 799
275 800
247 801
223 802
231 803
224 804
209 805
183 806
160 807
155 808
149 809
122 810
121 811
125 812
103 813
104 814
91 815
114 816
83 817
79 818
99 819
77 820
98 821
76 822
84 823
65 824
88 825
78 826
84 827
90 828
92 829
87 830
86 831
92 832
92 833
109 834
82 835
81 836
102 837
80 838
101 839
88 840
80 841
66 842
90 843
102 844
57 845
76 846
77 847
90 848
71 849
80 850
90 851
98 852
100 853
104 854
82 855
120 856
115 857
120 858
133 859
136 860
151 861
184 862
156 863
203 864
193 865
213 866
206 867
265 868
256 869
216 870
262 871
254 872
287 873
258 874
250 875
275 876
271 877
260 878
282 879
271 880
263 881
253 882
269 883
261 884
238 885
260 886
243 887
268 888
240 889
217 890
230 891
238 892
204 893
161 894
224 895
183 896
189 897
170 898
161 899
126 900
140 901
113 902
103 903
93 904
89 905
84 906
79 907
61 908
55 909
50 910
55 911
44 912
28 913
35 914
28 915
28 916
23 917
22 918
18 919
16 920
21 921
19 922
24 923
16 924
23 925
14 926
13 927
17 928
16 929
9 930
10 931
12 932
17 933
10 934
11 935
11 936
17 937
3 938
11 939
7 940
10 941
8 942
3 943
5 944
3 945
7 946
4 947
3 948
8 949
6 950
4 951
4 952
7 953
4 954
1 955
5 956
4 957
5 958
8 959
1 960
2 961
6 962
3 963
4 964
4 965
8 966
5 967
3 968
5 969
4 970
5 971
5 972
4 973
6 974
2 975
3 976
3 977
2 978
4 979
4 980
6 981
4 982
4 983
5 984
6 985
8 986
5 987
10 988
4 989
4 990
6 991
5 992
4 993
9 994
7 995
7 996
4 997
6 998
8 999
4 1000
1 1001
7 1002
4 1003
9 1004
7 1005
3 1006
4 1007
6 1008
2 1009
6 1010
6 1011
2 1012
2 1013
4 1014
3 1015
6 1016
7 1017
4 1018
6 1019
1 1020
6 1021
5 1022
2 1023
5 1024
1 1025
3 1026
4 1027
4 1028
3 1029
2 1030
5 1031
5 1032
2 1033
4 1034
4 1035
11 1036
9 1037
5 1038
3 1039
1 1040
4 1041
3 1042
4 1043
6 1044
5 1045
10 1046
6 1047
2 1048
6 1049
6 1050
6 1051
5 1052
3 1054
7 1055
10 1056
8 1057
8 1058
4 1059
7 1060
8 1061
4 1062
4 1063
10 1064
5 1065
5 1066
6 1067
8 1068
3 1069
7 1070
9 1071
7 1072
9 1073
7 1074
5 1075
4 1076
7 1077
5 1078
7 1079
9 1080
4 1081
8 1082
2 1083
4 1084
5 1085
5 1086
2 1087
9 1088
4 1089
13 1090
7 1091
13 1092
7 1093
6 1094
4 1095
4 1096
4 1097
5 1098
4 1099
9 1100
10 1101
8 1102
8 1103
3 1104
6 1105
6 1106
8 1107
6 1108
8 1109
8 1110
2 1111
5 1112
4 1113
8 1114
10 1115
9 1116
12 1117
11 1118
8 1119
8 1120
8 1121
17 1122
7 1123
9 1124
10 1125
10 1126
14 1127
15 1128
10 1129
9 1130
11 1131
9 1132
12 1133
10 1134
9 1135
14 1136
9 1137
8 1138
15 1139
11 1140
11 1141
11 1142
16 1143
8 1144
10 1145
8 1146
16 1147
18 1148
13 1149
9 1150
14 1151
17 1152
10 1153
9 1154
14 1155
9 1156
19 1157
17 1158
8 1159
18 1160
9 1161
16 1162
13 1163
21 1164
20 1165
19 1166
14 1167
12 1168
14 1169
23 1170
11 1171
14 1172
13 1173
12 1174
12 1175
15 1176
15 1177
15 1178
19 1179
10 1180
12 1181
18 1182
22 1183
16 1184
19 1185
12 1186
11 1187
13 1188
19 1189
22 1190
23 1191
14 1192
20 1193
18 1194
23 1195
19 1196
18 1197
25 1198
27 1199
39 1200
32 1201
37 1202
33 1203
16 1204
24 1205
32 1206
35 1207
23 1208
33 1209
38 1210
45 1211
45 1212
42 1213
44 1214
44 1215
38 1216
36 1217
64 1218
48 1219
58 1220
58 1221
66 1222
67 1223
78 1224
84 1225
80 1226
81 1227
89 1228
80 1229
73 1230
100 1231
93 1232
96 1233
96 1234
113 1235
113 1236
118 1237
100 1238
133 1239
110 1240
128 1241
98 1242
118 1243
108 1244
114 1245
122 1246
95 1247
115 1248
120 1249
84 1250
101 1251
81 1252
74 1253
87 1254
84 1255
62 1256
64 1257
78 1258
61 1259
52 1260
49 1261
47 1262
59 1263
58 1264
51 1265
45 1266
56 1267
43 1268
40 1269
40 1270
38 1271
52 1272
40 1273
45 1274
41 1275
56 1276
47 1277
38 1278
48 1279
48 1280
50 1281
45 1282
46 1283
41 1284
53 1285
54 1286
56 1287
35 1288
52 1289
39 1290
39 1291
44 1292
37 1293
46 1294
48 1295
37 1296
39 1297
31 1298
32 1299
33 1300
24 1301
26 1302
24 1303
23 1304
23 1305
14 1306
18 1307
13 1308
17 1309
25 1310
16 1311
14 1312
18 1313
18 1314
17 1315
15 1316
20 1317
16 1318
19 1319
19 1320
11 1321
23 1322
16 1323
14 1324
20 1325
26 1326
14 1327
23 1328
22 1329
19 1330
16 1331
23 1332
22 1333
25 1334
26 1335
32 1336
28 1337
30 1338
35 1339
36 1340
30 1341
33 1342
33 1343
29 1344
49 1345
39 1346
40 1347
37 1348
38 1349
56 1350
55 1351
52 1352
55 1353
56 1354
67 1355
48 1356
47 1357
63 1358
59 1359
51 1360
59 1361
56 1362
63 1363
49 1364
62 1365
55 1366
67 1367
58 1368
53 1369
50 1370
46 1371
48 1372
49 1373
32 1374
45 1375
35 1376
26 1377
28 1378
43 1379
19 1380
19 1381
18 1382
27 1383
18 1384
26 1385
16 1386
17 1387
15 1388
37 1389
25 1390
25 1391
15 1392
27 1393
18 1394
22 1395
21 1396
22 1397
21 1398
13 1399
23 1400
21 1401
24 1402
23 1403
20 1404
23 1405
28 1406
20 1407
20 1408
25 1409
34 1410
13 1411
16 1412
24 1413
20 1414
17 1415
33 1416
28 1417
28 1418
29 1419
27 1420
29 1421
24 1422
19 1423
31 1424
31 1425
32 1426
30 1427
40 1428
37 1429
36 1430
32 1431
46 1432
27 1433
36 1434
31 1435
34 1436
35 1437
36 1438
30 1439
37 1440
42 1441
33 1442
29 1443
23 1444
34 1445
29 1446
19 1447
37 1448
24 1449
22 1450
30 1451
27 1452
24 1453
25 1454
30 1455
23 1456
22 1457
20 1458
20 1459
23 1460
30 1461
16 1462
29 1463
24 1464
26 1465
22 1466
22 1467
34 1468
27 1469
31 1470
27 1471
27 1472
22 1473
35 1474
27 1475
41 1476
29 1477
25 1478
31 1479
28 1480
33 1481
25 1482
35 1483
39 1484
33 1485
33 1486
28 1487
38 1488
38 1489
30 1490
33 1491
29 1492
32 1493
27 1494
25 1495
25 1496
23 1497
25 1498
37 1499
29 1500
29 1501
20 1502
19 1503
21 1504
20 1505
18 1506
32 1507
13 1508
20 1509
16 1510
12 1511
12 1512
9 1513
12 1514
15 1515
14 1516
14 1517
15 1518
11 1519
17 1520
5 1521
13 1522
8 1523
4 1524
7 1525
8 1526
5 1527
9 1528
3 1529
4 1530
7 1531
5 1532
7 1533
8 1534
6 1535
4 1536
4 1537
3 1538
6 1539
6 1540
4 1541
2 1542
3 1543
5 1544
2 1545
4 1546
4 1547
4 1548
6 1549
3 1550
3 1551
6 1552
4 1553
3 1554
5 1555
4 1557
2 1558
8 1559
4 1560
8 1561
1 1562
6 1563
3 1564
5 1565
5 1566
7 1567
3 1568
2 1569
2 1570
4 1571
5 1572
7 1573
6 1574
8 1575
4 1576
9 1577
6 1578
6 1579
6 1580
10 1581
8 1582
7 1583
9 1584
5 1585
5 1586
9 1587
10 1588
5 1589
12 1590
11 1591
7 1592
11 1593
10 1594
9 1595
12 1596
6 1597
7 1598
5 1599
8 1600
7 1601
7 1602
12 1603
5 1604
8 1605
8 1606
6 1607
5 1608
10 1609
4 1610
8 1611
1 1612
8 1613
6 1615
9 1616
7 1617
4 1619
9 1620
5 1621
3 1622
6 1623
5 1624
9 1625
1 1626
3 1627
1 1628
8 1629
4 1630
7 1631
7 1632
4 1633
3 1634
4 1635
2 1636
6 1637
3 1638
2 1639
5 1640
5 1641
3 1642
3 1643
4 1644
3 1645
4 1646
4 1647
4 1648
2 1649
2 1650
8 1651
5 1652
1 1653
1 1654
1 1656
3 1657
5 1658
4 1659
3 1660
4 1661
2 1662
2 1663
1 1664
5 1665
5 1666
4 1667
2 1668
7 1669
1 1670
1 1671
3 1672
5 1673
3 1674
2 1675
2 1676
8 1677
2 1678
2 1679
7 1680
6 1681
3 1682
3 1683
3 1684
4 1685
5 1686
3 1687
6 1688
4 1689
7 1690
5 1691
7 1692
5 1693
2 1694
11 1695
5 1696
5 1697
11 1698
11 1699
10 1700
12 1701
7 1702
10 1703
1 1704
10 1705
5 1706
6 1707
10 1708
8 1709
10 1710
10 1711
2 1712
5 1713
9 1714
10 1715
10 1716
9 1717
8 1718
9 1719
6 1720
9 1721
6 1722
13 1723
7 1724
8 1725
8 1726
4 1727
8 1728
7 1729
1 1730
5 1731
4 1732
7 1733
4 1734
2 1735
5 1736
5 1737
5 1738
3 1739
6 1740
1 1741
2 1742
4 1743
2 1744
5 1745
1 1746
5 1747
2 1748
3 1749
2 1750
4 1751
4 1752
3 1753
5 1755
2 1756
2 1757
2 1758
2 1759
1 1760
1 1761
2 1762
2 1764
1 1765
3 1766
2 1767
4 1768
2 1769
3 1770
4 1771
4 1772
3 1773
1 1774
3 1775
1 1776
1 1777
1 1779
2 1780
1 1781
2 1782
1 1783
1 1784
5 1785
2 1786
3 1787
1 1788
1 1789
3 1791
5 1793
1 1794
1 1795
2 1796
1 1797
1 1798
1 1800
3 1801
2 1804
2 1805
1 1806
1 1807
3 1808
2 1809
1 1810
1 1812
3 1813
1 1814
1 1816
2 1818
2 1819
2 1820
2 1821
2 1822
3 1824
3 1825
1 1826
1 1827
2 1828
3 1829
1 1830
2 1831
1 1832
4 1833
1 1834
3 1835
1 1836
3 1837
2 1839
4 1840
4 1841
1 1842
3 1843
3 1844
2 1845
4 1846
1 1847
2 1848
4 1849
4 1850
4 1851
1 1852
3 1853
2 1854
2 1855
4 1856
5 1857
4 1858
3 1859
2 1860
5 1861
4 1862
3 1863
1 1864
3 1865
2 1866
3 1867
5 1868
2 1869
3 1870
1 1871
3 1872
3 1873
6 1874
2 1875
5 1876
4 1877
2 1878
2 1879
3 1880
11 1881
5 1882
2 1883
6 1884
3 1885
5 1886
3 1887
5 1888
3 1889
3 1890
6 1891
5 1892
2 1893
2 1894
4 1895
2 1896
8 1897
4 1898
2 1899
5 1900
5 1901
4 1902
4 1903
8 1904
2 1905
5 1906
3 1907
4 1908
3 1909
6 1910
6 1911
5 1912
4 1913
4 1914
1 1915
3 1916
3 1917
5 1918
6 1919
6 1920
3 1921
4 1922
6 1923
5 1924
5 1925
4 1926
7 1927
5 1928
4 1929
3 1930
3 1931
5 1932
1 1933
5 1934
10 1935
6 1936
5 1937
6 1938
9 1939
6 1940
4 1941
8 1942
4 1943
1 1944
5 1945
9 1946
3 1947
5 1948
2 1949
1 1950
7 1951
7 1952
7 1953
3 1954
12 1955
5 1956
10 1957
5 1958
4 1959
6 1960
6 1961
5 1962
4 1963
5 1964
4 1965
16 1966
9 1967
12 1968
3 1969
3 1970
16 1971
11 1972
7 1973
6 1974
8 1975
7 1976
4 1977
10 1978
7 1979
6 1980
6 1981
12 1982
13 1983
12 1984
8 1985
12 1986
10 1987
18 1988
14 1989
12 1990
13 1991
14 1992
18 1993
20 1994
19 1995
19 1996
16 1997
19 1998
18 1999
9 2000
25 2001
19 2002
9 2003
22 2004
14 2005
22 2006
18 2007
17 2008
6 2009
15 2010
21 2011
17 2012
11 2013
8 2014
13 2015
19 2016
15 2017
12 2018
8 2019
14 2020
12 2021
14 2022
7 2023
12 2024
8 2025
9 2026
11 2027
11 2028
8 2029
6 2030
4 2031
11 2032
3 2033
7 2034
7 2035
10 2036
12 2037
1 2038
6 2039
11 2040
6 2041
8 2042
5 2043
8 2044
7 2045
1 2046
4 2047
5 2048
4 2049
4 2050
5 2051
6 2052
8 2053
5 2054
5 2055
10 2056
4 2058
8 2059
5 2060
7 2061
2 2062
3 2063
8 2064
2 2065
4 2066
13 2067
6 2068
4 2069
13 2070
4 2071
5 2072
6 2073
8 2074
7 2075
4 2076
11 2077
15 2078
9 2079
6 2080
7 2081
7 2082
7 2083
11 2084
7 2085
9 2086
13 2087
14 2088
10 2089
9 2090
11 2091
6 2092
7 2093
15 2094
11 2095
13 2096
14 2097
11 2098
10 2099
15 2100
7 2101
15 2102
17 2103
12 2104
12 2105
17 2106
23 2107
13 2108
19 2109
17 2110
18 2111
24 2112
23 2113
17 2114
25 2115
31 2116
29 2117
31 2118
27 2119
25 2120
24 2121
30 2122
35 2123
34 2124
34 2125
40 2126
25 2127
34 2128
32 2129
47 2130
49 2131
46 2132
34 2133
44 2134
41 2135
39 2136
46 2137
51 2138
44 2139
46 2140
50 2141
46 2142
45 2143
50 2144
50 2145
51 2146
47 2147
53 2148
43 2149
39 2150
50 2151
40 2152
51 2153
51 2154
51 2155
47 2156
43 2157
35 2158
32 2159
45 2160
34 2161
39 2162
39 2163
32 2164
38 2165
25 2166
29 2167
23 2168
29 2169
22 2170
24 2171
21 2172
19 2173
20 2174
15 2175
12 2176
10 2177
7 2178
21 2179
11 2180
17 2181
9 2182
8 2183
6 2184
7 2185
5 2186
3 2187
6 2188
1 2189
3 2190
5 2191
5 2192
5 2193
5 2194
2 2195
1 2196
3 2197
1 2198
1 2199
3 2200
2 2201
3 2203
2 2204
2 2207
3 2208
1 2210
5 2211
2 2212
1 2216
1 2217
1 2219
1 2220
1 2221
1 2223
1 2224
2 2227
2 2228
1 2229
1 2234
1 2238
1 2241
1 2247
1 2252
2 2266
1 2272
1 2273
3 2275
1 2276
1 2277
1 2289
1 2293
1 2297
1 2301
1 2306
2 2319
1 2325
1 2328
2 2329
1 2330
1 2331
1 2332
1 2336
1 2337
3 2339
1 2345
2 2358
2 2359
2 2360
1 2363
1 2364
1 2366
2 2368
1 2375
1 2380
2 2381
1 2382
2 2393
1 2395
1 2397
1 2399
1 2404
1 2405
1 2406
1 2409
1 2412
1 2413
1 2422
1 2423
1 2427
1 2428
1 2435
1 2444
1 2446
1 2455
1 2458
2 2461
1 2466
1 2467
1 2468
1 2480
1 2489
1 2491
1 2496
1 2497
1 2507
1 2511
2 2514
1 2516
1 2521
2 2524
1 2533
1 2534
1 2535
1 2538
1 2547
1 2548
2 2554
1 2555
1 2556
1 2559
1 2560
1 2562
1 2565
1 2567
1 2569
1 2573
1 2574
1 2577
1 2586
1 2588
1 2590
1 2591
2 2593
1 2594
1 2595
1 2598
1 2599
1 2600
1 2603
1 2604
1 2606
1 2608
1 2610
1 2611
1 2612
1 2618
3 2620
1 2624
1 2626
1 2630
1 2631
2 2636
1 2637
1 2638
1 2642
1 2643
1 2646
1 2648
1 2649
1 2652
1 2653
1 2673
2 2677
2 2681
1 2683
1 2685
1 2686
1 2687
2 2689
1 2691
1 2692
2 2693
2 2695
1 2697
1 2700
1 2703
1 2708
1 2709
1 2715
2 2720
2 2722
1 2726
1 2736
2 2739
1 2741
2 2746
1 2747
1 2751
1 2752
1 2756
1 2758
1 2761
1 2763
1 2767
2 2768
1 2770
2 2773
1 2777
1 2778
1 2785
1 2787
1 2793
2 2796
1 2798
1 2801
1 2809
1 2817
1 2821
1 2826
1 2828
1 2829
1 2830
1 2837
1 2838
1 2849
1 2850
1 2857
1 2863
1 2865
1 2874
1 2876
1 2884
1 2889
1 2891
1 2920
1 2922
1 2930
1 2937
1 2971
1 2974
1 2984
1 2987
1 2991
1 3000
1 3033
1 3051
1 3064
1 3089
1 3096
1 3108
1 3121
1 3122
1 3124
1 3129
2 3130
1 3146
1 3148
1 3150
1 3159
1 3167
1 3178
1 3197
1 3212
1 3215
1 3217
1 3222
1 3232
1 3241
1 3267
1 3269
1 3298
1 3306
1 3309
1 3310
1 3319
1 3324
1 3333
1 3350
1 3372
1 3380
1 3385
1 3408
1 3410
1 3432
1 3447
2 3457
1 3474
1 3551
1 3568
1 3594
1 3632
1 3635
1 3639
1 3695
1 3711
1 3718
1 3731
1 3763
1 3783
1 3970
1 4201
2 4419
1 4633
1 6314
1 6846
