6 1
5 2
5 3
2 4
3 5
1 6
7 7
3 8
2 9
6 10
2 11
2 12
3 13
6 14
2 15
2 16
3 17
1 19
4 20
3 21
5 22
4 23
2 24
2 25
3 26
2 27
2 28
3 29
1 30
5 31
1 32
6 33
5 34
3 35
6 36
8 37
8 38
14 39
18 40
23 41
13 42
8 43
8 44
5 45
5 46
4 47
6 48
8 49
3 50
3 51
3 52
6 53
3 54
4 55
4 56
1 57
4 58
6 59
5 61
2 62
2 63
5 64
3 65
2 66
2 67
2 68
2 69
5 71
4 72
2 73
4 74
1 75
4 76
3 77
5 78
4 79
2 80
6 82
2 83
2 84
9 85
5 86
4 87
4 88
6 89
4 90
4 91
5 92
2 93
6 94
4 95
3 96
3 97
3 98
7 99
2 100
1 101
4 102
3 103
5 104
5 105
4 106
6 107
3 108
5 109
5 110
3 111
6 112
7 113
2 114
8 115
7 116
9 117
5 118
9 119
8 120
3 121
8 122
4 123
5 124
11 125
10 126
9 127
7 128
9 129
16 130
12 131
14 132
14 133
13 134
20 135
21 136
43 137
61 138
61 139
75 140
74 141
94 142
61 143
71 144
43 145
45 146
35 147
19 148
19 149
15 150
17 151
11 152
10 153
8 154
8 155
5 156
8 157
13 158
11 159
4 160
13 161
12 162
7 163
11 164
12 165
7 166
9 167
8 168
6 169
10 170
6 171
8 172
13 173
6 174
6 175
14 176
10 177
8 178
12 179
9 180
18 181
11 182
15 183
25 184
27 185
19 186
27 187
41 188
34 189
43 190
57 191
69 192
75 193
94 194
104 195
98 196
112 197
95 198
99 199
88 200
79 201
49 202
52 203
31 204
35 205
31 206
32 207
26 208
24 209
28 210
22 211
25 212
21 213
19 214
17 215
17 216
16 217
15 218
19 219
7 220
17 221
14 222
14 223
12 224
9 225
13 226
10 227
16 228
12 229
16 230
14 231
10 232
10 233
14 234
17 235
9 236
13 237
9 238
23 239
10 240
14 241
12 242
20 243
19 244
17 245
28 246
30 247
15 248
27 249
29 250
26 251
31 252
38 253
37 254
39 255
49 256
49 257
47 258
44 259
46 260
40 261
50 262
46 263
53 264
38 265
46 266
41 267
44 268
27 269
27 270
26 271
27 272
25 273
37 274
25 275
22 276
20 277
22 278
22 279
12 280
19 281
20 282
15 283
22 284
27 285
17 286
22 287
24 288
28 289
24 290
12 291
16 292
30 293
24 294
18 295
21 296
24 297
18 298
28 299
27 300
35 301
30 302
30 303
24 304
34 305
39 306
42 307
37 308
37 309
46 310
27 311
52 312
47 313
56 314
40 315
54 316
55 317
69 318
70 319
82 320
93 321
96 322
119 323
109 324
126 325
120 326
108 327
114 328
111 329
98 330
99 331
61 332
55 333
54 334
54 335
50 336
31 337
33 338
22 339
21 340
25 341
23 342
21 343
20 344
21 345
19 346
20 347
19 348
15 349
23 350
31 351
22 352
28 353
20 354
27 355
16 356
17 357
30 358
21 359
25 360
23 361
32 362
15 363
30 364
35 365
31 366
26 367
39 368
33 369
42 370
44 371
23 372
34 373
33 374
25 375
29 376
28 377
27 378
33 379
19 380
28 381
27 382
30 383
23 384
28 385
44 386
46 387
43 388
41 389
29 390
41 391
29 392
53 393
44 394
59 395
55 396
51 397
57 398
52 399
63 400
80 401
79 402
78 403
68 404
78 405
94 406
95 407
98 408
88 409
94 410
77 411
106 412
78 413
90 414
84 415
82 416
84 417
77 418
87 419
85 420
79 421
61 422
70 423
77 424
75 425
64 426
59 427
87 428
87 429
87 430
104 431
103 432
108 433
140 434
124 435
147 436
140 437
177 438
156 439
143 440
168 441
146 442
140 443
151 444
108 445
104 446
92 447
92 448
85 449
80 450
58 451
64 452
67 453
54 454
64 455
64 456
67 457
69 458
68 459
64 460
72 461
77 462
84 463
86 464
81 465
101 466
98 467
108 468
134 469
129 470
148 471
157 472
183 473
153 474
184 475
177 476
206 477
202 478
210 479
206 480
210 481
234 482
233 483
240 484
297 485
356 486
353 487
426 488
450 489
506 490
640 491
679 492
848 493
857 494
969 495
1087 496
1341 497
1352 498
1549 499
1549 500
1602 501
1794 502
1648 503
1673 504
1544 505
1522 506
1434 507
1304 508
1125 509
977 510
865 511
766 512
560 513
487 514
432 515
346 516
316 517
200 518
174 519
134 520
144 521
106 522
99 523
58 524
76 525
32 526
35 527
33 528
27 529
22 530
27 531
18 532
13 533
12 534
16 535
13 536
10 537
11 538
16 539
10 540
9 541
20 542
7 543
10 544
8 545
10 546
13 547
18 548
7 549
8 550
14 551
9 552
13 553
11 554
10 555
10 556
13 557
13 558
12 559
12 560
7 561
9 562
11 563
5 564
8 565
4 566
8 567
7 568
6 569
2 570
8 571
8 572
5 573
5 574
8 575
10 576
6 577
11 578
6 579
2 580
6 581
13 582
9 583
7 584
8 585
7 586
6 587
7 588
9 589
5 590
4 591
5 592
8 593
8 594
8 595
3 596
4 597
6 598
8 599
2 600
3 601
7 602
6 603
5 604
4 605
4 606
4 607
4 608
3 609
4 610
8 611
2 612
5 613
8 614
7 615
3 616
4 617
1 618
8 619
4 620
1 621
2 622
4 623
7 624
7 625
7 626
3 627
2 628
3 629
2 630
3 631
4 632
6 633
2 634
2 635
6 636
3 637
2 638
4 639
5 640
6 641
3 642
3 643
6 644
2 645
5 646
5 647
3 648
1 651
1 652
4 653
4 654
2 655
6 656
7 657
6 658
1 659
2 660
3 661
7 662
1 663
3 664
1 665
3 666
3 667
6 668
9 669
7 670
3 671
2 672
10 673
1 674
5 675
5 676
6 677
5 678
4 679
5 680
7 681
4 682
2 683
7 684
5 685
2 686
4 687
6 688
9 689
11 690
2 691
7 692
7 693
8 694
6 695
7 696
5 697
3 698
5 699
8 700
6 701
5 702
5 703
4 704
11 705
9 706
4 707
2 708
7 709
5 710
3 711
8 712
5 713
10 714
7 715
8 716
5 717
10 718
3 719
9 720
4 721
5 722
6 723
10 724
12 725
7 726
9 727
7 728
6 729
10 730
6 731
6 732
7 733
8 734
5 735
13 736
17 737
11 738
11 739
13 740
7 741
14 742
15 743
15 744
17 745
18 746
20 747
28 748
32 749
16 750
28 751
38 752
31 753
29 754
33 755
23 756
38 757
32 758
48 759
29 760
35 761
28 762
29 763
26 764
31 765
24 766
20 767
23 768
15 769
21 770
20 771
19 772
17 773
18 774
10 775
15 776
22 777
14 778
12 779
14 780
10 781
15 782
9 783
9 784
15 785
14 786
6 787
13 788
8 789
13 790
20 791
13 792
19 793
10 794
14 795
11 796
10 797
22 798
16 799
12 800
10 801
19 802
14 803
18 804
16 805
14 806
20 807
20 808
14 809
21 810
26 811
17 812
22 813
26 814
26 815
25 816
29 817
27 818
32 819
33 820
27 821
24 822
38 823
30 824
41 825
41 826
26 827
38 828
38 829
46 830
45 831
45 832
43 833
42 834
43 835
52 836
41 837
36 838
36 839
35 840
38 841
27 842
37 843
29 844
22 845
40 846
15 847
20 848
31 849
19 850
18 851
16 852
16 853
18 854
18 855
20 856
27 857
18 858
23 859
26 860
18 861
21 862
28 863
19 864
25 865
18 866
22 867
24 868
18 869
16 870
25 871
21 872
32 873
28 874
22 875
36 876
30 877
24 878
40 879
34 880
34 881
40 882
30 883
39 884
42 885
42 886
36 887
37 888
47 889
74 890
52 891
69 892
74 893
60 894
58 895
65 896
69 897
76 898
77 899
84 900
84 901
82 902
104 903
85 904
74 905
97 906
76 907
83 908
72 909
61 910
73 911
77 912
57 913
72 914
59 915
59 916
60 917
56 918
46 919
36 920
34 921
32 922
37 923
33 924
21 925
18 926
20 927
22 928
18 929
15 930
13 931
11 932
3 933
11 934
9 935
7 936
4 937
10 938
4 939
4 940
3 941
3 942
3 943
3 944
2 945
3 946
2 947
3 948
3 949
4 950
1 951
4 952
1 953
4 954
5 955
6 956
4 957
7 958
5 959
6 960
6 961
1 962
6 963
7 964
5 965
9 966
8 967
3 968
13 969
6 970
9 971
12 972
2 973
5 974
5 975
3 976
5 977
15 978
11 979
9 980
8 981
9 982
11 983
10 984
9 985
11 986
13 987
12 988
11 989
13 990
16 991
13 992
4 993
9 994
17 995
13 996
18 997
17 998
12 999
14 1000
10 1001
5 1002
9 1003
10 1004
11 1005
5 1006
4 1007
5 1008
4 1009
4 1010
7 1011
5 1012
4 1013
6 1014
4 1015
2 1016
5 1017
5 1018
5 1019
2 1020
2 1021
1 1022
2 1023
3 1025
3 1027
2 1028
1 1029
3 1030
1 1031
2 1032
3 1033
2 1035
1 1036
3 1037
3 1038
1 1039
1 1040
3 1041
4 1042
2 1043
3 1044
7 1046
2 1047
5 1048
2 1050
2 1051
2 1052
3 1053
2 1054
1 1056
2 1057
3 1058
1 1059
2 1061
1 1062
2 1063
2 1066
3 1068
2 1069
6 1070
3 1071
1 1072
3 1073
2 1074
3 1075
1 1076
4 1077
9 1078
5 1079
3 1080
3 1081
3 1082
3 1083
4 1084
6 1085
4 1086
2 1087
6 1088
1 1089
8 1090
4 1091
1 1092
6 1093
4 1094
2 1095
2 1096
3 1097
4 1099
2 1100
2 1101
2 1102
5 1103
9 1104
2 1105
3 1106
6 1107
8 1108
5 1109
6 1110
9 1111
4 1112
8 1113
3 1114
9 1115
11 1116
9 1117
12 1118
8 1119
17 1120
6 1121
9 1122
9 1123
14 1124
4 1125
6 1126
7 1127
9 1128
11 1129
2 1130
9 1131
7 1132
9 1133
5 1134
9 1135
11 1136
10 1137
5 1138
4 1139
7 1140
4 1141
5 1142
2 1143
5 1144
3 1145
4 1146
4 1147
4 1148
5 1149
4 1150
4 1151
5 1152
2 1153
4 1154
4 1155
8 1156
6 1157
4 1158
5 1159
1 1160
3 1161
4 1162
2 1163
9 1164
4 1165
8 1166
7 1167
5 1168
3 1169
2 1170
2 1171
1 1172
5 1173
4 1174
4 1175
3 1176
7 1177
1 1178
1 1179
2 1180
4 1181
2 1182
8 1183
2 1184
2 1185
2 1186
5 1187
1 1188
1 1190
4 1192
3 1193
2 1195
2 1197
1 1198
1 1199
3 1201
1 1202
2 1203
2 1204
1 1205
1 1206
1 1207
2 1208
1 1209
3 1210
1 1212
1 1215
1 1221
1 1224
3 1225
1 1227
1 1228
1 1229
1 1231
1 1232
1 1234
1 1235
1 1240
1 1242
1 1243
1 1245
1 1247
1 1253
2 1254
1 1258
1 1260
1 1261
1 1262
1 1265
1 1269
1 1274
1 1275
1 1277
1 1278
1 1279
2 1281
1 1284
1 1285
1 1288
1 1292
1 1294
1 1295
1 1296
1 1303
1 1304
1 1305
1 1306
2 1307
1 1309
1 1316
1 1319
1 1320
1 1321
1 1325
1 1326
1 1328
1 1330
1 1332
2 1333
1 1338
1 1339
1 1340
1 1341
2 1342
1 1349
2 1350
3 1353
1 1357
2 1358
1 1359
2 1360
1 1361
1 1363
1 1367
1 1368
2 1371
1 1380
1 1381
1 1387
2 1393
1 1394
3 1395
1 1397
1 1398
2 1399
2 1400
2 1401
1 1406
1 1407
1 1413
2 1420
1 1421
1 1422
1 1423
1 1424
1 1426
1 1436
1 1439
1 1441
2 1442
1 1447
1 1448
1 1450
1 1452
1 1453
1 1455
2 1456
3 1457
2 1459
1 1461
1 1464
1 1465
2 1466
2 1467
1 1468
1 1469
2 1471
1 1477
1 1478
1 1480
1 1481
4 1482
3 1484
2 1485
1 1486
1 1487
2 1488
1 1490
4 1491
1 1492
1 1493
2 1494
1 1495
1 1496
1 1497
3 1498
2 1499
3 1500
2 1501
1 1502
1 1503
1 1505
2 1508
1 1509
1 1511
1 1512
1 1513
1 1515
2 1516
2 1519
1 1523
2 1526
1 1528
1 1532
2 1534
2 1535
2 1536
1 1538
1 1541
1 1542
1 1543
1 1544
1 1545
1 1547
2 1548
3 1550
2 1553
1 1554
2 1556
5 1557
3 1559
3 1561
2 1563
1 1564
1 1565
1 1567
1 1570
3 1571
3 1572
2 1574
2 1576
2 1577
1 1578
3 1580
2 1581
1 1582
1 1583
1 1585
2 1586
2 1587
1 1588
1 1591
1 1592
1 1593
1 1595
1 1600
2 1601
1 1602
1 1603
2 1604
1 1605
2 1606
1 1607
1 1608
1 1611
1 1612
1 1615
1 1620
1 1621
1 1622
1 1623
2 1624
1 1625
2 1629
1 1631
1 1635
1 1636
1 1637
1 1639
1 1645
1 1646
1 1647
2 1653
1 1654
1 1656
1 1661
1 1664
1 1666
1 1669
1 1678
1 1684
1 1686
2 1687
1 1695
1 1697
1 1698
1 1706
3 1709
2 1710
2 1713
1 1714
1 1717
1 1719
1 1720
1 1721
1 1722
1 1723
3 1724
1 1727
1 1728
1 1729
1 1730
2 1731
2 1732
1 1733
3 1740
2 1742
4 1744
2 1745
1 1747
1 1748
1 1749
2 1751
1 1753
1 1754
3 1755
2 1756
2 1757
1 1759
2 1764
2 1766
1 1767
1 1768
3 1771
1 1772
1 1773
2 1774
3 1775
2 1776
5 1777
1 1778
4 1779
2 1780
1 1781
5 1782
1 1783
1 1784
5 1785
4 1786
1 1787
1 1789
3 1790
5 1791
4 1792
2 1793
3 1794
1 1795
1 1796
1 1797
3 1798
2 1799
1 1800
1 1801
2 1802
3 1803
2 1804
3 1805
3 1806
1 1807
2 1808
4 1809
1 1810
1 1811
3 1812
2 1813
3 1814
4 1816
1 1817
4 1818
2 1819
2 1820
2 1821
3 1822
4 1823
5 1824
4 1825
6 1828
3 1829
2 1830
4 1831
1 1832
4 1833
3 1834
2 1835
3 1837
3 1838
1 1839
2 1840
1 1841
1 1842
5 1843
1 1844
1 1845
3 1846
1 1847
4 1848
2 1849
1 1850
1 1851
1 1852
2 1856
3 1857
1 1858
1 1859
3 1860
2 1861
3 1862
2 1864
1 1865
3 1866
5 1867
1 1868
5 1869
1 1870
3 1871
7 1874
3 1875
2 1876
2 1877
2 1878
2 1879
2 1880
3 1881
2 1882
2 1883
3 1884
5 1885
2 1886
4 1887
5 1888
2 1889
3 1890
5 1891
1 1892
5 1893
2 1894
4 1895
2 1896
3 1897
3 1898
7 1899
7 1900
3 1901
3 1902
5 1903
2 1904
5 1905
4 1906
1 1907
4 1908
4 1909
3 1910
1 1911
6 1912
3 1913
3 1914
5 1915
8 1916
6 1917
4 1918
10 1919
6 1920
8 1921
9 1922
8 1923
7 1924
4 1925
11 1926
9 1927
8 1928
6 1929
6 1930
9 1931
11 1932
10 1933
9 1934
8 1935
6 1936
13 1937
12 1938
15 1939
19 1940
16 1941
23 1942
19 1943
17 1944
14 1945
21 1946
19 1947
22 1948
16 1949
19 1950
25 1951
19 1952
27 1953
24 1954
33 1955
24 1956
21 1957
17 1958
23 1959
15 1960
20 1961
21 1962
16 1963
20 1964
21 1965
22 1966
15 1967
11 1968
28 1969
14 1970
22 1971
22 1972
15 1973
10 1974
11 1975
8 1976
11 1977
10 1978
7 1979
8 1980
10 1981
9 1982
3 1983
3 1984
10 1985
5 1986
8 1987
4 1988
2 1989
4 1990
5 1991
3 1992
1 1993
2 1994
3 1995
3 1996
3 1997
2 1998
1 1999
2 2003
2 2004
1 2005
1 2006
1 2008
1 2016
1 2020
2 2024
1 2026
1 2029
1 2034
1 2038
1 2046
1 2056
1 2059
1 2061
1 2066
1 2073
1 2078
3 2086
1 2091
3 2100
1 2102
1 2106
2 2110
1 2111
1 2112
1 2114
1 2123
1 2127
1 2131
1 2144
1 2146
1 2147
1 2148
1 2150
1 2151
1 2156
2 2158
2 2161
1 2162
1 2163
1 2168
1 2173
1 2178
1 2181
1 2192
2 2195
1 2196
1 2201
1 2204
2 2207
1 2210
1 2213
1 2217
1 2223
1 2226
1 2228
1 2231
1 2233
2 2235
1 2237
2 2240
2 2242
1 2243
3 2244
1 2245
1 2248
2 2249
1 2250
1 2253
1 2254
1 2255
1 2256
2 2257
1 2259
2 2261
1 2262
1 2263
5 2265
2 2266
1 2268
2 2269
1 2270
3 2272
2 2273
1 2274
1 2275
2 2281
1 2283
1 2284
2 2286
1 2287
2 2288
1 2289
2 2291
1 2292
1 2293
1 2295
1 2296
1 2297
2 2298
2 2299
2 2301
1 2303
1 2304
1 2307
1 2308
1 2309
1 2315
1 2317
1 2318
1 2319
1 2321
1 2322
1 2323
1 2324
2 2326
1 2328
1 2331
1 2332
1 2336
3 2337
1 2341
1 2342
5 2343
1 2345
1 2346
2 2349
1 2350
2 2351
1 2353
3 2355
1 2357
1 2358
2 2360
1 2361
2 2362
1 2363
1 2366
2 2368
1 2370
1 2372
1 2373
3 2374
1 2376
2 2377
3 2379
2 2380
1 2381
3 2383
1 2384
4 2385
3 2386
1 2388
1 2389
2 2390
2 2391
3 2392
2 2393
2 2394
3 2395
1 2396
4 2397
1 2398
3 2399
1 2400
4 2401
3 2402
2 2403
5 2404
3 2405
3 2406
3 2407
8 2408
3 2409
5 2410
3 2411
3 2412
3 2413
3 2414
5 2415
2 2416
8 2417
4 2418
6 2419
5 2420
3 2421
6 2422
4 2423
2 2424
9 2425
3 2426
7 2427
6 2428
8 2429
4 2430
4 2431
5 2432
7 2433
5 2434
6 2435
5 2436
3 2437
3 2438
1 2439
1 2440
5 2441
3 2442
2 2443
9 2444
5 2445
6 2446
3 2447
3 2448
2 2449
2 2450
1 2451
2 2452
1 2453
2 2454
2 2457
1 2458
3 2459
1 2460
1 2461
1 2463
1 2465
1 2466
1 2471
1 2475
2 2480
1 2485
1 2498
2 2506
1 2510
1 2512
2 2514
2 2519
1 2521
1 2522
1 2523
1 2528
2 2530
1 2531
2 2535
1 2536
1 2547
3 2549
2 2550
2 2553
1 2555
2 2556
1 2557
1 2558
1 2560
1 2561
1 2562
1 2564
2 2565
2 2566
1 2567
3 2569
2 2570
3 2572
1 2574
3 2575
2 2576
2 2578
1 2582
1 2583
1 2585
3 2586
1 2587
4 2588
3 2589
3 2591
3 2592
5 2593
3 2594
3 2595
2 2596
1 2598
3 2600
1 2603
4 2604
2 2607
1 2608
1 2609
3 2610
1 2612
1 2613
2 2615
1 2616
2 2618
2 2619
1 2622
2 2624
1 2655
1 2661
1 2672
1 2710
1 2738
1 2739
1 2743
1 2749
1 2752
1 2771
1 2817
1 2823
1 2846
1 2857
1 2910
1 2914
1 2937
1 3019
1 3036
1 3094
1 3154
1 3198
1 3211
1 3253
1 3347
1 3366
1 3382
1 3516
1 3650
1 3721
1 3814
1 3970
1 3993
1 4014
1 4067
1 4084
1 4090
1 4148
1 4158
1 4360
1 4523
