2 4
2 5
1 7
1 9
1 12
1 15
1 17
2 18
1 19
2 22
1 25
1 30
3 33
1 34
2 35
1 36
2 37
2 38
4 39
2 40
3 41
1 42
1 43
2 45
1 46
1 48
1 50
2 51
1 52
2 53
1 54
2 55
2 56
2 57
2 58
1 60
1 62
3 64
1 65
1 66
3 67
3 68
2 69
2 70
1 71
1 73
3 74
3 75
1 76
3 77
2 78
3 80
6 81
2 82
2 84
2 85
4 86
3 87
3 88
2 89
3 91
1 92
1 93
1 94
1 95
3 97
1 98
2 99
3 100
3 101
3 102
5 103
4 104
4 105
2 106
4 107
5 108
14 109
6 110
7 111
12 112
4 113
6 114
6 115
6 116
7 117
4 118
7 119
6 120
5 121
3 122
3 123
6 124
5 125
3 126
3 127
5 128
5 129
4 130
1 131
2 132
4 133
5 134
1 135
3 136
3 137
2 138
1 139
6 140
6 141
3 143
3 144
5 145
3 146
3 147
5 148
1 149
3 150
3 151
3 152
3 153
3 154
3 155
3 156
6 157
2 158
4 159
4 160
2 161
3 162
1 163
2 164
1 165
1 166
5 167
3 168
2 169
4 170
1 171
5 172
9 173
4 174
2 175
5 176
4 177
5 178
4 179
4 180
5 181
7 182
1 183
5 184
5 185
3 186
4 187
7 188
8 189
4 190
2 191
8 192
4 193
3 194
5 195
7 196
6 197
8 198
5 199
6 200
4 201
4 202
4 203
2 204
4 205
7 206
9 207
2 208
4 209
5 210
11 211
6 212
3 213
6 214
4 215
5 216
9 217
4 218
7 219
7 220
5 221
4 222
9 223
9 224
4 225
1 226
6 227
11 228
6 229
8 230
11 231
9 232
7 233
3 234
4 235
9 236
9 237
13 238
10 239
8 240
9 241
11 242
7 243
8 244
12 245
10 246
16 247
16 248
23 249
11 250
28 251
19 252
21 253
31 254
28 255
30 256
25 257
21 258
28 259
33 260
23 261
18 262
19 263
9 264
14 265
15 266
11 267
12 268
9 269
9 270
5 271
3 272
10 273
6 274
4 275
7 276
6 277
6 278
10 279
5 280
8 281
7 282
4 283
7 284
11 285
9 286
6 287
7 288
7 289
5 290
15 291
9 292
13 293
9 294
9 295
10 296
4 297
11 298
12 299
8 300
15 301
8 302
11 303
6 304
12 305
5 306
8 307
15 308
12 309
20 310
11 311
11 312
11 313
9 314
8 315
9 316
13 317
6 318
9 319
8 320
6 321
8 322
7 323
12 324
11 325
4 326
9 327
12 328
11 329
10 330
9 331
13 332
7 333
10 334
17 335
6 336
13 337
16 338
11 339
12 340
9 341
14 342
9 343
10 344
13 345
13 346
19 347
7 348
11 349
13 350
19 351
18 352
13 353
20 354
20 355
11 356
8 357
17 358
22 359
28 360
18 361
14 362
8 363
17 364
16 365
15 366
18 367
18 368
11 369
17 370
11 371
12 372
5 373
11 374
8 375
17 376
12 377
13 378
13 379
9 380
9 381
15 382
9 383
10 384
11 385
21 386
10 387
18 388
12 389
11 390
16 391
15 392
12 393
12 394
15 395
15 396
21 397
23 398
20 399
24 400
31 401
21 402
19 403
21 404
30 405
24 406
22 407
29 408
29 409
23 410
35 411
30 412
47 413
34 414
32 415
23 416
40 417
41 418
29 419
27 420
41 421
34 422
39 423
33 424
31 425
38 426
41 427
36 428
38 429
28 430
40 431
36 432
40 433
48 434
41 435
55 436
45 437
42 438
51 439
51 440
61 441
68 442
60 443
62 444
87 445
95 446
77 447
94 448
101 449
120 450
89 451
120 452
126 453
124 454
121 455
93 456
117 457
101 458
100 459
84 460
68 461
61 462
50 463
48 464
40 465
36 466
24 467
29 468
20 469
22 470
21 471
20 472
15 473
9 474
4 475
12 476
9 477
6 478
13 479
9 480
9 481
7 482
11 483
7 484
14 485
6 486
7 487
12 488
8 489
14 490
3 491
6 492
11 493
4 494
8 495
7 496
7 497
7 498
6 499
10 500
4 501
11 502
9 503
12 504
13 505
8 506
8 507
7 508
8 509
7 510
12 511
14 512
8 513
10 514
12 515
16 516
13 517
15 518
12 519
15 520
7 521
12 522
10 523
16 524
17 525
17 526
9 527
11 528
21 529
21 530
19 531
21 532
29 533
26 534
18 535
33 536
32 537
22 538
33 539
25 540
33 541
54 542
35 543
47 544
39 545
41 546
51 547
27 548
33 549
50 550
44 551
36 552
28 553
29 554
19 555
21 556
20 557
23 558
11 559
28 560
26 561
27 562
15 563
23 564
21 565
24 566
17 567
20 568
16 569
25 570
17 571
21 572
18 573
17 574
23 575
15 576
18 577
24 578
17 579
15 580
15 581
19 582
25 583
15 584
24 585
21 586
19 587
18 588
19 589
26 590
25 591
24 592
23 593
13 594
24 595
15 596
22 597
31 598
32 599
30 600
22 601
16 602
19 603
20 604
17 605
11 606
21 607
16 608
15 609
16 610
17 611
20 612
25 613
23 614
26 615
29 616
30 617
29 618
21 619
26 620
36 621
27 622
29 623
44 624
27 625
28 626
32 627
23 628
29 629
26 630
23 631
22 632
26 633
28 634
23 635
14 636
22 637
26 638
11 639
18 640
15 641
13 642
13 643
11 644
12 645
10 646
7 647
9 648
8 649
6 650
14 651
7 652
9 653
6 654
10 655
7 656
9 657
10 658
11 659
11 660
9 661
11 662
12 663
9 664
17 665
10 666
16 667
7 668
11 669
14 670
12 671
10 672
22 673
16 674
17 675
16 676
16 677
18 678
19 679
17 680
16 681
24 682
18 683
15 684
28 685
18 686
32 687
28 688
24 689
21 690
17 691
18 692
21 693
29 694
21 695
16 696
19 697
25 698
13 699
22 700
17 701
30 702
24 703
16 704
20 705
17 706
17 707
14 708
20 709
26 710
23 711
26 712
28 713
29 714
32 715
23 716
39 717
33 718
21 719
28 720
32 721
39 722
34 723
47 724
44 725
44 726
39 727
53 728
59 729
55 730
56 731
57 732
49 733
61 734
48 735
57 736
58 737
62 738
63 739
69 740
80 741
81 742
82 743
95 744
91 745
129 746
114 747
138 748
157 749
150 750
141 751
156 752
184 753
204 754
183 755
191 756
206 757
205 758
223 759
233 760
245 761
241 762
240 763
247 764
246 765
238 766
223 767
229 768
208 769
185 770
188 771
170 772
164 773
154 774
134 775
126 776
108 777
75 778
75 779
74 780
63 781
52 782
38 783
32 784
29 785
30 786
24 787
30 788
20 789
12 790
19 791
20 792
14 793
12 794
12 795
7 796
12 797
10 798
9 799
14 800
12 801
7 802
13 803
14 804
15 805
18 806
15 807
12 808
11 809
13 810
15 811
9 812
6 813
10 814
13 815
14 816
10 817
12 818
12 819
15 820
18 821
15 822
20 823
14 824
17 825
12 826
17 827
16 828
16 829
23 830
17 831
14 832
17 833
21 834
22 835
15 836
11 837
27 838
18 839
28 840
21 841
19 842
25 843
31 844
18 845
29 846
28 847
25 848
30 849
38 850
29 851
24 852
30 853
33 854
41 855
33 856
33 857
37 858
41 859
42 860
35 861
44 862
43 863
47 864
44 865
37 866
44 867
33 868
47 869
32 870
42 871
35 872
48 873
34 874
25 875
20 876
19 877
22 878
26 879
28 880
31 881
32 882
18 883
29 884
23 885
24 886
22 887
32 888
31 889
44 890
30 891
23 892
21 893
39 894
27 895
36 896
22 897
28 898
37 899
36 900
38 901
35 902
32 903
34 904
35 905
45 906
30 907
44 908
40 909
41 910
48 911
46 912
60 913
46 914
55 915
59 916
45 917
51 918
63 919
75 920
49 921
66 922
73 923
71 924
78 925
86 926
93 927
81 928
92 929
123 930
107 931
123 932
104 933
111 934
135 935
125 936
122 937
149 938
142 939
151 940
147 941
181 942
174 943
219 944
194 945
204 946
237 947
256 948
268 949
292 950
317 951
325 952
327 953
347 954
359 955
388 956
404 957
445 958
503 959
479 960
494 961
509 962
505 963
516 964
528 965
531 966
527 967
488 968
529 969
485 970
444 971
464 972
408 973
354 974
352 975
326 976
312 977
284 978
241 979
234 980
194 981
186 982
141 983
162 984
109 985
96 986
84 987
72 988
69 989
46 990
54 991
39 992
33 993
24 994
27 995
21 996
14 997
19 998
15 999
9 1000
12 1001
9 1002
5 1003
5 1004
7 1005
3 1006
1 1007
3 1008
4 1009
3 1010
6 1011
3 1012
2 1013
1 1014
1 1015
2 1016
3 1017
2 1018
2 1019
2 1020
1 1021
3 1022
1 1023
4 1024
3 1025
1 1026
3 1027
3 1028
3 1029
1 1030
2 1032
2 1034
1 1035
1 1037
2 1039
2 1041
4 1042
2 1043
3 1044
2 1045
2 1046
1 1047
1 1048
1 1049
1 1050
2 1052
2 1053
1 1054
3 1055
3 1056
2 1057
1 1058
2 1059
1 1061
1 1062
1 1064
2 1065
3 1068
1 1069
3 1071
1 1072
2 1073
1 1075
1 1076
1 1078
1 1079
3 1080
2 1081
3 1082
1 1083
2 1084
2 1085
1 1086
4 1087
2 1088
1 1089
2 1090
1 1091
2 1092
2 1093
2 1094
2 1095
2 1096
3 1097
6 1098
1 1099
2 1100
1 1101
3 1102
5 1104
1 1105
2 1106
1 1107
1 1108
2 1109
3 1110
2 1111
1 1113
1 1114
1 1115
4 1116
3 1117
1 1118
5 1119
7 1120
5 1121
3 1122
6 1123
5 1124
8 1125
5 1126
1 1127
6 1128
8 1129
6 1130
9 1131
3 1132
8 1133
7 1134
3 1135
7 1136
8 1137
6 1138
9 1139
8 1140
10 1141
6 1142
4 1143
7 1144
6 1145
10 1146
7 1147
9 1148
11 1149
6 1150
10 1151
8 1152
6 1153
5 1154
13 1155
13 1156
10 1157
10 1158
8 1159
9 1160
11 1161
10 1162
4 1163
7 1164
11 1165
8 1166
5 1167
6 1168
5 1169
6 1170
8 1171
6 1172
9 1173
3 1174
5 1175
6 1176
5 1177
3 1178
1 1179
1 1180
4 1181
1 1182
4 1183
6 1184
1 1185
3 1186
4 1187
5 1188
3 1189
3 1190
3 1191
3 1192
2 1194
2 1195
5 1196
2 1197
3 1198
1 1199
1 1200
3 1201
2 1202
1 1203
2 1204
2 1205
2 1206
2 1207
1 1209
1 1210
1 1211
1 1212
1 1213
5 1214
4 1215
2 1216
4 1218
2 1219
3 1220
2 1222
1 1223
1 1224
1 1225
2 1226
2 1228
1 1229
1 1230
1 1233
2 1236
1 1237
3 1238
1 1239
2 1240
1 1241
2 1244
1 1245
2 1246
1 1252
1 1253
2 1254
3 1256
3 1257
2 1258
1 1259
1 1262
3 1263
1 1264
2 1265
1 1266
2 1267
1 1268
2 1269
1 1270
3 1271
1 1275
3 1276
1 1279
1 1281
2 1282
1 1283
4 1284
2 1285
2 1286
1 1287
4 1288
2 1289
2 1290
2 1291
2 1292
1 1293
1 1294
1 1296
3 1297
1 1298
2 1299
2 1300
2 1301
2 1303
2 1304
1 1306
3 1308
1 1310
2 1312
1 1313
2 1314
1 1316
1 1318
1 1319
2 1320
2 1321
3 1323
1 1324
2 1326
1 1327
2 1329
1 1330
1 1331
1 1332
1 1333
4 1335
2 1336
1 1339
3 1340
2 1343
1 1345
1 1346
3 1348
3 1349
1 1350
1 1351
2 1354
1 1356
1 1357
1 1358
6 1360
1 1361
2 1363
1 1364
1 1365
2 1369
1 1370
1 1371
2 1372
2 1373
1 1375
2 1376
2 1377
1 1378
4 1385
1 1387
3 1388
1 1389
2 1390
2 1393
3 1396
2 1397
4 1399
2 1402
3 1403
1 1405
2 1407
3 1408
3 1410
1 1411
1 1412
1 1413
1 1414
1 1415
1 1416
3 1417
2 1420
3 1421
2 1422
1 1424
1 1426
2 1427
2 1428
3 1429
1 1430
1 1431
2 1432
2 1434
3 1435
1 1436
4 1437
1 1438
1 1439
1 1442
2 1443
2 1446
2 1447
4 1448
2 1451
1 1452
2 1453
3 1455
1 1457
1 1459
1 1460
2 1463
1 1464
2 1465
1 1468
2 1469
1 1470
1 1471
1 1472
2 1474
1 1475
3 1476
2 1477
1 1478
1 1480
4 1483
1 1484
1 1485
3 1487
1 1488
2 1489
2 1491
1 1494
1 1495
3 1497
1 1499
3 1500
1 1501
1 1502
2 1503
5 1504
1 1505
5 1506
3 1507
3 1508
1 1513
3 1515
2 1520
1 1521
2 1524
3 1525
2 1526
3 1527
1 1529
1 1530
3 1531
2 1533
1 1534
1 1535
1 1536
1 1537
1 1538
1 1540
2 1542
1 1544
1 1545
1 1546
2 1547
1 1548
2 1550
3 1551
2 1552
3 1554
1 1557
1 1558
2 1559
3 1560
3 1561
2 1564
1 1565
3 1566
1 1567
3 1568
3 1569
2 1570
2 1571
1 1572
2 1574
1 1576
2 1577
1 1578
2 1579
2 1580
1 1581
3 1582
3 1583
1 1586
2 1587
2 1588
1 1589
2 1590
1 1591
2 1592
3 1593
3 1594
4 1595
5 1596
2 1597
2 1600
1 1601
1 1602
1 1603
3 1604
2 1605
8 1606
2 1608
1 1609
2 1611
1 1612
2 1613
3 1614
2 1615
1 1616
2 1617
3 1618
3 1619
4 1620
1 1621
1 1622
2 1624
3 1625
2 1626
1 1627
2 1629
4 1630
2 1631
4 1633
4 1635
2 1636
1 1637
2 1639
1 1641
2 1642
2 1643
3 1644
2 1646
1 1647
2 1648
3 1649
2 1650
1 1653
2 1654
2 1655
1 1656
1 1657
1 1658
2 1659
2 1660
1 1662
2 1663
1 1668
3 1669
1 1670
2 1671
3 1673
2 1674
2 1675
1 1676
3 1677
2 1680
1 1681
1 1683
1 1685
1 1686
1 1687
1 1688
1 1690
3 1692
2 1693
2 1694
3 1695
1 1696
1 1698
4 1699
1 1703
2 1706
2 1707
1 1708
3 1709
2 1711
1 1712
3 1713
2 1715
2 1716
2 1717
2 1718
2 1719
2 1724
2 1726
1 1728
1 1729
2 1730
1 1731
1 1733
1 1734
1 1735
2 1736
2 1737
2 1738
1 1739
1 1741
1 1743
1 1745
1 1747
1 1748
1 1749
1 1754
1 1755
1 1758
1 1759
2 1762
1 1763
1 1765
1 1767
2 1771
1 1773
2 1774
1 1775
1 1776
2 1780
2 1781
1 1782
1 1785
2 1788
1 1789
1 1790
1 1791
1 1792
1 1793
1 1794
1 1796
2 1798
1 1800
2 1801
1 1805
2 1807
5 1808
2 1809
1 1812
2 1814
1 1815
1 1816
1 1818
2 1822
2 1825
2 1826
3 1827
1 1828
1 1829
3 1830
3 1831
1 1832
1 1834
1 1835
2 1836
1 1837
1 1838
2 1839
2 1842
1 1843
1 1844
1 1845
1 1851
2 1852
1 1855
1 1858
1 1859
1 1860
2 1861
1 1863
1 1867
1 1868
2 1869
1 1870
1 1871
1 1872
3 1873
3 1875
2 1876
1 1877
1 1879
1 1883
1 1885
1 1886
2 1887
2 1889
2 1891
1 1892
2 1894
1 1895
1 1898
1 1899
1 1900
1 1901
1 1903
1 1904
1 1905
2 1906
1 1907
2 1908
6 1909
2 1911
1 1913
3 1915
2 1917
1 1919
4 1920
2 1921
3 1922
1 1923
2 1924
4 1927
1 1929
1 1930
1 1931
3 1932
2 1933
1 1934
1 1936
2 1937
1 1939
1 1940
1 1941
2 1942
3 1943
2 1945
4 1946
1 1948
1 1949
1 1950
3 1952
2 1954
2 1955
2 1956
6 1957
2 1958
1 1960
1 1961
1 1962
1 1963
1 1964
2 1967
1 1968
1 1969
3 1971
1 1972
1 1974
2 1975
1 1976
2 1978
2 1979
1 1980
2 1983
1 1984
1 1985
3 1986
1 1987
2 1988
3 1989
1 1991
2 1992
2 1995
1 1996
3 1997
4 1998
1 1999
2 2000
1 2002
7 2003
3 2004
2 2005
4 2006
1 2007
2 2008
1 2009
3 2011
2 2012
2 2013
2 2014
1 2015
2 2016
2 2017
1 2018
2 2019
4 2020
3 2021
5 2022
1 2023
1 2024
1 2025
5 2026
1 2028
1 2029
2 2031
3 2032
3 2033
4 2035
2 2036
2 2037
1 2038
3 2039
2 2040
5 2041
1 2042
2 2043
2 2044
3 2045
1 2047
2 2048
3 2050
2 2051
1 2053
2 2054
1 2056
4 2057
1 2058
1 2059
2 2061
1 2062
1 2063
2 2064
1 2065
2 2066
2 2067
3 2068
1 2069
4 2070
3 2071
5 2072
4 2073
2 2074
1 2075
4 2076
2 2078
3 2079
5 2080
1 2081
1 2083
1 2084
2 2085
3 2086
1 2087
3 2088
2 2090
2 2091
4 2092
4 2093
3 2094
4 2095
2 2096
3 2097
2 2098
5 2099
1 2100
2 2102
2 2103
2 2104
3 2105
6 2106
4 2107
1 2108
2 2109
6 2110
1 2111
7 2112
3 2113
3 2114
2 2115
2 2117
3 2119
1 2120
1 2121
5 2122
4 2123
3 2124
2 2125
3 2126
7 2127
3 2128
1 2129
3 2130
6 2131
1 2132
6 2133
1 2134
2 2135
2 2136
3 2137
4 2138
4 2139
5 2140
2 2141
2 2142
4 2143
2 2144
3 2145
4 2146
1 2147
5 2148
7 2149
5 2150
9 2151
2 2152
4 2153
5 2154
4 2155
5 2156
3 2157
4 2158
4 2159
4 2160
5 2161
4 2162
7 2163
5 2164
4 2165
3 2166
6 2167
1 2168
6 2169
3 2170
9 2171
2 2172
6 2173
2 2174
4 2175
5 2176
4 2177
7 2178
4 2179
5 2180
8 2181
5 2182
9 2183
6 2184
6 2185
8 2186
7 2187
12 2188
7 2189
9 2190
9 2191
5 2192
13 2193
7 2194
12 2195
4 2196
11 2197
8 2198
9 2199
7 2200
10 2201
10 2202
14 2203
15 2204
6 2205
15 2206
12 2207
7 2208
12 2209
10 2210
14 2211
26 2212
17 2213
15 2214
11 2215
15 2216
19 2217
8 2218
19 2219
11 2220
17 2221
8 2222
13 2223
22 2224
27 2225
18 2226
17 2227
18 2228
25 2229
24 2230
18 2231
15 2232
18 2233
19 2234
16 2235
13 2236
16 2237
24 2238
17 2239
13 2240
22 2241
11 2242
20 2243
14 2244
20 2245
15 2246
16 2247
15 2248
19 2249
16 2250
13 2251
17 2252
32 2253
23 2254
20 2255
23 2256
25 2257
27 2258
21 2259
21 2260
21 2261
17 2262
21 2263
17 2264
17 2265
34 2266
23 2267
22 2268
25 2269
25 2270
30 2271
21 2272
24 2273
11 2274
27 2275
16 2276
17 2277
18 2278
21 2279
24 2280
24 2281
25 2282
14 2283
14 2284
23 2285
18 2286
23 2287
19 2288
25 2289
14 2290
15 2291
27 2292
22 2293
18 2294
18 2295
19 2296
16 2297
20 2298
14 2299
14 2300
11 2301
13 2302
10 2303
20 2304
17 2305
15 2306
21 2307
19 2308
18 2309
22 2310
16 2311
12 2312
15 2313
24 2314
9 2315
18 2316
16 2317
22 2318
13 2319
15 2320
31 2321
15 2322
13 2323
13 2324
17 2325
20 2326
20 2327
22 2328
17 2329
26 2330
25 2331
21 2332
30 2333
14 2334
26 2335
27 2336
31 2337
27 2338
41 2339
29 2340
34 2341
34 2342
29 2343
32 2344
41 2345
34 2346
30 2347
42 2348
55 2349
52 2350
39 2351
44 2352
42 2353
50 2354
45 2355
43 2356
45 2357
41 2358
54 2359
56 2360
50 2361
46 2362
48 2363
60 2364
56 2365
51 2366
48 2367
68 2368
50 2369
52 2370
53 2371
51 2372
60 2373
50 2374
43 2375
56 2376
35 2377
41 2378
55 2379
40 2380
26 2381
47 2382
39 2383
49 2384
43 2385
38 2386
36 2387
30 2388
38 2389
36 2390
27 2391
32 2392
38 2393
23 2394
26 2395
22 2396
26 2397
27 2398
25 2399
25 2400
13 2401
17 2402
13 2403
10 2404
14 2405
16 2406
13 2407
17 2408
16 2409
21 2410
12 2411
15 2412
5 2413
4 2414
8 2415
10 2416
6 2417
4 2418
11 2419
7 2420
5 2421
7 2422
11 2423
5 2424
5 2425
9 2426
9 2427
13 2428
8 2429
7 2430
15 2431
8 2432
6 2433
8 2434
5 2435
7 2436
10 2437
8 2438
10 2439
12 2440
14 2441
8 2442
13 2443
12 2444
11 2445
7 2446
17 2447
14 2448
10 2449
12 2450
9 2451
11 2452
11 2453
15 2454
13 2455
13 2456
22 2457
15 2458
12 2459
20 2460
24 2461
19 2462
15 2463
29 2464
31 2465
8 2466
21 2467
30 2468
23 2469
17 2470
18 2471
22 2472
20 2473
23 2474
19 2475
23 2476
10 2477
26 2478
11 2479
26 2480
17 2481
15 2482
9 2483
19 2484
9 2485
14 2486
9 2487
10 2488
12 2489
12 2490
10 2491
7 2492
5 2493
11 2494
13 2495
10 2496
6 2497
9 2498
6 2499
6 2500
3 2501
12 2502
4 2503
3 2504
4 2505
4 2506
4 2507
2 2508
3 2509
5 2510
5 2511
5 2512
3 2513
3 2514
2 2515
2 2516
6 2517
2 2518
1 2519
2 2520
3 2522
3 2523
3 2524
3 2525
2 2526
4 2527
2 2528
5 2529
3 2530
2 2531
2 2532
6 2533
2 2534
5 2535
4 2536
3 2537
1 2538
2 2539
2 2540
1 2541
5 2542
3 2543
1 2544
2 2545
5 2546
5 2547
1 2549
4 2550
7 2551
2 2552
2 2553
3 2554
5 2555
3 2556
3 2557
7 2558
4 2559
6 2560
3 2561
5 2562
5 2563
6 2564
2 2565
3 2566
5 2567
4 2568
3 2570
2 2571
4 2572
1 2573
4 2574
8 2575
4 2576
2 2577
4 2578
8 2579
7 2580
16 2581
6 2582
3 2583
6 2584
4 2585
5 2586
9 2587
2 2588
7 2589
5 2590
5 2591
8 2592
3 2593
7 2594
5 2595
8 2596
16 2597
8 2598
6 2599
14 2600
13 2601
8 2602
13 2603
8 2604
12 2605
12 2606
13 2607
12 2608
10 2609
6 2610
16 2611
8 2612
14 2613
9 2614
15 2615
15 2616
13 2617
8 2618
8 2619
12 2620
10 2621
9 2622
9 2623
12 2624
16 2625
10 2626
10 2627
9 2628
6 2629
6 2630
6 2631
11 2632
9 2633
5 2634
1 2635
4 2636
3 2637
8 2638
9 2639
8 2640
11 2641
3 2642
3 2643
2 2644
4 2645
5 2646
3 2647
4 2649
1 2650
5 2651
2 2652
1 2653
1 2654
2 2655
5 2656
3 2657
5 2658
3 2659
2 2660
2 2661
2 2662
5 2663
3 2664
1 2666
1 2667
2 2668
1 2669
5 2670
2 2672
1 2673
1 2675
1 2676
1 2677
1 2678
1 2680
3 2682
1 2683
1 2686
1 2688
1 2689
2 2693
1 2694
1 2695
2 2696
1 2701
1 2702
1 2703
1 2709
1 2710
2 2711
1 2716
1 2720
1 2723
2 2724
2 2725
1 2729
1 2733
1 2735
1 2736
1 2737
1 2739
1 2740
2 2741
1 2742
1 2743
1 2746
2 2747
3 2748
1 2750
1 2751
1 2759
1 2761
1 2766
1 2784
1 2788
1 2806
1 2812
1 2819
1 2823
1 2835
1 2844
1 2845
1 2854
1 2857
1 2870
1 2887
1 2890
1 2909
1 2912
1 2917
1 2919
1 2930
1 2937
1 2954
1 2975
1 2979
1 2995
1 3013
1 3020
1 3029
1 3047
1 3052
1 3060
1 3065
1 3072
1 3075
1 3086
1 3102
1 3110
1 3111
1 3118
2 3120
1 3134
1 3147
1 3189
1 3203
1 3204
1 3210
1 3215
1 3227
1 3242
1 3245
1 3274
1 3279
1 3300
1 3320
1 3335
1 3339
1 3441
1 3468
1 3515
1 3541
1 3564
1 3615
1 3626
1 3651
1 3655
1 3696
1 3736
1 3794
1 3884
1 3969
1 4350
1 4644
1 4736
1 4776
1 4787
1 4880
1 4884
1 4909
1 4938
1 5087
