3 2
2 3
2 6
1 8
2 9
2 10
2 11
5 12
8 13
1 14
6 15
1 16
6 17
2 18
1 20
1 21
1 22
1 23
1 24
2 25
2 26
2 29
1 31
1 32
2 33
1 34
2 35
1 36
3 37
1 38
3 39
1 40
1 41
3 43
1 45
1 46
2 48
6 49
3 50
3 51
3 53
3 54
1 55
4 56
4 57
3 58
1 59
1 60
1 61
2 62
3 63
1 64
1 65
2 66
3 67
3 68
3 69
2 70
2 71
4 72
4 73
1 74
1 75
2 76
3 77
1 79
2 80
4 81
3 82
4 83
1 85
1 86
2 87
2 88
3 89
5 90
5 92
2 93
3 94
5 95
3 97
2 98
3 99
3 100
3 101
2 102
3 103
2 104
4 105
3 107
2 108
1 110
1 112
1 113
1 114
2 115
4 116
2 117
1 118
1 119
5 120
4 121
4 122
3 123
1 124
1 125
2 126
5 127
3 128
2 129
4 130
6 131
5 132
2 133
4 134
4 135
4 136
5 137
1 138
3 139
4 140
3 141
1 142
1 143
6 144
2 145
4 146
4 147
6 148
4 150
2 151
8 152
1 153
1 154
1 155
7 156
6 157
7 158
2 159
5 160
4 161
5 162
12 163
7 164
5 165
9 166
7 167
7 168
8 169
8 170
7 171
8 172
12 173
10 174
13 175
15 176
12 177
13 178
8 179
16 180
8 181
8 182
6 183
9 184
7 185
9 186
6 187
3 188
7 189
11 190
2 191
6 192
6 193
6 194
7 195
3 196
3 197
2 198
6 199
9 200
6 201
9 202
7 203
2 204
7 205
5 206
9 207
7 208
9 209
11 210
8 211
11 212
15 213
11 214
19 215
19 216
14 217
15 218
14 219
25 220
7 221
22 222
21 223
31 224
32 225
22 226
34 227
40 228
24 229
46 230
43 231
38 232
25 233
18 234
20 235
17 236
14 237
18 238
15 239
13 240
15 241
13 242
15 243
21 244
22 245
17 246
11 247
20 248
20 249
29 250
25 251
23 252
24 253
21 254
14 255
19 256
21 257
8 258
15 259
13 260
17 261
24 262
18 263
18 264
24 265
17 266
33 267
25 268
28 269
31 270
44 271
49 272
37 273
42 274
50 275
55 276
73 277
93 278
113 279
103 280
117 281
114 282
142 283
141 284
152 285
116 286
137 287
135 288
122 289
141 290
135 291
100 292
100 293
106 294
91 295
76 296
72 297
55 298
50 299
37 300
35 301
36 302
39 303
36 304
31 305
28 306
39 307
48 308
49 309
55 310
51 311
55 312
54 313
54 314
49 315
70 316
73 317
77 318
72 319
89 320
65 321
90 322
73 323
81 324
70 325
64 326
51 327
42 328
64 329
65 330
68 331
67 332
63 333
68 334
76 335
102 336
96 337
118 338
123 339
145 340
140 341
144 342
168 343
189 344
182 345
197 346
186 347
164 348
189 349
155 350
167 351
149 352
139 353
140 354
118 355
116 356
124 357
98 358
103 359
98 360
91 361
80 362
73 363
77 364
77 365
63 366
62 367
38 368
53 369
52 370
44 371
57 372
46 373
39 374
53 375
34 376
40 377
54 378
55 379
56 380
41 381
57 382
57 383
62 384
51 385
70 386
55 387
50 388
74 389
54 390
61 391
37 392
50 393
45 394
46 395
32 396
35 397
31 398
29 399
32 400
33 401
24 402
19 403
28 404
19 405
18 406
19 407
20 408
22 409
30 410
31 411
34 412
36 413
31 414
61 415
47 416
56 417
52 418
56 419
69 420
75 421
78 422
102 423
98 424
115 425
87 426
103 427
89 428
83 429
82 430
79 431
75 432
70 433
56 434
50 435
57 436
61 437
43 438
42 439
44 440
40 441
34 442
31 443
32 444
30 445
31 446
34 447
16 448
26 449
19 450
23 451
10 452
18 453
14 454
10 455
14 456
15 457
7 458
10 459
14 460
9 461
5 462
6 463
13 464
9 465
13 466
16 467
18 468
14 469
10 470
19 471
15 472
20 473
28 474
21 475
17 476
14 477
14 478
21 479
18 480
15 481
17 482
13 483
19 484
17 485
12 486
12 487
15 488
14 489
17 490
10 491
13 492
13 493
15 494
12 495
15 496
14 497
12 498
16 499
19 500
12 501
8 502
16 503
18 504
24 505
27 506
21 507
26 508
28 509
31 510
27 511
30 512
24 513
35 514
29 515
23 516
39 517
26 518
36 519
35 520
28 521
31 522
24 523
27 524
30 525
23 526
24 527
28 528
22 529
25 530
19 531
17 532
23 533
14 534
15 535
15 536
12 537
12 538
14 539
11 540
13 541
6 542
11 543
5 544
6 545
4 546
2 547
9 548
6 549
5 550
5 551
7 552
2 553
8 554
5 555
7 556
7 557
2 558
6 559
3 560
6 561
3 562
4 563
1 564
3 565
5 566
8 567
5 568
6 569
7 570
6 571
3 572
8 573
8 574
4 575
9 576
5 577
7 578
6 579
1 580
7 581
2 582
7 583
7 584
7 585
6 586
4 587
5 588
9 589
2 590
10 591
4 592
7 593
6 594
7 595
7 596
8 597
4 598
4 599
6 600
5 601
5 602
2 603
5 604
5 605
4 606
4 607
3 608
7 609
8 610
7 611
5 612
6 613
6 614
8 615
7 616
7 617
12 618
14 619
16 620
11 621
10 622
16 623
8 624
14 625
14 626
12 627
9 628
8 629
6 630
11 631
7 632
8 633
5 634
5 635
6 636
8 637
6 638
3 639
2 640
3 641
2 642
4 643
3 644
3 645
1 646
2 649
1 650
1 651
4 652
6 653
3 655
4 656
3 657
5 658
4 659
3 660
3 661
5 662
6 663
3 664
4 665
1 666
4 667
2 668
4 669
6 670
4 671
2 672
2 674
2 675
1 676
2 677
1 678
4 679
2 680
2 681
4 682
4 683
5 684
3 685
5 686
5 687
3 688
3 689
3 690
2 691
2 692
2 694
5 695
4 696
3 697
3 698
4 699
4 700
3 701
1 702
6 703
7 704
3 706
5 707
6 708
2 709
4 710
2 712
5 713
4 714
4 715
4 716
3 717
4 718
4 719
2 721
4 722
3 723
4 724
1 725
5 726
5 727
7 728
1 729
4 730
4 731
3 732
5 733
2 734
4 735
8 736
4 737
5 738
4 739
4 740
3 741
4 742
9 743
4 744
7 745
4 746
4 747
7 748
3 749
6 750
5 751
4 752
4 753
3 754
8 755
5 756
4 757
2 758
3 759
8 760
1 761
4 762
11 763
7 764
4 765
8 766
7 767
8 768
4 769
3 770
5 771
5 772
6 773
8 774
5 775
4 776
3 777
4 778
9 779
4 780
8 781
7 782
4 783
8 784
6 785
8 786
12 787
11 788
11 789
15 790
11 791
7 792
12 793
9 794
10 795
11 796
9 797
6 798
5 799
15 800
9 801
3 802
7 803
6 804
7 805
3 806
10 807
4 808
5 809
7 810
3 811
1 812
4 813
5 814
2 815
3 816
1 817
2 818
7 819
4 820
5 821
5 822
2 823
5 824
4 825
4 826
3 827
4 828
5 829
4 830
8 831
2 832
5 833
3 834
2 835
2 836
1 837
2 838
2 839
2 840
1 841
1 842
1 843
1 844
1 845
2 846
3 847
1 848
4 849
5 850
4 851
5 852
6 853
2 854
9 855
1 856
1 857
2 858
6 859
2 860
1 861
4 862
7 863
4 864
2 865
5 866
2 867
2 868
4 869
5 870
3 871
5 872
1 873
3 874
1 875
3 876
3 877
5 878
3 879
3 880
2 881
4 882
5 883
7 884
2 885
5 886
4 887
7 888
7 889
5 890
6 891
8 892
2 893
6 894
4 895
3 896
7 897
6 898
6 899
4 900
7 901
5 902
6 903
3 904
10 905
8 906
6 907
4 908
10 909
4 910
3 911
7 912
4 913
4 914
9 915
4 916
6 917
13 918
3 919
2 920
6 921
7 922
15 923
9 924
14 925
15 926
10 927
13 928
9 929
15 930
11 931
12 932
13 933
9 934
13 935
14 936
12 937
19 938
18 939
11 940
12 941
16 942
11 943
18 944
19 945
18 946
16 947
22 948
15 949
17 950
21 951
17 952
11 953
11 954
15 955
16 956
9 957
5 958
8 959
8 960
9 961
3 962
12 963
11 964
8 965
4 966
9 967
4 968
6 969
3 970
6 971
5 972
6 973
4 974
3 975
4 976
4 977
2 978
7 979
5 980
2 981
5 982
3 983
5 984
4 985
3 986
5 987
9 988
5 989
4 990
3 991
5 992
8 993
2 994
5 995
2 996
11 997
10 998
8 999
2 1000
4 1001
6 1002
5 1003
3 1004
7 1005
8 1006
3 1007
5 1008
1 1009
6 1010
5 1011
4 1012
9 1013
5 1014
9 1015
9 1016
3 1017
5 1018
5 1019
8 1020
9 1021
8 1022
7 1023
5 1024
8 1025
7 1026
7 1027
11 1028
5 1029
3 1030
6 1031
11 1032
9 1033
6 1034
14 1035
10 1036
7 1037
9 1038
5 1039
17 1040
11 1041
11 1042
10 1043
8 1044
12 1045
13 1046
12 1047
15 1048
17 1049
9 1050
15 1051
14 1052
13 1053
20 1054
13 1055
15 1056
12 1057
11 1058
16 1059
15 1060
15 1061
15 1062
16 1063
21 1064
13 1065
15 1066
15 1067
13 1068
24 1069
10 1070
26 1071
18 1072
20 1073
28 1074
14 1075
20 1076
26 1077
16 1078
22 1079
24 1080
9 1081
25 1082
22 1083
18 1084
17 1085
24 1086
16 1087
13 1088
19 1089
17 1090
13 1091
12 1092
14 1093
11 1094
16 1095
19 1096
8 1097
18 1098
13 1099
14 1100
10 1101
18 1102
13 1103
9 1104
18 1105
12 1106
12 1107
12 1108
23 1109
23 1110
8 1111
11 1112
15 1113
23 1114
22 1115
19 1116
17 1117
23 1118
15 1119
12 1120
21 1121
23 1122
21 1123
14 1124
24 1125
20 1126
11 1127
17 1128
30 1129
13 1130
31 1131
24 1132
27 1133
20 1134
27 1135
18 1136
21 1137
16 1138
26 1139
31 1140
29 1141
28 1142
29 1143
21 1144
25 1145
26 1146
26 1147
23 1148
24 1149
25 1150
25 1151
24 1152
29 1153
26 1154
26 1155
35 1156
37 1157
31 1158
39 1159
40 1160
29 1161
33 1162
30 1163
26 1164
36 1165
41 1166
46 1167
55 1168
48 1169
43 1170
48 1171
54 1172
46 1173
45 1174
51 1175
55 1176
66 1177
53 1178
76 1179
90 1180
89 1181
87 1182
90 1183
114 1184
101 1185
112 1186
126 1187
122 1188
147 1189
131 1190
139 1191
137 1192
166 1193
166 1194
141 1195
158 1196
170 1197
163 1198
187 1199
165 1200
166 1201
167 1202
170 1203
188 1204
151 1205
154 1206
170 1207
150 1208
138 1209
107 1210
122 1211
109 1212
109 1213
108 1214
86 1215
76 1216
75 1217
92 1218
59 1219
51 1220
55 1221
40 1222
30 1223
32 1224
23 1225
22 1226
34 1227
25 1228
15 1229
19 1230
18 1231
21 1232
11 1233
16 1234
10 1235
14 1236
13 1237
9 1238
5 1239
14 1240
13 1241
11 1242
9 1243
15 1244
12 1245
16 1246
18 1247
10 1248
17 1249
18 1250
10 1251
17 1252
17 1253
19 1254
15 1255
22 1256
20 1257
18 1258
26 1259
25 1260
22 1261
15 1262
23 1263
21 1264
16 1265
23 1266
21 1267
26 1268
20 1269
24 1270
27 1271
21 1272
18 1273
30 1274
25 1275
24 1276
17 1277
19 1278
17 1279
21 1280
28 1281
34 1282
24 1283
30 1284
20 1285
26 1286
16 1287
28 1288
28 1289
16 1290
21 1291
23 1292
22 1293
31 1294
12 1295
23 1296
10 1297
18 1298
11 1299
8 1300
15 1301
14 1302
8 1303
10 1304
8 1305
9 1306
8 1307
6 1308
5 1309
4 1310
6 1311
4 1312
4 1313
3 1314
4 1315
5 1316
5 1317
4 1318
4 1319
1 1320
3 1321
3 1322
6 1324
3 1325
4 1326
2 1327
3 1328
1 1329
2 1331
1 1333
3 1334
2 1335
2 1336
3 1337
2 1338
3 1339
1 1341
1 1343
1 1344
1 1345
2 1346
1 1347
2 1348
3 1349
2 1350
1 1351
4 1353
1 1354
2 1356
2 1357
2 1358
2 1359
1 1360
2 1361
2 1362
3 1363
1 1364
1 1365
2 1366
1 1367
1 1368
3 1369
3 1370
1 1371
1 1372
1 1373
4 1374
6 1376
1 1377
1 1379
6 1380
1 1381
2 1383
1 1384
4 1385
2 1386
1 1387
2 1388
4 1389
2 1390
4 1391
3 1392
4 1393
1 1394
3 1395
1 1396
1 1397
2 1398
3 1400
1 1401
5 1402
1 1403
2 1405
3 1407
2 1408
4 1409
3 1410
3 1411
1 1412
5 1413
5 1414
6 1415
2 1416
4 1417
4 1418
1 1419
7 1420
4 1421
2 1422
1 1423
6 1424
3 1425
4 1426
3 1427
3 1428
3 1429
3 1430
6 1431
2 1432
3 1433
3 1434
6 1435
1 1436
4 1437
7 1438
2 1439
3 1440
5 1441
6 1442
4 1443
8 1444
6 1445
4 1446
7 1447
4 1448
4 1449
5 1450
2 1451
2 1452
5 1453
9 1454
9 1455
4 1456
7 1457
4 1458
5 1459
9 1460
10 1461
7 1462
7 1463
6 1464
12 1465
10 1466
7 1467
5 1468
15 1469
11 1470
12 1471
12 1472
7 1473
9 1474
8 1475
4 1476
7 1477
13 1478
10 1479
9 1480
17 1481
10 1482
10 1483
5 1484
7 1485
4 1486
4 1487
11 1488
9 1489
6 1490
5 1491
3 1492
6 1493
1 1494
6 1495
2 1496
7 1497
6 1498
4 1499
2 1500
2 1501
1 1502
1 1503
6 1504
4 1505
2 1506
4 1507
4 1508
1 1509
2 1510
3 1511
3 1512
4 1513
1 1515
3 1516
2 1517
8 1519
4 1520
1 1521
1 1522
2 1523
5 1524
1 1525
2 1526
4 1527
4 1528
2 1529
4 1530
1 1531
1 1532
4 1533
2 1534
2 1535
3 1536
3 1537
10 1538
2 1539
3 1540
1 1541
5 1542
4 1543
5 1544
1 1545
1 1546
1 1547
4 1548
4 1549
7 1550
4 1551
4 1552
4 1553
4 1554
1 1555
4 1557
1 1558
1 1559
6 1560
3 1561
3 1562
4 1563
3 1564
2 1565
2 1566
5 1568
3 1569
2 1570
8 1571
6 1572
7 1573
4 1574
5 1575
6 1576
7 1577
3 1578
1 1579
7 1580
4 1581
9 1582
4 1583
5 1584
2 1585
4 1586
4 1587
6 1588
4 1589
6 1590
3 1591
6 1592
8 1593
3 1594
4 1595
6 1596
2 1597
3 1598
2 1599
4 1600
2 1601
6 1602
6 1603
3 1604
4 1605
5 1606
3 1607
4 1608
3 1609
7 1610
4 1611
3 1612
3 1613
3 1614
4 1615
3 1616
4 1617
2 1618
4 1619
5 1620
6 1621
2 1622
5 1623
6 1624
2 1625
5 1626
6 1628
3 1629
3 1630
9 1631
4 1632
5 1633
3 1634
5 1635
4 1636
2 1637
4 1638
4 1639
6 1640
5 1641
7 1642
6 1643
4 1644
5 1645
6 1646
7 1647
8 1648
9 1649
9 1650
4 1651
7 1652
8 1653
7 1654
12 1655
8 1656
13 1657
7 1658
7 1659
10 1660
16 1661
12 1662
8 1663
14 1664
15 1665
13 1666
14 1667
21 1668
13 1669
17 1670
16 1671
21 1672
22 1673
18 1674
14 1675
17 1676
20 1677
18 1678
28 1679
22 1680
17 1681
13 1682
19 1683
23 1684
20 1685
19 1686
31 1687
23 1688
26 1689
19 1690
22 1691
31 1692
25 1693
26 1694
20 1695
38 1696
26 1697
34 1698
30 1699
35 1700
22 1701
19 1702
33 1703
29 1704
32 1705
34 1706
27 1707
36 1708
29 1709
31 1710
28 1711
25 1712
44 1713
29 1714
31 1715
29 1716
19 1717
26 1718
18 1719
33 1720
34 1721
31 1722
37 1723
27 1724
25 1725
23 1726
39 1727
28 1728
19 1729
27 1730
20 1731
25 1732
19 1733
21 1734
26 1735
26 1736
23 1737
24 1738
16 1739
13 1740
21 1741
15 1742
22 1743
14 1744
17 1745
12 1746
8 1747
14 1748
12 1749
13 1750
15 1751
12 1752
12 1753
11 1754
14 1755
10 1756
9 1757
13 1758
10 1759
6 1760
8 1761
11 1762
12 1763
8 1764
8 1765
8 1766
11 1767
6 1768
8 1769
10 1770
10 1771
3 1772
8 1773
8 1774
7 1775
7 1776
4 1777
10 1778
6 1779
7 1780
8 1781
6 1782
9 1783
4 1784
6 1785
10 1786
9 1787
10 1788
10 1789
6 1790
5 1791
9 1792
6 1793
5 1794
7 1795
7 1796
10 1797
5 1798
4 1799
11 1800
8 1801
6 1802
4 1803
7 1804
4 1805
3 1806
10 1807
5 1808
6 1809
6 1810
4 1811
2 1812
3 1814
5 1815
7 1816
4 1817
5 1818
3 1819
5 1820
4 1821
3 1822
6 1823
5 1824
4 1825
4 1826
1 1827
5 1828
1 1829
4 1830
6 1831
3 1832
3 1833
4 1834
5 1835
4 1836
1 1837
1 1838
2 1839
4 1840
5 1841
1 1842
3 1843
2 1844
4 1845
2 1846
1 1849
1 1850
5 1851
2 1852
1 1854
1 1856
2 1857
1 1858
2 1859
4 1860
2 1862
1 1863
4 1865
2 1866
1 1867
3 1868
4 1869
4 1871
1 1872
2 1873
2 1874
1 1875
4 1876
2 1877
1 1878
2 1879
1 1881
2 1883
2 1884
1 1885
2 1886
2 1887
1 1888
2 1889
1 1890
2 1891
2 1892
2 1898
1 1900
2 1901
2 1902
3 1903
2 1904
3 1905
2 1906
1 1907
3 1908
1 1909
2 1910
1 1911
1 1912
1 1913
4 1914
2 1915
1 1916
3 1917
1 1920
2 1921
1 1922
5 1923
2 1925
1 1926
3 1927
2 1928
2 1929
2 1930
1 1931
2 1933
2 1934
4 1935
1 1936
1 1938
1 1939
1 1941
1 1942
1 1943
2 1944
1 1946
1 1947
1 1950
1 1956
1 1958
1 1961
1 1965
2 1968
1 1973
1 1981
1 1982
1 1985
1 1990
1 1992
3 1996
1 1999
1 2000
1 2002
1 2004
1 2005
1 2006
1 2007
1 2011
1 2012
1 2014
1 2016
1 2017
2 2019
1 2023
2 2025
1 2028
1 2031
2 2033
1 2038
1 2040
1 2047
2 2052
1 2057
2 2059
1 2060
1 2063
1 2068
1 2069
1 2073
1 2074
1 2075
1 2077
1 2081
1 2082
1 2083
2 2086
1 2093
2 2095
1 2097
1 2098
2 2099
1 2101
2 2102
2 2109
1 2112
1 2113
2 2115
1 2117
2 2118
1 2120
1 2127
2 2129
1 2130
1 2131
2 2132
1 2136
1 2137
1 2138
1 2139
2 2140
1 2141
1 2144
3 2145
2 2147
1 2148
1 2149
1 2152
2 2153
1 2154
1 2157
1 2159
1 2160
1 2161
1 2163
1 2174
1 2176
1 2181
2 2184
1 2194
1 2196
1 2198
3 2201
1 2208
1 2209
1 2210
2 2212
1 2214
1 2220
1 2221
1 2224
1 2226
2 2228
2 2229
1 2230
3 2232
1 2238
2 2240
1 2241
1 2252
1 2254
1 2258
1 2261
1 2281
1 2290
1 2298
1 2300
1 2314
1 2323
1 2339
1 2342
1 2349
1 2354
1 2356
1 2361
1 2368
1 2370
1 2415
1 2417
1 2477
1 2479
1 2484
1 2494
1 2495
1 2515
1 2519
1 2521
1 2533
1 2551
1 2566
1 2575
1 2577
1 2596
1 2606
1 2647
1 2650
1 2680
1 2681
1 2693
1 2702
1 2703
1 2705
1 2715
1 2717
1 2728
1 2741
1 2758
1 2786
1 2806
1 2830
1 2839
1 2849
1 2853
1 2856
1 2866
1 2877
1 2884
1 2888
1 2895
1 2897
1 2907
1 2916
1 2917
1 2920
1 2930
1 2939
1 2954
1 2959
1 2971
1 2974
1 2977
1 2983
1 3006
1 3007
1 3011
1 3016
1 3031
1 3033
1 3036
1 3040
1 3047
1 3065
1 3074
2 3082
1 3199
1 3200
1 3257
1 3266
1 3270
1 3273
1 3286
1 3297
1 3444
1 3593
1 3600
1 3633
1 3636
1 3653
1 3666
1 3669
1 3690
1 3720
1 3807
1 3847
1 3865
1 4169
1 4715
1 4895
