1 4
1 5
2 7
1 12
3 13
1 14
3 15
3 17
2 18
1 21
1 23
1 24
1 26
1 31
1 33
1 34
3 35
1 37
1 42
1 46
2 47
1 50
2 52
3 53
6 54
3 55
1 56
1 57
2 58
3 59
2 60
2 61
1 62
1 65
1 66
2 67
1 70
1 71
2 72
2 73
1 77
2 78
2 80
3 81
1 82
2 83
1 84
3 85
4 86
2 87
2 88
3 89
2 90
1 91
1 92
3 93
2 94
2 95
3 96
2 98
5 99
3 102
1 103
2 105
2 106
1 107
1 108
4 109
3 111
4 112
1 113
1 114
1 115
2 116
2 117
1 119
1 120
1 121
3 122
1 123
3 124
3 125
1 126
2 127
3 128
3 129
3 132
1 133
1 134
1 135
2 137
2 138
1 140
2 141
1 142
2 144
2 147
3 148
3 149
3 151
3 152
2 154
4 155
3 156
5 157
2 158
1 159
3 160
3 161
1 162
1 163
3 164
4 165
2 166
4 167
2 168
2 169
10 170
9 171
2 172
13 173
7 174
7 175
6 176
12 177
6 178
6 179
9 180
2 181
8 182
6 183
5 184
4 185
2 186
4 187
2 188
6 190
1 191
4 192
2 193
6 195
3 196
1 198
2 199
7 200
3 201
2 202
1 203
2 204
3 205
2 206
3 207
3 208
5 209
4 210
2 211
4 212
2 213
5 214
4 215
5 216
2 217
7 218
6 219
7 220
4 221
5 222
11 223
11 224
10 225
11 226
14 227
10 228
11 229
9 230
11 231
8 232
6 233
10 234
7 235
3 236
10 237
9 238
5 239
4 240
2 241
7 242
2 243
7 244
4 245
8 246
1 247
9 248
6 249
11 250
8 251
5 252
7 253
2 254
11 255
12 256
5 257
6 258
7 259
10 260
7 261
7 262
9 263
6 264
7 265
8 266
12 267
6 268
9 269
9 270
8 271
16 272
23 273
17 274
12 275
17 276
29 277
30 278
27 279
32 280
36 281
31 282
33 283
41 284
39 285
25 286
40 287
41 288
45 289
36 290
33 291
34 292
37 293
27 294
27 295
14 296
23 297
21 298
14 299
16 300
18 301
9 302
8 303
18 304
9 305
14 306
13 307
12 308
13 309
20 310
22 311
11 312
19 313
17 314
27 315
15 316
33 317
23 318
24 319
21 320
28 321
27 322
33 323
17 324
22 325
19 326
16 327
29 328
21 329
24 330
22 331
23 332
19 333
23 334
28 335
26 336
31 337
30 338
40 339
33 340
33 341
39 342
53 343
53 344
39 345
47 346
54 347
43 348
58 349
55 350
36 351
37 352
37 353
34 354
47 355
32 356
31 357
26 358
24 359
25 360
23 361
18 362
24 363
30 364
17 365
31 366
19 367
19 368
20 369
14 370
22 371
13 372
13 373
11 374
16 375
17 376
14 377
15 378
15 379
18 380
29 381
25 382
21 383
18 384
16 385
18 386
15 387
17 388
23 389
15 390
17 391
24 392
20 393
10 394
8 395
11 396
17 397
8 398
5 399
5 400
10 401
6 402
5 403
3 404
2 405
6 406
8 407
10 408
8 409
8 410
8 411
14 412
8 413
11 414
12 415
12 416
11 417
13 418
14 419
18 420
13 421
22 422
28 423
20 424
20 425
19 426
26 427
27 428
15 429
16 430
18 431
14 432
17 433
15 434
9 435
20 436
11 437
11 438
10 439
5 440
14 441
12 442
9 443
8 444
2 445
6 446
6 447
8 448
9 449
4 450
8 451
4 452
3 453
2 454
6 455
2 456
2 457
4 458
5 459
6 460
2 461
4 462
4 463
4 464
3 465
4 466
7 467
12 468
5 469
4 470
7 471
7 472
6 473
1 474
7 475
3 476
9 477
3 478
8 479
5 480
5 481
7 482
5 483
2 484
2 485
4 486
7 487
6 488
4 489
6 490
8 491
8 492
4 493
4 494
4 495
9 496
3 497
10 498
4 499
10 500
2 501
7 502
11 503
6 504
2 505
13 506
5 507
10 508
10 509
12 510
11 511
8 512
14 513
12 514
10 515
9 516
14 517
8 518
12 519
11 520
11 521
12 522
12 523
8 524
11 525
9 526
9 527
3 528
10 529
5 530
8 531
3 532
6 533
4 534
7 535
6 536
5 537
3 538
3 539
5 540
5 541
2 542
6 543
3 544
3 545
3 547
2 548
2 549
3 550
2 552
2 553
2 554
3 555
3 556
1 557
4 558
1 560
2 561
2 562
1 564
1 565
2 566
1 567
1 568
1 569
2 570
1 572
4 574
2 575
6 576
6 577
5 578
2 579
2 581
2 582
3 583
2 584
1 585
2 586
5 587
3 588
3 589
5 590
1 591
2 592
1 594
1 595
2 596
3 597
3 598
5 600
3 601
4 602
1 603
1 604
1 605
2 606
3 607
6 608
1 609
1 610
3 611
5 612
4 613
1 614
6 615
2 616
3 617
6 618
6 619
6 620
4 621
5 622
2 623
3 624
4 625
7 626
6 627
6 628
10 629
3 630
3 631
3 632
2 633
1 634
4 635
1 636
4 637
1 638
1 639
4 640
1 641
1 643
2 644
1 646
2 648
1 649
2 650
1 652
1 653
1 654
1 656
2 658
1 659
3 660
2 661
1 662
3 663
3 665
1 667
1 669
1 670
2 671
4 673
2 674
2 675
1 676
1 678
4 680
3 684
1 685
2 686
2 687
2 688
1 689
1 691
2 692
2 694
2 695
2 696
1 697
1 700
1 701
1 702
1 705
1 706
1 707
1 708
2 709
1 710
3 711
1 712
2 714
1 715
1 716
2 717
2 718
1 719
2 720
1 721
2 722
1 723
2 724
1 725
4 726
1 727
2 728
1 729
3 730
4 731
1 732
1 733
2 734
1 735
2 736
1 737
4 738
1 739
2 740
3 742
3 743
2 745
3 747
1 748
3 749
2 751
1 752
2 754
1 755
4 756
1 757
2 758
1 759
1 760
2 761
1 762
1 763
2 764
2 765
2 766
1 767
2 768
2 769
1 771
1 772
1 773
2 774
3 775
4 776
1 777
7 779
4 780
2 781
3 782
4 783
4 784
3 785
5 787
2 788
7 789
5 790
5 791
3 792
8 793
2 794
4 795
2 796
5 797
6 798
6 799
3 800
4 801
3 802
2 803
4 804
6 806
4 807
4 809
1 810
4 811
2 812
2 814
3 815
4 816
1 817
1 818
3 820
2 821
2 822
1 823
2 824
1 825
2 826
2 827
1 829
1 830
1 831
2 832
2 833
1 834
1 835
2 836
2 837
1 838
2 839
3 840
1 841
1 842
1 843
2 845
2 846
1 847
1 848
1 850
3 851
3 852
2 853
1 854
5 856
2 857
4 858
2 859
3 860
2 861
1 862
2 864
1 865
4 866
1 867
3 868
1 869
1 872
1 873
5 874
1 876
3 877
4 878
2 879
1 880
2 881
2 882
4 883
2 884
1 885
4 886
5 887
1 888
1 889
1 890
3 891
5 892
3 893
2 894
2 895
5 896
1 897
1 898
2 899
1 900
2 901
3 902
8 904
1 905
4 906
4 907
4 908
4 909
2 910
3 911
3 912
5 913
7 914
7 915
3 916
3 917
7 918
7 919
3 920
3 921
1 922
3 923
3 924
5 925
9 926
4 927
4 928
6 929
3 930
3 931
6 932
6 933
4 934
5 935
6 936
9 937
3 938
6 939
4 940
4 941
6 942
8 943
4 944
9 945
6 946
7 947
5 948
10 949
6 950
7 951
9 952
4 953
7 954
2 955
4 956
3 957
10 958
3 959
3 960
3 961
2 962
3 963
4 964
2 965
2 966
4 967
2 968
4 969
2 970
3 971
3 972
1 973
6 974
4 975
2 977
3 978
2 980
1 981
1 982
3 983
3 984
3 985
1 986
1 987
2 988
2 989
3 990
2 991
1 992
1 993
4 994
2 995
5 996
4 997
5 998
1 999
3 1000
3 1001
1 1002
3 1003
2 1004
3 1005
2 1006
3 1007
1 1008
3 1009
2 1011
3 1012
4 1013
4 1014
5 1015
3 1016
6 1017
2 1018
2 1019
1 1020
3 1021
1 1022
3 1023
3 1024
1 1025
5 1026
3 1027
2 1028
6 1029
4 1030
5 1031
5 1032
6 1033
3 1034
3 1035
4 1036
7 1037
2 1038
6 1039
4 1040
4 1041
4 1043
2 1044
3 1045
8 1046
6 1047
8 1048
3 1049
8 1050
3 1051
5 1052
7 1053
7 1054
3 1055
5 1056
9 1057
8 1058
12 1059
6 1060
3 1061
7 1062
10 1063
13 1064
6 1065
8 1066
10 1067
3 1068
5 1069
6 1070
7 1071
6 1072
12 1073
6 1074
10 1075
15 1076
4 1077
7 1078
10 1079
12 1080
7 1081
14 1082
5 1083
5 1084
7 1085
10 1086
8 1087
6 1088
6 1089
9 1090
11 1091
5 1092
10 1093
4 1094
9 1095
4 1096
8 1097
5 1098
8 1099
2 1100
6 1101
8 1102
9 1103
9 1104
12 1105
8 1106
7 1107
12 1108
6 1109
10 1110
6 1111
7 1112
7 1113
5 1114
9 1115
9 1116
10 1117
11 1118
4 1119
7 1120
7 1121
7 1122
12 1123
4 1124
8 1125
10 1126
5 1127
3 1128
13 1129
11 1130
6 1131
9 1132
13 1133
5 1134
8 1135
7 1136
16 1137
11 1138
9 1139
7 1140
13 1141
7 1142
10 1143
13 1144
12 1145
10 1146
5 1147
11 1148
10 1149
12 1150
8 1151
9 1152
11 1153
13 1154
16 1155
9 1156
17 1157
23 1158
21 1159
12 1160
10 1161
15 1162
17 1163
15 1164
22 1165
18 1166
23 1167
17 1168
26 1169
36 1170
22 1171
16 1172
25 1173
37 1174
31 1175
32 1176
30 1177
26 1178
29 1179
35 1180
32 1181
39 1182
36 1183
55 1184
36 1185
56 1186
45 1187
53 1188
62 1189
47 1190
57 1191
56 1192
45 1193
63 1194
63 1195
76 1196
86 1197
73 1198
64 1199
72 1200
69 1201
59 1202
67 1203
66 1204
54 1205
69 1206
71 1207
70 1208
45 1209
60 1210
48 1211
70 1212
35 1213
41 1214
39 1215
35 1216
29 1217
35 1218
21 1219
23 1220
27 1221
22 1222
20 1223
10 1224
14 1225
13 1226
16 1227
9 1228
5 1229
11 1230
9 1231
5 1232
5 1233
5 1234
2 1235
4 1236
9 1237
5 1238
15 1239
9 1240
7 1241
9 1242
6 1243
1 1244
2 1245
4 1246
3 1247
7 1248
6 1249
4 1250
10 1251
5 1252
8 1253
4 1254
4 1255
10 1256
6 1257
4 1258
13 1259
9 1260
11 1261
10 1262
11 1263
7 1264
6 1265
16 1266
4 1267
12 1268
7 1269
10 1270
9 1271
9 1272
13 1273
8 1274
10 1275
4 1276
2 1277
7 1278
18 1279
7 1280
10 1281
11 1282
12 1283
13 1284
12 1285
10 1286
11 1287
16 1288
15 1289
10 1290
8 1291
10 1292
11 1293
12 1294
11 1295
8 1296
6 1297
10 1298
5 1299
7 1300
7 1301
7 1302
2 1303
7 1304
2 1305
5 1306
4 1307
5 1308
3 1309
5 1310
4 1311
3 1312
1 1313
3 1314
3 1316
2 1317
3 1318
2 1320
2 1321
2 1323
2 1324
2 1325
1 1326
2 1327
1 1328
2 1329
4 1331
2 1334
2 1335
3 1338
1 1340
2 1344
1 1345
2 1348
1 1351
3 1352
2 1355
1 1356
1 1357
2 1358
1 1359
1 1361
2 1362
2 1363
2 1364
2 1365
2 1370
1 1372
2 1373
1 1374
1 1375
2 1376
2 1377
3 1379
1 1380
1 1386
2 1387
2 1391
2 1392
2 1393
1 1395
2 1398
1 1399
1 1400
1 1401
2 1402
2 1403
1 1405
2 1407
1 1408
2 1409
4 1410
2 1411
2 1412
3 1413
1 1414
4 1415
2 1417
2 1418
3 1419
2 1420
1 1421
2 1422
2 1423
6 1424
5 1425
1 1426
2 1428
1 1429
2 1430
4 1431
3 1432
4 1433
4 1434
2 1435
1 1436
7 1437
2 1438
3 1439
1 1440
1 1441
1 1442
2 1443
8 1444
7 1445
2 1446
2 1447
4 1448
2 1449
3 1450
6 1451
2 1452
4 1453
5 1454
4 1455
2 1456
5 1457
6 1458
7 1459
12 1460
3 1461
2 1463
4 1464
3 1465
6 1466
5 1467
2 1468
8 1469
2 1470
6 1471
10 1472
7 1473
8 1474
10 1475
2 1476
4 1477
6 1478
9 1479
6 1480
5 1481
3 1482
8 1483
5 1484
2 1485
2 1486
1 1487
3 1488
5 1489
2 1490
3 1491
4 1492
2 1493
4 1494
2 1495
3 1496
1 1498
3 1499
4 1500
1 1501
2 1502
1 1503
2 1505
3 1506
3 1507
2 1508
3 1509
2 1510
4 1511
1 1512
2 1513
1 1514
1 1515
2 1516
5 1519
1 1520
4 1521
1 1522
2 1523
2 1524
4 1525
1 1526
1 1528
1 1529
1 1530
4 1531
3 1533
2 1534
1 1535
2 1536
2 1537
3 1538
4 1539
5 1540
3 1542
1 1543
2 1544
1 1545
1 1548
1 1549
1 1550
1 1551
4 1552
1 1553
3 1554
7 1555
4 1556
4 1557
3 1558
4 1559
2 1560
3 1561
2 1562
3 1563
6 1564
1 1567
5 1568
4 1569
3 1570
2 1571
1 1572
5 1573
2 1574
3 1575
3 1576
6 1577
5 1578
7 1579
1 1580
5 1581
3 1582
2 1583
2 1584
2 1585
5 1586
2 1587
6 1588
1 1589
1 1590
2 1591
4 1592
1 1593
3 1594
6 1595
2 1596
9 1597
8 1598
5 1599
3 1600
5 1601
6 1602
3 1603
3 1604
1 1605
4 1606
2 1607
3 1609
1 1610
1 1612
2 1613
2 1614
2 1615
2 1616
2 1617
2 1618
5 1619
1 1620
3 1621
6 1622
3 1623
3 1624
3 1625
6 1626
4 1627
1 1628
5 1629
1 1630
1 1631
1 1632
3 1633
1 1634
3 1635
3 1636
4 1637
4 1638
7 1639
3 1640
2 1641
1 1642
5 1643
2 1644
3 1645
7 1646
9 1647
5 1648
8 1649
4 1650
3 1651
9 1652
4 1653
4 1654
2 1655
7 1656
9 1657
12 1658
10 1659
7 1660
8 1661
4 1662
3 1663
7 1664
11 1665
16 1666
9 1667
12 1668
15 1669
12 1670
9 1671
10 1672
8 1673
16 1674
17 1675
11 1676
8 1677
14 1678
10 1679
14 1680
16 1681
26 1682
16 1683
15 1684
25 1685
21 1686
21 1687
19 1688
22 1689
18 1690
11 1691
24 1692
17 1693
13 1694
16 1695
14 1696
21 1697
16 1698
26 1699
24 1700
12 1701
15 1702
19 1703
23 1704
15 1705
20 1706
26 1707
23 1708
18 1709
22 1710
22 1711
24 1712
23 1713
19 1714
28 1715
21 1716
36 1717
24 1718
14 1719
18 1720
24 1721
29 1722
16 1723
15 1724
21 1725
17 1726
22 1727
20 1728
21 1729
18 1730
20 1731
21 1732
11 1733
18 1734
15 1735
9 1736
20 1737
13 1738
15 1739
7 1740
8 1741
12 1742
10 1743
12 1744
15 1745
6 1746
9 1747
16 1748
4 1749
10 1750
12 1751
9 1752
7 1753
3 1754
10 1755
8 1756
3 1757
7 1758
3 1759
9 1760
7 1761
8 1762
9 1763
5 1764
6 1765
3 1766
7 1767
6 1768
2 1769
6 1770
7 1771
6 1772
4 1773
6 1774
6 1775
4 1776
5 1777
9 1778
8 1779
5 1780
5 1781
5 1782
6 1783
1 1784
5 1785
2 1786
2 1787
9 1788
4 1789
6 1791
4 1792
3 1793
3 1794
3 1795
3 1796
2 1797
4 1798
4 1799
6 1800
4 1801
3 1802
2 1803
10 1804
6 1805
2 1806
8 1807
4 1808
9 1809
5 1810
3 1811
5 1812
4 1813
3 1814
5 1815
1 1816
3 1817
6 1818
5 1819
3 1820
8 1821
5 1822
4 1823
2 1824
5 1825
2 1826
2 1827
5 1828
5 1829
2 1830
2 1831
2 1832
3 1833
4 1834
1 1835
3 1836
5 1837
3 1839
5 1840
3 1841
2 1842
2 1844
1 1845
3 1847
1 1848
1 1849
1 1850
3 1853
2 1855
1 1856
4 1857
1 1859
3 1860
2 1862
1 1864
2 1866
1 1867
3 1870
3 1872
1 1873
1 1875
3 1876
3 1877
1 1878
3 1880
2 1881
3 1882
1 1884
2 1886
3 1887
1 1889
1 1890
5 1891
2 1892
3 1893
1 1895
1 1896
1 1897
1 1899
1 1901
1 1902
1 1903
2 1904
1 1905
2 1906
2 1907
2 1908
2 1909
3 1911
1 1913
2 1914
3 1916
2 1918
2 1920
3 1921
2 1922
1 1923
1 1924
3 1926
1 1927
2 1928
1 1930
1 1931
2 1934
2 1935
1 1937
1 1938
4 1939
2 1940
3 1941
2 1942
2 1943
1 1948
2 1949
1 1951
1 1952
1 1954
3 1968
1 1983
1 1985
1 1988
2 2002
1 2003
1 2006
1 2009
1 2010
1 2013
1 2015
1 2016
1 2023
1 2024
1 2027
1 2029
1 2033
1 2038
1 2040
1 2043
1 2045
1 2047
1 2051
1 2053
1 2054
1 2055
1 2057
2 2058
2 2060
1 2061
3 2068
1 2069
2 2071
2 2072
1 2075
2 2079
1 2082
1 2084
2 2087
1 2090
1 2091
1 2094
1 2107
2 2109
1 2110
1 2113
1 2115
1 2120
1 2121
1 2124
2 2126
2 2131
2 2135
3 2136
1 2137
1 2138
1 2139
2 2140
1 2141
1 2144
1 2146
1 2150
1 2155
1 2156
2 2162
1 2169
1 2175
1 2184
1 2186
1 2189
1 2193
1 2202
1 2203
1 2207
3 2214
1 2220
2 2223
1 2227
1 2228
1 2229
1 2231
1 2233
1 2235
1 2236
1 2240
1 2245
2 2246
1 2248
1 2252
1 2257
1 2261
1 2264
1 2265
1 2271
1 2276
1 2281
1 2292
1 2300
1 2302
1 2309
1 2333
1 2336
1 2356
1 2358
1 2366
1 2370
1 2372
1 2379
1 2399
1 2400
1 2401
1 2413
1 2425
1 2426
1 2428
1 2431
1 2437
2 2474
1 2492
1 2494
1 2495
1 2520
1 2528
1 2542
1 2582
1 2618
1 2625
1 2630
1 2632
1 2634
2 2635
1 2638
1 2641
2 2692
1 2709
1 2716
1 2726
2 2733
1 2746
1 2749
1 2754
1 2776
3 2782
1 2792
1 2800
1 2801
1 2804
2 2808
1 2810
1 2812
1 2818
1 2826
2 2829
1 2835
1 2837
1 2855
1 2864
1 2871
1 2881
1 2883
1 2894
1 2895
1 2896
1 2897
1 2912
1 2913
1 2914
1 2920
2 2922
1 2926
1 2929
1 2930
1 2934
1 2938
1 2939
1 2941
1 2945
1 2946
1 2952
1 2959
1 2960
1 2964
1 2967
1 2973
1 2976
1 2982
2 2983
1 2988
1 2990
1 2998
2 3000
1 3002
1 3006
1 3007
1 3008
1 3010
4 3015
1 3018
1 3019
1 3022
1 3024
1 3025
1 3026
1 3027
1 3031
1 3035
1 3037
1 3038
1 3041
3 3042
1 3046
1 3048
3 3060
1 3063
1 3070
1 3082
1 3089
1 3098
1 3109
1 3114
1 3116
1 3136
1 3155
1 3172
1 3193
2 3221
1 3260
1 3261
1 3270
1 3271
1 3277
1 3279
1 3296
1 3297
1 3300
1 3315
1 3319
1 3344
1 3381
1 3388
1 3417
1 3436
1 3499
1 3557
1 3575
1 3586
1 3587
1 3648
1 3649
1 3669
1 3671
1 3681
1 3682
1 3720
1 3734
1 3743
1 3744
1 3806
1 3811
1 3812
1 3820
1 3843
1 3848
1 3871
1 3880
1 3920
1 3970
1 3978
1 3986
1 4014
1 4018
1 4038
1 4043
1 4047
1 4075
1 4094
1 4109
1 4134
1 4154
1 4438
1 4478
1 4560
1 4626
1 4935
1 5063
