3 1
3 2
2 3
3 4
2 5
2 7
1 8
1 9
2 10
3 11
3 12
1 14
4 15
1 18
7 19
4 20
4 21
4 22
3 23
2 24
4 25
2 26
1 27
7 30
5 31
2 32
3 33
4 34
5 35
6 36
5 37
3 38
6 39
3 40
1 41
2 42
2 43
2 44
2 45
3 46
5 47
4 48
2 49
2 50
3 51
2 52
4 53
4 54
5 55
2 56
3 57
3 58
6 59
5 60
2 61
4 62
4 63
3 64
3 65
4 66
5 67
7 68
6 69
6 70
7 71
7 72
5 73
3 74
5 75
3 76
10 77
4 78
6 79
5 80
5 81
6 82
4 83
1 84
5 85
5 86
8 87
3 88
5 89
7 90
1 91
2 92
5 93
8 94
6 95
4 96
7 97
5 98
7 99
7 100
8 101
7 102
8 103
7 104
8 105
4 106
5 107
6 108
4 109
8 110
9 111
7 112
6 113
7 114
7 115
6 116
4 117
3 118
14 119
6 120
9 121
3 122
5 123
10 124
12 125
10 126
8 127
10 128
10 129
11 130
9 131
9 132
8 133
9 134
11 135
8 136
10 137
4 138
10 139
2 140
4 141
7 142
6 143
7 144
8 145
7 146
11 147
5 148
8 149
6 150
11 151
6 152
11 153
2 154
11 155
10 156
8 157
14 158
7 159
12 160
19 161
12 162
7 163
14 164
13 165
14 166
12 167
10 168
13 169
10 170
9 171
11 172
8 173
12 174
14 175
10 176
7 177
4 178
13 179
10 180
8 181
4 182
7 183
8 184
4 185
7 186
12 187
9 188
5 189
6 190
8 191
9 192
8 193
5 194
10 195
6 196
5 197
9 198
11 199
12 200
7 201
5 202
7 203
16 204
13 205
16 206
6 207
4 208
11 209
11 210
8 211
10 212
4 213
5 214
7 215
11 216
10 217
8 218
10 219
5 220
12 221
11 222
12 223
8 224
11 225
12 226
7 227
11 228
11 229
5 230
3 231
18 232
8 233
14 234
20 235
20 236
19 237
17 238
23 239
22 240
24 241
31 242
26 243
29 244
22 245
31 246
38 247
40 248
45 249
40 250
59 251
54 252
63 253
48 254
60 255
57 256
39 257
38 258
32 259
28 260
19 261
20 262
21 263
13 264
13 265
12 266
11 267
16 268
12 269
15 270
9 271
8 272
21 273
9 274
15 275
11 276
13 277
9 278
11 279
16 280
15 281
9 282
19 283
8 284
20 285
23 286
13 287
15 288
15 289
16 290
16 291
11 292
24 293
18 294
25 295
21 296
12 297
18 298
14 299
8 300
12 301
15 302
14 303
14 304
13 305
22 306
13 307
13 308
7 309
6 310
9 311
7 312
12 313
7 314
14 315
7 316
13 317
9 318
14 319
16 320
9 321
17 322
10 323
15 324
13 325
13 326
11 327
17 328
16 329
15 330
20 331
24 332
14 333
14 334
22 335
20 336
12 337
22 338
17 339
18 340
21 341
20 342
7 343
21 344
12 345
16 346
18 347
23 348
15 349
23 350
26 351
23 352
19 353
24 354
22 355
32 356
35 357
25 358
37 359
32 360
17 361
30 362
21 363
21 364
19 365
23 366
20 367
17 368
27 369
16 370
14 371
19 372
20 373
15 374
16 375
10 376
17 377
10 378
17 379
17 380
14 381
20 382
20 383
14 384
15 385
19 386
17 387
16 388
25 389
19 390
23 391
19 392
21 393
28 394
25 395
31 396
17 397
25 398
20 399
20 400
44 401
27 402
42 403
47 404
48 405
62 406
49 407
63 408
57 409
65 410
75 411
83 412
86 413
74 414
63 415
67 416
53 417
59 418
51 419
45 420
42 421
38 422
28 423
24 424
22 425
20 426
15 427
15 428
21 429
22 430
15 431
13 432
13 433
18 434
20 435
16 436
10 437
14 438
16 439
17 440
22 441
26 442
15 443
31 444
16 445
25 446
29 447
29 448
29 449
23 450
30 451
35 452
34 453
38 454
44 455
56 456
58 457
59 458
72 459
81 460
88 461
96 462
111 463
110 464
127 465
167 466
129 467
182 468
200 469
182 470
179 471
204 472
173 473
181 474
165 475
159 476
149 477
129 478
109 479
89 480
81 481
79 482
68 483
67 484
46 485
44 486
30 487
33 488
34 489
25 490
21 491
23 492
25 493
15 494
23 495
20 496
18 497
22 498
18 499
17 500
12 501
19 502
19 503
13 504
18 505
15 506
22 507
14 508
19 509
13 510
20 511
16 512
18 513
16 514
20 515
9 516
11 517
19 518
16 519
12 520
16 521
7 522
10 523
14 524
17 525
15 526
17 527
10 528
11 529
12 530
9 531
19 532
11 533
15 534
13 535
12 536
13 537
20 538
15 539
13 540
5 541
6 542
9 543
14 544
10 545
17 546
10 547
16 548
7 549
12 550
15 551
15 552
17 553
9 554
13 555
7 556
15 557
11 558
15 559
18 560
14 561
10 562
12 563
13 564
18 565
10 566
12 567
13 568
12 569
9 570
8 571
10 572
16 573
20 574
16 575
13 576
10 577
5 578
13 579
8 580
6 581
6 582
9 583
7 584
4 585
10 586
6 587
10 588
2 589
8 590
6 591
8 592
9 593
6 594
7 595
7 596
5 597
8 598
5 599
5 600
16 601
13 602
8 603
5 604
11 605
13 606
8 607
6 608
15 609
7 610
7 611
18 612
7 613
9 614
13 615
8 616
12 617
15 618
12 619
11 620
7 621
7 622
9 623
8 624
11 625
8 626
16 627
10 628
11 629
18 630
16 631
16 632
9 633
12 634
13 635
3 636
11 637
15 638
11 639
13 640
8 641
10 642
11 643
8 644
4 645
13 646
10 647
15 648
11 649
10 650
5 651
16 652
16 653
19 654
13 655
7 656
10 657
10 658
12 659
19 660
14 661
13 662
13 663
13 664
13 665
22 666
16 667
26 668
16 669
26 670
15 671
24 672
18 673
22 674
16 675
34 676
25 677
26 678
30 679
38 680
41 681
22 682
31 683
38 684
32 685
29 686
21 687
36 688
30 689
31 690
30 691
22 692
28 693
26 694
23 695
26 696
41 697
33 698
39 699
40 700
29 701
39 702
31 703
44 704
46 705
50 706
48 707
55 708
46 709
66 710
49 711
62 712
67 713
60 714
58 715
71 716
62 717
67 718
38 719
61 720
48 721
44 722
64 723
48 724
67 725
79 726
77 727
70 728
63 729
67 730
76 731
57 732
69 733
64 734
59 735
59 736
82 737
68 738
65 739
72 740
72 741
74 742
76 743
69 744
61 745
74 746
81 747
61 748
86 749
79 750
72 751
74 752
79 753
96 754
93 755
82 756
82 757
65 758
89 759
80 760
80 761
77 762
73 763
76 764
81 765
50 766
74 767
68 768
81 769
59 770
58 771
56 772
50 773
66 774
62 775
51 776
81 777
57 778
76 779
84 780
80 781
79 782
88 783
89 784
100 785
94 786
130 787
113 788
119 789
146 790
155 791
182 792
185 793
210 794
192 795
207 796
212 797
227 798
247 799
282 800
267 801
288 802
248 803
274 804
286 805
257 806
309 807
316 808
293 809
302 810
299 811
307 812
294 813
298 814
305 815
284 816
351 817
344 818
329 819
364 820
365 821
417 822
387 823
453 824
452 825
428 826
462 827
486 828
460 829
430 830
451 831
403 832
394 833
364 834
384 835
369 836
344 837
326 838
273 839
237 840
253 841
240 842
249 843
194 844
169 845
189 846
161 847
156 848
176 849
163 850
153 851
147 852
137 853
127 854
144 855
127 856
125 857
147 858
123 859
134 860
118 861
120 862
116 863
101 864
99 865
84 866
114 867
93 868
79 869
79 870
81 871
90 872
64 873
77 874
49 875
55 876
44 877
47 878
44 879
35 880
31 881
25 882
27 883
29 884
29 885
21 886
24 887
22 888
22 889
31 890
27 891
23 892
21 893
23 894
11 895
11 896
13 897
23 898
21 899
15 900
26 901
11 902
17 903
17 904
15 905
23 906
18 907
13 908
19 909
18 910
18 911
24 912
14 913
19 914
21 915
10 916
27 917
18 918
19 919
17 920
14 921
23 922
19 923
16 924
17 925
27 926
18 927
19 928
25 929
23 930
16 931
20 932
32 933
37 934
27 935
32 936
22 937
26 938
36 939
31 940
28 941
25 942
30 943
31 944
34 945
29 946
31 947
35 948
30 949
36 950
33 951
30 952
35 953
33 954
32 955
29 956
34 957
33 958
29 959
28 960
34 961
23 962
32 963
26 964
32 965
17 966
30 967
30 968
23 969
29 970
35 971
35 972
31 973
28 974
40 975
40 976
35 977
47 978
53 979
43 980
43 981
49 982
50 983
51 984
56 985
48 986
52 987
47 988
60 989
67 990
74 991
67 992
73 993
44 994
72 995
62 996
64 997
51 998
58 999
63 1000
55 1001
53 1002
62 1003
42 1004
49 1005
49 1006
41 1007
53 1008
63 1009
62 1010
41 1011
49 1012
44 1013
53 1014
60 1015
51 1016
58 1017
72 1018
66 1019
77 1020
71 1021
78 1022
76 1023
78 1024
85 1025
98 1026
109 1027
103 1028
98 1029
108 1030
102 1031
102 1032
127 1033
116 1034
131 1035
127 1036
149 1037
143 1038
164 1039
154 1040
139 1041
145 1042
172 1043
196 1044
205 1045
193 1046
184 1047
203 1048
202 1049
248 1050
207 1051
230 1052
196 1053
213 1054
167 1055
179 1056
193 1057
144 1058
159 1059
137 1060
132 1061
133 1062
116 1063
103 1064
86 1065
108 1066
84 1067
104 1068
117 1069
109 1070
99 1071
104 1072
92 1073
120 1074
114 1075
103 1076
86 1077
118 1078
115 1079
142 1080
115 1081
135 1082
122 1083
141 1084
164 1085
157 1086
159 1087
160 1088
155 1089
134 1090
163 1091
150 1092
137 1093
146 1094
140 1095
132 1096
116 1097
112 1098
113 1099
97 1100
101 1101
99 1102
93 1103
67 1104
76 1105
86 1106
72 1107
75 1108
79 1109
81 1110
64 1111
68 1112
64 1113
61 1114
64 1115
68 1116
48 1117
64 1118
58 1119
56 1120
55 1121
66 1122
45 1123
52 1124
59 1125
37 1126
54 1127
58 1128
42 1129
41 1130
31 1131
33 1132
34 1133
44 1134
46 1135
43 1136
31 1137
41 1138
33 1139
35 1140
33 1141
38 1142
44 1143
42 1144
31 1145
41 1146
39 1147
37 1148
39 1149
34 1150
39 1151
42 1152
46 1153
54 1154
55 1155
41 1156
34 1157
52 1158
50 1159
45 1160
48 1161
55 1162
59 1163
37 1164
40 1165
55 1166
55 1167
76 1168
56 1169
55 1170
61 1171
69 1172
56 1173
51 1174
47 1175
38 1176
52 1177
48 1178
38 1179
43 1180
45 1181
58 1182
40 1183
44 1184
49 1185
28 1186
43 1187
27 1188
32 1189
44 1190
35 1191
42 1192
36 1193
47 1194
42 1195
48 1196
49 1197
47 1198
56 1199
65 1200
65 1201
53 1202
61 1203
71 1204
71 1205
75 1206
81 1207
90 1208
102 1209
107 1210
118 1211
96 1212
115 1213
107 1214
94 1215
118 1216
107 1217
107 1218
129 1219
127 1220
99 1221
104 1222
92 1223
99 1224
79 1225
84 1226
74 1227
71 1228
74 1229
59 1230
43 1231
57 1232
52 1233
50 1234
50 1235
38 1236
40 1237
35 1238
30 1239
32 1240
28 1241
26 1242
32 1243
28 1244
22 1245
20 1246
16 1247
18 1248
14 1249
17 1250
17 1251
15 1252
12 1253
21 1254
8 1255
11 1256
13 1257
7 1258
11 1259
10 1260
10 1261
9 1262
11 1263
8 1264
6 1265
9 1266
8 1267
5 1268
2 1269
8 1270
1 1271
4 1272
2 1273
6 1274
6 1275
5 1276
2 1277
4 1278
4 1279
2 1280
1 1281
3 1282
2 1283
2 1284
2 1285
1 1286
2 1287
3 1288
1 1289
2 1290
2 1291
4 1292
2 1293
3 1294
2 1295
2 1296
2 1297
4 1298
1 1299
2 1300
2 1301
1 1302
2 1306
1 1307
1 1308
1 1309
2 1310
1 1311
1 1312
2 1313
2 1314
5 1315
2 1316
3 1317
2 1318
4 1319
2 1320
1 1321
3 1322
2 1323
4 1324
4 1326
2 1327
1 1328
2 1329
1 1330
2 1331
3 1332
3 1333
3 1334
8 1335
3 1336
3 1337
5 1338
3 1340
7 1341
4 1342
6 1343
5 1344
3 1345
4 1346
3 1347
5 1348
5 1349
4 1350
4 1351
5 1352
5 1353
6 1354
2 1355
7 1356
6 1357
9 1358
7 1359
6 1360
4 1361
5 1362
12 1363
9 1364
13 1365
18 1366
10 1367
18 1368
7 1369
12 1370
17 1371
19 1372
18 1373
18 1374
15 1375
21 1376
10 1377
20 1378
25 1379
28 1380
24 1381
16 1382
21 1383
24 1384
23 1385
20 1386
21 1387
24 1388
9 1389
19 1390
20 1391
20 1392
20 1393
8 1394
11 1395
13 1396
8 1397
14 1398
8 1399
11 1400
8 1401
12 1402
8 1403
4 1404
9 1405
5 1406
7 1407
2 1408
5 1409
3 1410
2 1411
1 1412
3 1413
2 1414
3 1415
1 1416
4 1417
1 1418
1 1419
2 1420
1 1421
1 1422
1 1424
5 1426
1 1427
4 1428
2 1430
1 1431
1 1433
2 1434
1 1435
2 1436
2 1437
1 1438
1 1440
2 1442
3 1443
1 1444
2 1445
2 1447
2 1449
2 1450
2 1452
1 1453
3 1454
1 1456
1 1457
3 1459
2 1465
2 1466
2 1470
1 1471
1 1472
2 1474
2 1475
1 1476
1 1477
1 1481
3 1483
3 1484
3 1489
1 1491
2 1495
2 1503
1 1505
1 1508
2 1515
1 1516
1 1518
1 1520
1 1522
1 1525
1 1528
1 1529
1 1533
2 1535
1 1536
1 1538
1 1539
1 1541
1 1542
1 1544
1 1548
1 1550
2 1554
1 1567
1 1568
1 1570
2 1572
2 1576
2 1579
2 1585
1 1586
1 1590
1 1592
1 1593
1 1594
2 1595
1 1597
1 1598
2 1600
1 1601
1 1603
1 1604
1 1605
1 1606
1 1607
1 1610
1 1611
1 1612
1 1616
1 1618
1 1624
1 1625
1 1627
1 1628
2 1629
1 1631
1 1640
1 1642
1 1644
1 1647
1 1648
1 1649
1 1650
1 1655
1 1658
1 1659
1 1660
2 1661
2 1662
1 1665
1 1666
1 1675
1 1676
1 1677
1 1678
1 1680
1 1681
1 1682
2 1683
1 1685
1 1686
1 1689
1 1691
1 1693
1 1695
1 1698
2 1701
1 1702
1 1704
1 1705
1 1706
1 1707
1 1711
2 1712
1 1714
1 1718
1 1719
2 1720
1 1721
2 1723
1 1726
1 1728
1 1730
1 1731
2 1736
1 1737
1 1738
1 1741
1 1743
1 1746
1 1747
1 1749
1 1752
2 1755
2 1763
2 1764
1 1767
2 1769
1 1771
2 1774
1 1777
1 1779
1 1780
1 1781
1 1782
2 1785
2 1787
1 1791
1 1794
2 1797
1 1799
1 1807
3 1808
1 1811
1 1815
1 1817
2 1820
1 1822
1 1829
1 1832
1 1833
2 1835
5 1836
2 1838
1 1845
1 1848
2 1851
1 1852
1 1855
1 1859
1 1861
2 1862
2 1865
1 1868
1 1875
1 1877
2 1879
2 1881
1 1886
1 1889
2 1895
2 1896
1 1898
3 1900
1 1904
2 1907
1 1908
1 1912
1 1914
1 1915
1 1920
1 1921
2 1924
2 1925
1 1926
1 1930
1 1931
1 1932
2 1934
1 1935
1 1936
1 1939
1 1941
1 1942
1 1944
1 1945
1 1946
1 1950
1 1953
3 1954
1 1955
1 1956
1 1959
1 1962
1 1964
2 1965
1 1966
1 1970
1 1973
1 1974
1 1978
1 1979
1 1982
1 1983
1 1984
2 1985
1 1987
1 1989
1 1990
1 1991
2 1994
2 1995
3 1996
2 1999
1 2001
1 2002
2 2003
2 2004
1 2008
2 2009
2 2010
1 2012
1 2013
1 2015
1 2017
2 2018
2 2019
1 2020
1 2022
3 2023
2 2024
1 2026
1 2027
3 2028
1 2029
3 2031
1 2034
1 2035
2 2038
1 2040
1 2042
1 2044
3 2045
1 2046
1 2049
4 2051
2 2052
1 2054
1 2057
2 2058
2 2059
1 2060
1 2062
1 2067
1 2069
2 2070
2 2071
2 2074
1 2075
1 2076
1 2078
1 2080
1 2081
2 2082
2 2087
1 2088
2 2092
1 2094
1 2096
1 2102
2 2103
1 2107
1 2108
2 2111
1 2112
1 2113
1 2114
1 2116
1 2117
1 2123
2 2124
1 2125
1 2126
1 2134
1 2135
3 2136
2 2138
3 2139
1 2140
1 2144
1 2145
1 2146
2 2153
1 2155
2 2156
2 2158
1 2159
1 2160
1 2161
2 2162
1 2165
3 2166
2 2167
1 2168
2 2169
2 2173
2 2175
2 2176
1 2177
2 2178
1 2179
1 2180
1 2182
1 2184
1 2186
1 2187
1 2188
1 2192
1 2193
1 2196
1 2201
1 2202
1 2204
2 2205
2 2206
1 2207
1 2210
1 2212
2 2214
3 2215
1 2217
2 2218
2 2220
1 2222
1 2224
4 2225
1 2226
1 2228
1 2229
1 2230
2 2232
2 2233
1 2236
2 2237
2 2240
2 2241
2 2242
1 2243
1 2244
2 2246
1 2251
1 2252
1 2253
2 2254
1 2256
3 2257
2 2260
5 2261
1 2262
3 2263
1 2264
1 2267
2 2268
2 2269
2 2270
2 2272
2 2273
1 2275
2 2279
1 2280
1 2281
2 2282
1 2283
1 2285
2 2286
1 2288
2 2289
2 2290
2 2291
2 2294
2 2296
1 2297
2 2298
2 2299
2 2300
3 2301
1 2304
3 2305
2 2308
1 2309
1 2311
1 2312
2 2314
2 2315
1 2317
1 2318
2 2319
1 2322
1 2323
2 2324
1 2325
1 2326
1 2327
2 2329
2 2330
1 2332
2 2333
3 2334
6 2335
1 2336
5 2338
1 2339
2 2340
3 2341
2 2343
2 2344
1 2346
4 2347
3 2348
4 2351
2 2353
4 2354
2 2355
3 2356
4 2357
3 2358
3 2360
2 2361
2 2362
1 2363
2 2364
4 2365
4 2367
1 2369
2 2370
2 2371
7 2372
2 2373
8 2375
6 2376
1 2377
2 2379
5 2380
7 2381
3 2382
2 2383
5 2384
3 2385
3 2386
4 2387
4 2388
6 2389
8 2390
5 2391
5 2392
6 2393
6 2394
2 2395
7 2396
9 2397
6 2398
5 2399
4 2400
6 2401
6 2402
8 2403
7 2404
7 2405
7 2406
9 2407
3 2408
8 2409
6 2410
6 2411
6 2412
11 2413
8 2414
11 2415
6 2416
7 2417
7 2418
7 2419
14 2420
4 2421
5 2422
5 2423
6 2424
9 2425
5 2426
5 2427
6 2428
7 2429
4 2430
4 2431
7 2432
1 2433
5 2434
8 2435
3 2436
10 2437
6 2438
3 2439
3 2440
1 2441
3 2442
5 2443
6 2444
5 2445
5 2446
5 2447
5 2448
8 2449
2 2450
5 2451
1 2452
7 2453
7 2454
5 2455
4 2456
12 2457
5 2458
7 2459
6 2460
7 2461
6 2462
8 2463
9 2464
6 2465
7 2466
10 2467
9 2468
8 2469
9 2470
4 2471
8 2472
6 2473
8 2474
10 2475
8 2476
9 2477
11 2478
12 2479
8 2480
18 2481
15 2482
9 2483
22 2484
10 2485
12 2486
10 2487
15 2488
14 2489
12 2490
16 2491
8 2492
19 2493
23 2494
11 2495
19 2496
12 2497
19 2498
12 2499
10 2500
15 2501
15 2502
16 2503
14 2504
11 2505
8 2506
6 2507
8 2508
6 2509
12 2510
9 2511
7 2512
11 2513
12 2514
11 2515
8 2516
6 2517
9 2518
5 2519
6 2520
6 2521
10 2522
3 2523
7 2524
5 2525
4 2526
2 2527
5 2529
3 2530
4 2531
4 2532
4 2533
2 2534
3 2535
7 2536
3 2537
3 2538
1 2539
2 2540
3 2541
1 2543
3 2544
4 2545
2 2546
5 2547
3 2548
8 2549
2 2550
2 2551
3 2552
6 2553
3 2554
3 2555
5 2556
3 2557
1 2558
3 2559
4 2560
4 2561
1 2562
2 2563
6 2564
1 2565
3 2566
7 2567
5 2568
1 2569
6 2570
2 2571
6 2572
7 2573
3 2574
3 2575
2 2576
6 2577
2 2578
2 2579
3 2580
1 2581
3 2582
7 2583
7 2584
2 2585
2 2586
4 2587
3 2588
4 2589
4 2590
3 2591
4 2592
4 2593
4 2594
3 2595
2 2596
2 2597
5 2598
3 2599
1 2600
6 2601
4 2602
4 2603
3 2604
1 2605
4 2606
8 2607
8 2608
4 2609
4 2610
3 2611
4 2612
1 2613
8 2614
5 2615
1 2616
1 2617
1 2618
2 2619
1 2620
1 2621
1 2622
1 2623
4 2624
1 2625
3 2626
2 2627
4 2628
2 2629
3 2630
3 2631
4 2632
3 2634
3 2635
1 2636
1 2637
1 2638
1 2639
3 2641
1 2642
2 2643
1 2644
1 2645
1 2647
1 2648
2 2649
2 2650
1 2651
1 2653
1 2655
3 2656
1 2657
5 2658
2 2659
1 2660
2 2661
1 2662
1 2663
3 2664
1 2665
1 2666
1 2667
2 2668
1 2670
3 2672
1 2673
1 2675
1 2676
4 2677
2 2678
2 2679
1 2680
1 2681
3 2683
1 2684
1 2685
5 2686
2 2687
2 2690
2 2691
3 2692
1 2693
1 2694
1 2695
8 2696
5 2697
1 2698
3 2699
4 2700
6 2701
4 2702
5 2703
4 2704
1 2705
5 2706
1 2707
5 2708
2 2709
4 2711
7 2712
3 2713
5 2714
2 2715
4 2716
7 2717
6 2718
2 2719
7 2720
4 2721
7 2722
3 2723
4 2724
2 2725
8 2726
2 2727
3 2728
8 2729
8 2730
6 2731
3 2732
3 2733
6 2734
2 2735
2 2736
3 2737
3 2738
4 2739
1 2741
4 2742
2 2743
2 2744
1 2745
1 2746
1 2747
2 2748
2 2749
2 2750
2 2751
3 2752
1 2754
1 2757
1 2759
1 2760
1 2762
2 2763
1 2764
1 2766
1 2767
1 2768
2 2769
2 2771
3 2775
1 2776
1 2777
1 2778
3 2783
1 2785
1 2787
2 2788
1 2790
1 2793
2 2795
2 2796
1 2797
1 2798
1 2801
1 2802
1 2803
3 2804
1 2806
1 2807
5 2808
1 2809
2 2810
1 2811
1 2812
1 2813
3 2815
2 2816
1 2817
1 2821
2 2822
2 2829
2 2830
1 2832
2 2833
2 2834
1 2835
3 2836
2 2837
2 2838
2 2839
3 2843
2 2845
2 2846
2 2847
1 2848
1 2849
2 2851
1 2852
2 2853
1 2854
1 2857
1 2858
1 2859
1 2860
1 2864
1 2865
1 2868
2 2871
1 2873
1 2875
1 2882
1 2885
1 2887
1 2891
1 2893
1 2894
1 2908
1 2925
1 2930
1 2932
1 2942
1 2946
1 2949
1 2953
1 2955
1 2961
1 2964
1 2971
1 2976
1 2992
1 2996
1 3002
1 3008
1 3011
3 3012
1 3013
1 3017
1 3020
1 3021
1 3026
1 3032
1 3036
1 3038
1 3054
2 3056
1 3057
2 3061
3 3066
2 3067
1 3068
1 3071
1 3075
1 3076
1 3077
1 3078
1 3079
1 3081
1 3082
1 3083
1 3085
1 3088
1 3090
1 3092
1 3096
1 3098
2 3099
1 3100
2 3101
2 3104
1 3106
2 3112
2 3113
2 3116
1 3117
2 3120
1 3122
1 3129
1 3132
2 3133
2 3136
2 3137
1 3139
1 3140
1 3141
1 3144
2 3145
1 3151
1 3153
1 3155
1 3157
2 3161
1 3163
1 3166
1 3174
2 3175
1 3176
1 3177
1 3178
1 3179
1 3182
1 3187
1 3190
2 3197
1 3203
1 3221
1 3225
1 3246
1 3340
1 3368
1 3386
1 3409
1 3465
1 3549
1 3607
1 3631
1 3712
1 3868
1 3884
1 3935
1 3963
1 3989
1 4056
1 4097
1 4148
1 4179
1 4213
1 4238
1 4337
1 4412
1 4689
1 4786
1 4805
1 4820
1 5513
1 6109
