3 2
1 3
1 4
2 5
1 6
1 8
1 12
2 14
2 15
1 17
1 18
1 21
2 22
1 23
1 26
2 30
1 33
2 34
1 35
1 36
2 37
3 38
2 40
1 41
1 42
2 44
4 46
2 48
4 49
6 50
4 51
4 52
2 53
2 54
1 55
4 56
3 57
4 58
1 59
2 60
1 61
5 62
6 63
5 64
7 65
2 66
2 67
1 68
3 69
3 70
2 71
3 72
3 74
4 76
2 77
5 78
4 79
1 80
2 81
5 82
5 83
2 84
2 85
6 86
5 87
2 88
7 89
3 90
5 92
5 93
4 94
4 95
4 96
2 97
4 98
5 99
1 100
2 101
4 102
6 103
5 104
2 105
3 106
4 107
3 108
5 109
5 110
7 111
4 112
6 113
5 114
5 115
3 116
5 117
9 118
3 119
7 120
5 121
6 122
5 123
3 124
7 125
8 126
6 127
7 128
6 129
10 130
10 131
9 132
5 133
3 134
6 135
11 136
10 137
9 138
12 139
5 140
6 141
5 142
7 143
9 144
12 145
16 146
9 147
13 148
19 149
17 150
24 151
18 152
20 153
18 154
19 155
20 156
15 157
12 158
6 159
15 160
8 161
17 162
11 163
14 164
12 165
13 166
14 167
13 168
10 169
7 170
9 171
8 172
9 173
6 174
8 175
6 176
9 177
7 178
12 179
8 180
12 181
4 182
9 183
6 184
7 185
4 186
9 187
5 188
7 189
4 190
6 191
11 192
6 193
12 194
7 195
8 196
6 197
12 198
12 199
13 200
14 201
15 202
20 203
13 204
11 205
16 206
7 207
17 208
14 209
8 210
5 211
10 212
4 213
11 214
10 215
10 216
12 217
10 218
5 219
9 220
16 221
12 222
7 223
15 224
18 225
31 226
26 227
23 228
37 229
43 230
49 231
74 232
79 233
93 234
127 235
138 236
130 237
160 238
128 239
135 240
114 241
87 242
88 243
76 244
47 245
46 246
31 247
38 248
29 249
23 250
32 251
20 252
17 253
37 254
42 255
33 256
39 257
51 258
47 259
59 260
77 261
70 262
55 263
83 264
86 265
75 266
72 267
80 268
73 269
67 270
42 271
50 272
25 273
43 274
24 275
35 276
16 277
23 278
23 279
17 280
16 281
10 282
13 283
16 284
19 285
13 286
24 287
16 288
19 289
21 290
13 291
22 292
32 293
27 294
36 295
34 296
34 297
26 298
36 299
30 300
36 301
33 302
26 303
21 304
20 305
22 306
12 307
17 308
12 309
16 310
8 311
7 312
14 313
8 314
7 315
6 316
11 317
14 318
10 319
14 320
21 321
13 322
24 323
21 324
25 325
12 326
18 327
23 328
27 329
24 330
26 331
17 332
29 333
21 334
27 335
18 336
11 337
17 338
23 339
18 340
11 341
18 342
12 343
14 344
18 345
25 346
7 347
14 348
17 349
21 350
23 351
15 352
21 353
21 354
28 355
29 356
30 357
45 358
28 359
40 360
37 361
56 362
46 363
41 364
56 365
48 366
58 367
44 368
45 369
49 370
56 371
56 372
48 373
63 374
66 375
52 376
71 377
56 378
66 379
71 380
57 381
55 382
65 383
60 384
46 385
49 386
46 387
51 388
33 389
21 390
23 391
24 392
19 393
21 394
29 395
20 396
25 397
33 398
19 399
27 400
21 401
30 402
23 403
30 404
45 405
41 406
38 407
44 408
62 409
48 410
43 411
71 412
98 413
97 414
117 415
132 416
140 417
177 418
184 419
180 420
206 421
208 422
229 423
214 424
204 425
234 426
254 427
221 428
186 429
181 430
186 431
149 432
157 433
121 434
74 435
66 436
63 437
58 438
63 439
54 440
44 441
38 442
19 443
30 444
23 445
24 446
23 447
26 448
24 449
14 450
20 451
22 452
14 453
18 454
24 455
20 456
15 457
13 458
12 459
22 460
25 461
16 462
12 463
15 464
20 465
20 466
12 467
17 468
15 469
23 470
23 471
20 472
22 473
29 474
19 475
20 476
19 477
23 478
24 479
25 480
27 481
34 482
26 483
34 484
31 485
30 486
34 487
21 488
22 489
22 490
24 491
24 492
15 493
12 494
16 495
18 496
18 497
29 498
17 499
17 500
22 501
27 502
15 503
14 504
22 505
19 506
21 507
16 508
21 509
17 510
35 511
31 512
33 513
34 514
43 515
56 516
54 517
61 518
74 519
80 520
96 521
105 522
128 523
148 524
123 525
162 526
174 527
167 528
215 529
207 530
193 531
201 532
181 533
188 534
174 535
152 536
167 537
169 538
123 539
114 540
122 541
110 542
74 543
53 544
55 545
47 546
43 547
32 548
24 549
25 550
19 551
19 552
31 553
7 554
14 555
11 556
18 557
11 558
11 559
9 560
7 561
14 562
11 563
12 564
8 565
8 566
10 567
19 568
11 569
9 570
12 571
9 572
16 573
8 574
21 575
14 576
17 577
10 578
17 579
7 580
15 581
16 582
8 583
16 584
5 585
18 586
18 587
17 588
8 589
19 590
18 591
12 592
9 593
13 594
15 595
15 596
15 597
21 598
20 599
13 600
15 601
22 602
20 603
19 604
19 605
19 606
19 607
21 608
15 609
14 610
23 611
20 612
23 613
7 614
30 615
25 616
21 617
27 618
20 619
25 620
18 621
18 622
13 623
18 624
29 625
27 626
28 627
31 628
16 629
32 630
18 631
28 632
23 633
32 634
28 635
31 636
25 637
17 638
31 639
36 640
29 641
26 642
31 643
36 644
42 645
45 646
46 647
42 648
37 649
51 650
57 651
62 652
80 653
48 654
69 655
80 656
74 657
72 658
85 659
72 660
71 661
81 662
78 663
86 664
81 665
97 666
92 667
75 668
89 669
77 670
100 671
84 672
91 673
99 674
118 675
73 676
83 677
101 678
96 679
110 680
112 681
121 682
130 683
125 684
118 685
147 686
131 687
145 688
148 689
150 690
143 691
149 692
124 693
120 694
142 695
122 696
115 697
83 698
79 699
82 700
72 701
64 702
52 703
49 704
37 705
35 706
26 707
26 708
26 709
27 710
18 711
13 712
14 713
19 714
13 715
14 716
9 717
10 718
9 719
12 720
9 721
14 722
17 723
12 724
14 725
15 726
15 727
11 728
16 729
9 730
14 731
18 732
14 733
11 734
16 735
15 736
24 737
24 738
15 739
16 740
21 741
13 742
19 743
13 744
23 745
24 746
25 747
32 748
16 749
33 750
21 751
25 752
20 753
19 754
17 755
27 756
19 757
22 758
30 759
21 760
35 761
31 762
21 763
35 764
31 765
21 766
23 767
31 768
28 769
23 770
34 771
24 772
37 773
28 774
35 775
36 776
41 777
39 778
44 779
44 780
62 781
58 782
64 783
83 784
78 785
80 786
96 787
117 788
107 789
134 790
130 791
138 792
140 793
144 794
174 795
153 796
168 797
157 798
170 799
150 800
183 801
157 802
153 803
140 804
144 805
129 806
113 807
105 808
88 809
93 810
90 811
104 812
64 813
64 814
68 815
70 816
51 817
45 818
67 819
56 820
67 821
63 822
50 823
69 824
55 825
64 826
68 827
67 828
67 829
73 830
67 831
66 832
70 833
61 834
66 835
69 836
64 837
65 838
64 839
56 840
46 841
61 842
55 843
64 844
73 845
70 846
53 847
72 848
52 849
66 850
55 851
62 852
78 853
69 854
86 855
72 856
83 857
98 858
102 859
102 860
104 861
122 862
132 863
161 864
154 865
175 866
150 867
169 868
185 869
195 870
198 871
178 872
174 873
195 874
230 875
213 876
187 877
174 878
173 879
173 880
189 881
193 882
170 883
184 884
162 885
148 886
151 887
151 888
142 889
143 890
137 891
108 892
129 893
127 894
130 895
79 896
105 897
126 898
104 899
93 900
89 901
105 902
76 903
70 904
50 905
68 906
38 907
53 908
36 909
34 910
36 911
31 912
19 913
22 914
27 915
21 916
18 917
15 918
13 919
11 920
14 921
12 922
17 923
8 924
11 925
10 926
10 927
3 928
13 929
12 930
1 931
11 932
4 933
7 934
4 935
8 936
1 937
3 938
1 939
6 940
4 941
6 942
1 943
2 944
3 945
4 946
4 947
3 948
2 949
5 950
3 951
4 953
2 954
3 955
1 956
2 957
5 958
3 959
6 960
3 961
2 962
2 963
7 964
4 965
2 966
3 967
3 968
3 970
3 971
1 972
2 973
6 974
4 975
2 976
3 977
3 978
3 979
3 980
1 981
7 982
4 983
5 984
4 985
5 986
4 987
5 988
4 989
3 990
5 991
6 992
4 993
1 994
2 995
2 996
5 997
2 998
4 999
4 1000
2 1001
5 1002
4 1003
1 1004
8 1005
5 1006
4 1007
1 1008
4 1009
5 1010
5 1011
1 1012
4 1013
2 1014
4 1015
3 1017
2 1018
5 1019
3 1020
3 1021
2 1022
5 1024
2 1025
6 1026
2 1028
3 1029
1 1030
2 1031
1 1032
2 1033
7 1034
2 1035
6 1036
1 1037
2 1038
2 1039
3 1040
4 1041
2 1042
1 1043
3 1044
3 1045
2 1047
3 1048
3 1049
4 1050
5 1051
4 1052
2 1053
5 1054
4 1055
3 1056
4 1057
1 1058
4 1059
5 1060
4 1061
1 1062
3 1063
4 1064
4 1065
3 1066
1 1067
3 1068
5 1069
6 1070
2 1071
2 1072
2 1073
3 1075
7 1076
4 1077
5 1078
3 1079
4 1080
2 1081
4 1082
7 1083
2 1084
3 1085
3 1086
6 1087
1 1088
5 1089
2 1090
3 1091
4 1092
2 1093
2 1094
3 1095
3 1096
4 1097
5 1099
4 1100
5 1101
6 1102
2 1103
8 1104
3 1105
4 1106
4 1107
6 1108
4 1109
3 1110
6 1111
2 1112
1 1113
3 1114
4 1115
4 1116
8 1117
6 1118
3 1119
9 1120
4 1121
1 1122
8 1123
5 1124
10 1125
5 1126
8 1127
1 1128
2 1129
6 1130
8 1131
3 1132
4 1133
4 1134
11 1135
9 1136
9 1137
10 1138
2 1139
8 1140
1 1141
4 1142
9 1143
6 1144
8 1145
4 1146
9 1147
6 1148
6 1149
3 1150
8 1151
3 1152
8 1153
9 1154
5 1155
5 1156
3 1157
6 1158
10 1159
10 1160
9 1161
8 1162
7 1163
10 1164
4 1165
3 1166
8 1167
6 1168
8 1169
7 1170
13 1171
5 1172
5 1173
12 1174
6 1175
6 1176
11 1177
6 1178
6 1179
10 1180
5 1181
9 1182
10 1183
11 1184
6 1185
10 1186
12 1187
9 1188
9 1189
10 1190
7 1191
12 1192
16 1193
7 1194
12 1195
14 1196
15 1197
9 1198
18 1199
7 1200
22 1201
13 1202
11 1203
14 1204
17 1205
16 1206
14 1207
11 1208
21 1209
18 1210
16 1211
21 1212
15 1213
19 1214
21 1215
21 1216
23 1217
23 1218
28 1219
22 1220
18 1221
25 1222
36 1223
27 1224
48 1225
38 1226
39 1227
39 1228
36 1229
29 1230
38 1231
37 1232
58 1233
47 1234
51 1235
38 1236
48 1237
69 1238
64 1239
46 1240
44 1241
61 1242
53 1243
40 1244
57 1245
54 1246
54 1247
59 1248
55 1249
48 1250
42 1251
40 1252
48 1253
50 1254
33 1255
44 1256
34 1257
33 1258
33 1259
31 1260
31 1261
28 1262
23 1263
23 1264
20 1265
13 1266
23 1267
17 1268
14 1269
19 1270
22 1271
14 1272
17 1273
18 1274
27 1275
22 1276
19 1277
19 1278
20 1279
29 1280
28 1281
29 1282
27 1283
19 1284
25 1285
28 1286
29 1287
21 1288
30 1289
12 1290
14 1291
15 1292
17 1293
14 1294
21 1295
22 1296
12 1297
19 1298
18 1299
9 1300
11 1301
16 1302
14 1303
11 1304
9 1305
8 1306
4 1307
9 1308
4 1309
12 1310
3 1311
5 1312
16 1313
6 1314
3 1315
8 1316
5 1317
15 1318
9 1319
10 1320
11 1321
8 1322
20 1323
12 1324
10 1325
15 1326
11 1327
10 1328
12 1329
9 1330
10 1331
7 1332
8 1333
8 1334
15 1335
8 1336
14 1337
14 1338
15 1339
27 1340
13 1341
22 1342
25 1343
26 1344
22 1345
21 1346
24 1347
27 1348
30 1349
30 1350
32 1351
24 1352
23 1353
30 1354
32 1355
34 1356
25 1357
26 1358
25 1359
38 1360
27 1361
47 1362
41 1363
48 1364
27 1365
28 1366
32 1367
24 1368
29 1369
38 1370
30 1371
25 1372
30 1373
19 1374
13 1375
16 1376
23 1377
15 1378
25 1379
13 1380
13 1381
7 1382
11 1383
14 1384
16 1385
13 1386
16 1387
13 1388
11 1389
10 1390
11 1391
14 1392
13 1393
12 1394
9 1395
3 1396
10 1397
6 1398
13 1399
13 1400
7 1401
12 1402
12 1403
17 1404
9 1405
16 1406
17 1407
11 1408
12 1409
8 1410
11 1411
14 1412
10 1413
15 1414
15 1415
13 1416
14 1417
22 1418
21 1419
12 1420
14 1421
12 1422
14 1423
14 1424
7 1425
11 1426
12 1427
19 1428
15 1429
12 1430
16 1431
21 1432
15 1433
22 1434
10 1435
18 1436
12 1437
11 1438
17 1439
15 1440
27 1441
15 1442
25 1443
11 1444
11 1445
13 1446
15 1447
10 1448
16 1449
16 1450
16 1451
11 1452
19 1453
19 1454
19 1455
7 1456
11 1457
14 1458
14 1459
15 1460
10 1461
10 1462
7 1463
10 1464
12 1465
9 1466
17 1467
8 1468
18 1469
12 1470
11 1471
13 1472
23 1473
15 1474
18 1475
20 1476
20 1477
28 1478
13 1479
26 1480
16 1481
22 1482
16 1483
12 1484
12 1485
15 1486
32 1487
17 1488
23 1489
27 1490
22 1491
14 1492
15 1493
20 1494
14 1495
18 1496
14 1497
23 1498
15 1499
13 1500
10 1501
7 1502
18 1503
19 1504
13 1505
9 1506
16 1507
9 1508
11 1509
12 1510
10 1511
4 1512
13 1513
7 1514
6 1515
1 1516
6 1517
3 1518
9 1519
4 1520
5 1521
5 1522
7 1523
5 1524
2 1525
5 1526
6 1527
3 1528
3 1529
3 1530
1 1531
7 1533
4 1535
3 1536
2 1538
5 1539
1 1540
2 1541
1 1543
1 1545
2 1549
1 1550
1 1551
1 1552
4 1553
2 1554
3 1555
2 1556
2 1557
2 1559
3 1560
2 1561
1 1562
4 1563
1 1564
1 1565
1 1566
5 1567
1 1568
1 1569
2 1570
2 1571
3 1572
1 1573
2 1574
2 1575
2 1576
3 1577
2 1578
5 1579
2 1580
2 1581
1 1582
4 1583
2 1584
3 1585
1 1586
2 1587
6 1588
2 1589
2 1590
4 1591
6 1592
4 1593
6 1594
5 1595
4 1596
4 1597
2 1598
3 1599
3 1600
3 1601
5 1602
3 1603
3 1604
3 1605
3 1606
3 1607
3 1608
5 1609
2 1611
4 1612
4 1613
3 1614
1 1615
2 1616
3 1617
3 1618
1 1619
4 1620
1 1621
7 1622
2 1624
2 1625
4 1626
1 1627
2 1628
3 1629
1 1630
1 1631
1 1632
4 1636
1 1637
1 1639
3 1640
2 1641
2 1643
3 1644
1 1645
2 1646
3 1649
1 1652
1 1653
2 1654
4 1656
1 1658
1 1659
1 1661
1 1663
2 1664
1 1665
2 1666
2 1667
2 1668
1 1669
1 1670
2 1671
1 1672
3 1673
1 1674
3 1675
2 1676
2 1677
2 1678
2 1679
2 1680
3 1681
2 1682
2 1683
3 1684
1 1685
5 1686
3 1687
4 1688
1 1689
1 1690
1 1691
4 1692
2 1693
2 1694
1 1695
9 1696
5 1697
7 1698
3 1700
6 1701
2 1702
2 1703
1 1704
2 1705
2 1706
4 1707
4 1708
3 1709
6 1710
5 1711
2 1712
9 1713
1 1714
8 1715
6 1716
6 1717
6 1718
4 1719
4 1720
2 1721
4 1722
3 1723
1 1724
5 1725
3 1726
5 1727
2 1728
4 1729
1 1730
3 1731
3 1732
3 1733
2 1734
2 1735
1 1736
2 1737
3 1738
3 1739
5 1741
1 1742
3 1743
2 1744
1 1745
2 1746
2 1747
1 1748
1 1749
3 1750
3 1752
2 1755
1 1756
2 1759
2 1762
1 1764
1 1765
3 1766
1 1767
1 1771
1 1772
2 1776
1 1778
1 1781
3 1783
1 1785
3 1787
1 1788
2 1789
1 1790
3 1791
1 1792
1 1794
3 1798
1 1799
1 1802
3 1804
1 1806
1 1807
3 1808
1 1811
1 1812
1 1815
3 1816
1 1817
2 1818
1 1819
1 1820
1 1822
1 1823
1 1824
3 1825
3 1828
2 1829
1 1832
1 1833
1 1834
1 1835
1 1838
2 1839
1 1840
3 1841
1 1842
1 1843
2 1844
1 1845
3 1846
2 1847
2 1848
1 1849
2 1850
1 1851
2 1853
1 1854
5 1856
1 1857
3 1858
2 1859
2 1861
1 1862
2 1863
1 1865
1 1867
1 1868
3 1869
2 1870
3 1871
3 1872
3 1873
1 1876
6 1877
2 1878
1 1879
3 1880
2 1882
4 1883
2 1884
1 1885
2 1886
2 1887
2 1888
6 1890
5 1891
4 1892
1 1893
3 1894
5 1895
5 1896
1 1897
2 1898
1 1899
2 1900
2 1901
4 1902
3 1903
2 1904
1 1906
4 1907
5 1908
1 1911
2 1912
1 1913
3 1914
1 1916
1 1917
3 1918
5 1919
1 1920
1 1921
2 1922
2 1923
4 1924
5 1925
2 1926
1 1927
4 1928
1 1929
2 1930
3 1931
4 1932
3 1933
3 1934
2 1935
2 1936
2 1937
7 1938
1 1939
1 1940
5 1941
4 1942
3 1943
3 1944
7 1945
2 1946
3 1947
2 1948
4 1949
4 1950
5 1951
5 1952
6 1953
3 1955
9 1956
5 1957
4 1958
3 1959
5 1960
2 1961
3 1962
5 1963
3 1964
3 1965
1 1966
8 1967
8 1968
6 1969
1 1970
7 1971
5 1972
6 1973
1 1974
2 1975
4 1976
6 1977
2 1978
3 1979
2 1980
3 1981
5 1982
11 1983
2 1984
4 1985
7 1986
7 1987
6 1988
6 1989
10 1990
6 1991
13 1992
7 1993
14 1994
12 1995
11 1996
4 1997
7 1998
7 1999
8 2000
7 2001
6 2002
7 2003
8 2004
9 2005
7 2006
12 2007
11 2008
8 2009
9 2010
8 2011
6 2012
6 2013
7 2014
8 2015
7 2016
6 2017
2 2018
4 2019
3 2020
2 2021
7 2022
3 2023
8 2024
6 2025
5 2026
2 2027
8 2028
4 2029
5 2030
8 2031
4 2032
1 2033
1 2034
7 2035
6 2036
3 2037
6 2038
4 2039
3 2041
2 2042
3 2043
8 2044
4 2045
1 2046
1 2047
3 2048
2 2049
4 2050
2 2052
1 2053
1 2054
5 2055
3 2056
2 2057
3 2059
4 2060
1 2061
4 2062
4 2063
3 2064
3 2065
5 2066
3 2067
5 2068
7 2070
5 2071
5 2072
7 2073
6 2074
5 2075
6 2076
4 2077
5 2078
4 2079
4 2080
6 2081
5 2082
3 2083
5 2084
4 2085
8 2086
5 2087
3 2088
8 2089
8 2090
5 2091
7 2092
3 2093
7 2094
3 2095
6 2096
5 2097
6 2098
5 2099
7 2100
9 2101
10 2102
9 2103
7 2104
9 2105
7 2106
8 2107
17 2108
10 2109
13 2110
15 2111
12 2112
11 2113
11 2114
13 2115
11 2116
11 2117
14 2118
16 2119
14 2120
13 2121
25 2122
21 2123
25 2124
20 2125
14 2126
16 2127
20 2128
17 2129
22 2130
30 2131
23 2132
27 2133
21 2134
27 2135
26 2136
23 2137
30 2138
35 2139
34 2140
29 2141
41 2142
33 2143
38 2144
30 2145
31 2146
36 2147
38 2148
34 2149
35 2150
35 2151
31 2152
28 2153
25 2154
27 2155
29 2156
32 2157
22 2158
21 2159
34 2160
33 2161
27 2162
16 2163
14 2164
22 2165
18 2166
15 2167
20 2168
15 2169
10 2170
19 2171
9 2172
19 2173
13 2174
15 2175
10 2176
12 2177
7 2178
7 2179
8 2180
4 2181
4 2182
3 2183
7 2184
3 2185
2 2186
3 2187
3 2188
4 2189
2 2190
1 2191
4 2192
1 2193
5 2194
6 2195
1 2196
3 2197
2 2198
1 2202
1 2203
2 2207
3 2210
2 2215
1 2222
1 2229
1 2230
1 2233
1 2234
1 2245
1 2257
1 2258
1 2268
1 2270
1 2271
1 2297
1 2305
1 2310
1 2314
1 2324
1 2326
1 2329
1 2331
1 2333
1 2337
1 2348
1 2352
1 2355
1 2365
1 2370
1 2372
1 2377
1 2380
1 2393
1 2416
1 2417
1 2420
1 2435
1 2451
1 2456
1 2459
2 2482
2 2491
1 2493
1 2505
1 2509
1 2512
1 2525
1 2527
1 2540
1 2567
1 2571
1 2572
1 2592
1 2600
1 2603
1 2606
1 2608
2 2612
1 2615
2 2616
1 2618
1 2620
1 2621
1 2625
1 2628
1 2630
2 2637
1 2638
1 2641
1 2677
2 2685
1 2690
1 2695
1 2698
1 2714
1 2719
1 2725
1 2729
1 2740
1 2757
2 2759
1 2760
1 2767
1 2768
1 2770
1 2780
1 2781
1 2783
1 2788
1 2805
1 2815
1 2819
1 2832
1 2834
1 2835
1 2844
1 2868
1 2900
1 2906
1 2961
1 2975
1 2980
1 2996
1 3021
1 3029
1 3043
1 3055
1 3062
1 3070
1 3098
1 3134
1 3163
2 3167
1 3276
1 3328
1 3336
1 3347
1 3373
1 3440
1 3473
1 3630
1 3655
1 3697
1 3723
1 3736
1 3820
1 3850
1 4458
1 4537
