3 1
8 2
5 3
2 4
5 5
10 6
5 7
2 8
3 9
5 10
3 11
3 12
5 13
6 14
6 15
5 16
2 17
8 18
4 19
5 20
8 21
13 22
3 23
4 24
2 25
2 26
3 27
3 28
1 29
5 30
4 31
5 32
3 33
4 34
6 35
9 36
4 37
8 38
3 39
4 40
4 41
2 43
3 44
2 45
5 46
1 47
1 48
3 49
5 50
9 51
6 52
3 53
3 54
6 55
4 56
5 57
6 58
7 59
4 60
6 61
2 62
10 63
4 64
7 65
9 66
7 67
9 68
3 69
6 70
5 71
7 72
7 73
7 74
9 75
6 76
3 77
6 78
4 79
6 80
8 81
6 82
6 83
7 84
7 85
8 86
10 87
2 88
2 89
3 90
5 91
7 92
8 93
7 94
6 95
6 96
6 97
6 98
5 99
6 100
9 101
2 102
1 103
9 104
6 105
6 106
4 107
9 108
7 109
4 110
7 111
11 112
9 113
6 114
10 115
8 116
11 117
8 118
10 119
10 120
8 121
12 122
7 123
10 124
5 125
9 126
14 127
9 128
10 129
8 130
9 131
8 132
17 133
11 134
17 135
16 136
12 137
4 138
14 139
8 140
11 141
13 142
15 143
9 144
12 145
13 146
14 147
10 148
27 149
19 150
25 151
20 152
24 153
17 154
13 155
15 156
12 157
18 158
13 159
21 160
18 161
27 162
25 163
33 164
30 165
31 166
43 167
41 168
28 169
28 170
23 171
24 172
22 173
15 174
18 175
19 176
17 177
14 178
9 179
18 180
12 181
13 182
13 183
14 184
13 185
16 186
21 187
15 188
20 189
22 190
16 191
18 192
11 193
20 194
17 195
20 196
17 197
19 198
17 199
16 200
20 201
16 202
15 203
17 204
24 205
20 206
12 207
19 208
21 209
17 210
20 211
18 212
19 213
19 214
17 215
17 216
10 217
8 218
26 219
22 220
17 221
16 222
23 223
23 224
18 225
23 226
34 227
29 228
32 229
38 230
37 231
33 232
34 233
42 234
43 235
59 236
49 237
52 238
50 239
73 240
90 241
63 242
84 243
79 244
90 245
123 246
145 247
123 248
158 249
169 250
170 251
201 252
214 253
222 254
203 255
160 256
155 257
133 258
106 259
111 260
76 261
65 262
46 263
39 264
38 265
35 266
41 267
29 268
17 269
28 270
29 271
18 272
28 273
32 274
32 275
34 276
30 277
43 278
40 279
49 280
47 281
59 282
58 283
63 284
56 285
77 286
55 287
60 288
70 289
65 290
71 291
73 292
67 293
66 294
66 295
67 296
71 297
58 298
55 299
56 300
55 301
37 302
32 303
31 304
23 305
22 306
25 307
24 308
22 309
26 310
24 311
32 312
23 313
24 314
31 315
28 316
29 317
20 318
34 319
29 320
44 321
39 322
35 323
27 324
36 325
50 326
58 327
54 328
71 329
67 330
85 331
74 332
73 333
88 334
65 335
77 336
71 337
73 338
78 339
71 340
83 341
74 342
61 343
73 344
63 345
76 346
70 347
51 348
75 349
69 350
69 351
81 352
86 353
81 354
77 355
81 356
91 357
101 358
91 359
86 360
88 361
85 362
99 363
84 364
70 365
66 366
69 367
49 368
50 369
58 370
58 371
47 372
40 373
49 374
44 375
43 376
50 377
46 378
55 379
59 380
58 381
56 382
45 383
70 384
66 385
69 386
62 387
77 388
55 389
71 390
56 391
77 392
85 393
82 394
86 395
113 396
120 397
143 398
162 399
175 400
209 401
232 402
304 403
310 404
423 405
459 406
472 407
561 408
605 409
648 410
686 411
693 412
698 413
632 414
625 415
510 416
467 417
441 418
345 419
291 420
236 421
204 422
160 423
133 424
97 425
95 426
74 427
65 428
67 429
43 430
41 431
43 432
44 433
30 434
29 435
44 436
37 437
37 438
37 439
38 440
29 441
39 442
40 443
67 444
54 445
53 446
69 447
52 448
86 449
63 450
70 451
73 452
78 453
72 454
69 455
75 456
76 457
71 458
87 459
95 460
100 461
92 462
135 463
129 464
124 465
137 466
151 467
158 468
181 469
163 470
165 471
184 472
196 473
151 474
159 475
164 476
138 477
129 478
108 479
115 480
114 481
92 482
67 483
71 484
52 485
37 486
42 487
51 488
29 489
23 490
23 491
16 492
22 493
19 494
24 495
18 496
19 497
16 498
24 499
18 500
32 501
29 502
22 503
16 504
32 505
20 506
25 507
15 508
24 509
21 510
23 511
26 512
19 513
11 514
20 515
18 516
18 517
23 518
23 519
19 520
19 521
15 522
10 523
9 524
20 525
19 526
21 527
21 528
23 529
21 530
24 531
16 532
13 533
17 534
23 535
16 536
16 537
31 538
32 539
20 540
24 541
25 542
20 543
26 544
33 545
26 546
28 547
26 548
29 549
23 550
21 551
25 552
32 553
17 554
20 555
31 556
33 557
35 558
30 559
45 560
31 561
48 562
40 563
41 564
59 565
50 566
60 567
51 568
63 569
68 570
56 571
64 572
72 573
57 574
57 575
64 576
55 577
50 578
50 579
37 580
28 581
27 582
25 583
29 584
22 585
19 586
11 587
20 588
16 589
14 590
6 591
18 592
9 593
12 594
8 595
12 596
13 597
10 598
14 599
8 600
6 601
14 602
10 603
4 604
8 605
13 606
13 607
7 608
11 609
11 610
9 611
9 612
13 613
9 614
6 615
11 616
16 617
4 618
11 619
9 620
15 621
10 622
9 623
10 624
10 625
8 626
15 627
15 628
15 629
20 630
10 631
15 632
17 633
13 634
15 635
7 636
7 637
9 638
11 639
15 640
13 641
10 642
17 643
14 644
6 645
12 646
9 647
17 648
16 649
15 650
13 651
14 652
13 653
17 654
12 655
11 656
15 657
14 658
13 659
19 660
13 661
15 662
16 663
15 664
14 665
18 666
10 667
20 668
13 669
23 670
18 671
19 672
18 673
21 674
23 675
16 676
21 677
18 678
25 679
18 680
22 681
17 682
18 683
17 684
19 685
31 686
20 687
23 688
19 689
13 690
21 691
27 692
22 693
16 694
23 695
22 696
24 697
20 698
35 699
28 700
25 701
37 702
44 703
35 704
37 705
38 706
38 707
32 708
41 709
43 710
42 711
38 712
50 713
49 714
45 715
40 716
61 717
49 718
50 719
43 720
49 721
41 722
50 723
44 724
45 725
57 726
55 727
45 728
63 729
57 730
50 731
56 732
45 733
54 734
61 735
54 736
60 737
31 738
56 739
59 740
47 741
46 742
49 743
53 744
58 745
68 746
70 747
66 748
63 749
72 750
79 751
53 752
78 753
81 754
73 755
72 756
68 757
94 758
65 759
82 760
70 761
60 762
54 763
56 764
68 765
69 766
59 767
53 768
63 769
50 770
43 771
61 772
52 773
52 774
53 775
43 776
54 777
44 778
54 779
51 780
38 781
43 782
49 783
50 784
33 785
37 786
40 787
44 788
55 789
60 790
42 791
58 792
59 793
64 794
63 795
80 796
70 797
85 798
84 799
76 800
97 801
104 802
73 803
121 804
95 805
103 806
158 807
136 808
161 809
147 810
175 811
187 812
199 813
210 814
233 815
238 816
238 817
288 818
295 819
316 820
294 821
297 822
311 823
364 824
366 825
386 826
388 827
408 828
378 829
410 830
382 831
360 832
377 833
298 834
319 835
316 836
279 837
262 838
259 839
254 840
191 841
234 842
175 843
187 844
156 845
171 846
188 847
185 848
160 849
160 850
146 851
182 852
172 853
181 854
222 855
214 856
195 857
204 858
180 859
216 860
207 861
229 862
206 863
170 864
197 865
225 866
184 867
182 868
192 869
154 870
175 871
151 872
131 873
141 874
126 875
113 876
92 877
90 878
69 879
67 880
84 881
70 882
49 883
44 884
46 885
38 886
22 887
23 888
24 889
26 890
23 891
18 892
14 893
15 894
20 895
14 896
12 897
17 898
14 899
12 900
12 901
21 902
9 903
13 904
7 905
14 906
7 907
12 908
20 909
8 910
16 911
12 912
6 913
17 914
18 915
18 916
14 917
9 918
12 919
11 920
21 921
18 922
15 923
17 924
13 925
24 926
17 927
25 928
14 929
20 930
18 931
17 932
19 933
26 934
21 935
17 936
20 937
24 938
23 939
20 940
26 941
25 942
24 943
27 944
21 945
27 946
26 947
20 948
18 949
24 950
31 951
23 952
30 953
28 954
31 955
31 956
35 957
34 958
36 959
34 960
41 961
48 962
34 963
43 964
41 965
31 966
35 967
32 968
44 969
35 970
35 971
32 972
32 973
43 974
29 975
38 976
30 977
32 978
29 979
24 980
25 981
18 982
23 983
21 984
16 985
15 986
21 987
25 988
16 989
20 990
10 991
12 992
14 993
10 994
16 995
15 996
17 997
15 998
13 999
11 1000
12 1001
14 1002
10 1003
24 1004
12 1005
22 1006
19 1007
24 1008
19 1009
16 1010
19 1011
17 1012
40 1013
27 1014
32 1015
25 1016
46 1017
30 1018
42 1019
38 1020
45 1021
41 1022
44 1023
40 1024
50 1025
37 1026
67 1027
48 1028
56 1029
48 1030
44 1031
45 1032
37 1033
38 1034
47 1035
34 1036
46 1037
35 1038
33 1039
31 1040
30 1041
22 1042
22 1043
29 1044
25 1045
19 1046
21 1047
26 1048
19 1049
25 1050
28 1051
21 1052
25 1053
19 1054
18 1055
19 1056
24 1057
18 1058
23 1059
18 1060
23 1061
20 1062
19 1063
28 1064
29 1065
24 1066
26 1067
30 1068
15 1069
33 1070
25 1071
21 1072
27 1073
24 1074
20 1075
34 1076
34 1077
34 1078
37 1079
39 1080
40 1081
38 1082
30 1083
45 1084
31 1085
46 1086
48 1087
40 1088
45 1089
50 1090
29 1091
55 1092
55 1093
40 1094
57 1095
32 1096
37 1097
45 1098
38 1099
36 1100
36 1101
37 1102
33 1103
38 1104
28 1105
24 1106
29 1107
33 1108
46 1109
39 1110
31 1111
42 1112
41 1113
43 1114
50 1115
35 1116
41 1117
42 1118
45 1119
36 1120
45 1121
49 1122
38 1123
41 1124
50 1125
32 1126
39 1127
20 1128
31 1129
27 1130
29 1131
19 1132
27 1133
25 1134
20 1135
17 1136
18 1137
19 1138
20 1139
21 1140
16 1141
8 1142
6 1143
4 1144
4 1145
10 1146
8 1147
2 1148
4 1149
5 1150
6 1151
2 1152
6 1153
4 1154
1 1155
4 1157
3 1158
4 1159
5 1160
1 1161
2 1162
2 1163
1 1165
1 1166
1 1167
2 1168
2 1171
1 1172
1 1173
2 1174
1 1175
3 1176
1 1177
1 1178
1 1179
2 1180
1 1182
1 1183
1 1184
4 1185
2 1186
1 1187
1 1188
1 1191
3 1192
2 1193
2 1195
1 1196
1 1197
2 1198
2 1200
5 1203
1 1204
2 1205
4 1206
3 1208
3 1209
1 1210
1 1211
1 1212
1 1213
1 1214
3 1217
2 1218
3 1219
2 1221
1 1223
1 1224
1 1225
2 1226
4 1227
1 1228
3 1231
3 1233
2 1234
4 1236
4 1237
2 1238
2 1239
3 1240
1 1241
2 1242
4 1243
2 1244
3 1246
3 1247
4 1248
2 1249
5 1250
2 1251
3 1252
4 1253
2 1254
2 1255
1 1256
3 1257
1 1258
1 1259
3 1260
3 1261
3 1262
5 1263
4 1264
2 1265
5 1266
4 1267
1 1268
2 1269
2 1270
2 1271
3 1272
3 1273
3 1275
4 1276
3 1278
4 1279
5 1280
3 1281
1 1282
1 1283
2 1285
1 1287
6 1289
2 1290
3 1293
2 1294
1 1295
1 1296
1 1297
2 1298
2 1299
1 1300
2 1301
2 1302
3 1303
1 1304
2 1305
2 1307
2 1308
3 1310
4 1311
2 1312
3 1313
1 1314
1 1315
3 1316
5 1317
2 1319
1 1321
3 1322
1 1323
5 1324
2 1325
4 1326
4 1327
1 1328
5 1329
2 1330
2 1331
5 1333
2 1334
5 1335
7 1336
5 1337
4 1338
2 1339
3 1340
3 1341
2 1342
1 1343
3 1344
9 1345
2 1346
5 1347
3 1348
3 1349
7 1350
4 1351
3 1352
6 1353
5 1354
3 1355
7 1356
7 1357
8 1358
8 1359
8 1360
7 1361
5 1362
7 1363
12 1364
11 1365
9 1366
11 1367
9 1368
11 1369
10 1370
21 1371
12 1372
12 1373
7 1374
28 1375
19 1376
17 1377
17 1378
21 1379
13 1380
14 1381
24 1382
21 1383
19 1384
13 1385
12 1386
19 1387
18 1388
16 1389
18 1390
9 1391
14 1392
8 1393
11 1394
7 1395
9 1396
9 1397
7 1398
5 1399
8 1400
5 1401
3 1402
14 1403
4 1404
3 1405
3 1406
2 1407
6 1408
3 1409
3 1410
4 1411
4 1412
1 1413
1 1415
1 1416
2 1418
2 1419
2 1420
4 1421
1 1422
2 1423
3 1426
1 1427
1 1428
4 1429
2 1430
1 1431
1 1432
1 1436
2 1437
1 1440
1 1441
1 1442
2 1443
2 1444
1 1446
1 1447
1 1448
1 1451
1 1454
2 1455
1 1456
1 1457
2 1458
2 1459
1 1460
1 1463
2 1464
3 1465
2 1467
1 1468
1 1469
1 1470
1 1471
1 1474
2 1477
2 1479
2 1480
2 1481
1 1484
1 1485
1 1487
2 1489
2 1490
1 1495
1 1499
1 1500
1 1501
1 1502
1 1506
2 1508
1 1510
2 1513
2 1516
2 1518
1 1519
1 1520
1 1524
1 1527
1 1528
1 1529
2 1530
2 1531
1 1533
3 1535
1 1536
1 1539
3 1542
2 1546
3 1548
1 1549
2 1551
1 1552
1 1555
1 1556
1 1557
3 1558
2 1559
1 1560
1 1561
1 1562
1 1564
1 1570
1 1571
1 1572
1 1580
2 1582
1 1583
1 1586
1 1588
1 1589
1 1591
1 1601
1 1602
1 1605
3 1609
4 1610
1 1611
3 1612
2 1613
2 1615
2 1616
3 1618
1 1619
2 1620
3 1621
2 1622
2 1625
1 1626
4 1627
1 1629
2 1631
3 1632
1 1633
1 1635
1 1636
1 1639
1 1640
1 1641
1 1642
1 1643
1 1644
1 1646
1 1647
1 1650
3 1651
4 1652
2 1653
2 1655
1 1656
1 1657
1 1661
1 1662
1 1664
1 1665
1 1670
1 1671
2 1674
1 1676
2 1677
1 1678
1 1681
2 1684
1 1685
2 1686
1 1687
1 1688
1 1690
2 1691
1 1693
2 1695
1 1696
1 1698
1 1699
2 1700
1 1701
2 1702
3 1703
5 1705
4 1706
1 1707
3 1712
1 1713
1 1714
2 1716
3 1717
1 1719
1 1722
1 1723
2 1730
2 1731
2 1732
2 1733
1 1737
2 1742
1 1744
1 1746
1 1749
1 1751
1 1752
3 1754
1 1755
1 1756
1 1757
1 1761
2 1762
1 1764
1 1769
1 1770
1 1774
2 1775
1 1776
2 1779
1 1780
1 1781
1 1785
1 1786
1 1790
1 1791
1 1798
1 1800
1 1803
1 1804
2 1807
1 1810
2 1811
1 1812
1 1813
1 1814
1 1815
1 1816
1 1817
2 1819
3 1825
1 1827
1 1829
4 1831
1 1838
3 1843
1 1844
1 1845
2 1846
2 1847
2 1848
2 1849
1 1850
2 1853
2 1854
3 1857
2 1858
1 1859
1 1860
1 1861
3 1862
2 1865
1 1867
1 1868
2 1869
1 1873
1 1877
2 1878
3 1879
1 1881
2 1882
1 1883
1 1887
1 1892
2 1896
1 1899
1 1900
2 1901
2 1902
1 1903
1 1905
2 1908
2 1909
2 1910
3 1911
1 1912
1 1913
4 1914
2 1915
1 1916
1 1917
1 1918
2 1919
3 1920
3 1921
4 1922
3 1923
4 1924
2 1925
2 1926
2 1927
2 1928
1 1929
3 1930
4 1931
1 1932
6 1934
2 1935
3 1936
1 1937
1 1938
1 1939
3 1940
1 1941
1 1942
1 1944
3 1945
1 1947
1 1948
2 1949
1 1950
1 1951
2 1952
5 1953
1 1954
2 1955
1 1956
1 1959
3 1960
1 1961
1 1963
1 1964
1 1965
3 1967
3 1969
1 1971
1 1972
2 1975
2 1976
1 1977
1 1979
4 1980
2 1983
2 1984
1 1985
1 1987
3 1988
2 1989
2 1993
1 1994
1 1995
2 1996
3 1998
1 2000
3 2001
2 2003
2 2004
2 2005
3 2007
1 2008
2 2009
4 2010
2 2011
4 2012
1 2013
1 2014
1 2015
2 2016
1 2017
3 2018
1 2019
1 2020
4 2022
3 2023
5 2024
4 2025
4 2026
4 2027
2 2028
3 2029
3 2030
2 2031
3 2032
2 2034
5 2035
1 2036
4 2037
2 2039
4 2040
2 2043
3 2044
3 2045
2 2047
4 2048
1 2049
1 2051
3 2052
1 2053
2 2054
3 2055
1 2057
1 2058
4 2059
1 2060
2 2064
1 2066
1 2067
1 2068
2 2070
1 2073
1 2074
1 2075
1 2076
1 2079
3 2081
1 2082
1 2083
2 2084
2 2085
1 2086
1 2087
1 2089
2 2090
1 2092
1 2093
2 2095
2 2097
1 2099
1 2100
2 2105
1 2106
1 2108
1 2111
1 2115
1 2116
2 2118
2 2120
2 2121
1 2124
2 2125
2 2126
1 2127
2 2128
1 2129
1 2130
1 2131
1 2132
3 2133
1 2137
1 2138
2 2139
1 2140
1 2141
2 2142
3 2143
2 2145
2 2146
4 2149
1 2151
1 2153
4 2154
1 2155
4 2156
2 2157
1 2158
2 2159
6 2160
2 2161
1 2162
2 2163
1 2164
2 2165
2 2167
3 2169
2 2170
1 2171
1 2172
1 2173
1 2174
1 2175
1 2176
2 2178
2 2180
1 2181
2 2182
1 2183
2 2184
1 2185
1 2186
2 2189
2 2190
1 2191
1 2193
1 2194
1 2195
1 2196
1 2198
2 2200
3 2202
1 2204
1 2207
1 2209
2 2211
2 2216
1 2217
1 2218
1 2219
1 2221
1 2223
1 2226
1 2227
2 2230
1 2231
1 2233
1 2234
1 2235
1 2236
2 2238
3 2239
2 2240
1 2242
1 2244
1 2245
1 2246
1 2247
1 2248
1 2251
1 2252
1 2253
1 2254
2 2255
1 2256
1 2257
3 2258
1 2259
1 2264
1 2266
2 2267
1 2268
1 2271
1 2275
1 2276
1 2277
1 2278
2 2279
1 2281
1 2283
1 2284
1 2285
1 2287
2 2288
1 2289
1 2291
2 2292
2 2293
1 2294
2 2296
1 2297
1 2298
1 2299
2 2300
2 2304
1 2305
1 2307
2 2308
3 2310
1 2311
3 2317
1 2318
1 2319
3 2320
1 2321
1 2323
1 2325
1 2326
1 2328
3 2329
1 2331
1 2332
1 2333
3 2334
3 2336
2 2337
1 2338
1 2339
1 2340
2 2341
1 2342
3 2343
1 2346
1 2347
1 2350
3 2351
2 2352
4 2353
1 2354
1 2355
1 2356
1 2357
1 2358
2 2360
2 2361
3 2362
4 2363
3 2364
1 2365
5 2366
1 2367
3 2368
3 2369
4 2370
3 2371
1 2372
3 2373
2 2374
4 2375
3 2376
2 2378
2 2379
1 2380
2 2382
4 2383
3 2384
3 2385
3 2386
4 2387
2 2388
5 2389
2 2390
7 2391
3 2392
9 2394
2 2395
3 2396
2 2397
6 2398
4 2399
4 2401
2 2402
2 2403
4 2404
6 2405
5 2406
9 2407
2 2408
3 2409
3 2410
7 2411
4 2412
2 2413
6 2414
1 2415
6 2416
5 2417
2 2418
7 2419
2 2420
8 2421
3 2422
8 2423
3 2424
4 2425
11 2426
5 2427
6 2428
5 2429
5 2430
7 2431
3 2432
2 2433
2 2434
4 2435
3 2436
7 2437
4 2439
3 2440
7 2441
5 2442
3 2443
7 2444
4 2445
6 2446
4 2447
6 2448
4 2449
2 2450
4 2451
3 2452
6 2453
6 2454
1 2455
2 2456
7 2457
2 2458
5 2459
3 2460
6 2461
5 2462
3 2463
9 2464
6 2465
8 2466
6 2467
7 2468
5 2469
5 2470
7 2471
8 2472
5 2473
6 2474
10 2475
10 2476
4 2477
9 2478
8 2479
10 2480
13 2481
7 2482
9 2483
16 2484
11 2485
4 2486
8 2487
8 2488
9 2489
8 2490
17 2491
9 2492
11 2493
9 2494
13 2495
11 2496
14 2497
6 2498
7 2499
10 2500
10 2501
7 2502
15 2503
7 2504
15 2505
14 2506
11 2507
9 2508
8 2509
9 2510
11 2511
11 2512
6 2513
7 2514
6 2515
5 2516
4 2517
10 2518
3 2519
2 2520
4 2521
5 2522
4 2523
2 2524
1 2525
1 2526
5 2527
2 2528
1 2529
3 2530
2 2531
4 2532
2 2533
3 2536
2 2537
1 2538
2 2539
3 2540
3 2541
2 2542
1 2543
1 2544
2 2545
3 2547
2 2550
2 2552
2 2553
1 2554
2 2555
1 2556
1 2557
1 2562
1 2563
1 2565
2 2566
2 2567
2 2568
3 2569
2 2570
1 2571
3 2573
1 2574
1 2575
1 2576
1 2577
1 2581
1 2584
3 2585
1 2587
1 2591
3 2594
1 2596
1 2598
1 2599
1 2601
2 2602
4 2604
3 2605
1 2606
1 2607
4 2608
1 2611
2 2612
1 2614
1 2615
1 2617
1 2618
1 2619
1 2621
1 2622
1 2624
2 2627
1 2630
1 2631
1 2632
1 2633
1 2634
1 2635
1 2636
2 2637
1 2640
1 2641
1 2647
2 2651
1 2652
1 2654
1 2655
2 2659
1 2660
1 2661
3 2663
1 2665
2 2669
1 2670
1 2672
1 2674
1 2675
2 2676
2 2677
1 2679
1 2681
3 2682
1 2683
1 2684
3 2685
1 2686
2 2689
7 2690
2 2691
3 2692
1 2693
2 2694
2 2697
4 2698
2 2700
2 2701
3 2703
2 2704
3 2705
3 2706
3 2707
3 2708
1 2709
1 2710
4 2713
3 2714
1 2715
4 2716
7 2717
5 2719
4 2720
1 2721
1 2722
3 2723
1 2724
1 2725
3 2726
4 2727
3 2728
4 2729
3 2730
5 2731
3 2732
1 2733
2 2734
1 2735
2 2736
1 2737
1 2738
1 2739
1 2740
3 2741
4 2743
1 2745
1 2746
2 2747
3 2748
2 2749
1 2751
1 2753
1 2755
3 2756
1 2758
1 2759
2 2760
1 2763
1 2764
1 2766
2 2768
2 2769
3 2772
1 2775
1 2780
1 2783
1 2785
3 2789
3 2808
1 2809
1 2810
1 2812
1 2813
1 2816
1 2817
1 2820
1 2826
1 2827
1 2828
1 2831
2 2838
1 2839
4 2843
1 2846
1 2847
1 2858
2 2862
1 2863
1 2865
1 2870
1 2876
1 2892
2 2894
2 2895
1 2911
1 2916
1 2930
1 2957
1 2959
1 2977
1 2980
1 2982
1 2987
1 2995
1 3006
1 3007
1 3013
1 3018
1 3037
1 3038
1 3054
1 3055
1 3057
1 3058
1 3060
1 3063
1 3070
1 3075
1 3076
1 3079
2 3082
1 3092
1 3096
2 3097
2 3101
1 3109
1 3111
3 3116
1 3118
1 3119
1 3121
2 3123
1 3124
3 3127
3 3128
1 3129
1 3130
2 3131
2 3132
1 3133
1 3134
1 3135
1 3138
1 3139
1 3140
1 3141
1 3142
1 3146
1 3150
1 3152
2 3153
1 3156
1 3157
1 3158
1 3160
1 3162
2 3164
2 3165
2 3169
1 3172
2 3177
1 3179
1 3182
1 3186
1 3189
1 3204
1 3210
1 3222
1 3255
1 3256
1 3334
1 3339
1 3353
1 3426
1 3469
1 3479
1 3535
1 3566
1 3567
1 3587
1 3617
1 3666
1 3994
1 4047
1 4075
1 4216
1 5049
1 5126
