2 1
1 3
1 4
2 5
1 8
1 11
1 13
1 17
1 18
2 19
1 23
2 25
1 27
2 29
1 32
2 33
5 35
3 37
1 38
3 39
1 40
1 41
1 42
1 43
2 44
1 47
1 48
2 49
1 50
1 51
1 54
1 55
1 56
2 57
3 60
1 61
1 62
1 63
1 64
1 66
2 67
1 68
2 69
2 71
2 72
1 73
2 76
2 77
2 78
3 79
1 80
1 82
2 84
1 87
1 90
1 91
1 92
2 93
4 94
1 96
2 97
1 99
3 100
1 101
2 102
1 103
3 105
2 106
2 108
2 110
4 111
1 112
1 113
6 114
2 115
1 116
4 117
5 118
1 119
3 120
2 121
4 122
2 123
1 124
2 125
2 126
2 127
2 129
3 131
1 132
2 133
1 134
1 135
6 136
3 137
2 138
2 139
1 140
7 141
6 142
3 143
5 144
3 145
5 146
8 147
6 148
2 149
3 150
5 151
2 152
2 153
1 155
1 156
4 157
2 158
4 159
3 160
2 161
1 162
1 163
1 164
2 165
3 166
4 167
5 168
1 169
3 170
3 172
2 173
4 175
3 176
2 177
5 178
5 180
3 181
7 182
1 183
3 184
1 185
2 186
1 187
1 188
2 189
2 190
3 191
5 192
2 193
3 194
7 195
7 196
9 197
5 198
7 199
2 200
3 201
2 202
2 203
5 204
4 205
2 206
5 207
6 208
4 209
5 210
2 211
5 212
3 213
1 214
4 215
5 216
2 217
3 218
1 219
7 220
5 221
3 222
3 223
2 224
2 225
1 226
7 227
5 228
5 229
13 230
10 231
10 232
10 233
8 234
6 235
17 236
18 237
20 238
16 239
26 240
33 241
30 242
37 243
30 244
42 245
44 246
50 247
55 248
36 249
36 250
43 251
37 252
46 253
37 254
27 255
45 256
26 257
22 258
18 259
28 260
15 261
19 262
8 263
10 264
8 265
10 266
3 267
9 268
2 269
5 270
3 271
7 272
7 273
2 274
2 275
4 276
1 277
6 278
6 279
6 280
3 281
3 282
2 283
5 284
3 285
3 286
4 287
2 288
6 290
3 292
2 293
1 294
2 295
4 296
6 297
4 298
2 299
9 300
1 301
2 302
3 303
2 304
4 305
4 306
1 307
1 308
2 309
1 310
4 311
7 312
4 313
7 314
6 315
3 316
5 317
8 318
7 319
12 320
8 321
10 322
12 323
10 324
8 325
5 326
10 327
6 328
5 329
11 330
20 331
9 332
9 333
7 334
7 335
11 336
8 337
10 338
7 339
13 340
5 341
6 342
11 343
16 344
10 345
12 346
13 347
18 348
14 349
12 350
10 351
19 352
20 353
15 354
11 355
17 356
12 357
15 358
19 359
12 360
12 361
9 362
11 363
11 364
12 365
10 366
11 367
18 368
8 369
9 370
8 371
9 372
8 373
11 374
5 375
7 376
4 377
5 378
11 379
8 380
7 381
4 382
6 383
8 384
5 385
7 386
7 387
7 388
11 389
12 390
14 391
10 392
16 393
7 394
12 395
12 396
21 397
14 398
21 399
17 400
24 401
13 402
21 403
18 404
14 405
26 406
22 407
21 408
27 409
33 410
39 411
26 412
29 413
36 414
43 415
31 416
30 417
36 418
50 419
47 420
39 421
42 422
47 423
58 424
59 425
51 426
62 427
95 428
69 429
75 430
71 431
77 432
69 433
85 434
97 435
90 436
72 437
78 438
64 439
58 440
58 441
47 442
52 443
50 444
38 445
31 446
25 447
27 448
18 449
15 450
12 451
10 452
7 453
7 454
13 455
7 456
5 457
4 458
3 459
5 460
4 461
7 462
5 463
3 464
3 465
5 466
5 467
3 468
7 469
1 470
2 471
4 472
3 473
7 474
6 475
2 476
6 477
1 478
6 479
2 480
4 481
3 482
1 483
3 484
1 486
5 487
4 488
4 489
3 490
3 491
4 492
3 493
4 494
2 495
3 496
2 497
3 498
4 499
2 500
7 501
3 502
2 503
3 504
2 505
2 506
1 507
3 508
5 509
4 510
1 511
5 512
4 513
2 514
3 515
1 516
2 517
3 518
4 519
4 520
5 521
6 522
7 523
3 524
3 525
5 526
5 527
5 528
6 529
4 530
9 531
2 532
7 533
6 534
3 535
3 536
4 537
3 538
12 539
1 540
5 541
1 542
4 543
1 544
3 545
3 546
4 547
5 548
1 549
1 550
1 551
2 553
4 554
2 555
3 556
3 557
4 558
4 560
3 561
5 562
2 563
3 564
4 565
1 566
3 567
2 568
5 569
2 570
3 571
1 572
1 573
2 574
7 575
5 576
2 577
4 578
4 579
3 580
4 581
8 582
6 583
7 584
4 586
6 587
9 588
1 589
13 590
3 591
1 592
6 593
4 594
5 595
5 596
2 597
2 598
5 599
7 600
3 601
3 602
6 603
6 604
4 605
3 606
8 607
2 608
4 609
6 610
4 611
3 612
5 613
6 614
6 615
3 616
3 617
2 618
3 619
7 620
7 621
6 623
7 624
11 625
6 626
4 627
7 628
8 629
2 630
6 631
6 632
5 633
8 634
6 635
8 636
4 637
4 638
8 639
3 640
13 641
10 642
5 643
11 644
5 645
12 646
5 647
13 648
6 649
12 650
8 651
17 652
13 653
10 654
12 655
8 656
10 657
15 658
18 659
10 660
10 661
20 662
21 663
13 664
21 665
20 666
28 667
20 668
23 669
26 670
27 671
29 672
40 673
37 674
37 675
44 676
39 677
37 678
33 679
38 680
40 681
45 682
49 683
40 684
33 685
54 686
45 687
38 688
38 689
54 690
49 691
31 692
24 693
35 694
31 695
21 696
24 697
23 698
23 699
17 700
11 701
15 702
17 703
9 704
15 705
13 706
9 707
10 708
8 709
7 710
6 711
12 712
9 713
13 714
16 715
7 716
7 717
7 718
14 719
11 720
14 721
11 722
7 723
16 724
16 725
5 726
13 727
11 728
13 729
14 730
13 731
11 732
24 733
23 734
24 735
26 736
35 737
35 738
32 739
33 740
34 741
44 742
21 743
37 744
39 745
31 746
40 747
38 748
40 749
35 750
34 751
36 752
36 753
19 754
24 755
24 756
27 757
30 758
16 759
22 760
21 761
30 762
20 763
15 764
22 765
18 766
24 767
21 768
23 769
22 770
22 771
24 772
13 773
28 774
32 775
19 776
19 777
13 778
19 779
20 780
20 781
11 782
19 783
16 784
14 785
14 786
18 787
15 788
9 789
7 790
11 791
3 792
7 793
7 794
4 795
4 796
8 797
8 798
6 799
6 800
8 801
6 802
7 803
4 804
9 805
8 806
10 807
7 808
7 809
5 810
4 811
11 812
6 813
8 814
4 815
11 816
4 817
6 818
7 819
2 820
7 821
4 822
7 823
3 824
4 825
7 826
4 827
3 828
2 829
8 830
4 831
2 832
4 833
7 834
6 835
8 836
6 837
9 838
7 839
5 840
4 841
8 842
4 843
6 844
5 845
13 846
4 847
7 848
12 849
8 850
5 851
9 852
10 853
7 854
2 855
11 856
7 857
13 858
10 859
16 860
5 861
11 862
6 863
11 864
13 865
19 866
13 867
7 868
19 869
10 870
12 871
23 872
18 873
12 874
10 875
11 876
14 877
10 878
17 879
18 880
6 881
17 882
14 883
8 884
12 885
14 886
9 887
8 888
11 889
4 890
15 891
9 892
16 893
18 894
15 895
16 896
11 897
19 898
19 899
16 900
15 901
15 902
22 903
17 904
26 905
19 906
25 907
26 908
18 909
23 910
17 911
15 912
13 913
17 914
16 915
15 916
20 917
11 918
17 919
17 920
19 921
16 922
18 923
12 924
27 925
18 926
11 927
15 928
19 929
20 930
13 931
18 932
15 933
18 934
26 935
23 936
25 937
17 938
29 939
31 940
41 941
39 942
37 943
39 944
47 945
40 946
41 947
49 948
53 949
51 950
50 951
62 952
84 953
86 954
71 955
92 956
79 957
103 958
89 959
83 960
94 961
108 962
87 963
102 964
111 965
103 966
103 967
83 968
97 969
77 970
81 971
71 972
83 973
86 974
64 975
68 976
61 977
63 978
38 979
44 980
40 981
43 982
22 983
36 984
35 985
27 986
16 987
17 988
28 989
20 990
15 991
16 992
8 993
15 994
16 995
18 996
9 997
14 998
17 999
15 1000
14 1001
13 1002
14 1003
21 1004
17 1005
26 1006
20 1007
24 1008
31 1009
19 1010
36 1011
23 1012
28 1013
26 1014
37 1015
37 1016
37 1017
46 1018
51 1019
47 1020
42 1021
69 1022
49 1023
46 1024
41 1025
49 1026
45 1027
53 1028
59 1029
48 1030
38 1031
44 1032
54 1033
48 1034
56 1035
31 1036
34 1037
30 1038
24 1039
19 1040
26 1041
24 1042
22 1043
16 1044
16 1045
22 1046
6 1047
19 1048
6 1049
10 1050
10 1051
8 1052
7 1053
6 1054
9 1055
7 1056
5 1057
4 1058
5 1059
3 1060
3 1061
3 1062
5 1063
6 1064
5 1065
4 1066
3 1067
4 1068
1 1069
3 1070
4 1071
3 1072
4 1073
8 1074
1 1075
1 1076
3 1077
6 1078
4 1079
5 1080
5 1081
7 1083
10 1084
5 1085
3 1086
3 1087
4 1088
9 1089
3 1091
9 1092
2 1093
1 1094
2 1095
6 1096
2 1097
3 1098
6 1099
5 1100
7 1101
8 1102
5 1103
4 1104
5 1105
7 1106
7 1107
5 1108
8 1109
4 1110
12 1111
8 1112
16 1113
11 1114
10 1115
11 1116
12 1117
12 1118
8 1119
8 1120
9 1121
5 1122
11 1123
16 1124
18 1125
15 1126
20 1127
18 1128
15 1129
20 1130
15 1131
14 1132
12 1133
14 1134
17 1135
13 1136
14 1137
17 1138
18 1139
23 1140
6 1141
14 1142
9 1143
13 1144
16 1145
14 1146
13 1147
18 1148
16 1149
16 1150
22 1151
20 1152
19 1153
14 1154
17 1155
25 1156
19 1157
15 1158
19 1159
19 1160
24 1161
24 1162
17 1163
22 1164
20 1165
15 1166
12 1167
15 1168
16 1169
13 1170
15 1171
21 1172
13 1173
16 1174
11 1175
14 1176
19 1177
10 1178
14 1179
7 1180
12 1181
15 1182
14 1183
5 1184
8 1185
6 1186
12 1187
10 1188
18 1189
11 1190
9 1191
5 1192
7 1193
15 1194
9 1195
11 1196
13 1197
4 1198
7 1199
8 1200
6 1201
10 1202
9 1203
11 1204
13 1205
6 1206
9 1207
7 1208
6 1209
9 1210
9 1211
8 1212
8 1213
15 1214
1 1215
9 1216
8 1217
10 1218
13 1219
6 1220
11 1221
10 1222
8 1223
12 1224
12 1225
8 1226
7 1227
10 1228
8 1229
8 1230
10 1231
10 1232
14 1233
6 1234
6 1235
6 1236
9 1237
11 1238
9 1239
7 1240
11 1241
12 1242
13 1243
14 1244
11 1245
16 1246
10 1247
11 1248
8 1249
11 1250
14 1251
19 1252
10 1253
17 1254
21 1255
16 1256
23 1257
7 1258
21 1259
10 1260
16 1261
19 1262
17 1263
18 1264
25 1265
25 1266
23 1267
21 1268
26 1269
20 1270
27 1271
27 1272
22 1273
19 1274
24 1275
26 1276
36 1277
29 1278
25 1279
30 1280
33 1281
27 1282
34 1283
34 1284
40 1285
35 1286
58 1287
50 1288
46 1289
30 1290
42 1291
46 1292
51 1293
41 1294
70 1295
47 1296
57 1297
47 1298
44 1299
56 1300
50 1301
55 1302
55 1303
36 1304
46 1305
51 1306
40 1307
39 1308
28 1309
38 1310
37 1311
40 1312
33 1313
35 1314
24 1315
22 1316
44 1317
31 1318
31 1319
24 1320
28 1321
35 1322
28 1323
15 1324
30 1325
31 1326
27 1327
27 1328
20 1329
41 1330
32 1331
32 1332
37 1333
29 1334
24 1335
27 1336
30 1337
37 1338
36 1339
49 1340
34 1341
42 1342
30 1343
38 1344
40 1345
47 1346
46 1347
49 1348
49 1349
38 1350
55 1351
47 1352
49 1353
42 1354
47 1355
39 1356
40 1357
43 1358
38 1359
40 1360
34 1361
35 1362
32 1363
38 1364
32 1365
31 1366
38 1367
28 1368
25 1369
19 1370
23 1371
15 1372
18 1373
29 1374
22 1375
24 1376
27 1377
13 1378
28 1379
17 1380
19 1381
14 1382
31 1383
19 1384
9 1385
30 1386
31 1387
19 1388
25 1389
21 1390
31 1391
23 1392
32 1393
25 1394
24 1395
13 1396
24 1397
33 1398
32 1399
24 1400
35 1401
31 1402
44 1403
43 1404
36 1405
52 1406
44 1407
55 1408
45 1409
37 1410
47 1411
63 1412
67 1413
79 1414
75 1415
78 1416
61 1417
78 1418
92 1419
87 1420
92 1421
101 1422
113 1423
92 1424
94 1425
108 1426
121 1427
100 1428
109 1429
110 1430
120 1431
102 1432
129 1433
106 1434
119 1435
95 1436
119 1437
85 1438
88 1439
87 1440
77 1441
76 1442
70 1443
64 1444
68 1445
63 1446
61 1447
62 1448
55 1449
51 1450
40 1451
30 1452
18 1453
30 1454
19 1455
14 1456
18 1457
12 1458
10 1459
14 1460
14 1461
10 1462
15 1463
8 1464
4 1465
5 1466
7 1467
3 1468
4 1469
2 1470
3 1471
2 1472
3 1473
3 1474
2 1475
2 1476
2 1477
1 1478
1 1479
2 1480
1 1481
1 1487
1 1488
2 1489
1 1490
2 1492
1 1493
1 1495
1 1496
1 1501
1 1502
2 1503
1 1506
1 1509
1 1510
1 1511
2 1512
1 1515
1 1516
1 1517
2 1518
1 1519
1 1520
1 1523
2 1524
2 1525
2 1527
2 1529
1 1531
2 1533
2 1534
1 1535
3 1536
2 1537
1 1540
4 1542
1 1545
1 1546
2 1547
1 1548
2 1550
1 1551
1 1552
3 1553
1 1554
1 1557
1 1559
1 1560
1 1561
1 1563
2 1564
1 1565
1 1571
1 1576
1 1577
1 1578
1 1579
2 1580
1 1583
1 1585
3 1586
1 1587
1 1588
1 1594
2 1595
1 1597
1 1606
1 1607
1 1608
1 1610
1 1613
1 1614
1 1616
1 1621
1 1624
1 1627
1 1630
1 1634
1 1636
1 1637
1 1639
1 1642
1 1643
1 1645
1 1651
1 1657
1 1660
1 1666
1 1669
1 1670
1 1671
1 1672
1 1675
1 1676
1 1677
1 1681
1 1688
1 1690
1 1692
1 1693
1 1696
1 1697
1 1701
1 1702
1 1703
1 1706
1 1707
1 1708
1 1711
1 1712
2 1719
1 1720
2 1721
1 1723
1 1725
2 1727
1 1729
1 1730
1 1731
2 1733
1 1737
3 1739
1 1743
1 1744
1 1745
1 1746
1 1749
1 1750
1 1751
1 1752
2 1754
1 1755
3 1757
2 1759
1 1763
2 1764
1 1765
2 1766
1 1767
1 1769
1 1770
3 1771
1 1772
1 1773
2 1775
1 1777
1 1778
2 1779
1 1782
1 1786
1 1788
1 1790
1 1793
2 1794
1 1797
1 1798
2 1799
2 1801
2 1802
1 1806
2 1807
1 1809
1 1810
2 1812
1 1813
2 1814
1 1816
1 1818
2 1819
3 1820
1 1822
1 1823
1 1824
3 1831
2 1833
3 1834
1 1835
1 1836
1 1837
1 1838
1 1842
1 1843
2 1844
4 1845
1 1847
3 1848
3 1849
1 1850
2 1851
1 1852
2 1853
3 1854
3 1855
3 1857
1 1858
2 1859
1 1860
1 1861
4 1863
1 1864
4 1865
3 1866
3 1867
2 1868
1 1869
2 1870
4 1872
6 1873
2 1874
1 1876
3 1877
4 1878
4 1879
1 1880
3 1881
4 1882
4 1883
4 1884
4 1886
2 1887
4 1889
1 1890
1 1891
3 1892
3 1893
1 1894
6 1895
5 1896
1 1898
2 1899
7 1900
1 1901
4 1902
3 1904
3 1905
4 1906
1 1907
2 1908
6 1909
3 1911
6 1912
1 1913
10 1914
3 1915
3 1916
1 1917
3 1918
5 1919
3 1920
3 1921
3 1922
1 1923
1 1924
2 1925
1 1927
2 1928
5 1929
1 1930
1 1931
1 1932
3 1933
1 1934
1 1935
3 1937
2 1939
1 1940
1 1941
4 1942
4 1943
3 1944
5 1945
2 1947
2 1948
2 1949
2 1950
2 1951
4 1952
2 1953
2 1954
3 1956
5 1957
3 1958
4 1960
2 1961
3 1962
3 1963
3 1964
3 1967
1 1968
2 1969
1 1970
5 1971
1 1972
9 1973
2 1974
2 1975
3 1976
3 1977
2 1978
3 1979
5 1980
3 1982
2 1983
7 1984
3 1985
3 1986
5 1987
3 1988
3 1989
7 1990
3 1991
7 1992
1 1993
2 1994
3 1995
3 1996
2 1997
5 1998
2 1999
5 2000
4 2001
2 2002
1 2003
2 2004
3 2005
2 2006
5 2007
3 2008
5 2009
7 2010
4 2011
3 2012
4 2013
6 2014
6 2015
4 2016
4 2017
8 2018
2 2019
4 2020
2 2021
5 2022
4 2023
5 2024
6 2025
6 2026
7 2027
4 2028
3 2029
5 2030
8 2031
2 2032
6 2033
3 2034
5 2035
2 2036
3 2037
7 2038
5 2039
7 2040
4 2041
7 2042
4 2043
8 2044
5 2045
4 2046
9 2047
8 2048
5 2049
4 2050
6 2051
5 2052
9 2053
5 2054
10 2055
14 2056
10 2057
6 2058
12 2059
12 2060
11 2061
10 2062
15 2063
11 2064
14 2065
13 2066
8 2067
9 2068
19 2069
18 2070
13 2071
11 2072
16 2073
17 2074
13 2075
16 2076
16 2077
15 2078
15 2079
19 2080
16 2081
20 2082
22 2083
26 2084
14 2085
14 2086
22 2087
22 2088
15 2089
25 2090
19 2091
10 2092
19 2093
15 2094
18 2095
11 2096
17 2097
15 2098
16 2099
16 2100
20 2101
18 2102
13 2103
10 2104
17 2105
13 2106
13 2107
12 2108
6 2109
12 2110
8 2111
7 2112
3 2113
5 2114
3 2115
11 2116
4 2117
3 2118
8 2119
7 2120
2 2121
4 2122
2 2123
1 2124
3 2125
1 2126
4 2127
3 2128
2 2132
1 2134
2 2135
2 2136
1 2137
1 2140
3 2141
3 2142
5 2144
1 2145
4 2146
1 2148
1 2150
2 2151
3 2153
3 2154
3 2155
2 2156
1 2157
1 2159
1 2162
2 2163
3 2169
2 2172
2 2173
1 2177
2 2178
1 2181
2 2183
3 2184
2 2186
2 2187
2 2190
1 2194
2 2198
2 2202
1 2206
1 2212
1 2219
1 2222
2 2223
1 2229
1 2237
1 2239
1 2247
1 2251
1 2263
1 2294
1 2306
2 2312
2 2316
1 2335
1 2365
1 2367
1 2381
1 2383
1 2384
1 2387
1 2395
1 2399
1 2400
1 2422
1 2442
1 2443
1 2447
1 2464
1 2475
1 2494
1 2496
1 2503
1 2515
1 2525
1 2530
1 2531
1 2533
1 2544
1 2552
1 2558
1 2560
1 2563
1 2567
1 2588
1 2590
1 2601
1 2608
1 2619
1 2638
1 2643
1 2644
1 2659
1 2668
1 2671
1 2684
2 2691
1 2692
1 2704
1 2717
1 2726
1 2729
1 2730
1 2740
1 2745
1 2751
1 2754
2 2757
1 2763
1 2765
1 2766
1 2769
1 2790
1 2808
1 2811
1 2815
1 2818
1 2820
1 2824
1 2825
1 2827
1 2832
1 2835
1 2839
1 2844
1 2845
2 2846
1 2851
1 2852
1 2854
1 2858
1 2860
1 2863
1 2865
1 2868
2 2871
1 2877
1 2879
2 2881
1 2883
1 2884
1 2885
2 2887
1 2888
1 2890
1 2896
1 2897
2 2898
1 2899
2 2900
1 2902
1 2903
1 2904
1 2906
3 2907
3 2910
2 2911
1 2912
3 2913
1 2914
1 2915
3 2916
1 2918
1 2920
1 2927
1 2928
2 2930
2 2932
1 2933
2 2934
1 2936
3 2937
1 2939
1 2940
1 2942
1 2945
1 2947
1 2950
2 2955
1 2957
1 2985
1 3011
1 3025
1 3031
1 3045
1 3066
1 3092
1 3106
1 3123
1 3165
1 3184
1 3204
1 3220
1 3222
1 3245
1 3255
1 3311
1 3323
1 3358
1 3476
1 3537
1 3548
1 3558
1 3581
1 3667
1 3805
1 3813
1 3903
1 4065
1 4093
1 4143
1 4248
1 4286
1 4293
1 5571
