1 1
2 4
1 7
1 11
1 13
2 14
1 15
1 17
1 18
1 20
1 22
1 24
3 33
1 35
2 37
1 42
2 44
1 45
1 47
1 48
2 50
2 51
3 52
1 53
2 55
1 57
2 58
1 61
1 66
1 67
1 68
1 70
1 71
1 73
1 74
1 75
2 76
2 77
1 80
2 81
3 82
1 83
1 84
2 85
1 86
1 87
1 89
1 90
1 94
1 95
2 96
2 97
2 98
1 99
1 100
1 101
1 103
2 106
1 107
2 108
1 109
2 111
2 113
2 114
1 117
1 118
1 119
1 120
1 123
1 124
3 125
1 126
1 127
5 129
4 131
1 132
3 134
1 135
1 136
2 138
2 139
1 140
2 141
3 142
1 143
2 144
3 145
1 146
1 147
1 150
1 152
2 153
2 154
2 157
2 158
2 159
2 160
1 163
2 164
1 165
2 166
2 167
2 168
2 169
2 172
2 173
2 174
3 177
1 179
4 180
2 182
1 185
1 186
1 188
1 190
1 193
1 194
3 195
4 196
3 198
4 202
3 206
2 208
1 209
1 210
1 214
1 215
1 217
2 218
2 220
2 222
2 225
1 227
1 230
2 231
1 233
1 234
3 235
2 236
2 237
5 238
2 239
1 240
2 241
2 242
1 243
3 244
1 245
1 246
2 247
2 249
1 250
2 251
3 252
1 253
3 254
4 255
2 256
4 257
1 258
4 260
2 261
3 262
2 263
3 264
4 267
2 268
2 269
2 270
1 271
1 272
1 273
1 274
3 275
1 276
1 277
1 279
3 280
2 281
2 282
3 283
2 284
1 285
2 286
1 287
3 288
1 289
4 290
5 291
4 292
2 293
2 294
4 295
3 297
1 298
4 299
1 300
1 302
3 303
1 304
3 305
2 306
3 307
2 308
2 309
1 310
2 311
1 313
2 314
1 315
1 317
3 318
1 319
4 320
3 321
2 322
2 323
1 324
5 325
4 326
4 327
3 328
2 329
4 330
2 331
6 332
4 333
5 334
9 335
3 336
3 337
3 338
2 339
1 340
4 341
1 342
5 343
1 344
3 345
2 346
2 347
1 348
3 349
4 350
1 351
2 352
2 354
5 355
2 357
2 358
3 360
1 361
2 362
3 363
2 364
2 365
2 366
1 367
1 368
3 369
1 370
2 371
1 372
1 373
1 376
1 378
3 379
2 380
2 382
1 384
1 386
3 391
4 392
1 394
1 395
2 396
2 397
4 398
2 400
2 401
4 403
1 404
1 405
1 409
1 410
2 412
5 413
1 414
2 415
3 416
2 417
1 419
2 421
1 422
1 426
1 427
3 428
3 429
1 430
1 431
1 432
3 433
3 434
1 435
1 436
7 437
3 438
2 439
4 440
4 441
1 442
2 443
5 444
1 445
1 446
3 447
4 449
2 451
1 452
2 453
3 454
3 455
5 456
4 457
7 458
3 459
5 460
4 461
8 462
13 463
8 464
5 465
13 466
14 467
9 468
12 469
14 470
17 471
19 472
17 473
14 474
15 475
11 476
9 477
10 478
12 479
5 480
7 481
4 482
3 483
2 484
1 485
2 486
3 487
4 488
1 489
3 491
2 492
2 493
3 494
4 495
1 496
1 497
2 498
1 499
2 500
1 501
5 504
2 505
3 506
4 507
2 508
3 510
1 511
2 513
1 515
5 517
3 519
1 520
1 521
2 522
3 523
2 524
2 525
2 526
1 527
1 528
2 529
3 530
5 531
3 532
1 533
2 534
2 535
3 536
1 537
1 538
1 539
1 540
4 541
1 542
2 543
1 544
1 545
4 546
2 547
1 548
4 549
1 550
1 551
1 552
2 553
1 554
1 556
5 557
2 559
1 560
1 561
3 562
1 563
2 565
2 567
2 568
3 569
1 571
2 572
2 574
2 576
1 577
1 578
1 579
2 581
4 582
1 583
4 584
3 586
2 587
1 589
2 591
3 592
3 594
1 595
2 596
1 597
1 598
2 599
1 600
1 601
1 602
1 604
2 606
2 607
1 609
3 610
2 612
2 613
1 614
3 615
2 617
1 618
1 619
3 620
3 621
1 623
1 624
2 625
3 626
4 627
4 628
2 629
2 630
1 631
5 632
5 633
3 635
1 636
3 637
5 638
1 639
2 640
2 641
3 642
2 643
1 645
4 646
5 647
4 648
1 649
2 650
3 651
1 652
1 653
3 654
3 655
2 656
4 657
1 658
5 659
5 660
4 661
2 662
3 663
2 664
1 665
3 666
4 667
5 668
1 669
5 670
4 671
3 672
2 673
2 674
2 675
3 676
8 677
5 678
1 679
3 680
3 681
9 682
3 683
10 684
2 685
10 686
7 687
10 688
5 689
4 690
9 691
3 692
6 693
4 694
7 695
6 696
8 697
3 698
5 699
7 700
10 701
5 702
7 703
8 704
12 705
12 706
10 707
12 708
9 709
18 710
12 711
14 712
9 713
15 714
14 715
13 716
9 717
15 718
17 719
17 720
11 721
18 722
12 723
6 724
12 725
17 726
13 727
12 728
15 729
18 730
15 731
13 732
16 733
11 734
11 735
14 736
12 737
18 738
16 739
12 740
13 741
13 742
22 743
14 744
15 745
17 746
19 747
11 748
17 749
13 750
15 751
20 752
12 753
17 754
18 755
21 756
16 757
16 758
16 759
15 760
13 761
21 762
13 763
26 764
8 765
15 766
15 767
7 768
18 769
13 770
17 771
13 772
9 773
17 774
8 775
12 776
16 777
20 778
12 779
24 780
21 781
19 782
17 783
19 784
20 785
25 786
17 787
25 788
33 789
31 790
33 791
33 792
34 793
50 794
31 795
45 796
40 797
45 798
43 799
45 800
61 801
65 802
59 803
67 804
63 805
75 806
57 807
52 808
60 809
52 810
56 811
66 812
54 813
72 814
76 815
59 816
70 817
75 818
65 819
83 820
76 821
66 822
81 823
85 824
91 825
85 826
95 827
84 828
104 829
93 830
102 831
87 832
94 833
78 834
71 835
80 836
86 837
78 838
68 839
64 840
61 841
47 842
51 843
41 844
50 845
39 846
38 847
42 848
38 849
32 850
38 851
36 852
35 853
29 854
29 855
21 856
31 857
23 858
22 859
23 860
29 861
14 862
26 863
20 864
19 865
21 866
10 867
17 868
6 869
14 870
9 871
12 872
10 873
10 874
6 875
9 876
8 877
12 878
9 879
2 880
3 881
4 882
4 883
9 884
6 885
3 886
6 887
5 888
4 889
3 890
3 891
4 892
4 893
3 894
5 896
3 897
5 898
5 899
5 900
3 901
1 902
3 903
4 904
4 905
9 906
3 907
7 908
4 909
3 910
3 911
5 912
7 913
2 914
2 915
11 916
5 917
3 918
10 919
7 920
5 921
5 924
6 925
9 926
5 927
4 928
4 929
10 930
5 931
6 932
4 933
6 934
2 935
8 936
11 937
11 938
10 939
8 940
10 941
4 942
4 943
6 944
3 945
11 946
3 947
8 948
10 949
7 950
9 951
8 952
7 953
13 954
17 955
4 956
5 957
13 958
9 959
11 960
8 961
7 962
8 963
9 964
8 965
13 966
14 967
16 968
14 969
17 970
17 971
12 972
13 973
11 974
16 975
19 976
24 977
21 978
15 979
21 980
16 981
13 982
24 983
18 984
21 985
28 986
29 987
33 988
28 989
27 990
23 991
27 992
26 993
31 994
28 995
31 996
21 997
28 998
20 999
30 1000
31 1001
19 1002
22 1003
18 1004
21 1005
24 1006
18 1007
12 1008
6 1009
17 1010
14 1011
19 1012
18 1013
17 1014
16 1015
19 1016
13 1017
23 1018
30 1019
24 1020
28 1021
29 1022
31 1023
30 1024
38 1025
33 1026
27 1027
34 1028
30 1029
38 1030
35 1031
37 1032
40 1033
50 1034
57 1035
58 1036
68 1037
61 1038
52 1039
68 1040
80 1041
77 1042
101 1043
101 1044
95 1045
98 1046
97 1047
106 1048
110 1049
100 1050
91 1051
117 1052
94 1053
97 1054
98 1055
73 1056
85 1057
69 1058
71 1059
51 1060
68 1061
53 1062
37 1063
54 1064
31 1065
54 1066
50 1067
31 1068
39 1069
30 1070
30 1071
40 1072
34 1073
24 1074
21 1075
37 1076
22 1077
28 1078
36 1079
36 1080
47 1081
34 1082
48 1083
44 1084
44 1085
41 1086
32 1087
48 1088
30 1089
32 1090
26 1091
32 1092
29 1093
28 1094
29 1095
36 1096
39 1097
25 1098
21 1099
17 1100
20 1101
14 1102
21 1103
11 1104
14 1105
21 1106
13 1107
17 1108
16 1109
21 1110
13 1111
13 1112
19 1113
14 1114
15 1115
15 1116
11 1117
15 1118
11 1119
20 1120
16 1121
21 1122
13 1123
15 1124
17 1125
16 1126
14 1127
9 1128
9 1129
20 1130
10 1131
12 1132
8 1133
9 1134
13 1135
10 1136
11 1137
14 1138
14 1139
8 1140
7 1141
13 1142
10 1143
11 1144
20 1145
9 1146
19 1147
18 1148
15 1149
19 1150
22 1151
15 1152
16 1153
22 1154
25 1155
19 1156
33 1157
27 1158
29 1159
16 1160
22 1161
23 1162
34 1163
24 1164
29 1165
31 1166
22 1167
27 1168
26 1169
24 1170
25 1171
25 1172
22 1173
29 1174
29 1175
22 1176
21 1177
28 1178
21 1179
27 1180
22 1181
15 1182
23 1183
25 1184
27 1185
15 1186
17 1187
9 1188
24 1189
23 1190
24 1191
14 1192
21 1193
19 1194
28 1195
29 1196
32 1197
29 1198
22 1199
34 1200
32 1201
40 1202
28 1203
36 1204
59 1205
43 1206
47 1207
54 1208
60 1209
43 1210
50 1211
48 1212
51 1213
72 1214
45 1215
69 1216
55 1217
66 1218
56 1219
49 1220
38 1221
60 1222
45 1223
59 1224
48 1225
34 1226
33 1227
35 1228
37 1229
32 1230
35 1231
28 1232
21 1233
30 1234
28 1235
25 1236
18 1237
15 1238
15 1239
14 1240
9 1241
13 1242
9 1243
10 1244
9 1245
9 1246
9 1247
9 1248
6 1249
8 1250
9 1251
8 1252
4 1253
4 1254
11 1255
8 1256
6 1257
2 1258
6 1259
7 1260
6 1261
6 1262
5 1263
4 1264
5 1265
3 1266
3 1267
4 1268
1 1269
3 1270
3 1272
2 1274
1 1276
2 1277
4 1278
3 1280
1 1283
1 1285
1 1286
1 1289
1 1293
1 1295
1 1299
1 1300
1 1303
1 1308
4 1309
1 1312
1 1313
2 1314
2 1315
2 1316
4 1317
1 1319
1 1320
1 1321
1 1322
1 1324
2 1327
1 1329
2 1330
1 1331
2 1332
1 1334
2 1335
1 1336
1 1337
1 1339
1 1340
1 1341
1 1342
4 1345
1 1346
2 1348
1 1349
3 1350
3 1351
3 1352
1 1353
2 1354
3 1355
1 1356
2 1357
1 1359
3 1360
3 1361
3 1362
6 1363
1 1364
3 1365
3 1366
4 1367
3 1368
3 1369
6 1371
4 1372
5 1373
4 1374
3 1375
8 1376
9 1377
6 1378
5 1379
7 1380
5 1381
8 1382
10 1383
7 1384
10 1385
4 1386
6 1387
10 1388
3 1389
8 1390
7 1391
5 1392
5 1393
5 1394
3 1395
3 1396
6 1397
3 1398
6 1399
3 1400
1 1402
4 1403
1 1404
2 1405
2 1406
1 1408
1 1409
2 1410
1 1412
1 1414
1 1418
1 1425
1 1426
2 1427
1 1434
3 1436
1 1441
1 1444
1 1448
1 1450
1 1453
1 1468
1 1470
3 1487
1 1490
1 1502
1 1503
1 1507
1 1536
2 1540
1 1542
1 1543
1 1548
1 1553
1 1563
1 1570
3 1571
1 1572
1 1577
1 1578
1 1582
2 1583
1 1584
1 1587
2 1590
1 1602
1 1610
1 1614
2 1616
1 1629
1 1636
1 1643
1 1645
1 1646
1 1648
1 1665
1 1682
1 1684
1 1686
1 1687
1 1693
1 1694
1 1701
1 1706
1 1709
1 1710
1 1721
1 1730
3 1731
1 1733
1 1758
1 1766
1 1770
1 1777
1 1780
1 1788
1 1793
1 1797
1 1811
1 1812
1 1814
1 1837
1 1839
1 1841
1 1846
1 1847
1 1850
1 1857
1 1863
1 1880
2 1891
1 1894
1 1904
1 1905
1 1913
1 1924
1 1934
2 1937
1 1941
1 1942
1 1947
1 1953
1 1970
1 1972
1 1974
1 1977
2 1978
2 1982
1 1984
2 1986
1 1997
1 1999
1 2004
1 2006
1 2013
1 2016
1 2030
1 2048
1 2051
1 2056
1 2059
2 2063
1 2065
2 2067
1 2068
1 2074
1 2075
1 2078
1 2084
1 2086
1 2091
1 2103
1 2110
1 2112
2 2116
2 2117
1 2126
1 2127
1 2129
1 2135
1 2138
1 2139
1 2142
2 2144
1 2145
2 2153
1 2154
1 2159
1 2160
2 2168
1 2174
1 2175
1 2179
2 2182
1 2189
1 2192
1 2195
1 2198
1 2203
1 2207
1 2208
1 2210
1 2211
1 2212
1 2213
1 2214
1 2216
1 2217
1 2218
1 2220
1 2222
1 2225
1 2227
1 2231
2 2233
1 2237
1 2242
1 2246
2 2249
2 2254
1 2256
2 2259
1 2260
1 2267
1 2268
3 2269
1 2270
1 2275
2 2278
2 2279
1 2280
1 2281
1 2283
1 2286
1 2289
1 2291
2 2292
1 2293
1 2295
4 2299
1 2300
1 2302
3 2304
1 2306
1 2307
2 2309
2 2313
2 2314
1 2315
1 2317
2 2318
3 2320
1 2321
1 2323
1 2324
1 2326
1 2328
2 2333
1 2336
1 2338
2 2340
2 2342
1 2343
1 2344
2 2345
1 2346
2 2347
4 2348
2 2349
2 2350
2 2351
1 2352
2 2353
2 2354
2 2355
1 2356
1 2357
1 2358
2 2359
2 2360
1 2361
2 2362
2 2363
1 2364
2 2365
3 2366
2 2367
1 2368
5 2369
1 2371
3 2372
5 2373
1 2374
3 2375
3 2376
3 2377
5 2378
3 2379
4 2380
1 2381
3 2382
1 2383
3 2384
4 2385
1 2386
4 2389
8 2390
4 2391
5 2392
9 2393
3 2394
3 2395
1 2396
4 2397
4 2398
5 2399
4 2400
6 2402
2 2403
6 2404
5 2405
5 2406
3 2407
5 2408
4 2409
9 2410
4 2411
1 2412
5 2413
3 2415
5 2416
4 2417
4 2418
3 2419
3 2420
3 2421
7 2422
6 2423
3 2424
3 2425
4 2426
4 2427
2 2428
4 2429
7 2430
3 2431
5 2432
5 2433
5 2434
5 2435
2 2437
4 2438
2 2439
4 2440
7 2441
2 2442
2 2443
5 2444
4 2445
5 2446
4 2447
3 2448
3 2449
2 2450
5 2451
2 2452
2 2453
3 2454
3 2455
6 2456
4 2457
4 2458
8 2459
5 2460
7 2461
6 2462
9 2463
5 2464
4 2465
7 2466
5 2467
9 2468
6 2469
5 2470
16 2471
6 2472
8 2473
8 2474
17 2475
11 2476
8 2477
5 2478
16 2479
7 2480
9 2481
13 2482
17 2483
11 2484
11 2485
11 2486
8 2487
12 2488
7 2489
11 2490
12 2491
19 2492
11 2493
8 2494
14 2495
12 2496
7 2497
13 2498
9 2499
12 2500
8 2501
11 2502
8 2503
8 2504
6 2505
18 2506
10 2507
11 2508
11 2509
7 2510
6 2511
5 2512
1 2513
6 2514
2 2515
8 2516
4 2517
6 2518
6 2519
3 2520
5 2521
2 2522
3 2524
5 2525
2 2526
4 2528
2 2529
1 2530
4 2531
2 2532
2 2533
3 2534
2 2536
1 2538
3 2539
1 2540
1 2541
2 2542
2 2543
3 2544
2 2545
3 2546
2 2547
2 2548
5 2549
3 2550
2 2551
3 2552
1 2553
2 2554
1 2555
1 2556
1 2557
1 2558
1 2559
1 2560
2 2561
1 2562
1 2563
3 2564
1 2565
1 2570
2 2571
1 2573
2 2575
1 2576
1 2577
1 2578
2 2579
1 2580
2 2581
2 2583
1 2585
2 2586
1 2588
1 2590
1 2591
1 2592
3 2594
2 2596
1 2605
1 2606
1 2608
2 2611
2 2612
1 2614
1 2618
2 2619
1 2622
1 2623
2 2624
1 2625
2 2626
1 2627
1 2631
2 2633
2 2635
1 2639
1 2643
1 2644
1 2646
1 2648
3 2650
1 2653
1 2654
1 2655
2 2657
2 2658
1 2662
1 2669
1 2670
2 2671
1 2673
2 2678
1 2681
2 2683
1 2684
1 2687
1 2688
1 2689
1 2691
1 2692
1 2697
2 2698
5 2699
1 2700
2 2701
2 2702
2 2703
1 2704
3 2705
2 2706
2 2707
2 2708
2 2709
2 2712
2 2713
1 2714
3 2715
1 2716
3 2717
5 2718
5 2719
2 2720
2 2721
2 2724
1 2725
3 2726
3 2727
1 2728
2 2730
1 2731
2 2732
2 2734
2 2735
2 2737
1 2738
1 2739
1 2740
1 2741
2 2743
2 2746
1 2747
1 2748
3 2750
1 2751
1 2752
1 2754
2 2757
1 2758
1 2762
1 2764
1 2767
1 2768
1 2771
1 2774
2 2776
1 2780
1 2784
1 2785
1 2786
1 2797
1 2814
1 2815
1 2820
2 2821
1 2823
1 2824
1 2827
1 2834
1 2841
1 2858
1 2867
1 2879
1 2881
1 2921
1 2927
1 3001
1 3043
1 3051
1 3065
1 3082
1 3121
1 3125
1 3131
1 3248
1 3268
1 3528
1 3588
1 4225
1 4265
