2 3
1 10
2 11
1 16
1 19
1 27
2 28
1 31
1 34
1 38
1 40
1 52
1 54
2 72
1 75
1 76
1 80
3 82
1 88
1 89
1 101
2 104
1 105
2 113
1 125
1 128
2 129
1 130
1 131
1 132
1 133
3 134
2 135
2 136
4 137
2 138
5 139
4 140
6 141
3 142
4 143
4 144
1 145
1 146
1 156
1 157
1 158
1 161
1 162
1 163
1 164
1 165
1 166
2 168
1 169
2 172
1 173
1 174
2 176
1 178
1 182
1 184
1 186
1 187
2 188
1 190
2 191
2 192
1 195
1 196
2 197
1 199
1 200
2 201
2 202
1 204
1 205
2 207
2 208
1 209
2 210
1 211
2 212
4 214
1 215
2 218
2 219
2 220
2 223
1 224
1 226
1 228
1 229
1 230
2 234
1 236
2 238
2 239
1 240
1 241
2 242
1 244
2 246
1 247
3 248
2 250
3 252
1 254
1 256
2 257
3 258
1 259
3 260
2 261
3 262
5 263
3 264
2 265
2 266
6 267
4 268
5 269
9 270
5 271
3 272
4 273
12 274
4 275
3 276
4 277
4 278
2 279
3 280
5 281
1 282
2 283
1 284
1 285
2 288
1 290
1 291
2 292
1 294
1 295
2 296
1 297
1 301
2 302
1 304
1 307
2 308
1 309
2 310
3 312
2 313
1 315
1 317
4 318
1 319
1 320
2 321
1 322
3 323
3 324
1 325
2 326
1 327
4 328
1 330
3 331
1 332
2 333
2 335
3 336
1 337
2 338
2 339
4 341
4 342
1 343
3 344
1 345
4 346
4 347
2 349
3 350
2 351
5 352
2 353
5 354
3 355
4 356
3 357
4 358
12 359
12 360
7 361
12 362
10 363
14 364
8 365
13 366
12 367
6 368
14 369
17 370
9 371
9 372
8 373
5 374
3 375
4 376
3 377
2 378
3 379
3 380
5 381
3 382
1 383
2 384
2 385
5 386
2 387
1 388
1 389
2 390
1 391
2 393
3 394
1 396
4 398
3 400
3 401
2 402
1 405
1 409
1 411
3 412
1 413
5 415
1 416
2 418
1 419
1 420
1 421
2 422
1 423
1 424
2 425
3 426
2 427
2 430
3 431
1 432
1 433
2 434
1 436
3 437
1 438
1 440
1 442
2 445
2 446
1 447
1 448
2 450
3 452
2 453
2 455
1 456
3 457
2 459
1 460
2 464
1 466
4 467
2 468
1 470
2 471
1 475
1 476
3 479
1 482
1 483
1 484
2 485
1 486
3 487
1 489
1 492
2 493
2 494
3 496
2 497
2 498
1 499
3 500
1 502
3 503
2 504
3 506
4 507
2 508
2 509
5 510
3 511
2 512
2 513
1 514
2 515
6 517
2 518
3 519
1 520
7 521
1 522
7 523
5 524
3 525
3 526
3 527
3 528
7 529
4 530
7 531
6 532
6 533
10 534
9 535
6 536
8 537
14 538
12 539
9 540
11 541
13 542
14 543
17 544
30 545
26 546
33 547
31 548
26 549
34 550
33 551
45 552
34 553
41 554
38 555
45 556
55 557
41 558
52 559
37 560
28 561
33 562
26 563
17 564
21 565
26 566
15 567
17 568
10 569
10 570
14 571
7 572
9 573
3 574
6 575
2 576
7 577
10 578
3 579
4 580
2 582
1 583
1 584
2 586
1 587
1 588
1 589
1 590
1 591
1 592
4 593
1 594
2 595
1 596
4 597
1 599
1 600
1 603
1 605
1 606
2 607
2 614
2 615
4 616
2 617
1 618
2 619
1 620
2 622
3 626
1 631
1 632
3 634
1 635
1 636
3 637
1 638
1 639
3 641
2 642
2 644
1 645
1 646
2 649
1 650
3 651
2 652
1 653
6 654
1 655
1 656
2 658
4 659
3 661
1 662
1 663
1 664
4 665
1 666
1 667
5 668
3 669
4 670
6 671
4 672
5 673
5 674
3 675
1 676
2 677
6 678
1 679
12 680
10 681
5 682
10 683
5 684
4 685
9 686
10 687
7 688
7 689
10 690
6 691
7 692
8 693
9 694
11 695
22 696
10 697
12 698
18 699
8 700
12 701
8 702
9 703
13 704
8 705
5 706
4 707
8 708
12 709
16 710
9 711
8 712
5 713
5 714
5 715
3 716
4 717
1 718
5 719
6 720
2 721
2 723
2 724
2 725
3 726
2 727
3 729
1 730
2 731
1 732
3 733
2 735
2 736
1 737
1 738
2 739
3 740
3 741
2 742
3 745
2 746
2 747
3 748
3 749
2 750
1 751
4 752
1 753
4 754
1 755
2 756
2 757
2 759
3 760
1 761
1 762
2 763
2 764
1 765
1 766
2 770
1 771
1 776
2 777
3 778
2 780
2 781
3 782
1 783
1 784
2 785
1 788
1 790
3 791
2 792
1 793
1 794
3 795
4 796
1 797
1 798
3 799
4 800
1 801
3 802
5 804
1 805
1 806
3 807
1 808
1 809
4 810
3 811
3 812
1 813
1 814
3 815
5 816
2 817
3 818
3 820
3 821
3 822
3 823
2 824
4 825
3 826
2 827
2 828
3 829
6 830
3 831
2 832
3 833
3 834
6 835
6 836
5 837
3 838
6 839
5 840
3 841
7 842
10 843
9 844
5 845
7 846
5 847
11 848
15 849
19 850
15 851
9 852
13 853
8 854
8 855
15 856
13 857
10 858
20 859
12 860
11 861
11 862
17 863
14 864
12 865
13 866
6 867
13 868
13 869
18 870
19 871
17 872
15 873
19 874
13 875
19 876
19 877
16 878
12 879
17 880
15 881
16 882
22 883
16 884
30 885
25 886
16 887
16 888
15 889
17 890
18 891
13 892
17 893
11 894
12 895
14 896
12 897
12 898
5 899
3 900
7 901
7 902
2 903
4 904
5 905
5 906
7 907
1 908
5 909
1 910
2 911
1 912
1 913
3 914
1 915
2 916
1 917
2 918
1 919
2 920
4 921
1 922
2 923
1 924
4 925
2 926
2 927
4 928
3 929
1 930
1 933
2 934
1 935
1 936
3 937
2 940
1 941
1 942
2 943
1 944
3 945
3 947
1 948
1 950
1 951
2 952
2 953
1 954
2 955
2 956
3 957
2 958
1 959
6 960
2 961
1 962
2 963
3 964
2 965
4 966
2 967
1 968
3 969
10 970
5 971
3 972
4 973
4 974
3 975
5 976
4 977
5 978
11 979
6 980
7 981
10 982
1 983
11 984
6 985
7 986
6 987
13 988
10 989
11 990
14 991
11 992
11 993
10 994
9 995
5 996
10 997
7 998
10 999
14 1000
9 1001
10 1002
13 1003
6 1004
11 1005
6 1006
11 1007
6 1008
4 1009
7 1010
7 1011
2 1012
4 1013
9 1014
5 1015
3 1016
5 1017
4 1018
5 1019
6 1020
3 1021
7 1022
6 1023
4 1024
7 1025
2 1026
4 1027
3 1028
4 1029
4 1030
3 1031
5 1032
5 1033
5 1034
2 1035
5 1036
2 1037
1 1038
2 1039
3 1040
3 1041
1 1043
3 1045
4 1046
4 1047
1 1049
1 1050
1 1051
2 1052
2 1053
2 1055
2 1056
2 1057
3 1059
1 1064
3 1066
1 1068
1 1069
1 1070
2 1071
1 1073
3 1074
2 1075
2 1076
2 1077
2 1080
1 1082
1 1083
1 1085
1 1086
1 1090
3 1092
1 1093
1 1094
1 1098
1 1100
1 1101
1 1102
2 1104
1 1105
3 1106
1 1107
1 1110
2 1112
1 1113
3 1115
2 1120
1 1122
2 1123
1 1124
1 1125
2 1126
1 1127
2 1128
1 1129
1 1130
2 1132
4 1133
2 1134
3 1135
2 1136
1 1137
3 1138
1 1139
1 1141
3 1142
1 1143
1 1144
2 1145
2 1146
2 1147
1 1148
2 1149
1 1150
1 1151
1 1152
2 1155
3 1156
2 1158
1 1159
1 1160
1 1162
2 1163
1 1166
1 1167
1 1168
1 1172
1 1175
1 1176
1 1177
1 1185
1 1207
1 1208
1 1209
1 1211
1 1213
1 1218
1 1237
2 1242
1 1247
1 1252
1 1255
1 1269
1 1270
1 1287
1 1297
1 1302
1 1305
1 1308
1 1316
1 1318
1 1321
1 1324
1 1333
1 1335
1 1337
1 1345
1 1348
1 1355
1 1357
1 1358
1 1374
1 1376
1 1387
1 1399
1 1404
1 1411
1 1412
1 1415
1 1427
1 1430
1 1439
1 1450
1 1453
1 1454
1 1458
1 1462
1 1485
1 1490
1 1502
1 1524
1 1527
1 1570
1 1585
1 1586
1 1607
1 1618
1 1623
1 1624
1 1625
1 1627
1 1629
1 1647
1 1648
2 1654
1 1659
1 1660
1 1667
2 1686
1 1689
1 1712
2 1713
1 1714
1 1739
1 1754
1 1758
2 1759
1 1772
1 1798
1 1808
1 1822
1 1833
1 1838
1 1840
1 1853
1 1862
1 1884
1 1894
1 1902
1 1903
1 1905
1 1913
1 1936
1 1938
1 1955
1 1963
1 1971
1 1993
1 1995
1 1999
1 2011
1 2012
1 2047
1 2054
1 2062
1 2081
1 2086
1 2202
1 2282
1 2312
1 2360
1 2392
1 2431
1 2442
1 2458
1 2598
1 2631
1 2700
1 2724
1 2727
1 2740
1 2746
1 3020
1 3149
1 3460
1 3488
1 3526
1 3601
1 3729
1 3754
1 3755
1 3785
1 3792
1 3833
1 5216
