1 1
1 5
1 7
2 9
1 11
1 12
1 14
1 15
2 16
1 17
1 20
1 23
1 33
1 35
2 36
1 46
1 48
2 50
1 51
2 54
1 55
2 59
1 62
1 65
1 67
1 68
1 69
1 70
2 71
1 72
1 74
1 75
1 76
2 78
1 79
3 80
2 81
1 84
1 85
1 87
1 89
1 90
2 91
1 94
1 95
1 96
2 97
1 98
1 99
1 100
1 101
2 104
1 106
1 107
1 110
1 111
1 112
2 114
1 117
2 118
1 119
1 121
2 122
1 123
2 124
2 125
1 127
2 128
2 129
2 130
3 131
1 132
2 135
3 136
2 137
1 138
2 140
1 142
1 145
2 146
1 150
4 151
1 152
1 153
2 154
2 155
2 156
1 158
2 160
3 161
4 162
4 163
1 164
1 165
2 166
2 167
2 169
1 170
3 172
1 173
2 174
1 175
1 176
1 177
3 178
1 179
4 180
4 181
2 184
2 185
2 186
3 187
1 188
6 189
2 190
10 191
6 192
4 193
16 194
12 195
16 196
20 197
6 198
7 199
7 200
14 201
6 202
6 203
4 204
3 205
6 206
1 207
1 208
2 209
4 210
3 212
4 213
2 214
2 215
3 216
4 217
3 218
1 219
4 220
1 221
1 222
2 223
3 224
1 225
2 227
1 228
2 229
2 230
1 232
1 233
1 234
1 235
2 237
2 238
2 239
3 241
1 242
5 243
2 244
3 245
1 246
1 247
2 248
1 249
1 250
2 251
2 252
2 253
3 254
3 255
1 256
6 257
9 258
5 259
2 260
2 261
2 262
3 263
2 264
1 265
4 266
1 267
1 268
3 269
4 270
6 271
1 272
2 273
4 274
3 275
5 276
4 277
3 278
2 279
7 280
3 281
4 282
4 283
7 284
3 285
6 286
3 287
2 288
3 289
4 290
4 292
9 293
3 294
4 295
6 296
6 297
11 298
7 299
11 300
4 301
14 302
9 303
7 304
15 305
8 306
12 307
2 308
9 309
11 310
9 311
7 312
5 313
8 314
4 315
5 316
7 317
4 318
7 319
4 320
9 321
9 322
7 323
10 324
9 325
12 326
8 327
13 328
18 329
9 330
8 331
11 332
7 333
8 334
14 335
7 336
4 338
6 339
6 340
4 341
4 342
5 343
6 344
7 345
14 346
6 347
1 348
1 349
2 350
5 351
7 352
4 353
6 354
6 355
3 356
4 357
1 358
1 359
4 360
3 361
5 362
4 363
5 364
8 365
3 366
3 367
6 369
4 370
5 371
5 372
9 373
8 374
2 375
6 376
9 377
4 378
6 379
7 380
6 381
4 382
5 383
13 384
7 385
1 386
8 387
9 388
6 389
7 390
2 391
7 392
6 393
2 394
7 395
7 396
6 397
2 398
4 399
10 400
3 401
4 402
6 403
8 404
2 405
6 406
10 407
6 408
3 409
5 410
6 411
5 412
11 413
3 414
11 415
9 416
9 417
10 418
6 419
16 420
15 421
18 422
22 423
16 424
24 425
35 426
21 427
43 428
39 429
36 430
50 431
51 432
60 433
67 434
57 435
66 436
55 437
57 438
56 439
41 440
45 441
44 442
51 443
35 444
32 445
19 446
21 447
21 448
18 449
17 450
17 451
10 452
10 453
13 454
14 455
11 456
3 457
13 458
11 459
10 460
10 461
5 462
17 463
13 464
7 465
13 466
15 467
12 468
12 469
11 470
8 471
7 472
8 473
6 474
8 475
3 476
4 477
7 478
1 479
3 480
4 481
5 482
6 483
6 484
5 485
3 486
3 487
5 488
4 489
7 490
3 491
5 492
4 493
4 494
3 495
6 496
10 497
5 498
7 499
13 500
8 501
15 502
11 503
13 504
4 505
10 506
10 507
18 508
22 509
6 510
21 511
16 512
25 513
19 514
17 515
24 516
13 517
18 518
11 519
19 520
14 521
9 522
22 523
29 524
21 525
19 526
15 527
19 528
18 529
11 530
30 531
14 532
15 533
15 534
14 535
15 536
7 537
8 538
5 539
5 540
5 541
9 542
4 543
4 544
4 545
1 546
4 547
3 548
6 549
3 550
1 551
2 552
1 553
7 554
2 555
3 556
3 557
3 558
2 559
3 560
4 561
1 563
5 564
2 565
3 566
2 567
3 568
1 569
2 570
5 571
4 573
4 574
1 575
2 576
7 577
4 578
8 579
5 580
4 581
6 582
3 583
8 584
5 585
7 586
12 587
10 588
8 589
7 590
4 591
8 592
8 593
4 594
6 595
5 596
7 597
8 598
6 599
6 600
6 601
8 602
3 603
6 604
3 605
4 606
4 607
3 608
6 609
6 610
5 611
5 612
5 613
5 614
4 615
6 616
3 617
7 618
5 619
4 620
4 621
3 622
6 623
3 624
6 625
6 626
8 627
6 628
7 629
5 630
6 631
10 632
9 633
4 634
10 635
11 636
14 637
13 638
6 639
12 640
7 641
22 642
20 643
13 644
19 645
18 646
21 647
21 648
27 649
25 650
30 651
38 652
42 653
36 654
49 655
60 656
63 657
66 658
59 659
68 660
81 661
90 662
82 663
82 664
77 665
83 666
89 667
95 668
57 669
93 670
78 671
63 672
68 673
49 674
48 675
31 676
40 677
32 678
26 679
32 680
16 681
19 682
18 683
10 684
8 685
11 686
11 687
8 688
4 689
4 690
3 691
5 692
11 693
5 694
3 695
1 696
5 697
4 698
3 699
2 700
1 701
3 702
7 703
6 704
1 705
4 706
3 707
5 708
3 709
1 710
3 711
1 712
1 716
1 717
3 718
2 719
3 720
5 722
1 723
2 725
2 726
3 727
1 728
1 729
4 730
1 731
4 732
1 733
5 735
2 736
6 737
2 738
4 739
1 740
5 741
3 742
4 743
6 744
4 745
2 746
1 747
6 748
4 749
3 750
5 751
6 752
4 753
6 754
6 755
4 756
1 757
5 758
6 759
1 760
5 761
2 762
3 763
4 764
2 765
3 766
2 767
5 768
3 769
3 770
2 771
3 772
3 774
4 775
1 776
4 777
4 778
4 779
2 780
3 781
4 782
2 783
2 784
4 785
4 786
6 787
3 788
2 789
1 790
2 791
4 792
3 793
3 794
4 795
3 796
1 797
2 798
2 799
1 800
4 802
4 803
3 804
4 805
6 806
3 807
2 808
1 809
7 810
3 812
6 813
4 814
5 815
4 816
9 817
3 818
2 819
3 820
3 821
4 822
4 823
3 824
7 825
4 826
5 827
6 828
11 829
5 830
7 831
7 832
9 833
10 834
15 835
17 836
16 837
7 838
15 839
19 840
11 841
12 842
19 843
17 844
19 845
28 846
26 847
29 848
30 849
30 850
31 851
31 852
42 853
37 854
44 855
38 856
37 857
35 858
42 859
42 860
29 861
50 862
46 863
39 864
40 865
32 866
36 867
31 868
26 869
23 870
23 871
29 872
21 873
31 874
14 875
9 876
14 877
13 878
15 879
10 880
5 881
6 882
5 883
9 884
4 885
10 886
5 887
3 888
5 889
4 890
8 891
2 892
11 893
6 894
3 895
5 896
6 897
4 898
7 899
6 900
7 901
7 902
10 903
12 904
10 905
9 906
7 907
11 908
3 909
8 910
11 911
3 912
3 913
9 914
4 915
5 916
7 917
5 918
4 919
6 920
4 921
7 922
5 923
3 924
4 925
2 927
3 928
3 929
1 930
3 932
1 933
2 934
2 937
1 938
1 940
3 942
1 943
2 945
2 947
3 951
2 954
1 955
1 956
1 960
1 962
2 963
2 964
2 965
1 967
2 968
1 972
4 975
2 976
2 978
1 984
1 985
2 987
1 988
1 990
2 991
1 993
2 995
1 996
1 997
1 998
2 1000
1 1002
1 1003
1 1006
2 1009
1 1010
1 1014
2 1015
2 1016
1 1018
1 1019
1 1024
1 1025
1 1026
1 1028
4 1030
1 1032
4 1033
1 1034
1 1036
2 1037
1 1038
1 1043
2 1045
1 1047
1 1049
3 1050
1 1051
1 1052
1 1053
1 1056
1 1058
1 1059
2 1060
1 1061
1 1062
2 1064
1 1066
4 1068
2 1069
1 1070
1 1073
1 1074
2 1075
2 1078
1 1080
1 1081
1 1084
1 1087
2 1088
1 1090
3 1093
2 1094
2 1095
1 1096
3 1097
1 1098
3 1099
1 1100
1 1101
2 1102
1 1103
1 1104
2 1106
2 1107
1 1109
3 1110
1 1111
1 1112
1 1113
1 1114
1 1115
1 1116
1 1118
2 1124
1 1125
1 1128
2 1129
2 1131
2 1133
1 1134
1 1135
1 1136
4 1137
1 1138
2 1139
2 1140
3 1141
1 1142
2 1144
2 1147
1 1151
2 1152
1 1153
3 1154
2 1155
2 1156
1 1158
1 1161
2 1162
2 1163
3 1164
3 1165
3 1166
3 1167
1 1168
4 1169
5 1170
1 1172
1 1174
2 1175
2 1176
1 1177
1 1178
5 1179
3 1180
8 1181
3 1182
4 1183
6 1184
4 1185
6 1186
9 1187
2 1188
4 1189
3 1190
4 1191
7 1192
6 1194
5 1195
5 1196
1 1197
5 1198
4 1199
3 1200
7 1201
4 1202
1 1203
1 1204
2 1205
1 1207
1 1208
1 1209
5 1210
1 1211
4 1212
1 1214
2 1217
1 1219
1 1220
1 1222
1 1224
1 1225
2 1226
1 1227
2 1229
1 1231
1 1232
3 1233
1 1235
1 1236
1 1237
3 1238
1 1239
2 1240
1 1241
1 1242
2 1243
1 1244
3 1246
1 1247
1 1249
2 1251
2 1252
1 1253
1 1254
2 1255
1 1256
2 1258
3 1259
1 1260
2 1261
1 1262
1 1263
2 1264
1 1265
1 1266
1 1267
2 1268
3 1269
1 1270
5 1271
3 1272
2 1273
2 1274
2 1275
4 1276
4 1277
2 1278
7 1279
3 1280
3 1281
2 1282
8 1283
1 1284
3 1285
5 1286
1 1287
4 1288
2 1289
6 1290
6 1291
8 1292
10 1293
3 1294
9 1295
7 1296
5 1297
3 1298
2 1299
9 1300
5 1301
6 1302
8 1303
9 1304
2 1305
4 1306
3 1307
5 1308
7 1309
6 1310
5 1311
3 1312
4 1313
2 1314
3 1315
1 1316
1 1317
4 1318
2 1319
2 1320
2 1321
5 1322
4 1323
3 1324
1 1325
3 1326
2 1327
1 1328
4 1329
4 1330
1 1331
1 1332
1 1333
5 1335
2 1336
1 1337
5 1338
4 1339
2 1340
1 1341
3 1342
2 1343
1 1344
2 1346
1 1347
1 1350
4 1351
3 1352
1 1353
1 1354
2 1355
2 1357
3 1358
1 1359
3 1360
1 1362
1 1363
1 1364
2 1365
2 1366
2 1367
1 1368
1 1369
1 1370
2 1372
3 1373
1 1374
2 1375
2 1377
2 1378
1 1379
4 1380
3 1381
3 1382
4 1383
1 1384
1 1385
2 1386
3 1387
3 1388
1 1389
4 1390
3 1391
2 1392
3 1393
1 1394
2 1395
5 1396
1 1397
4 1398
2 1399
4 1400
1 1401
3 1402
4 1403
3 1404
7 1405
5 1406
3 1407
12 1408
4 1409
6 1410
2 1411
4 1412
7 1413
2 1414
3 1415
5 1416
3 1417
1 1418
5 1419
7 1420
5 1421
5 1422
1 1423
3 1424
7 1425
7 1426
14 1427
4 1428
5 1429
9 1430
6 1431
5 1432
9 1433
7 1434
2 1435
5 1436
8 1437
3 1438
10 1439
8 1440
10 1441
5 1442
3 1443
4 1444
7 1445
2 1446
2 1447
6 1448
3 1449
1 1450
6 1451
2 1452
9 1453
3 1454
1 1455
3 1456
3 1458
5 1459
6 1460
7 1461
6 1462
3 1463
2 1464
3 1465
3 1466
2 1467
1 1468
3 1469
3 1470
4 1471
4 1472
2 1473
2 1474
8 1475
3 1476
4 1477
5 1478
7 1479
5 1480
3 1481
4 1482
3 1483
2 1484
7 1485
6 1486
6 1487
8 1488
6 1489
7 1490
6 1491
4 1492
5 1493
8 1494
11 1495
12 1496
7 1497
11 1498
10 1499
7 1500
9 1501
11 1502
11 1503
14 1504
11 1505
18 1506
12 1507
13 1508
17 1509
20 1510
13 1511
23 1512
15 1513
19 1514
24 1515
28 1516
16 1517
19 1518
25 1519
29 1520
32 1521
19 1522
29 1523
24 1524
37 1525
30 1526
22 1527
28 1528
18 1529
30 1530
29 1531
30 1532
24 1533
28 1534
31 1535
24 1536
29 1537
36 1538
22 1539
25 1540
29 1541
24 1542
22 1543
14 1544
15 1545
17 1546
23 1547
20 1548
14 1549
11 1550
13 1551
17 1552
9 1553
8 1554
4 1555
12 1556
8 1557
10 1558
5 1559
7 1560
4 1561
6 1562
6 1563
6 1564
4 1565
2 1566
2 1567
2 1568
3 1569
3 1570
1 1571
1 1576
1 1577
2 1578
2 1579
1 1580
2 1581
3 1582
3 1583
1 1584
2 1586
2 1587
6 1588
4 1592
2 1596
1 1598
2 1599
1 1600
1 1601
2 1603
1 1604
1 1605
1 1606
1 1608
1 1609
1 1610
1 1612
3 1613
4 1614
2 1616
2 1617
2 1619
3 1620
1 1621
4 1622
1 1623
2 1624
3 1625
2 1626
3 1628
4 1629
1 1630
1 1631
3 1632
1 1633
4 1634
1 1635
1 1636
2 1637
1 1638
2 1639
1 1641
2 1642
2 1643
4 1644
3 1645
1 1646
3 1647
2 1648
2 1650
1 1651
1 1652
1 1653
1 1654
4 1655
2 1656
5 1657
1 1658
1 1659
2 1660
2 1662
2 1663
1 1664
1 1665
1 1666
1 1669
1 1672
1 1673
1 1678
2 1679
1 1682
1 1683
1 1685
1 1686
1 1687
1 1688
1 1691
1 1692
1 1693
2 1698
1 1700
1 1702
1 1704
1 1706
1 1709
1 1711
1 1716
1 1719
1 1720
1 1724
1 1728
1 1730
1 1731
1 1732
1 1735
1 1737
1 1738
1 1742
3 1743
1 1747
1 1749
1 1750
2 1753
4 1755
1 1757
2 1760
2 1764
2 1765
1 1767
2 1769
2 1770
2 1771
1 1772
1 1773
1 1774
1 1775
3 1776
1 1777
4 1778
5 1779
2 1780
3 1783
3 1786
2 1787
2 1789
3 1790
2 1791
2 1792
1 1794
1 1795
1 1796
2 1798
1 1801
1 1802
3 1803
1 1804
1 1805
3 1806
2 1807
1 1808
2 1809
1 1810
1 1811
1 1813
3 1814
4 1816
3 1817
2 1819
4 1820
1 1821
2 1822
1 1824
1 1826
4 1828
3 1830
1 1831
1 1832
3 1833
3 1835
2 1837
2 1840
1 1841
2 1843
3 1844
5 1845
2 1846
5 1847
3 1850
1 1851
2 1852
2 1853
4 1854
4 1855
4 1856
1 1857
3 1858
2 1859
2 1860
3 1861
8 1862
7 1863
4 1864
5 1865
4 1866
7 1867
6 1868
9 1869
6 1870
8 1871
12 1872
9 1873
2 1874
16 1875
4 1876
7 1877
8 1878
6 1879
6 1880
5 1881
7 1882
8 1883
10 1884
4 1885
8 1886
12 1887
6 1888
8 1889
10 1890
4 1891
3 1892
10 1893
9 1894
10 1895
8 1896
6 1897
4 1898
6 1899
11 1900
6 1901
5 1902
3 1903
4 1904
2 1905
5 1906
4 1907
4 1908
2 1909
7 1910
2 1911
3 1912
3 1913
3 1915
2 1916
3 1917
3 1918
3 1919
3 1921
1 1922
3 1923
3 1924
2 1926
3 1927
3 1929
1 1930
1 1933
1 1935
3 1937
2 1938
1 1942
3 1943
1 1944
1 1945
2 1949
2 1952
2 1953
1 1955
2 1956
1 1958
2 1959
2 1963
2 1964
2 1965
2 1967
1 1969
2 1970
1 1971
2 1972
1 1973
2 1974
1 1977
1 1978
3 1985
2 1988
1 1989
1 1990
1 1995
1 1996
1 1998
1 2000
1 2005
1 2007
1 2008
1 2010
1 2012
1 2014
1 2016
2 2018
2 2021
2 2024
1 2029
1 2032
1 2033
1 2038
1 2042
2 2044
1 2057
1 2058
1 2064
1 2066
1 2067
1 2071
1 2072
1 2080
1 2084
1 2085
1 2089
1 2090
1 2091
1 2093
1 2096
1 2097
1 2104
1 2105
1 2107
1 2108
1 2116
1 2125
2 2128
1 2131
1 2135
1 2136
1 2139
1 2140
2 2146
1 2149
2 2150
1 2156
1 2161
1 2163
2 2169
1 2170
1 2172
1 2173
1 2174
1 2178
2 2180
1 2183
1 2185
1 2189
1 2192
1 2193
1 2194
1 2195
1 2196
1 2199
2 2200
1 2203
1 2206
2 2209
1 2210
1 2211
2 2213
1 2214
1 2216
1 2222
1 2225
1 2227
1 2231
1 2232
2 2234
1 2237
3 2238
2 2239
1 2240
2 2241
1 2242
2 2243
2 2246
2 2248
1 2249
2 2251
1 2253
2 2255
1 2256
1 2257
2 2260
2 2261
1 2262
1 2264
1 2266
1 2267
1 2268
1 2269
1 2270
1 2271
1 2272
2 2273
1 2274
1 2275
1 2276
1 2277
2 2278
1 2279
1 2280
4 2281
3 2282
4 2283
4 2284
2 2285
3 2286
1 2287
2 2288
1 2289
4 2290
4 2292
1 2293
5 2295
1 2296
4 2297
2 2298
5 2300
1 2301
1 2302
1 2303
3 2305
3 2306
4 2307
4 2308
2 2309
1 2310
2 2312
2 2313
2 2314
2 2315
1 2316
2 2317
2 2319
2 2320
2 2321
3 2322
2 2323
3 2324
3 2326
3 2327
1 2328
1 2329
2 2330
2 2331
1 2332
3 2333
1 2335
3 2337
3 2338
2 2339
1 2340
1 2341
2 2342
1 2344
2 2345
2 2346
2 2347
2 2348
1 2350
2 2352
1 2353
1 2354
2 2355
2 2356
4 2357
3 2358
3 2359
4 2360
2 2362
3 2363
1 2364
4 2365
4 2366
1 2367
3 2368
2 2369
2 2370
6 2371
2 2372
4 2373
3 2374
2 2375
2 2376
4 2377
5 2378
2 2379
4 2380
3 2381
4 2382
6 2383
2 2384
3 2385
6 2386
7 2387
3 2388
5 2389
6 2390
6 2391
8 2392
4 2393
5 2394
5 2395
5 2396
6 2397
4 2398
3 2399
6 2400
7 2401
10 2402
9 2403
7 2404
7 2405
9 2406
11 2407
5 2408
2 2409
5 2410
5 2411
3 2412
6 2413
4 2414
5 2415
2 2416
6 2417
2 2418
2 2419
3 2420
3 2421
3 2422
7 2423
2 2424
2 2425
2 2426
5 2427
2 2428
2 2430
1 2431
2 2432
1 2434
1 2436
1 2438
2 2441
2 2442
1 2444
1 2451
1 2462
1 2465
1 2474
2 2488
1 2489
1 2496
1 2498
1 2500
1 2502
1 2503
1 2515
1 2517
1 2520
1 2532
1 2564
1 2573
1 2576
1 2577
1 2582
1 2586
1 2590
2 2591
1 2603
1 2611
1 2615
1 2623
2 2629
1 2631
1 2637
1 2643
1 2645
1 2646
1 2648
1 2651
1 2652
2 2653
1 2655
1 2665
1 2668
1 2669
1 2673
2 2674
1 2683
1 2685
3 2686
1 2687
1 2689
1 2691
2 2695
1 2696
2 2697
1 2701
2 2702
1 2707
1 2713
2 2715
2 2716
1 2727
1 2729
1 2735
1 2739
1 2741
1 2747
1 2753
1 2755
1 2758
1 2762
1 2765
1 2766
1 2770
1 2773
1 2774
2 2778
2 2780
2 2784
3 2785
3 2788
1 2789
1 2793
1 2796
1 2801
1 2802
1 2804
1 2805
1 2806
1 2807
1 2808
2 2810
2 2813
2 2815
1 2824
2 2825
2 2827
2 2829
1 2830
4 2833
2 2834
2 2835
2 2841
3 2842
2 2843
3 2844
2 2845
3 2846
1 2847
2 2849
1 2852
1 2853
2 2854
2 2855
2 2859
3 2860
1 2861
1 2862
1 2863
3 2864
1 2865
1 2867
1 2868
2 2869
1 2870
1 2873
2 2875
1 2876
2 2877
2 2878
1 2881
1 2882
2 2883
4 2884
1 2885
1 2886
1 2887
5 2888
2 2890
1 2891
2 2892
2 2893
1 2894
2 2895
2 2896
2 2897
1 2898
2 2899
3 2900
6 2901
4 2902
2 2903
5 2905
4 2906
3 2907
1 2908
2 2909
4 2910
4 2912
1 2913
5 2914
5 2915
10 2916
2 2917
4 2918
1 2919
7 2920
5 2921
4 2922
4 2923
5 2924
14 2926
8 2927
5 2928
4 2929
5 2930
5 2931
10 2932
5 2933
2 2934
6 2935
4 2936
7 2937
9 2938
9 2939
5 2940
6 2941
3 2942
9 2943
2 2944
2 2945
10 2946
10 2947
3 2948
3 2949
4 2950
3 2951
6 2952
6 2953
6 2954
5 2955
5 2956
2 2957
3 2958
2 2959
8 2960
2 2961
4 2962
3 2963
6 2964
7 2965
3 2966
5 2967
3 2968
3 2969
2 2970
1 2971
1 2972
2 2973
4 2974
3 2975
3 2976
6 2978
2 2979
1 2980
4 2981
1 2982
1 2983
1 2984
1 2985
2 2986
1 2989
2 2990
1 2991
2 2993
1 2995
1 2997
1 3003
1 3008
1 3012
1 3014
1 3027
1 3103
1 3116
1 3125
1 3134
1 3137
1 3156
1 3176
1 3275
1 3287
1 3292
1 3345
1 3364
1 3389
1 3408
1 3437
1 3438
1 3440
1 3446
1 3454
1 3457
1 3462
1 3463
2 3466
1 3468
1 3470
1 3476
1 3488
1 3490
1 3491
1 3497
2 3499
1 3503
3 3504
1 3509
1 3513
1 3514
1 3515
1 3521
1 3522
2 3527
2 3528
1 3529
1 3530
1 3531
1 3532
1 3534
1 3535
2 3536
1 3541
1 3542
2 3545
1 3546
1 3548
2 3550
1 3551
1 3560
1 3562
1 3563
1 3564
1 3565
1 3566
2 3569
1 3570
1 3574
1 3575
1 3577
1 3578
1 3588
2 3589
1 3606
1 3635
1 3664
1 3729
1 3737
1 3774
1 3868
1 3881
1 3893
1 3912
1 4008
1 4093
1 4122
1 4123
1 4179
1 4193
1 4199
1 4421
1 4442
1 4665
1 5452
