2 1
1 3
1 4
1 5
1 7
1 8
1 14
3 16
2 18
2 19
1 20
1 21
1 23
1 24
1 25
1 30
1 31
1 33
2 34
2 37
1 38
1 41
1 43
1 44
1 46
2 47
1 49
1 50
2 52
1 53
2 54
1 55
1 58
1 60
2 61
1 62
3 63
3 64
2 65
1 66
3 67
3 68
3 70
6 71
1 72
1 73
4 74
1 75
2 76
2 79
1 81
3 82
3 83
2 84
2 85
1 86
1 87
1 88
3 89
3 90
2 91
1 92
1 93
1 94
5 96
5 97
4 98
2 99
3 100
3 101
1 102
4 103
3 104
4 105
4 106
2 107
5 109
1 110
5 111
2 112
2 113
1 114
3 115
1 116
3 117
7 118
3 119
5 120
6 121
5 122
5 123
4 124
5 125
2 126
6 127
1 128
1 129
1 130
4 131
4 132
6 133
2 134
2 135
3 136
3 137
3 139
4 140
2 141
1 142
2 143
2 145
1 146
4 147
3 148
1 149
7 150
2 151
5 152
2 153
2 154
3 155
5 156
3 157
6 158
7 159
2 160
9 161
5 162
4 163
8 164
4 165
5 166
6 167
5 168
3 169
5 170
3 171
2 172
3 173
2 174
2 176
2 177
3 178
3 179
3 180
6 181
6 182
7 183
5 184
7 185
5 186
7 187
16 188
8 189
17 190
24 191
24 192
40 193
48 194
43 195
63 196
55 197
70 198
60 199
47 200
37 201
32 202
24 203
18 204
15 205
10 206
11 207
9 208
12 209
12 210
6 211
4 212
7 213
6 214
2 215
8 216
13 217
5 218
5 219
3 220
5 221
4 222
4 223
2 224
4 225
2 226
4 227
6 228
5 229
6 230
4 231
8 232
3 233
6 234
3 235
4 236
6 237
9 238
3 239
5 240
8 241
5 242
5 243
2 244
7 245
10 246
5 247
6 248
5 249
10 250
5 251
4 252
6 253
8 254
9 255
12 256
12 257
8 258
13 259
16 260
11 261
12 262
9 263
12 264
12 265
12 266
11 267
14 268
14 269
11 270
12 271
14 272
15 273
17 274
14 275
17 276
21 277
21 278
14 279
9 280
11 281
14 282
8 283
13 284
7 285
6 286
13 287
13 288
12 289
12 290
11 291
11 292
21 293
15 294
24 295
30 296
14 297
22 298
40 299
31 300
23 301
26 302
32 303
31 304
37 305
21 306
29 307
23 308
26 309
21 310
26 311
18 312
17 313
27 314
27 315
24 316
25 317
15 318
26 319
28 320
21 321
41 322
29 323
30 324
37 325
32 326
42 327
28 328
38 329
34 330
39 331
33 332
19 333
29 334
26 335
22 336
22 337
17 338
18 339
14 340
22 341
21 342
14 343
13 344
15 345
24 346
21 347
15 348
14 349
13 350
20 351
18 352
20 353
14 354
18 355
13 356
19 357
13 358
8 359
5 360
14 361
7 362
12 363
18 364
16 365
18 366
17 367
12 368
13 369
17 370
15 371
13 372
24 373
17 374
14 375
25 376
25 377
18 378
21 379
16 380
16 381
24 382
14 383
20 384
18 385
17 386
12 387
16 388
13 389
17 390
11 391
14 392
12 393
11 394
14 395
21 396
11 397
14 398
10 399
7 400
19 401
20 402
16 403
15 404
21 405
16 406
16 407
19 408
28 409
20 410
27 411
29 412
22 413
28 414
27 415
28 416
28 417
30 418
41 419
34 420
45 421
46 422
42 423
66 424
66 425
60 426
77 427
97 428
90 429
106 430
113 431
146 432
134 433
144 434
132 435
150 436
168 437
144 438
162 439
137 440
140 441
124 442
117 443
102 444
93 445
86 446
68 447
60 448
52 449
51 450
37 451
51 452
55 453
41 454
34 455
33 456
34 457
45 458
48 459
42 460
33 461
53 462
40 463
42 464
46 465
53 466
49 467
41 468
32 469
36 470
33 471
27 472
22 473
21 474
15 475
17 476
14 477
15 478
14 479
18 480
16 481
15 482
6 483
9 484
16 485
19 486
16 487
17 488
8 489
20 490
15 491
19 492
16 493
16 494
26 495
17 496
23 497
21 498
13 499
25 500
29 501
20 502
27 503
24 504
42 505
31 506
33 507
45 508
40 509
41 510
52 511
45 512
66 513
53 514
56 515
70 516
61 517
69 518
72 519
54 520
74 521
61 522
83 523
76 524
81 525
84 526
92 527
80 528
62 529
73 530
67 531
64 532
52 533
62 534
52 535
50 536
39 537
35 538
41 539
33 540
21 541
23 542
25 543
23 544
9 545
18 546
20 547
13 548
13 549
13 550
9 551
9 552
10 553
12 554
8 555
11 556
6 557
9 558
9 559
14 560
7 561
11 562
12 563
3 564
10 565
9 566
5 567
6 568
2 569
3 570
8 571
6 572
7 573
5 574
6 575
9 576
3 577
5 578
13 579
11 580
12 581
6 582
5 583
5 584
15 585
15 586
8 587
15 588
15 589
14 590
16 591
18 592
9 593
13 594
14 595
16 596
17 597
15 598
32 599
11 600
20 601
23 602
11 603
18 604
19 605
23 606
12 607
13 608
17 609
12 610
17 611
15 612
13 613
11 614
9 615
12 616
11 617
14 618
6 619
7 620
8 621
7 622
9 623
6 624
3 625
4 626
4 627
5 628
7 629
8 630
8 631
2 632
4 633
11 634
6 635
6 636
11 637
11 638
3 639
14 640
6 641
2 642
13 643
6 644
12 645
13 646
12 647
8 648
16 649
17 650
15 651
14 652
16 653
24 654
22 655
29 656
28 657
16 658
27 659
22 660
25 661
26 662
22 663
32 664
22 665
24 666
17 667
20 668
24 669
28 670
13 671
19 672
12 673
14 674
23 675
17 676
21 677
12 678
17 679
10 680
12 681
12 682
14 683
21 684
14 685
12 686
12 687
18 688
10 689
20 690
16 691
16 692
11 693
29 694
11 695
12 696
17 697
11 698
13 699
12 700
15 701
12 702
16 703
12 704
13 705
13 706
10 707
14 708
9 709
9 710
16 711
16 712
7 713
9 714
7 715
8 716
4 717
6 718
8 719
9 720
7 721
9 722
1 723
6 724
12 725
4 726
9 727
7 728
7 729
8 730
7 731
6 732
4 733
9 734
9 735
8 736
12 737
10 738
12 739
6 740
6 741
11 742
10 743
9 744
6 745
4 746
6 747
11 748
10 749
7 750
4 751
12 752
5 753
9 754
13 755
9 756
10 757
13 758
9 759
8 760
10 761
8 762
6 763
6 764
10 765
12 766
7 767
8 768
10 769
2 770
11 771
16 772
13 773
10 774
18 775
11 776
8 777
10 778
14 779
25 780
16 781
20 782
19 783
14 784
23 785
26 786
13 787
23 788
19 789
21 790
14 791
19 792
16 793
15 794
19 795
19 796
20 797
7 798
15 799
18 800
8 801
12 802
8 803
14 804
11 805
7 806
5 807
15 808
10 809
8 810
14 811
7 812
7 813
7 814
13 815
7 816
11 817
12 818
12 819
10 820
9 821
9 822
19 823
16 824
10 825
7 826
16 827
14 828
17 829
21 830
15 831
17 832
17 833
21 834
19 835
15 836
15 837
26 838
26 839
24 840
28 841
22 842
16 843
24 844
31 845
26 846
20 847
26 848
30 849
37 850
40 851
28 852
37 853
45 854
48 855
48 856
53 857
52 858
51 859
32 860
47 861
39 862
49 863
52 864
41 865
74 866
40 867
40 868
42 869
44 870
33 871
41 872
34 873
29 874
40 875
49 876
25 877
28 878
24 879
33 880
21 881
32 882
23 883
21 884
23 885
22 886
36 887
22 888
21 889
26 890
34 891
29 892
21 893
26 894
41 895
34 896
31 897
43 898
39 899
45 900
46 901
40 902
46 903
37 904
43 905
39 906
37 907
39 908
34 909
26 910
38 911
36 912
28 913
37 914
23 915
20 916
23 917
10 918
17 919
13 920
17 921
12 922
8 923
9 924
10 925
6 926
13 927
8 928
7 929
9 930
9 931
5 932
7 933
6 934
6 935
9 936
7 937
3 938
1 939
4 940
4 941
6 942
1 943
4 944
8 945
1 947
4 948
4 949
1 951
3 952
3 953
3 954
2 955
5 956
3 957
5 958
1 959
4 960
1 961
2 963
2 964
3 965
1 966
2 967
2 968
1 969
1 970
3 972
4 974
3 975
2 976
1 977
2 978
4 979
2 980
1 981
2 982
2 984
7 985
3 986
4 987
2 988
2 989
2 990
1 991
1 993
1 994
2 995
3 996
2 997
2 998
2 999
2 1000
1 1001
3 1002
2 1003
1 1005
1 1006
4 1007
1 1008
1 1009
2 1010
1 1011
4 1012
4 1013
1 1014
2 1015
3 1016
2 1017
4 1018
1 1019
1 1020
3 1021
3 1022
3 1023
1 1024
4 1025
1 1026
1 1027
1 1028
2 1030
5 1031
1 1032
2 1033
1 1035
3 1036
2 1037
3 1038
2 1039
2 1040
1 1041
4 1042
2 1043
1 1045
3 1046
4 1047
2 1048
2 1049
1 1050
4 1051
2 1052
5 1053
6 1054
4 1055
1 1056
1 1057
3 1058
3 1059
1 1060
5 1061
7 1062
2 1063
3 1064
6 1065
2 1066
3 1067
1 1068
3 1069
7 1070
4 1071
2 1072
5 1073
5 1074
5 1075
5 1076
7 1077
3 1078
2 1079
4 1080
2 1081
6 1082
1 1083
3 1084
3 1085
3 1086
3 1087
4 1088
1 1089
5 1090
2 1091
2 1092
4 1093
2 1094
3 1095
6 1096
4 1097
2 1098
2 1099
5 1100
4 1101
6 1102
3 1103
6 1104
8 1105
2 1106
5 1107
4 1108
8 1109
5 1110
2 1111
3 1112
5 1113
3 1114
5 1115
3 1116
4 1117
10 1118
2 1119
2 1120
4 1121
2 1122
7 1123
9 1124
6 1125
8 1126
7 1127
9 1128
2 1129
4 1130
5 1131
4 1132
5 1133
4 1134
2 1135
3 1136
4 1137
5 1138
4 1139
5 1140
5 1141
1 1142
4 1143
3 1144
2 1145
5 1146
3 1147
3 1148
4 1149
2 1150
3 1151
4 1152
3 1153
5 1154
5 1155
6 1157
5 1158
4 1159
9 1160
2 1161
4 1162
5 1163
6 1164
7 1165
9 1166
10 1167
9 1168
13 1169
11 1170
11 1171
10 1172
6 1173
12 1174
12 1175
9 1176
14 1177
18 1178
17 1179
12 1180
11 1181
14 1182
10 1183
19 1184
20 1185
18 1186
15 1187
13 1188
18 1189
16 1190
19 1191
12 1192
17 1193
14 1194
15 1195
10 1196
15 1197
13 1198
13 1199
9 1200
10 1201
9 1202
9 1203
6 1204
6 1205
4 1206
9 1207
10 1208
7 1209
6 1210
4 1211
11 1212
4 1213
4 1214
7 1215
8 1216
5 1217
5 1218
5 1219
2 1220
9 1221
3 1222
6 1223
6 1224
5 1225
3 1226
2 1227
3 1228
5 1229
4 1230
4 1231
4 1232
5 1233
4 1234
5 1235
5 1236
5 1237
8 1238
6 1239
4 1240
5 1241
3 1242
8 1243
2 1244
8 1245
6 1246
2 1247
8 1248
5 1249
8 1250
9 1251
8 1252
9 1253
5 1254
10 1255
3 1256
9 1257
6 1258
5 1259
4 1260
10 1261
5 1262
6 1263
9 1264
9 1265
10 1266
1 1267
15 1268
13 1269
15 1270
10 1271
14 1272
17 1273
12 1274
14 1275
13 1276
22 1277
19 1278
29 1279
12 1280
22 1281
18 1282
31 1283
30 1284
30 1285
26 1286
35 1287
24 1288
28 1289
26 1290
30 1291
42 1292
17 1293
27 1294
28 1295
30 1296
33 1297
19 1298
10 1299
26 1300
24 1301
15 1302
25 1303
27 1304
17 1305
16 1306
17 1307
15 1308
13 1309
20 1310
18 1311
14 1312
7 1313
10 1314
8 1315
8 1316
12 1317
12 1318
10 1319
12 1320
7 1321
7 1322
16 1323
10 1324
15 1325
12 1326
8 1327
4 1328
8 1329
8 1330
11 1331
10 1332
8 1333
5 1334
6 1335
7 1336
12 1337
8 1338
5 1339
6 1340
6 1341
6 1342
11 1343
8 1344
5 1345
3 1346
2 1347
4 1348
9 1349
5 1350
11 1351
11 1352
9 1353
6 1354
9 1355
6 1356
8 1357
6 1358
5 1359
8 1360
5 1361
10 1362
8 1363
13 1364
11 1365
9 1366
5 1367
10 1368
10 1369
13 1370
7 1371
12 1372
10 1373
5 1374
8 1375
11 1376
5 1377
12 1378
11 1379
11 1380
5 1381
7 1382
5 1383
3 1384
5 1385
8 1386
5 1387
6 1388
6 1389
3 1390
4 1391
6 1392
6 1393
7 1394
4 1395
3 1396
6 1397
8 1398
4 1399
3 1400
3 1401
3 1402
5 1403
5 1404
2 1405
2 1406
7 1407
2 1408
3 1409
2 1410
2 1411
3 1412
6 1413
3 1414
4 1415
2 1416
4 1417
3 1418
6 1419
1 1420
4 1421
4 1422
5 1423
1 1424
4 1425
4 1426
6 1427
3 1428
4 1430
3 1431
4 1432
3 1433
7 1434
5 1435
4 1436
3 1437
4 1438
3 1439
6 1440
5 1442
2 1443
2 1444
5 1445
4 1446
8 1447
4 1448
3 1449
5 1450
7 1451
2 1452
1 1453
5 1454
4 1455
4 1456
2 1457
5 1458
6 1459
7 1460
7 1461
9 1462
5 1463
6 1464
4 1465
5 1466
12 1467
4 1468
9 1469
2 1470
5 1471
6 1472
5 1473
4 1474
12 1475
4 1476
4 1477
6 1478
7 1479
7 1480
4 1481
6 1482
4 1483
6 1484
11 1485
4 1486
8 1487
8 1488
6 1489
5 1490
5 1491
4 1492
6 1493
9 1494
6 1495
6 1496
10 1497
5 1498
8 1499
7 1500
3 1501
9 1502
7 1503
15 1504
10 1505
5 1506
4 1507
3 1508
11 1509
10 1510
4 1511
7 1512
11 1513
5 1514
12 1515
13 1516
20 1517
12 1518
19 1519
13 1520
17 1521
21 1522
16 1523
23 1524
20 1525
15 1526
12 1527
20 1528
16 1529
22 1530
26 1531
24 1532
22 1533
26 1534
37 1535
34 1536
22 1537
28 1538
32 1539
30 1540
21 1541
26 1542
22 1543
27 1544
30 1545
36 1546
21 1547
11 1548
13 1549
23 1550
13 1551
28 1552
21 1553
14 1554
18 1555
12 1556
16 1557
12 1558
8 1559
14 1560
18 1561
10 1562
12 1563
12 1564
10 1565
13 1566
10 1567
9 1568
10 1569
11 1570
6 1571
7 1572
8 1573
5 1574
6 1575
6 1576
10 1577
4 1578
6 1579
6 1580
3 1581
6 1582
7 1583
5 1584
1 1585
3 1586
4 1587
2 1588
5 1589
6 1590
2 1591
3 1592
4 1593
2 1594
4 1595
7 1596
5 1598
1 1599
3 1600
2 1601
4 1602
3 1603
1 1604
2 1605
7 1606
5 1607
1 1608
2 1609
4 1610
1 1611
2 1612
5 1613
5 1614
2 1615
4 1616
6 1617
5 1618
9 1619
4 1620
8 1621
3 1622
8 1623
6 1624
5 1625
10 1626
5 1627
4 1628
8 1629
6 1630
9 1631
5 1632
2 1633
7 1634
6 1635
9 1636
9 1637
7 1638
17 1639
7 1640
8 1641
5 1642
14 1643
13 1644
9 1645
11 1646
8 1647
9 1648
18 1649
14 1650
8 1651
13 1652
10 1653
7 1654
8 1655
4 1656
9 1657
7 1658
5 1659
5 1660
7 1661
4 1662
5 1663
4 1664
3 1665
1 1666
2 1667
7 1668
5 1669
2 1670
3 1671
2 1672
2 1673
2 1674
3 1675
2 1676
2 1677
6 1678
2 1679
3 1680
4 1681
2 1683
3 1684
1 1685
2 1686
2 1687
3 1688
3 1689
1 1690
2 1691
1 1692
2 1693
2 1694
2 1695
3 1696
2 1697
3 1699
1 1700
5 1701
3 1702
2 1703
1 1704
2 1705
2 1706
4 1708
2 1710
2 1712
3 1714
1 1715
2 1716
3 1717
2 1718
3 1719
5 1720
1 1721
7 1722
2 1723
5 1724
5 1725
3 1726
4 1727
5 1728
4 1729
2 1730
3 1731
3 1732
6 1733
2 1734
3 1735
5 1736
5 1737
4 1738
3 1739
3 1740
1 1742
3 1743
8 1744
1 1745
7 1746
1 1747
6 1748
2 1749
5 1750
6 1751
8 1752
8 1753
10 1754
14 1755
13 1756
12 1757
7 1758
10 1759
5 1760
13 1761
8 1762
9 1763
3 1764
12 1765
3 1766
12 1767
8 1768
6 1769
13 1770
10 1771
11 1772
11 1773
14 1774
12 1775
21 1776
17 1777
9 1778
13 1779
14 1780
16 1781
9 1782
16 1783
12 1784
18 1785
9 1786
13 1787
12 1788
10 1789
15 1790
13 1791
13 1792
15 1793
11 1794
18 1795
6 1796
12 1797
7 1798
12 1799
3 1800
8 1801
10 1802
3 1803
9 1804
5 1805
6 1806
11 1807
7 1808
5 1809
8 1810
11 1811
6 1812
8 1813
5 1814
6 1815
7 1816
3 1818
10 1819
6 1820
4 1821
4 1822
7 1823
9 1824
8 1825
3 1826
1 1827
7 1828
3 1829
5 1830
10 1831
3 1832
2 1833
1 1834
1 1835
3 1836
6 1837
8 1838
2 1839
8 1840
5 1841
4 1842
6 1843
8 1844
6 1845
7 1846
6 1847
15 1848
9 1849
6 1850
14 1851
9 1852
16 1853
8 1854
10 1855
12 1856
14 1857
9 1858
9 1859
19 1860
10 1861
9 1862
14 1863
13 1864
11 1865
8 1866
16 1867
17 1868
22 1869
20 1870
20 1871
19 1872
14 1873
12 1874
19 1875
7 1876
16 1877
26 1878
21 1879
22 1880
16 1881
23 1882
21 1883
19 1884
24 1885
18 1886
24 1887
24 1888
20 1889
22 1890
14 1891
24 1892
12 1893
19 1894
21 1895
9 1896
20 1897
12 1898
16 1899
9 1900
11 1901
18 1902
9 1903
10 1904
13 1905
11 1906
8 1907
16 1908
9 1909
9 1910
9 1911
9 1912
5 1913
7 1914
8 1915
6 1916
3 1917
4 1918
3 1919
4 1920
2 1921
2 1922
10 1923
5 1924
5 1925
3 1926
1 1927
3 1928
5 1929
4 1930
2 1931
3 1932
7 1933
2 1934
3 1935
2 1936
2 1937
2 1938
2 1939
2 1940
4 1941
5 1942
2 1943
2 1944
4 1945
3 1946
6 1947
3 1948
2 1949
4 1950
4 1951
3 1953
3 1954
4 1956
8 1957
3 1958
6 1959
3 1960
3 1961
5 1962
4 1963
7 1964
4 1965
3 1966
4 1967
7 1968
4 1969
7 1970
1 1971
2 1972
4 1973
11 1974
2 1975
2 1976
2 1977
4 1978
2 1979
3 1980
2 1981
2 1982
4 1983
5 1984
3 1985
2 1986
3 1987
3 1988
4 1989
2 1990
2 1992
2 1994
3 1995
1 1996
2 1997
1 1998
2 2001
1 2002
3 2003
2 2004
1 2005
2 2007
1 2009
1 2010
1 2012
1 2013
2 2014
1 2017
2 2020
1 2021
1 2022
1 2023
1 2025
1 2026
2 2027
1 2029
1 2030
2 2031
1 2032
1 2033
1 2034
1 2035
1 2038
2 2039
1 2040
2 2042
1 2043
1 2044
1 2046
2 2049
2 2050
2 2052
1 2053
1 2054
1 2055
1 2056
1 2057
1 2062
1 2063
3 2064
1 2065
1 2067
2 2068
4 2070
3 2071
1 2072
1 2074
1 2075
1 2079
1 2080
1 2081
1 2083
1 2084
2 2085
1 2086
1 2090
2 2091
2 2094
1 2095
2 2096
3 2097
2 2098
2 2099
1 2101
2 2102
3 2104
1 2105
1 2109
2 2111
1 2112
2 2113
1 2114
2 2117
1 2118
1 2120
1 2122
2 2123
2 2124
2 2125
2 2126
1 2127
2 2128
1 2130
1 2131
2 2133
1 2135
2 2136
1 2139
1 2142
1 2143
2 2144
1 2145
4 2148
2 2149
1 2151
3 2152
1 2153
1 2154
1 2155
1 2158
2 2159
3 2160
2 2161
1 2162
1 2163
2 2164
1 2165
3 2166
1 2167
1 2168
2 2169
1 2170
1 2171
2 2173
5 2174
1 2175
1 2176
1 2177
1 2178
1 2179
1 2180
2 2183
1 2184
4 2186
2 2187
2 2188
1 2189
2 2190
1 2191
2 2192
1 2193
3 2194
2 2195
1 2196
2 2197
4 2198
2 2199
1 2200
3 2201
3 2202
3 2203
2 2204
1 2206
8 2208
1 2209
1 2210
7 2211
1 2212
8 2213
3 2214
2 2215
2 2216
2 2217
1 2218
3 2219
2 2220
3 2221
4 2222
6 2223
1 2224
4 2225
1 2226
3 2227
5 2228
3 2229
6 2230
4 2231
1 2232
1 2233
3 2234
3 2235
6 2236
3 2237
6 2238
3 2239
4 2240
3 2241
8 2242
6 2243
2 2244
4 2245
3 2246
4 2247
6 2248
7 2249
2 2250
1 2251
3 2252
7 2253
4 2254
7 2255
3 2256
6 2257
11 2258
1 2259
4 2260
10 2261
7 2262
5 2263
5 2264
6 2265
5 2266
11 2267
8 2268
6 2269
6 2270
4 2271
7 2272
4 2273
9 2274
7 2275
8 2276
6 2277
7 2278
7 2279
4 2280
12 2281
6 2282
13 2283
11 2284
9 2285
9 2286
9 2287
7 2288
11 2289
16 2290
17 2291
17 2292
20 2293
17 2294
10 2295
10 2296
16 2297
14 2298
12 2299
12 2300
14 2301
12 2302
14 2303
12 2304
15 2305
12 2306
12 2307
13 2308
8 2309
8 2310
10 2311
13 2312
11 2313
19 2314
10 2315
8 2316
9 2317
9 2318
10 2319
9 2320
5 2321
11 2322
6 2323
6 2324
11 2325
10 2326
9 2327
15 2328
5 2329
8 2330
10 2331
6 2332
12 2333
8 2334
12 2335
7 2336
8 2337
7 2338
10 2339
11 2340
6 2341
7 2342
8 2343
4 2344
7 2345
4 2346
11 2347
7 2348
8 2349
6 2350
10 2351
9 2352
10 2353
10 2354
6 2355
4 2356
8 2357
11 2358
12 2359
8 2360
10 2361
6 2362
8 2363
12 2364
8 2365
12 2366
11 2367
14 2368
13 2369
15 2370
16 2371
15 2372
18 2373
19 2374
17 2375
22 2376
16 2377
18 2378
20 2379
15 2380
22 2381
24 2382
17 2383
13 2384
17 2385
30 2386
41 2387
28 2388
24 2389
25 2390
30 2391
26 2392
32 2393
31 2394
26 2395
25 2396
31 2397
30 2398
31 2399
43 2400
36 2401
24 2402
33 2403
25 2404
32 2405
30 2406
30 2407
28 2408
30 2409
30 2410
26 2411
26 2412
16 2413
18 2414
28 2415
27 2416
17 2417
25 2418
25 2419
17 2420
17 2421
16 2422
14 2423
16 2424
12 2425
16 2426
21 2427
11 2428
8 2429
8 2430
10 2431
10 2432
7 2433
8 2434
11 2435
5 2436
10 2437
6 2438
6 2439
8 2440
9 2441
5 2442
6 2443
3 2444
4 2445
3 2446
2 2447
2 2448
3 2449
1 2450
4 2451
2 2452
3 2453
1 2455
4 2457
1 2458
1 2459
2 2460
1 2462
2 2463
1 2464
1 2465
1 2466
2 2467
3 2468
2 2471
2 2472
4 2475
3 2477
2 2478
1 2482
1 2483
1 2486
1 2490
1 2498
1 2499
1 2503
1 2508
1 2510
1 2512
1 2513
1 2515
1 2517
1 2519
1 2520
1 2524
1 2531
1 2532
1 2536
1 2544
2 2545
1 2546
1 2550
1 2553
1 2554
1 2555
2 2556
2 2558
1 2563
1 2564
1 2565
1 2566
1 2571
1 2575
1 2576
2 2579
1 2581
1 2584
1 2585
1 2587
2 2592
1 2597
1 2598
2 2599
1 2600
1 2602
1 2604
1 2605
1 2609
1 2610
1 2614
1 2615
1 2617
1 2618
1 2619
2 2621
1 2623
2 2625
3 2627
1 2628
1 2631
1 2632
3 2634
1 2636
1 2638
2 2639
1 2641
1 2642
1 2643
1 2645
1 2646
1 2647
1 2648
1 2649
2 2650
2 2652
3 2653
1 2654
1 2655
1 2656
2 2657
1 2658
1 2659
3 2660
1 2661
2 2662
1 2663
2 2664
1 2665
4 2666
4 2667
3 2669
2 2670
1 2671
1 2672
1 2673
2 2675
1 2676
1 2677
3 2679
2 2680
2 2681
1 2685
3 2687
3 2691
1 2692
1 2693
1 2695
1 2696
2 2700
1 2701
2 2703
1 2704
1 2707
1 2708
1 2711
2 2712
1 2713
1 2714
4 2715
1 2716
1 2718
1 2719
1 2720
3 2721
1 2722
2 2724
1 2725
2 2727
1 2729
1 2731
2 2732
2 2734
2 2736
1 2737
1 2738
1 2739
1 2740
2 2741
1 2742
1 2744
3 2745
1 2746
1 2747
1 2748
2 2750
1 2752
1 2754
1 2759
1 2760
1 2761
1 2763
2 2768
1 2773
2 2774
1 2776
1 2778
1 2780
4 2782
2 2784
1 2785
2 2787
3 2788
3 2789
1 2792
1 2794
1 2795
1 2797
1 2798
2 2799
2 2800
1 2802
1 2804
4 2806
2 2807
1 2808
2 2809
4 2810
1 2811
2 2812
1 2813
2 2815
1 2817
5 2818
2 2819
2 2820
3 2821
2 2823
1 2824
1 2825
4 2827
3 2828
1 2829
1 2830
2 2831
1 2832
4 2833
2 2834
6 2835
2 2836
1 2838
1 2839
6 2840
3 2842
2 2843
4 2844
1 2845
5 2847
2 2848
2 2849
3 2850
5 2851
4 2852
2 2853
1 2854
3 2855
2 2856
5 2858
2 2859
4 2860
1 2861
5 2862
5 2863
7 2864
1 2865
3 2866
3 2867
2 2868
6 2869
1 2870
4 2871
1 2872
3 2873
3 2874
5 2875
4 2876
3 2877
2 2878
3 2879
5 2880
3 2881
3 2882
4 2883
5 2884
6 2885
4 2886
3 2887
6 2888
3 2889
3 2890
3 2891
5 2892
5 2893
7 2894
7 2895
3 2896
7 2897
3 2898
1 2899
1 2900
6 2901
2 2902
4 2903
6 2904
9 2905
8 2906
5 2907
6 2908
8 2909
7 2910
8 2911
10 2912
5 2913
8 2914
14 2915
7 2916
11 2917
16 2918
7 2919
7 2920
7 2921
7 2922
7 2923
14 2924
9 2925
7 2926
13 2927
13 2928
6 2929
9 2930
14 2931
11 2932
20 2933
11 2934
11 2935
14 2936
13 2937
13 2938
8 2939
16 2940
14 2941
9 2942
10 2943
13 2944
9 2945
15 2946
11 2947
17 2948
9 2949
12 2950
14 2951
12 2952
11 2953
15 2954
10 2955
10 2956
5 2957
9 2958
13 2959
9 2960
15 2961
8 2962
5 2963
9 2964
7 2965
10 2966
6 2967
10 2968
3 2969
3 2970
4 2971
6 2972
3 2973
5 2974
4 2975
4 2976
3 2977
2 2978
6 2979
2 2980
4 2981
1 2982
6 2983
3 2984
4 2985
1 2986
3 2987
2 2989
2 2990
1 2991
2 2992
2 2993
1 2994
4 2995
1 2997
2 2999
2 3000
1 3001
1 3004
2 3008
1 3010
1 3011
1 3013
1 3015
2 3017
2 3020
1 3026
1 3027
1 3030
1 3031
2 3034
1 3040
1 3041
2 3052
1 3053
1 3062
1 3066
1 3071
1 3073
1 3082
1 3085
1 3095
1 3109
1 3118
1 3119
1 3129
1 3142
1 3166
1 3173
2 3227
1 3258
1 3274
1 3280
1 3283
1 3288
1 3294
1 3304
1 3306
1 3309
1 3312
1 3313
1 3331
1 3348
1 3366
1 3398
1 3405
1 3412
1 3449
1 3494
1 3499
1 3501
1 3514
1 3519
1 3584
1 3587
1 3636
1 3643
1 3701
1 3703
1 3707
1 3710
1 3720
1 3722
2 3735
1 3736
1 3742
1 3746
1 3751
1 3752
1 3764
1 3786
1 3790
1 3800
1 3932
1 3950
1 3962
1 3978
1 4002
1 4003
1 4031
1 4091
3 4115
1 4127
1 4147
1 4151
1 4163
1 4179
1 4264
1 4273
1 4275
1 4291
1 4294
1 4301
1 4305
1 4306
1 4307
1 4308
1 4312
2 4315
1 4316
1 4319
1 4323
1 4335
2 4340
1 4341
1 4347
1 4348
1 4352
1 4355
1 4358
2 4359
1 4360
1 4361
2 4362
1 4365
1 4373
1 4382
1 4383
2 4387
1 4403
1 4405
1 4407
1 4589
1 4644
1 4687
1 4710
1 4727
1 5014
1 5024
1 5060
1 5068
1 5077
1 5082
1 5110
1 5112
1 5130
1 5137
1 5156
1 5166
1 5406
1 5449
1 5513
1 5526
1 5568
1 5572
