3 1
2 2
4 3
6 4
9 5
5 6
3 7
4 8
8 9
3 10
2 11
3 12
2 13
3 14
5 15
6 16
6 17
5 18
6 19
5 20
3 21
2 23
5 24
3 25
7 26
6 27
3 28
5 29
8 30
5 31
7 32
10 33
8 34
5 35
4 36
4 37
9 38
6 39
3 40
6 41
4 42
9 43
5 44
4 45
7 46
8 47
5 48
2 49
5 50
4 51
5 52
5 53
11 54
6 55
5 56
2 57
4 58
10 59
1 60
2 61
6 62
7 63
7 64
5 65
6 66
8 67
6 68
9 69
9 70
7 71
6 72
6 73
5 74
5 75
8 76
11 77
6 78
6 79
11 80
3 81
5 82
6 83
9 84
6 85
6 86
6 87
4 88
5 89
10 90
6 91
9 92
12 93
12 94
9 95
13 96
10 97
6 98
12 99
9 100
9 101
9 102
7 103
6 104
11 105
8 106
4 107
7 108
10 109
11 110
12 111
12 112
15 113
27 114
16 115
11 116
19 117
18 118
14 119
13 120
16 121
7 122
7 123
9 124
5 125
14 126
10 127
8 128
9 129
12 130
9 131
8 132
11 133
16 134
10 135
8 136
11 137
14 138
16 139
12 140
15 141
8 142
8 143
18 144
13 145
16 146
15 147
24 148
12 149
16 150
19 151
12 152
15 153
22 154
17 155
15 156
13 157
12 158
12 159
10 160
5 161
6 162
9 163
7 164
8 165
6 166
10 167
10 168
9 169
15 170
15 171
8 172
11 173
16 174
12 175
17 176
6 177
9 178
11 179
8 180
18 181
18 182
20 183
16 184
21 185
19 186
20 187
21 188
24 189
21 190
21 191
13 192
20 193
14 194
20 195
16 196
17 197
16 198
14 199
16 200
22 201
20 202
28 203
28 204
37 205
40 206
41 207
41 208
46 209
38 210
63 211
52 212
68 213
60 214
59 215
74 216
75 217
69 218
70 219
69 220
82 221
89 222
96 223
114 224
134 225
136 226
169 227
186 228
215 229
253 230
275 231
278 232
323 233
275 234
281 235
228 236
236 237
188 238
173 239
143 240
112 241
106 242
79 243
71 244
53 245
55 246
56 247
67 248
67 249
81 250
94 251
116 252
124 253
123 254
123 255
124 256
120 257
118 258
84 259
87 260
79 261
62 262
54 263
31 264
32 265
28 266
41 267
45 268
31 269
26 270
27 271
30 272
31 273
26 274
17 275
20 276
23 277
22 278
18 279
26 280
21 281
12 282
20 283
21 284
18 285
22 286
18 287
18 288
15 289
29 290
19 291
16 292
27 293
18 294
18 295
18 296
26 297
34 298
23 299
38 300
28 301
20 302
34 303
27 304
35 305
33 306
39 307
42 308
36 309
49 310
56 311
47 312
50 313
50 314
50 315
59 316
61 317
55 318
57 319
62 320
54 321
47 322
56 323
52 324
53 325
60 326
48 327
56 328
74 329
51 330
62 331
77 332
62 333
56 334
66 335
79 336
63 337
62 338
55 339
71 340
58 341
62 342
57 343
52 344
48 345
55 346
58 347
57 348
59 349
45 350
50 351
65 352
50 353
78 354
77 355
80 356
106 357
104 358
137 359
169 360
197 361
211 362
281 363
296 364
339 365
343 366
358 367
366 368
378 369
326 370
299 371
330 372
296 373
264 374
228 375
179 376
146 377
134 378
106 379
111 380
111 381
68 382
73 383
66 384
73 385
43 386
36 387
40 388
28 389
30 390
34 391
41 392
29 393
26 394
15 395
20 396
23 397
18 398
26 399
24 400
31 401
31 402
32 403
28 404
33 405
34 406
42 407
47 408
40 409
49 410
52 411
62 412
73 413
68 414
79 415
79 416
69 417
91 418
85 419
113 420
101 421
103 422
123 423
144 424
117 425
147 426
161 427
144 428
151 429
153 430
175 431
162 432
143 433
145 434
194 435
157 436
133 437
113 438
130 439
110 440
95 441
83 442
88 443
76 444
73 445
60 446
60 447
40 448
30 449
36 450
29 451
27 452
33 453
14 454
22 455
13 456
11 457
15 458
17 459
9 460
4 461
9 462
9 463
14 464
11 465
12 466
12 467
13 468
12 469
16 470
19 471
9 472
8 473
11 474
14 475
21 476
10 477
14 478
16 479
17 480
19 481
15 482
12 483
10 484
20 485
11 486
18 487
13 488
17 489
17 490
13 491
7 492
11 493
9 494
7 495
14 496
16 497
18 498
20 499
13 500
18 501
10 502
16 503
22 504
15 505
20 506
36 507
24 508
27 509
31 510
48 511
40 512
40 513
42 514
49 515
48 516
49 517
48 518
52 519
71 520
68 521
88 522
78 523
83 524
88 525
99 526
108 527
122 528
134 529
125 530
140 531
152 532
158 533
179 534
168 535
164 536
183 537
173 538
154 539
174 540
156 541
140 542
127 543
116 544
109 545
110 546
70 547
72 548
50 549
59 550
37 551
41 552
26 553
34 554
24 555
22 556
18 557
24 558
23 559
15 560
16 561
19 562
18 563
14 564
16 565
23 566
19 567
22 568
14 569
24 570
24 571
13 572
15 573
16 574
16 575
19 576
17 577
24 578
18 579
21 580
20 581
20 582
10 583
13 584
28 585
22 586
9 587
26 588
24 589
34 590
19 591
16 592
22 593
22 594
23 595
21 596
16 597
17 598
13 599
13 600
9 601
13 602
17 603
9 604
13 605
10 606
8 607
12 608
1 609
11 610
14 611
12 612
5 613
9 614
11 615
7 616
5 617
11 618
8 619
7 620
8 621
6 622
4 623
8 624
9 625
10 626
7 627
9 628
11 629
13 630
13 631
8 632
10 633
7 634
7 635
9 636
14 637
10 638
9 639
10 640
10 641
19 642
13 643
10 644
9 645
11 646
21 647
15 648
10 649
10 650
17 651
18 652
21 653
18 654
18 655
24 656
19 657
24 658
23 659
29 660
18 661
16 662
25 663
20 664
14 665
17 666
24 667
24 668
35 669
17 670
18 671
29 672
15 673
19 674
15 675
19 676
19 677
21 678
13 679
11 680
11 681
13 682
13 683
13 684
9 685
10 686
7 687
10 688
6 689
10 690
11 691
10 692
10 693
12 694
18 695
13 696
12 697
10 698
8 699
11 700
12 701
12 702
6 703
12 704
11 705
7 706
7 707
15 708
7 709
8 710
6 711
10 712
9 713
6 714
7 715
6 716
9 717
5 718
11 719
6 720
13 721
6 722
12 723
6 724
10 725
9 726
9 727
13 728
9 729
15 730
14 731
16 732
16 733
18 734
13 735
16 736
19 737
17 738
18 739
21 740
26 741
21 742
33 743
30 744
29 745
28 746
25 747
31 748
30 749
39 750
40 751
34 752
37 753
38 754
36 755
34 756
32 757
37 758
29 759
44 760
26 761
32 762
27 763
24 764
18 765
27 766
13 767
14 768
23 769
11 770
10 771
7 772
11 773
6 774
5 775
13 776
8 777
7 778
10 779
10 780
9 781
5 782
6 783
8 784
10 785
7 786
8 787
6 788
9 789
5 790
11 791
5 792
9 793
7 794
15 795
6 796
9 797
9 798
9 799
9 800
6 801
11 802
5 803
6 804
3 805
7 806
10 807
8 808
8 809
14 810
6 811
14 812
11 813
10 814
12 815
4 816
12 817
14 818
11 819
13 820
11 821
16 822
16 823
25 824
30 825
11 826
24 827
25 828
28 829
27 830
30 831
26 832
42 833
28 834
26 835
29 836
27 837
28 838
33 839
28 840
40 841
27 842
29 843
28 844
36 845
24 846
22 847
21 848
19 849
18 850
17 851
28 852
17 853
21 854
18 855
15 856
6 857
11 858
22 859
10 860
19 861
7 862
16 863
14 864
10 865
10 866
5 867
13 868
18 869
7 870
11 871
11 872
20 873
11 874
13 875
12 876
8 877
10 878
9 879
4 880
5 881
9 882
7 883
10 884
6 885
5 886
6 887
7 888
10 889
3 890
7 891
6 892
8 893
7 894
6 895
7 896
6 897
5 898
13 899
7 900
4 901
8 902
12 903
11 904
7 905
3 906
4 907
11 908
5 909
4 910
8 911
6 912
6 913
12 914
6 915
6 916
12 917
12 918
5 919
8 920
11 921
5 922
8 923
10 924
7 925
3 926
10 927
12 928
9 929
16 930
12 931
12 932
11 933
11 934
13 935
13 936
7 937
11 938
6 939
10 940
8 941
17 942
14 943
6 944
10 945
13 946
15 947
10 948
13 949
14 950
19 951
20 952
20 953
11 954
15 955
15 956
18 957
18 958
23 959
22 960
15 961
14 962
18 963
14 964
14 965
12 966
9 967
14 968
12 969
8 970
8 971
10 972
10 973
9 974
11 975
11 976
13 977
11 978
11 979
13 980
9 981
11 982
2 983
11 984
5 985
16 986
12 987
11 988
11 989
18 990
16 991
9 992
14 993
10 994
15 995
9 996
12 997
13 998
14 999
15 1000
13 1001
8 1002
9 1003
16 1004
17 1005
14 1006
9 1007
14 1008
12 1009
21 1010
19 1011
14 1012
26 1013
20 1014
35 1015
18 1016
15 1017
23 1018
30 1019
35 1020
24 1021
31 1022
35 1023
20 1024
34 1025
23 1026
22 1027
23 1028
28 1029
34 1030
24 1031
30 1032
20 1033
28 1034
37 1035
31 1036
28 1037
41 1038
28 1039
39 1040
28 1041
43 1042
24 1043
45 1044
40 1045
43 1046
45 1047
55 1048
42 1049
52 1050
41 1051
61 1052
52 1053
65 1054
60 1055
55 1056
44 1057
56 1058
51 1059
66 1060
57 1061
59 1062
54 1063
44 1064
74 1065
41 1066
56 1067
44 1068
54 1069
55 1070
57 1071
53 1072
62 1073
60 1074
49 1075
71 1076
75 1077
73 1078
71 1079
82 1080
74 1081
79 1082
102 1083
110 1084
137 1085
118 1086
130 1087
114 1088
141 1089
150 1090
183 1091
156 1092
157 1093
192 1094
188 1095
189 1096
204 1097
194 1098
173 1099
196 1100
185 1101
188 1102
153 1103
167 1104
175 1105
158 1106
145 1107
137 1108
126 1109
139 1110
113 1111
92 1112
87 1113
76 1114
60 1115
62 1116
49 1117
45 1118
44 1119
33 1120
37 1121
35 1122
32 1123
14 1124
12 1125
19 1126
14 1127
14 1128
16 1129
12 1130
14 1131
10 1132
10 1133
9 1134
6 1135
8 1136
5 1137
7 1138
4 1139
5 1140
6 1141
11 1142
9 1143
8 1144
7 1145
10 1146
6 1147
4 1148
14 1149
8 1150
13 1151
7 1152
7 1153
9 1154
7 1155
10 1156
10 1157
9 1158
11 1159
6 1160
7 1161
10 1162
12 1163
14 1164
9 1165
12 1166
7 1167
20 1168
13 1169
17 1170
5 1171
26 1172
17 1173
14 1174
12 1175
24 1176
16 1177
20 1178
19 1179
22 1180
21 1181
11 1182
25 1183
17 1184
21 1185
24 1186
26 1187
33 1188
30 1189
22 1190
18 1191
20 1192
28 1193
19 1194
13 1195
18 1196
21 1197
15 1198
12 1199
11 1200
11 1201
14 1202
10 1203
8 1204
5 1205
12 1206
11 1207
6 1208
7 1209
3 1210
10 1211
6 1212
3 1213
5 1214
5 1215
3 1216
4 1217
4 1218
6 1219
5 1220
3 1221
1 1222
1 1223
3 1224
4 1226
6 1228
4 1229
2 1230
2 1231
2 1232
3 1233
3 1234
3 1235
3 1236
2 1237
2 1238
2 1239
1 1240
3 1241
4 1242
4 1243
4 1244
5 1245
4 1246
2 1247
3 1248
4 1249
3 1250
6 1251
2 1252
6 1253
5 1254
1 1255
3 1256
4 1257
3 1258
7 1259
4 1260
6 1261
2 1262
4 1263
7 1264
4 1265
2 1266
2 1267
2 1268
2 1269
7 1270
2 1271
6 1272
12 1273
2 1274
8 1275
3 1276
8 1277
5 1278
1 1279
4 1280
3 1281
8 1282
4 1283
11 1284
2 1285
3 1286
10 1287
6 1288
4 1289
2 1290
2 1291
6 1292
4 1293
10 1294
4 1295
8 1296
3 1297
3 1298
1 1299
5 1300
2 1301
5 1303
3 1304
4 1305
4 1306
2 1307
3 1308
1 1310
3 1311
3 1312
1 1313
2 1314
1 1315
3 1316
2 1317
1 1319
1 1320
2 1321
3 1322
1 1323
2 1324
1 1325
1 1326
2 1327
3 1328
2 1331
1 1332
2 1333
1 1335
1 1339
1 1341
4 1343
1 1344
1 1345
2 1346
2 1347
2 1348
3 1350
4 1351
2 1352
3 1353
2 1354
1 1356
2 1358
1 1359
2 1360
6 1361
1 1362
2 1363
7 1364
2 1365
1 1366
4 1367
2 1368
2 1369
2 1370
2 1371
1 1372
1 1373
4 1374
3 1375
1 1377
3 1380
3 1381
1 1382
9 1383
2 1384
3 1385
2 1387
3 1388
2 1389
4 1390
4 1391
4 1392
4 1393
1 1394
3 1395
8 1396
4 1397
3 1398
6 1399
5 1400
6 1401
4 1402
1 1403
3 1404
6 1405
2 1406
5 1407
2 1408
3 1409
5 1410
2 1411
4 1412
2 1413
1 1414
4 1416
2 1417
2 1418
2 1419
1 1420
3 1421
1 1422
1 1423
5 1424
2 1425
3 1426
3 1427
3 1428
3 1429
5 1430
2 1431
2 1432
1 1433
6 1434
4 1437
1 1438
1 1439
1 1440
2 1441
5 1442
1 1443
2 1444
3 1445
1 1446
3 1447
5 1448
6 1449
2 1450
5 1451
5 1452
2 1454
2 1455
3 1456
3 1457
3 1458
2 1459
3 1460
3 1461
1 1462
3 1464
1 1466
3 1468
2 1469
1 1470
1 1471
3 1473
2 1474
2 1476
4 1477
1 1478
1 1479
3 1480
1 1481
4 1482
3 1483
5 1484
3 1485
2 1486
2 1487
3 1488
1 1489
3 1490
1 1492
2 1493
1 1494
1 1495
1 1496
2 1498
2 1499
3 1500
1 1501
1 1502
3 1503
3 1504
1 1505
3 1506
1 1507
1 1508
3 1510
2 1511
1 1512
1 1513
5 1514
1 1517
2 1518
4 1519
4 1520
1 1521
3 1522
4 1523
1 1524
3 1525
1 1526
2 1528
5 1529
5 1530
4 1531
4 1534
1 1535
1 1536
2 1537
2 1538
4 1539
2 1540
3 1541
3 1542
1 1543
3 1544
2 1545
2 1546
1 1547
1 1548
3 1549
1 1550
1 1551
4 1552
5 1553
2 1554
3 1555
4 1556
3 1557
2 1558
5 1559
7 1560
2 1561
2 1562
3 1563
3 1564
2 1565
1 1566
6 1567
3 1568
4 1569
5 1570
2 1571
7 1572
2 1573
3 1574
2 1575
4 1576
4 1577
3 1578
3 1579
2 1580
3 1581
2 1582
6 1583
7 1584
5 1585
8 1586
5 1587
5 1588
4 1589
5 1590
4 1591
4 1592
6 1593
4 1594
1 1595
2 1596
13 1597
8 1598
4 1599
7 1600
9 1601
7 1602
11 1603
3 1604
3 1605
8 1606
6 1607
5 1608
8 1609
10 1610
12 1611
2 1612
3 1613
10 1614
5 1615
2 1616
6 1617
7 1618
6 1619
10 1620
4 1621
8 1622
16 1623
7 1624
10 1625
10 1626
10 1627
14 1628
11 1629
8 1630
15 1631
12 1632
9 1633
17 1634
16 1635
9 1636
15 1637
16 1638
9 1639
12 1640
18 1641
11 1642
13 1643
10 1644
13 1645
10 1646
11 1647
12 1648
20 1649
8 1650
12 1651
17 1652
7 1653
9 1654
11 1655
18 1656
5 1657
13 1658
3 1659
7 1660
8 1661
9 1662
7 1663
13 1664
8 1665
17 1666
7 1667
9 1668
10 1669
12 1670
4 1671
7 1672
15 1673
9 1674
9 1675
10 1676
6 1677
13 1678
10 1679
14 1680
15 1681
10 1682
17 1683
5 1684
18 1685
11 1686
13 1687
20 1688
23 1689
13 1690
12 1691
19 1692
21 1693
24 1694
18 1695
18 1696
28 1697
27 1698
20 1699
32 1700
32 1701
23 1702
28 1703
39 1704
42 1705
37 1706
42 1707
36 1708
41 1709
47 1710
40 1711
41 1712
48 1713
47 1714
51 1715
45 1716
74 1717
49 1718
72 1719
57 1720
47 1721
58 1722
71 1723
78 1724
81 1725
61 1726
77 1727
59 1728
68 1729
85 1730
77 1731
81 1732
65 1733
52 1734
73 1735
60 1736
76 1737
63 1738
66 1739
63 1740
61 1741
53 1742
41 1743
53 1744
40 1745
57 1746
42 1747
42 1748
42 1749
45 1750
34 1751
33 1752
33 1753
29 1754
26 1755
35 1756
31 1757
26 1758
25 1759
21 1760
26 1761
24 1762
21 1763
25 1764
30 1765
14 1766
18 1767
17 1768
12 1769
18 1770
20 1771
17 1772
18 1773
11 1774
17 1775
18 1776
15 1777
17 1778
16 1779
14 1780
9 1781
12 1782
17 1783
10 1784
6 1785
15 1786
12 1787
7 1788
10 1789
9 1790
8 1791
6 1792
10 1793
10 1794
3 1795
5 1796
6 1797
4 1798
11 1799
5 1800
6 1801
6 1802
6 1803
6 1804
3 1805
5 1806
7 1807
4 1808
2 1809
3 1810
6 1811
4 1812
7 1813
5 1814
12 1815
8 1816
11 1817
6 1818
4 1819
5 1820
4 1821
4 1822
7 1823
4 1824
6 1825
5 1826
8 1827
8 1828
5 1829
6 1830
6 1831
7 1832
8 1833
4 1834
3 1835
3 1836
5 1837
3 1838
5 1839
6 1840
5 1841
6 1842
10 1843
7 1844
10 1845
8 1846
8 1847
7 1848
7 1849
7 1850
7 1851
3 1852
3 1853
5 1854
8 1855
6 1856
6 1857
6 1858
6 1859
3 1860
6 1861
6 1862
10 1863
5 1864
6 1865
4 1866
10 1867
6 1868
4 1869
6 1870
13 1871
8 1872
7 1873
3 1874
6 1875
4 1876
8 1877
6 1878
9 1879
12 1880
8 1881
10 1882
5 1883
11 1884
10 1885
7 1886
4 1887
13 1888
11 1889
12 1890
11 1891
16 1892
9 1893
10 1894
19 1895
14 1896
18 1897
14 1898
19 1899
28 1900
23 1901
19 1902
17 1903
20 1904
27 1905
25 1906
33 1907
24 1908
31 1909
25 1910
35 1911
41 1912
33 1913
40 1914
32 1915
48 1916
41 1917
37 1918
44 1919
49 1920
39 1921
46 1922
49 1923
35 1924
56 1925
44 1926
37 1927
39 1928
39 1929
36 1930
37 1931
42 1932
31 1933
31 1934
24 1935
30 1936
19 1937
19 1938
35 1939
25 1940
23 1941
13 1942
16 1943
22 1944
15 1945
22 1946
9 1947
9 1948
4 1949
10 1950
8 1951
3 1952
9 1953
7 1954
6 1955
3 1956
6 1957
4 1958
2 1959
5 1960
1 1961
2 1962
3 1963
2 1965
2 1966
3 1968
2 1969
1 1970
2 1971
1 1973
3 1976
2 1977
1 1978
2 1979
1 1980
2 1981
3 1982
1 1983
1 1985
1 1992
2 1999
1 2004
1 2005
1 2012
1 2014
1 2018
1 2020
1 2047
1 2055
1 2067
1 2071
1 2074
2 2078
1 2079
1 2083
1 2091
1 2095
1 2103
1 2110
1 2113
2 2140
1 2151
1 2152
1 2158
1 2160
1 2163
1 2168
1 2176
1 2179
1 2180
1 2190
1 2197
1 2200
1 2204
1 2211
1 2228
1 2229
1 2231
1 2237
1 2238
1 2248
1 2250
1 2261
1 2267
1 2270
2 2271
2 2274
1 2280
1 2287
1 2309
1 2314
1 2316
1 2330
1 2334
1 2335
1 2336
1 2341
1 2344
1 2349
1 2350
2 2352
1 2356
1 2360
1 2370
1 2372
1 2373
1 2375
1 2380
1 2381
1 2390
1 2394
1 2396
1 2409
1 2418
1 2420
1 2435
1 2448
1 2452
1 2462
1 2476
1 2504
1 2506
1 2514
1 2519
2 2520
1 2542
1 2550
1 2553
1 2554
1 2559
1 2569
1 2572
1 2574
1 2578
1 2588
1 2589
1 2594
1 2599
2 2600
1 2601
1 2602
1 2603
2 2604
1 2605
1 2610
1 2611
1 2612
1 2615
1 2616
3 2618
1 2619
3 2620
1 2621
1 2622
1 2623
3 2624
1 2627
2 2628
2 2629
1 2631
1 2632
1 2633
1 2634
3 2635
2 2637
1 2638
1 2639
1 2640
2 2643
1 2644
2 2645
2 2646
1 2648
2 2649
1 2652
1 2653
1 2656
2 2658
1 2662
1 2663
1 2664
1 2669
2 2672
1 2677
1 2686
1 2689
1 2703
1 2714
1 2732
1 2789
1 2806
1 2826
1 2838
1 2846
1 2858
1 2874
1 2880
2 2881
2 2897
1 2909
1 2914
1 2920
2 2921
1 2928
1 2931
1 2934
1 2937
1 2944
1 2947
3 2948
1 2949
1 2961
1 2962
1 2971
1 2974
1 2983
1 2988
1 2991
1 2994
1 3006
1 3054
1 3102
1 3138
1 3200
1 3254
1 3301
1 3321
1 3325
1 3347
1 3420
1 3593
1 3696
1 3742
1 3931
1 4523
1 4550
