2 1
2 2
1 3
3 4
4 5
2 6
4 7
2 8
2 9
1 11
2 12
6 13
3 14
2 15
2 16
6 17
1 18
4 19
3 20
3 21
2 22
1 23
3 25
1 26
1 28
1 29
1 31
1 32
2 34
2 35
2 37
2 38
5 39
1 40
2 42
1 43
1 44
2 45
3 47
3 48
2 49
2 50
3 51
4 52
2 53
3 54
3 55
3 56
4 57
6 58
6 59
3 60
1 62
3 63
1 64
3 65
4 68
2 69
1 70
2 71
5 72
2 73
4 74
6 75
4 76
2 78
2 79
4 80
1 81
2 82
4 83
3 84
2 85
3 86
1 87
4 89
4 90
3 91
2 92
6 93
5 94
6 95
2 96
4 97
3 98
3 99
1 100
1 101
5 102
7 103
3 104
2 105
2 106
4 107
3 108
1 109
2 110
3 111
5 112
8 113
3 114
7 115
7 116
2 117
3 118
4 119
5 120
5 121
5 122
2 123
1 124
5 125
3 126
5 127
5 128
2 129
4 130
2 131
1 132
2 133
3 134
3 135
3 136
4 137
9 138
2 139
2 140
2 141
4 142
1 144
3 145
2 146
3 147
1 148
4 149
5 150
10 151
2 152
3 153
5 154
5 155
6 156
4 157
8 158
6 159
7 160
11 161
10 162
5 163
8 164
9 165
10 166
13 167
14 168
13 169
13 170
11 171
8 172
23 173
19 174
17 175
26 176
13 177
20 178
23 179
18 180
12 181
14 182
15 183
18 184
11 185
10 186
5 187
12 188
8 189
11 190
1 191
9 192
6 193
7 194
13 195
9 196
9 197
7 198
5 199
11 200
5 201
10 202
4 203
10 204
7 205
8 206
4 207
6 208
7 209
11 210
12 211
16 212
11 213
13 214
4 215
12 216
17 217
10 218
21 219
15 220
22 221
18 222
22 223
30 224
33 225
24 226
29 227
41 228
32 229
40 230
45 231
30 232
26 233
17 234
21 235
16 236
13 237
16 238
19 239
18 240
19 241
19 242
9 243
14 244
17 245
16 246
23 247
14 248
15 249
14 250
19 251
17 252
28 253
21 254
21 255
24 256
29 257
17 258
24 259
22 260
26 261
18 262
23 263
16 264
19 265
29 266
24 267
30 268
24 269
32 270
22 271
34 272
46 273
49 274
53 275
70 276
86 277
85 278
92 279
109 280
101 281
109 282
114 283
130 284
130 285
152 286
129 287
128 288
107 289
148 290
126 291
107 292
121 293
80 294
94 295
75 296
54 297
56 298
63 299
50 300
41 301
45 302
40 303
33 304
29 305
32 306
34 307
44 308
47 309
47 310
46 311
66 312
60 313
57 314
66 315
78 316
67 317
66 318
76 319
92 320
82 321
92 322
81 323
80 324
83 325
69 326
64 327
72 328
58 329
54 330
73 331
59 332
79 333
72 334
74 335
72 336
107 337
109 338
123 339
126 340
141 341
161 342
162 343
169 344
173 345
174 346
183 347
169 348
185 349
162 350
132 351
159 352
134 353
102 354
114 355
119 356
91 357
80 358
103 359
90 360
74 361
83 362
70 363
67 364
72 365
73 366
75 367
70 368
59 369
55 370
56 371
53 372
45 373
51 374
65 375
63 376
54 377
70 378
72 379
63 380
63 381
79 382
79 383
72 384
65 385
68 386
66 387
71 388
75 389
67 390
59 391
48 392
48 393
48 394
49 395
29 396
36 397
39 398
30 399
21 400
21 401
26 402
26 403
21 404
22 405
32 406
23 407
27 408
30 409
24 410
35 411
35 412
35 413
42 414
51 415
49 416
55 417
62 418
72 419
77 420
89 421
90 422
73 423
97 424
98 425
110 426
100 427
97 428
76 429
70 430
62 431
69 432
62 433
66 434
52 435
62 436
56 437
36 438
42 439
40 440
35 441
36 442
52 443
35 444
25 445
34 446
29 447
26 448
22 449
21 450
20 451
11 452
16 453
18 454
17 455
14 456
13 457
13 458
16 459
15 460
5 461
9 462
15 463
14 464
11 465
15 466
21 467
16 468
11 469
12 470
20 471
29 472
11 473
17 474
19 475
21 476
27 477
28 478
26 479
21 480
25 481
20 482
21 483
18 484
16 485
19 486
13 487
20 488
17 489
19 490
21 491
11 492
16 493
20 494
13 495
15 496
14 497
18 498
23 499
23 500
24 501
23 502
14 503
28 504
16 505
33 506
29 507
25 508
31 509
31 510
35 511
42 512
36 513
36 514
41 515
43 516
37 517
38 518
41 519
39 520
34 521
53 522
33 523
27 524
30 525
47 526
23 527
34 528
31 529
31 530
17 531
26 532
14 533
21 534
17 535
16 536
10 537
18 538
14 539
17 540
13 541
8 542
13 543
9 544
3 545
12 546
13 547
5 548
11 549
9 550
9 551
4 552
10 553
3 554
9 555
7 556
3 557
3 558
2 559
7 560
5 561
5 562
4 563
4 564
7 565
6 566
5 567
8 568
7 569
6 570
5 571
6 572
12 573
6 574
6 575
6 576
8 577
5 578
2 579
7 580
9 581
5 582
6 583
6 584
12 585
10 586
10 587
5 588
9 589
6 590
7 591
9 592
10 593
6 594
8 595
8 596
5 597
9 598
5 599
5 600
2 601
9 602
7 603
6 604
10 605
4 606
7 607
11 608
12 609
8 610
10 611
6 612
10 613
9 614
5 615
10 616
21 617
6 618
26 619
22 620
12 621
14 622
10 623
21 624
10 625
13 626
14 627
13 628
8 629
14 630
14 631
9 632
12 633
10 634
6 635
5 636
7 637
4 638
5 639
3 640
6 641
4 642
7 643
2 644
3 645
4 646
5 647
4 648
7 649
3 650
1 651
8 652
1 653
7 654
5 655
3 656
4 657
5 658
3 659
2 660
4 661
2 662
2 663
2 664
4 665
2 666
5 667
4 668
2 669
4 670
5 671
2 673
4 674
3 675
1 676
2 678
6 679
3 680
7 681
4 682
4 683
3 684
3 685
8 686
2 687
3 688
1 689
9 690
5 691
5 692
7 693
2 694
1 695
4 696
4 697
2 698
5 699
3 700
7 701
5 702
3 703
2 704
2 705
3 706
5 707
6 708
5 709
2 710
3 711
9 712
2 713
5 714
6 715
5 716
5 717
8 718
5 719
6 720
4 721
5 722
5 723
10 724
5 725
1 726
7 727
3 728
5 729
4 730
8 731
4 732
8 733
9 734
5 735
8 736
7 737
10 738
8 739
5 740
7 741
4 742
8 743
11 744
8 745
2 746
5 747
5 748
2 749
7 750
9 751
10 752
6 753
8 754
7 755
5 756
9 757
6 758
9 759
3 760
9 761
10 762
6 763
5 764
7 765
5 766
5 767
5 768
11 769
11 770
4 771
6 772
4 773
11 774
6 775
12 776
8 777
7 778
13 779
7 780
11 781
6 782
7 783
12 784
12 785
12 786
18 787
13 788
12 789
16 790
12 791
13 792
19 793
15 794
10 795
13 796
13 797
13 798
13 799
14 800
9 801
14 802
8 803
9 804
11 805
14 806
14 807
12 808
3 809
8 810
5 811
9 812
3 813
5 814
6 815
3 816
5 817
4 818
3 819
6 820
2 821
2 822
6 823
7 824
4 825
6 826
3 827
6 828
5 829
5 830
7 831
2 832
7 833
6 834
2 835
3 836
2 837
2 838
2 839
4 840
1 841
4 842
1 843
7 844
3 845
3 846
3 847
4 848
5 849
2 850
3 851
7 852
1 853
4 854
4 855
5 856
1 857
9 858
4 859
4 860
8 861
1 862
6 863
8 864
1 865
3 866
6 867
8 868
17 869
7 870
7 871
6 872
3 873
7 874
9 875
8 876
3 877
6 878
7 879
13 880
6 881
8 882
7 883
8 884
11 885
7 886
12 887
6 888
12 889
16 890
14 891
7 892
9 893
7 894
12 895
11 896
10 897
12 898
10 899
6 900
6 901
10 902
10 903
10 904
8 905
6 906
13 907
4 908
7 909
6 910
8 911
11 912
10 913
15 914
15 915
13 916
13 917
13 918
11 919
8 920
6 921
16 922
12 923
12 924
18 925
10 926
14 927
13 928
11 929
10 930
14 931
15 932
14 933
20 934
23 935
18 936
22 937
17 938
20 939
19 940
21 941
29 942
17 943
24 944
26 945
18 946
17 947
14 948
22 949
14 950
16 951
24 952
20 953
18 954
24 955
19 956
18 957
18 958
14 959
16 960
4 961
18 962
10 963
13 964
4 965
10 966
5 967
10 968
4 969
13 970
8 971
5 972
7 973
9 974
5 975
3 976
6 977
4 978
2 979
5 980
8 981
5 982
5 983
8 984
3 985
4 986
4 987
9 988
6 989
7 990
6 991
2 992
4 993
5 994
8 995
10 996
3 997
6 998
5 999
9 1000
4 1001
7 1002
6 1003
11 1004
9 1005
4 1006
7 1007
6 1008
5 1009
19 1010
7 1011
6 1012
9 1013
4 1014
7 1015
10 1016
6 1017
8 1018
6 1019
11 1020
15 1021
9 1022
13 1023
13 1024
9 1025
11 1026
18 1027
15 1028
11 1029
9 1030
11 1031
13 1032
12 1033
13 1034
8 1035
12 1036
19 1037
14 1038
10 1039
14 1040
14 1041
22 1042
10 1043
8 1044
11 1045
12 1046
16 1047
13 1048
10 1049
15 1050
14 1051
15 1052
13 1053
8 1054
10 1055
18 1056
24 1057
15 1058
13 1059
18 1060
16 1061
23 1062
26 1063
19 1064
20 1065
23 1066
20 1067
20 1068
19 1069
27 1070
22 1071
20 1072
21 1073
21 1074
19 1075
21 1076
26 1077
22 1078
27 1079
16 1080
25 1081
18 1082
20 1083
33 1084
19 1085
18 1086
26 1087
28 1088
26 1089
18 1090
18 1091
16 1092
24 1093
15 1094
20 1095
22 1096
22 1097
14 1098
19 1099
14 1100
18 1101
19 1102
17 1103
21 1104
21 1105
20 1106
22 1107
12 1108
18 1109
22 1110
23 1111
15 1112
17 1113
28 1114
19 1115
16 1116
17 1117
19 1118
21 1119
14 1120
25 1121
17 1122
22 1123
30 1124
28 1125
19 1126
22 1127
20 1128
15 1129
23 1130
30 1131
23 1132
25 1133
22 1134
26 1135
26 1136
29 1137
34 1138
32 1139
28 1140
26 1141
22 1142
27 1143
33 1144
36 1145
41 1146
38 1147
27 1148
30 1149
31 1150
30 1151
33 1152
32 1153
43 1154
40 1155
33 1156
29 1157
40 1158
45 1159
32 1160
39 1161
39 1162
41 1163
49 1164
58 1165
53 1166
47 1167
60 1168
46 1169
53 1170
67 1171
65 1172
77 1173
62 1174
72 1175
72 1176
83 1177
87 1178
100 1179
86 1180
112 1181
98 1182
123 1183
101 1184
124 1185
117 1186
149 1187
137 1188
168 1189
185 1190
153 1191
200 1192
158 1193
194 1194
183 1195
200 1196
187 1197
200 1198
189 1199
189 1200
189 1201
197 1202
191 1203
180 1204
193 1205
174 1206
189 1207
154 1208
132 1209
140 1210
149 1211
116 1212
102 1213
96 1214
89 1215
88 1216
89 1217
69 1218
66 1219
62 1220
53 1221
62 1222
38 1223
40 1224
32 1225
27 1226
26 1227
32 1228
24 1229
28 1230
22 1231
19 1232
25 1233
33 1234
20 1235
17 1236
19 1237
16 1238
10 1239
12 1240
22 1241
12 1242
19 1243
16 1244
25 1245
15 1246
16 1247
9 1248
14 1249
21 1250
15 1251
18 1252
15 1253
22 1254
33 1255
19 1256
26 1257
20 1258
21 1259
34 1260
28 1261
24 1262
21 1263
21 1264
27 1265
24 1266
34 1267
23 1268
24 1269
23 1270
26 1271
21 1272
37 1273
19 1274
33 1275
26 1276
20 1277
29 1278
29 1279
28 1280
29 1281
32 1282
23 1283
33 1284
26 1285
29 1286
23 1287
33 1288
16 1289
37 1290
24 1291
24 1292
22 1293
22 1294
32 1295
21 1296
24 1297
19 1298
25 1299
24 1300
24 1301
15 1302
20 1303
13 1304
13 1305
11 1306
17 1307
17 1308
7 1309
10 1310
7 1311
13 1312
8 1313
4 1314
6 1315
10 1316
3 1317
8 1318
6 1319
4 1320
7 1321
1 1322
2 1323
6 1324
4 1325
6 1326
3 1327
5 1328
2 1330
1 1331
1 1332
3 1333
2 1334
4 1335
3 1336
1 1337
6 1338
2 1339
3 1340
1 1341
4 1342
3 1343
2 1344
2 1345
2 1346
2 1347
1 1348
2 1349
2 1350
1 1351
3 1352
2 1353
1 1355
2 1356
1 1357
3 1359
2 1360
1 1361
1 1362
1 1363
6 1364
1 1365
2 1366
4 1369
1 1370
1 1371
1 1372
2 1373
1 1374
4 1375
2 1376
4 1378
2 1379
5 1380
1 1381
1 1382
2 1383
2 1384
2 1385
2 1386
1 1387
1 1388
3 1389
3 1390
2 1391
5 1392
3 1393
2 1394
1 1395
6 1396
2 1397
5 1398
7 1399
6 1400
2 1401
6 1403
5 1404
3 1406
4 1407
7 1408
2 1409
2 1410
1 1411
8 1412
5 1413
2 1414
3 1415
6 1416
2 1417
3 1418
3 1419
7 1420
1 1421
7 1422
5 1423
4 1424
4 1425
4 1426
12 1427
5 1428
4 1429
6 1430
4 1431
2 1432
3 1433
3 1434
4 1435
10 1436
5 1437
7 1438
12 1439
9 1440
10 1441
1 1442
8 1443
4 1444
4 1445
4 1446
4 1447
4 1448
9 1449
7 1450
14 1451
10 1452
5 1453
7 1454
8 1455
8 1456
18 1457
6 1458
9 1459
9 1460
15 1461
13 1462
14 1463
7 1464
11 1465
20 1466
16 1467
10 1468
16 1469
9 1470
13 1471
20 1472
16 1473
17 1474
10 1475
16 1476
15 1477
14 1478
16 1479
10 1480
9 1481
9 1482
13 1483
11 1484
11 1485
17 1486
12 1487
5 1488
5 1489
9 1490
8 1491
9 1492
10 1493
8 1494
6 1495
9 1496
8 1497
4 1498
3 1499
2 1500
5 1501
3 1502
3 1503
6 1504
2 1505
4 1506
3 1507
1 1508
2 1509
3 1510
1 1511
1 1512
6 1513
1 1514
5 1516
7 1517
4 1518
6 1519
2 1520
4 1521
7 1522
1 1523
3 1524
3 1525
3 1526
7 1527
3 1528
3 1529
4 1530
2 1531
2 1532
2 1533
5 1534
4 1535
1 1536
4 1537
4 1538
3 1539
3 1540
6 1541
4 1542
4 1543
4 1544
4 1545
6 1546
5 1547
2 1548
3 1549
2 1550
1 1551
4 1552
7 1553
2 1554
6 1555
6 1556
2 1557
6 1558
5 1559
5 1560
4 1561
7 1562
7 1563
9 1564
10 1565
4 1566
11 1567
4 1568
7 1569
7 1570
4 1571
7 1572
3 1573
8 1574
3 1575
5 1576
11 1577
3 1578
5 1579
3 1580
12 1581
2 1582
8 1583
4 1584
8 1585
7 1586
7 1587
4 1588
7 1589
9 1590
8 1591
5 1592
7 1593
6 1594
11 1595
4 1596
5 1597
4 1598
2 1599
6 1600
5 1601
9 1602
3 1603
7 1604
5 1605
5 1606
3 1607
4 1608
6 1609
2 1610
9 1611
4 1612
2 1613
2 1615
8 1616
4 1617
3 1618
5 1619
2 1620
7 1621
10 1622
3 1623
10 1624
2 1625
4 1626
6 1627
3 1628
6 1629
6 1630
5 1631
6 1632
2 1633
6 1634
3 1635
8 1636
8 1637
5 1638
6 1639
5 1640
12 1641
6 1642
11 1643
6 1644
9 1645
9 1646
11 1647
8 1648
6 1649
8 1650
11 1651
8 1652
7 1653
11 1654
13 1655
16 1656
13 1657
13 1658
11 1659
11 1660
15 1661
16 1662
16 1663
20 1664
17 1665
18 1666
16 1667
19 1668
23 1669
25 1670
21 1671
29 1672
21 1673
28 1674
15 1675
22 1676
20 1677
28 1678
19 1679
28 1680
29 1681
38 1682
26 1683
30 1684
34 1685
24 1686
33 1687
25 1688
32 1689
32 1690
28 1691
35 1692
40 1693
25 1694
34 1695
38 1696
46 1697
31 1698
41 1699
32 1700
19 1701
37 1702
36 1703
19 1704
28 1705
33 1706
35 1707
43 1708
31 1709
37 1710
40 1711
36 1712
47 1713
32 1714
33 1715
41 1716
38 1717
44 1718
37 1719
41 1720
35 1721
31 1722
27 1723
32 1724
41 1725
29 1726
25 1727
35 1728
36 1729
29 1730
35 1731
31 1732
30 1733
36 1734
29 1735
23 1736
27 1737
27 1738
21 1739
25 1740
24 1741
20 1742
20 1743
26 1744
21 1745
16 1746
21 1747
16 1748
12 1749
18 1750
12 1751
14 1752
9 1753
15 1754
15 1755
11 1756
16 1757
5 1758
9 1759
12 1760
5 1761
16 1762
18 1763
9 1764
8 1765
8 1766
10 1767
7 1768
8 1769
12 1770
11 1771
4 1772
11 1773
8 1774
8 1775
15 1776
11 1777
7 1778
9 1779
5 1780
7 1781
8 1782
9 1783
2 1784
5 1785
13 1786
11 1787
8 1788
9 1789
7 1790
9 1791
6 1792
5 1793
6 1794
10 1795
7 1796
5 1797
14 1798
8 1799
3 1800
6 1801
8 1802
12 1803
9 1804
10 1805
4 1806
11 1807
9 1808
9 1809
7 1810
14 1811
6 1812
5 1813
6 1814
9 1815
4 1816
10 1817
7 1818
9 1819
5 1820
9 1821
5 1822
5 1823
7 1824
9 1825
6 1826
8 1827
11 1828
5 1829
4 1830
3 1831
2 1832
3 1833
9 1834
3 1835
1 1836
5 1837
3 1838
1 1839
7 1840
4 1841
5 1842
3 1843
1 1844
2 1845
1 1846
3 1847
3 1848
4 1849
1 1850
1 1852
3 1853
1 1854
2 1855
2 1856
2 1857
2 1859
2 1861
5 1862
5 1864
3 1866
1 1867
1 1868
3 1869
3 1870
4 1871
2 1872
1 1874
1 1875
6 1876
3 1877
3 1878
1 1879
2 1880
3 1881
1 1882
3 1883
3 1885
4 1886
7 1887
2 1888
2 1890
1 1892
3 1893
2 1894
2 1895
6 1896
4 1897
3 1898
2 1899
5 1900
1 1901
1 1903
1 1904
3 1905
5 1906
2 1907
3 1908
3 1909
2 1910
4 1911
2 1912
1 1913
1 1914
4 1915
3 1916
3 1917
5 1918
2 1919
2 1921
4 1922
3 1923
6 1924
2 1925
2 1926
5 1927
3 1928
4 1929
2 1930
1 1931
2 1932
2 1934
6 1935
4 1936
1 1937
3 1938
2 1939
2 1940
4 1941
2 1942
2 1943
1 1944
4 1945
2 1946
3 1947
1 1949
2 1950
1 1952
4 1953
1 1955
1 1956
1 1961
1 1962
4 1963
1 1967
1 1969
1 1970
3 1976
1 1978
1 1989
1 1992
2 1993
1 1997
1 1999
2 2000
1 2006
1 2012
1 2017
1 2018
2 2021
1 2022
1 2023
2 2031
1 2032
1 2034
2 2035
1 2036
2 2037
1 2038
1 2039
2 2043
1 2044
2 2047
1 2048
2 2051
1 2053
1 2054
1 2055
2 2059
4 2065
2 2066
1 2067
2 2069
1 2072
2 2073
1 2076
2 2077
2 2081
1 2082
2 2083
1 2085
1 2086
2 2088
2 2090
1 2091
1 2092
2 2094
2 2099
2 2101
1 2103
1 2109
1 2111
1 2115
2 2118
1 2119
3 2121
1 2122
2 2123
1 2126
1 2127
2 2131
1 2136
1 2137
1 2139
1 2140
2 2141
1 2144
1 2146
1 2148
1 2152
2 2155
1 2156
1 2158
1 2162
1 2163
2 2166
1 2169
2 2171
1 2172
2 2173
1 2174
1 2178
1 2185
1 2187
1 2191
1 2195
2 2196
1 2197
1 2199
1 2203
1 2204
1 2205
1 2211
3 2213
1 2214
2 2216
1 2217
1 2218
1 2222
2 2225
1 2228
1 2230
1 2232
1 2235
1 2237
1 2238
2 2240
1 2241
1 2242
2 2243
1 2244
1 2251
1 2260
1 2270
1 2282
1 2283
1 2288
1 2294
1 2308
1 2317
2 2327
1 2329
1 2336
1 2345
1 2347
1 2354
1 2357
2 2363
1 2368
1 2369
1 2372
1 2378
1 2417
1 2430
1 2433
1 2445
1 2459
1 2460
1 2475
1 2477
1 2478
1 2482
1 2484
1 2485
1 2488
1 2501
1 2504
1 2520
1 2563
1 2582
1 2603
1 2654
1 2670
1 2707
1 2723
1 2769
2 2770
1 2776
1 2786
1 2787
1 2788
1 2805
1 2817
1 2824
1 2830
1 2831
2 2832
2 2835
1 2851
1 2864
1 2871
1 2874
1 2878
1 2880
1 2887
1 2889
1 2890
1 2894
1 2905
1 2909
1 2918
1 2924
1 2943
1 2947
1 2957
1 2959
1 2965
1 2976
1 2981
1 2989
2 2997
1 3000
1 3009
2 3016
1 3021
1 3027
1 3034
1 3041
1 3042
1 3044
1 3053
1 3067
1 3075
1 3081
1 3083
1 3093
1 3097
1 3099
1 3104
1 3107
1 3115
1 3121
1 3129
1 3155
1 3170
1 3176
1 3182
1 3219
1 3220
1 3243
1 3273
1 3274
1 3286
1 3324
1 3387
1 3419
1 3421
1 3459
1 3504
2 3518
1 3523
1 3549
1 3605
1 3620
1 3732
1 3783
1 3848
1 4378
1 5090
