1 3
1 4
1 5
1 7
1 8
2 12
1 13
1 14
2 15
1 24
1 25
1 29
1 32
2 34
2 36
2 37
1 38
1 39
1 40
1 41
1 44
3 45
1 46
2 48
1 49
3 50
2 51
3 53
2 54
1 56
1 57
2 58
3 59
1 60
1 63
2 64
2 66
3 67
2 70
2 71
1 72
1 74
2 75
1 76
1 77
1 78
2 79
1 80
3 81
2 82
2 83
2 84
1 85
2 86
1 87
2 88
1 90
1 91
3 92
1 93
1 94
1 95
2 97
3 98
2 99
2 100
2 102
2 103
2 104
2 105
3 107
5 109
1 110
1 111
3 113
1 114
2 116
3 117
2 118
1 119
1 120
1 121
1 122
3 123
4 124
3 125
3 126
2 127
4 128
3 129
3 130
3 131
2 132
1 133
2 134
2 136
2 140
2 142
4 143
3 144
3 145
3 146
2 148
2 149
5 150
6 151
5 152
7 153
2 155
4 156
1 157
1 158
2 160
2 161
1 162
1 163
2 164
2 165
4 166
1 167
2 168
2 169
2 170
1 171
1 172
1 173
4 174
4 175
3 176
3 177
1 179
2 180
4 181
2 182
2 183
1 184
3 185
1 186
4 187
1 188
1 189
2 190
3 192
2 193
1 194
2 195
6 196
3 197
3 198
1 199
1 200
1 201
2 203
6 204
2 205
4 207
1 208
2 209
1 210
4 211
1 212
3 213
2 214
5 215
2 216
4 217
2 219
1 220
2 221
3 222
3 223
2 224
2 225
2 226
5 227
4 228
7 229
8 230
8 231
10 232
12 233
10 234
19 235
14 236
11 237
17 238
26 239
18 240
16 241
13 242
12 243
10 244
11 245
3 246
5 247
7 248
4 249
3 250
5 251
6 252
3 253
4 254
6 255
8 256
6 257
6 258
5 259
5 260
10 261
7 262
11 263
13 264
14 265
15 266
10 267
11 268
3 269
6 270
8 271
8 272
10 273
6 274
5 275
2 276
4 277
3 278
3 279
2 280
3 281
1 282
2 283
3 284
3 285
3 286
1 287
3 288
2 289
1 290
1 291
4 292
8 293
3 294
5 295
6 296
3 297
4 298
8 299
11 300
9 301
6 302
7 303
2 304
2 306
2 307
3 308
2 309
2 310
1 311
1 313
4 314
3 315
2 316
4 317
6 318
1 319
3 320
2 323
7 324
4 325
2 326
3 327
2 328
7 329
6 330
2 331
3 332
6 333
6 334
3 335
5 336
3 337
7 339
2 340
3 341
5 342
3 343
4 344
7 345
5 346
1 347
6 348
2 349
7 350
5 351
2 352
8 353
7 354
3 355
9 356
4 357
3 358
5 359
4 360
7 361
12 362
11 363
13 364
9 365
12 366
8 367
11 368
9 369
4 370
11 371
11 372
9 373
9 374
13 375
12 376
6 377
8 378
12 379
7 380
12 381
5 382
12 383
8 384
8 385
11 386
10 387
6 388
6 389
5 390
6 391
3 392
3 393
4 394
4 395
7 396
5 397
8 398
1 399
4 400
11 401
6 402
4 403
7 404
9 405
3 406
9 407
12 408
14 409
11 410
13 411
12 412
20 413
18 414
15 415
28 416
25 417
21 418
31 419
27 420
30 421
39 422
24 423
41 424
42 425
31 426
42 427
36 428
26 429
24 430
25 431
23 432
15 433
19 434
12 435
12 436
10 437
15 438
10 439
6 440
8 441
12 442
7 443
5 444
6 445
4 446
4 447
2 448
4 449
4 450
3 451
1 452
6 453
12 455
3 456
6 457
6 458
3 459
1 460
5 461
5 462
8 463
3 464
4 465
1 466
6 467
2 468
2 469
7 470
3 471
6 472
6 473
2 474
2 475
6 476
6 477
4 478
10 479
8 480
12 481
5 482
1 483
4 484
2 485
12 486
8 487
7 488
8 489
6 490
3 491
8 492
3 493
9 494
2 495
6 496
3 497
6 498
7 499
4 500
5 501
9 502
3 503
5 504
11 505
4 506
8 507
3 508
11 509
8 510
8 511
9 512
15 513
10 514
10 515
16 516
18 517
22 518
23 519
23 520
30 521
34 522
32 523
26 524
34 525
43 526
44 527
53 528
50 529
39 530
47 531
44 532
53 533
54 534
48 535
49 536
41 537
34 538
40 539
30 540
22 541
26 542
20 543
13 544
18 545
8 546
9 547
11 548
13 549
3 550
3 551
8 552
8 553
5 554
3 555
2 556
3 557
3 558
3 559
3 560
2 561
5 562
5 563
6 564
5 565
4 566
3 567
5 568
5 569
6 570
2 571
1 572
2 573
9 574
10 575
4 576
4 577
4 578
4 579
4 580
8 581
3 582
3 583
4 584
2 585
7 587
5 588
6 589
7 590
6 591
3 592
4 593
5 594
3 595
6 596
4 597
1 598
4 599
7 600
5 601
7 602
8 603
5 604
6 605
6 606
4 607
4 608
4 609
8 610
6 611
8 612
7 613
4 614
4 615
3 616
10 617
6 618
6 619
4 620
4 621
4 622
8 623
9 624
5 625
8 626
2 627
7 628
4 629
11 630
5 631
11 632
18 633
8 634
12 635
9 636
8 637
9 638
3 639
14 640
9 641
11 642
8 643
4 644
6 645
15 646
8 647
11 648
16 649
9 650
16 651
16 652
14 653
22 654
18 655
20 656
18 657
29 658
18 659
27 660
13 661
22 662
24 663
20 664
18 665
16 666
21 667
29 668
32 669
22 670
24 671
20 672
28 673
26 674
27 675
30 676
25 677
29 678
22 679
24 680
26 681
31 682
40 683
34 684
32 685
34 686
43 687
38 688
38 689
34 690
33 691
34 692
35 693
31 694
26 695
24 696
19 697
24 698
18 699
23 700
20 701
12 702
12 703
12 704
12 705
12 706
10 707
10 708
9 709
9 710
8 711
6 712
8 713
9 714
3 715
4 716
6 717
8 718
8 719
8 720
8 721
11 722
4 723
4 724
8 725
8 726
6 727
11 728
10 729
9 730
8 731
8 732
11 733
11 734
13 735
14 736
8 737
11 738
11 739
15 740
4 741
6 742
19 743
10 744
9 745
18 746
11 747
10 748
14 749
14 750
5 751
9 752
12 753
11 754
12 755
14 756
22 757
14 758
11 759
13 760
16 761
16 762
15 763
18 764
19 765
15 766
19 767
10 768
14 769
20 770
27 771
14 772
17 773
11 774
16 775
25 776
21 777
22 778
35 779
26 780
41 781
30 782
29 783
39 784
56 785
56 786
52 787
57 788
41 789
74 790
69 791
90 792
90 793
94 794
78 795
88 796
93 797
104 798
103 799
98 800
94 801
87 802
91 803
105 804
67 805
84 806
69 807
80 808
54 809
40 810
56 811
40 812
57 813
40 814
31 815
31 816
41 817
27 818
33 819
41 820
33 821
31 822
22 823
40 824
31 825
37 826
31 827
39 828
30 829
36 830
36 831
44 832
44 833
42 834
32 835
33 836
25 837
34 838
28 839
38 840
35 841
33 842
25 843
28 844
27 845
42 846
41 847
30 848
44 849
27 850
37 851
48 852
48 853
42 854
57 855
60 856
67 857
55 858
66 859
61 860
70 861
65 862
88 863
86 864
92 865
82 866
95 867
110 868
121 869
125 870
113 871
109 872
132 873
129 874
124 875
116 876
128 877
106 878
112 879
123 880
117 881
117 882
113 883
101 884
103 885
98 886
95 887
106 888
118 889
94 890
78 891
91 892
89 893
81 894
81 895
85 896
67 897
62 898
62 899
55 900
51 901
50 902
42 903
41 904
49 905
38 906
37 907
23 908
23 909
21 910
15 911
12 912
15 913
15 914
12 915
13 916
7 917
7 918
3 919
6 920
5 921
9 922
6 923
8 924
1 925
2 926
6 927
5 928
5 929
4 930
4 931
5 932
3 933
8 934
5 935
2 936
4 937
2 938
6 939
1 940
2 941
4 942
3 943
2 944
3 945
3 946
3 948
2 949
2 951
3 956
1 958
1 959
1 960
2 961
3 963
2 964
2 965
2 966
2 967
2 968
3 969
2 970
2 971
1 972
1 973
2 974
3 975
2 976
1 977
2 979
1 980
1 981
1 982
4 983
5 984
1 985
6 986
2 987
2 988
3 989
3 990
4 991
1 993
4 994
4 995
3 996
1 997
2 998
2 999
2 1000
1 1002
2 1003
1 1004
2 1005
2 1006
1 1007
1 1009
3 1010
2 1011
4 1013
1 1017
1 1018
2 1019
1 1020
2 1021
1 1022
1 1023
1 1025
1 1028
2 1029
3 1030
4 1031
2 1032
4 1033
2 1034
2 1035
1 1036
1 1038
2 1039
2 1040
4 1041
3 1043
5 1044
1 1045
2 1046
1 1047
2 1048
1 1049
1 1050
3 1051
3 1052
3 1053
3 1054
3 1055
2 1056
8 1057
5 1058
1 1059
2 1060
2 1062
4 1063
3 1064
3 1065
5 1066
1 1067
5 1068
4 1069
2 1070
1 1071
3 1072
2 1073
1 1074
1 1075
3 1076
3 1077
1 1078
2 1080
1 1081
3 1082
4 1083
1 1084
2 1085
2 1086
1 1087
2 1089
5 1090
3 1092
2 1093
10 1094
3 1095
1 1096
1 1097
1 1098
3 1099
4 1101
1 1102
5 1103
4 1104
2 1105
6 1106
4 1107
2 1108
9 1109
3 1110
3 1111
3 1112
6 1113
2 1114
4 1115
4 1116
4 1117
3 1118
4 1119
6 1120
7 1121
3 1122
4 1123
2 1124
1 1125
8 1126
2 1127
6 1128
6 1129
3 1130
5 1131
4 1132
2 1133
6 1134
9 1135
2 1136
9 1137
5 1138
7 1139
7 1140
6 1141
9 1142
2 1143
7 1144
9 1145
5 1146
8 1147
6 1148
10 1149
2 1150
7 1151
2 1152
6 1153
4 1154
3 1155
4 1156
3 1157
11 1158
1 1159
2 1160
5 1161
10 1162
9 1163
3 1164
5 1165
2 1166
6 1167
11 1168
6 1169
7 1170
8 1171
2 1172
7 1173
6 1174
4 1175
9 1176
10 1177
5 1178
13 1179
9 1180
13 1181
5 1182
9 1183
13 1184
15 1185
9 1186
8 1187
11 1188
8 1189
8 1190
6 1191
10 1192
7 1193
12 1194
16 1195
12 1196
7 1197
8 1198
4 1199
13 1200
12 1201
22 1202
11 1203
8 1204
11 1205
18 1206
8 1207
13 1208
13 1209
22 1210
19 1211
20 1212
17 1213
21 1214
12 1215
20 1216
28 1217
21 1218
30 1219
27 1220
18 1221
27 1222
35 1223
33 1224
34 1225
40 1226
48 1227
36 1228
29 1229
53 1230
43 1231
33 1232
56 1233
49 1234
55 1235
50 1236
61 1237
51 1238
50 1239
64 1240
51 1241
65 1242
51 1243
43 1244
52 1245
47 1246
47 1247
40 1248
48 1249
39 1250
38 1251
31 1252
41 1253
38 1254
24 1255
40 1256
36 1257
18 1258
29 1259
21 1260
24 1261
27 1262
34 1263
19 1264
23 1265
25 1266
24 1267
19 1268
29 1269
16 1270
25 1271
21 1272
15 1273
20 1274
18 1275
25 1276
20 1277
19 1278
30 1279
27 1280
24 1281
34 1282
30 1283
31 1284
19 1285
29 1286
33 1287
16 1288
26 1289
25 1290
23 1291
24 1292
11 1293
23 1294
26 1295
27 1296
20 1297
20 1298
17 1299
21 1300
10 1301
14 1302
13 1303
8 1304
13 1305
8 1306
17 1307
9 1308
12 1309
11 1310
11 1311
12 1312
6 1313
9 1314
12 1315
6 1316
7 1317
10 1318
9 1319
12 1320
6 1321
13 1322
12 1323
9 1324
7 1325
17 1326
9 1327
14 1328
13 1329
16 1330
16 1331
9 1332
22 1333
15 1334
14 1335
11 1336
19 1337
16 1338
18 1339
18 1340
29 1341
27 1342
18 1343
17 1344
35 1345
22 1346
25 1347
19 1348
20 1349
25 1350
33 1351
35 1352
35 1353
39 1354
29 1355
27 1356
32 1357
37 1358
47 1359
34 1360
43 1361
40 1362
35 1363
34 1364
37 1365
39 1366
33 1367
39 1368
34 1369
34 1370
30 1371
34 1372
24 1373
23 1374
18 1375
15 1376
15 1377
23 1378
12 1379
14 1380
22 1381
23 1382
13 1383
19 1384
13 1385
11 1386
14 1387
14 1388
14 1389
15 1390
16 1391
9 1392
9 1393
11 1394
9 1395
9 1396
13 1397
15 1398
7 1399
13 1400
8 1401
11 1402
8 1403
13 1404
7 1405
14 1406
12 1407
20 1408
8 1409
14 1410
15 1411
16 1412
16 1413
12 1414
11 1415
17 1416
21 1417
15 1418
23 1419
17 1420
15 1421
7 1422
18 1423
25 1424
20 1425
13 1426
19 1427
20 1428
17 1429
16 1430
18 1431
25 1432
26 1433
26 1434
21 1435
24 1436
17 1437
19 1438
20 1439
22 1440
15 1441
17 1442
28 1443
28 1444
22 1445
21 1446
14 1447
18 1448
24 1449
21 1450
15 1451
15 1452
17 1453
17 1454
21 1455
18 1456
15 1457
18 1458
13 1459
23 1460
16 1461
19 1462
15 1463
21 1464
17 1465
14 1466
15 1467
19 1468
13 1469
18 1470
19 1471
22 1472
21 1473
15 1474
22 1475
16 1476
25 1477
27 1478
19 1479
28 1480
22 1481
21 1482
31 1483
23 1484
18 1485
23 1486
32 1487
26 1488
19 1489
22 1490
18 1491
22 1492
23 1493
30 1494
18 1495
15 1496
24 1497
13 1498
20 1499
16 1500
13 1501
13 1502
16 1503
18 1504
10 1505
9 1506
16 1507
15 1508
13 1509
9 1510
11 1511
9 1512
11 1513
7 1514
13 1515
7 1516
5 1517
3 1518
8 1519
10 1520
5 1521
4 1522
7 1523
4 1524
2 1525
7 1526
4 1527
3 1528
4 1529
3 1530
3 1531
1 1532
2 1533
4 1534
5 1535
3 1536
3 1539
3 1540
3 1541
2 1542
4 1543
3 1544
1 1545
2 1546
1 1547
3 1548
3 1549
3 1550
2 1551
1 1552
5 1553
3 1554
3 1555
3 1556
5 1557
3 1558
3 1559
5 1560
3 1561
2 1562
5 1563
5 1564
1 1565
5 1566
1 1567
1 1568
2 1569
6 1570
2 1571
3 1572
6 1573
3 1574
2 1575
8 1576
3 1577
6 1578
5 1579
2 1580
6 1581
2 1582
2 1583
10 1584
4 1585
3 1586
6 1587
6 1588
5 1589
6 1590
2 1591
5 1592
2 1593
2 1594
6 1595
2 1596
4 1597
9 1598
5 1599
3 1600
2 1601
3 1602
9 1603
8 1604
5 1605
2 1606
7 1607
4 1608
5 1609
5 1610
2 1611
6 1612
4 1613
7 1614
6 1615
6 1616
4 1617
2 1618
4 1619
1 1620
4 1621
7 1622
2 1623
1 1624
6 1625
3 1626
6 1627
1 1628
4 1629
6 1630
3 1631
1 1632
1 1634
3 1635
4 1636
2 1637
4 1638
1 1639
2 1640
1 1641
2 1642
2 1644
3 1645
1 1646
2 1647
1 1648
1 1649
2 1650
1 1651
1 1652
2 1654
1 1655
1 1656
1 1657
3 1658
1 1659
1 1661
7 1662
1 1664
2 1665
2 1666
2 1667
2 1668
2 1669
2 1670
2 1672
1 1673
3 1674
4 1675
2 1678
4 1679
1 1680
1 1681
4 1682
4 1683
5 1684
3 1685
2 1686
3 1687
6 1688
6 1689
3 1690
5 1691
1 1692
4 1694
4 1695
3 1696
1 1697
2 1698
8 1699
2 1700
8 1701
6 1702
4 1703
5 1704
8 1705
4 1706
8 1707
6 1708
4 1709
6 1710
9 1711
5 1712
5 1713
3 1714
4 1715
8 1716
6 1717
3 1718
3 1719
1 1720
4 1721
3 1722
6 1723
5 1724
4 1725
5 1726
2 1727
8 1728
5 1729
2 1730
6 1731
6 1732
5 1733
1 1734
4 1735
8 1736
4 1737
2 1738
2 1739
1 1740
4 1741
4 1742
4 1743
2 1744
3 1746
2 1748
2 1749
2 1751
2 1752
1 1754
1 1755
1 1756
4 1758
1 1759
3 1760
3 1761
1 1763
1 1768
2 1769
1 1770
1 1773
1 1777
2 1779
2 1782
1 1783
3 1785
2 1786
1 1788
1 1789
1 1792
1 1794
2 1795
2 1800
1 1801
2 1802
1 1803
4 1804
2 1805
1 1806
1 1807
1 1810
1 1812
1 1813
4 1816
1 1817
2 1818
1 1820
1 1822
4 1824
2 1825
1 1827
1 1828
2 1830
2 1831
1 1832
1 1833
1 1834
2 1835
2 1837
3 1838
2 1839
2 1842
1 1845
3 1846
3 1847
3 1848
2 1849
4 1850
2 1852
1 1853
3 1854
1 1856
1 1857
2 1858
4 1859
2 1860
3 1861
3 1862
1 1863
2 1864
2 1865
1 1866
6 1867
2 1868
2 1869
1 1870
3 1871
6 1872
1 1873
5 1874
2 1875
2 1876
1 1877
3 1878
7 1879
4 1880
4 1881
1 1882
5 1883
3 1884
6 1885
5 1886
2 1887
3 1888
2 1889
3 1890
1 1891
6 1892
2 1893
1 1894
4 1895
2 1896
5 1897
2 1898
4 1899
2 1901
1 1902
4 1903
6 1904
5 1905
2 1906
7 1907
1 1908
2 1910
3 1911
2 1912
6 1913
6 1914
3 1915
4 1916
1 1917
5 1918
2 1919
3 1920
1 1921
3 1922
4 1923
4 1924
2 1925
2 1926
3 1928
3 1929
4 1930
6 1931
4 1932
1 1933
2 1934
5 1935
1 1936
2 1937
4 1938
4 1939
1 1940
4 1941
1 1942
4 1943
2 1944
1 1945
1 1946
3 1947
4 1948
6 1949
5 1950
5 1951
7 1952
4 1953
5 1954
6 1955
7 1956
3 1957
3 1958
3 1959
8 1960
6 1961
11 1962
8 1963
4 1964
7 1965
3 1966
7 1967
3 1968
7 1969
10 1970
5 1971
3 1972
5 1973
11 1974
5 1975
10 1976
4 1977
5 1978
3 1979
5 1980
8 1981
15 1982
8 1983
11 1984
18 1985
17 1986
9 1987
5 1988
7 1989
6 1990
5 1991
15 1992
8 1993
15 1994
10 1995
8 1996
11 1997
6 1998
12 1999
6 2000
17 2001
10 2002
11 2003
14 2004
15 2005
10 2006
8 2007
9 2008
10 2009
16 2010
15 2011
10 2012
15 2013
11 2014
14 2015
12 2016
7 2017
7 2018
14 2019
9 2020
5 2021
5 2022
9 2023
11 2024
9 2025
5 2026
7 2027
6 2028
6 2029
6 2030
4 2031
7 2032
7 2033
4 2034
8 2035
3 2036
1 2037
5 2038
3 2039
4 2040
3 2041
6 2042
5 2043
5 2044
1 2045
7 2046
6 2047
4 2048
5 2049
5 2050
5 2051
3 2052
4 2053
8 2054
7 2055
5 2056
2 2057
2 2058
7 2059
7 2060
5 2061
8 2062
8 2063
6 2064
2 2065
4 2066
4 2067
5 2068
5 2069
7 2070
5 2071
4 2072
4 2073
6 2074
7 2075
6 2076
6 2077
4 2078
4 2079
2 2080
4 2081
8 2082
4 2083
6 2084
8 2085
10 2086
8 2087
3 2088
6 2089
12 2090
15 2091
9 2092
4 2093
7 2094
11 2095
6 2096
4 2097
9 2098
9 2099
10 2100
6 2101
6 2102
11 2103
15 2104
11 2105
14 2106
10 2107
17 2108
21 2109
15 2110
22 2111
21 2112
13 2113
12 2114
16 2115
18 2116
26 2117
22 2118
17 2119
23 2120
16 2121
22 2122
29 2123
28 2124
25 2125
29 2126
29 2127
38 2128
29 2129
31 2130
37 2131
38 2132
32 2133
35 2134
47 2135
28 2136
40 2137
36 2138
42 2139
35 2140
40 2141
36 2142
45 2143
46 2144
41 2145
37 2146
38 2147
40 2148
48 2149
39 2150
32 2151
53 2152
46 2153
31 2154
41 2155
34 2156
35 2157
45 2158
41 2159
26 2160
30 2161
34 2162
30 2163
18 2164
25 2165
30 2166
15 2167
23 2168
20 2169
20 2170
21 2171
18 2172
13 2173
10 2174
14 2175
10 2176
15 2177
10 2178
11 2179
11 2180
6 2181
9 2182
4 2183
13 2184
8 2185
7 2186
7 2187
5 2188
4 2189
1 2190
2 2191
4 2192
5 2193
3 2194
2 2195
5 2196
2 2197
1 2198
4 2200
2 2201
1 2202
3 2203
1 2204
2 2205
1 2206
1 2209
1 2212
1 2213
2 2214
1 2220
1 2222
1 2226
1 2228
1 2232
1 2236
1 2239
1 2244
1 2245
1 2248
1 2249
1 2257
1 2261
1 2266
1 2271
1 2275
1 2279
1 2281
1 2284
1 2285
1 2289
1 2297
1 2298
2 2304
1 2307
1 2310
1 2312
1 2313
2 2314
1 2318
1 2325
1 2332
1 2333
1 2334
1 2336
1 2347
1 2349
2 2361
1 2363
1 2364
1 2366
2 2378
1 2380
1 2383
1 2387
1 2389
1 2395
1 2396
1 2397
1 2401
1 2407
3 2417
1 2421
1 2423
1 2430
1 2436
1 2437
1 2442
1 2445
1 2448
1 2460
1 2461
1 2462
1 2464
1 2470
1 2473
1 2478
1 2488
1 2489
1 2490
1 2493
1 2501
1 2503
1 2513
1 2514
2 2523
2 2529
1 2543
1 2544
1 2548
1 2549
1 2551
1 2553
1 2560
2 2565
1 2568
1 2574
2 2578
2 2579
1 2580
1 2583
1 2584
1 2586
1 2587
1 2588
1 2591
1 2593
1 2598
1 2601
1 2602
1 2603
1 2611
1 2614
1 2615
1 2616
1 2622
1 2629
1 2632
1 2633
1 2638
1 2639
1 2640
1 2641
1 2645
2 2646
2 2650
1 2653
1 2659
1 2661
2 2663
1 2664
2 2665
2 2673
1 2683
1 2686
1 2692
2 2694
1 2697
1 2700
1 2709
1 2712
1 2716
2 2717
1 2719
2 2723
1 2727
1 2730
1 2735
2 2736
2 2737
1 2738
2 2743
2 2746
1 2747
1 2749
1 2751
1 2752
1 2754
1 2759
1 2763
3 2766
1 2768
1 2772
1 2781
1 2783
1 2785
2 2787
3 2788
2 2791
1 2792
2 2794
1 2797
1 2799
1 2800
1 2805
1 2813
2 2818
1 2819
1 2820
1 2824
1 2829
1 2831
1 2832
2 2873
1 2877
1 2883
2 2885
1 2886
1 2901
1 2910
1 2937
1 2967
1 2971
1 2986
1 3026
1 3037
1 3083
1 3094
1 3101
1 3114
1 3115
1 3136
1 3146
1 3168
1 3183
2 3207
1 3225
1 3236
1 3259
1 3262
1 3270
1 3285
1 3286
1 3294
1 3300
1 3305
1 3322
1 3325
1 3329
1 3337
1 3344
1 3345
1 3350
1 3364
1 3373
1 3380
1 3381
1 3382
2 3387
1 3399
1 3402
1 3403
1 3415
1 3420
1 3424
1 3456
1 3653
2 3677
1 3687
1 3691
1 3726
2 3758
2 3761
1 3804
1 3923
1 4002
1 4020
1 4094
1 4161
1 4197
1 4335
1 4340
1 4410
1 4434
1 4439
1 4482
1 4485
1 4555
