2 1
3 2
1 3
1 5
3 6
1 8
2 9
1 10
4 11
2 12
1 13
1 14
1 16
1 17
4 18
2 19
3 20
6 22
4 23
1 26
2 27
1 28
2 29
2 30
3 31
4 32
2 33
4 34
4 35
1 36
4 37
4 38
2 39
4 40
9 41
3 42
5 43
7 44
2 45
3 46
2 47
2 48
2 49
3 50
2 51
3 52
4 54
4 55
6 56
1 57
1 58
2 59
3 60
4 62
3 63
2 64
1 65
3 66
5 67
7 68
5 69
7 70
4 71
5 72
6 73
10 74
7 75
14 76
5 77
11 78
9 79
9 80
13 81
18 82
28 83
22 84
19 85
33 86
18 87
20 88
8 89
7 90
14 91
10 92
9 93
9 94
7 95
13 96
10 97
13 98
8 99
8 100
11 101
8 102
7 103
7 104
6 105
15 106
7 107
12 108
14 109
12 110
16 111
11 112
28 113
18 114
18 115
22 116
29 117
15 118
21 119
22 120
30 121
24 122
24 123
34 124
22 125
33 126
26 127
29 128
14 129
18 130
15 131
19 132
7 133
13 134
11 135
12 136
11 137
8 138
15 139
6 140
11 141
4 142
3 143
12 144
13 145
10 146
6 147
7 148
7 149
7 150
14 151
10 152
9 153
14 154
11 155
7 156
12 157
7 158
10 159
11 160
6 161
13 162
10 163
13 164
20 165
10 166
7 167
16 168
18 169
16 170
12 171
19 172
17 173
28 174
24 175
23 176
27 177
21 178
46 179
41 180
49 181
39 182
48 183
45 184
51 185
43 186
40 187
44 188
41 189
41 190
44 191
59 192
40 193
36 194
35 195
49 196
40 197
34 198
25 199
38 200
27 201
32 202
15 203
27 204
31 205
39 206
28 207
26 208
29 209
30 210
31 211
29 212
48 213
42 214
32 215
28 216
29 217
30 218
21 219
33 220
45 221
30 222
33 223
44 224
30 225
49 226
62 227
52 228
60 229
53 230
71 231
69 232
49 233
55 234
59 235
50 236
55 237
40 238
53 239
64 240
56 241
58 242
57 243
84 244
78 245
100 246
113 247
139 248
153 249
174 250
203 251
233 252
283 253
308 254
319 255
402 256
365 257
350 258
364 259
355 260
284 261
244 262
215 263
198 264
142 265
116 266
87 267
66 268
66 269
67 270
62 271
49 272
37 273
39 274
39 275
31 276
30 277
39 278
41 279
38 280
49 281
33 282
49 283
41 284
28 285
39 286
41 287
39 288
51 289
55 290
46 291
46 292
41 293
51 294
53 295
42 296
47 297
41 298
56 299
44 300
52 301
64 302
44 303
54 304
57 305
61 306
61 307
49 308
58 309
49 310
53 311
47 312
44 313
47 314
43 315
51 316
49 317
35 318
38 319
35 320
38 321
32 322
29 323
38 324
34 325
38 326
36 327
39 328
35 329
16 330
35 331
22 332
45 333
37 334
40 335
32 336
47 337
41 338
37 339
42 340
45 341
45 342
36 343
31 344
40 345
29 346
22 347
32 348
29 349
39 350
35 351
30 352
25 353
30 354
23 355
26 356
27 357
24 358
24 359
23 360
28 361
18 362
28 363
27 364
33 365
25 366
27 367
32 368
33 369
31 370
40 371
29 372
36 373
27 374
32 375
28 376
38 377
38 378
34 379
29 380
38 381
44 382
45 383
41 384
30 385
36 386
49 387
38 388
40 389
46 390
54 391
46 392
62 393
57 394
53 395
61 396
72 397
67 398
79 399
101 400
93 401
94 402
104 403
125 404
122 405
135 406
133 407
144 408
165 409
155 410
181 411
186 412
198 413
214 414
236 415
202 416
227 417
255 418
244 419
210 420
213 421
203 422
212 423
194 424
209 425
186 426
191 427
173 428
173 429
174 430
172 431
181 432
176 433
169 434
201 435
197 436
203 437
198 438
230 439
233 440
233 441
227 442
240 443
272 444
284 445
329 446
357 447
355 448
392 449
425 450
427 451
468 452
451 453
500 454
459 455
470 456
445 457
455 458
388 459
388 460
328 461
313 462
249 463
255 464
219 465
174 466
145 467
137 468
117 469
99 470
93 471
76 472
65 473
63 474
56 475
48 476
39 477
55 478
47 479
46 480
33 481
31 482
39 483
35 484
27 485
27 486
37 487
29 488
23 489
37 490
24 491
25 492
25 493
27 494
35 495
30 496
39 497
55 498
35 499
50 500
45 501
48 502
56 503
60 504
56 505
64 506
73 507
66 508
59 509
72 510
58 511
54 512
60 513
65 514
46 515
52 516
58 517
39 518
42 519
39 520
46 521
33 522
45 523
41 524
35 525
43 526
33 527
52 528
46 529
54 530
62 531
59 532
71 533
58 534
59 535
78 536
88 537
92 538
97 539
111 540
111 541
96 542
128 543
118 544
145 545
150 546
134 547
142 548
105 549
90 550
98 551
107 552
91 553
91 554
81 555
93 556
74 557
82 558
79 559
74 560
84 561
84 562
80 563
74 564
71 565
72 566
61 567
77 568
76 569
74 570
76 571
80 572
70 573
54 574
56 575
49 576
34 577
67 578
53 579
57 580
49 581
61 582
45 583
50 584
45 585
42 586
51 587
40 588
35 589
25 590
29 591
32 592
30 593
38 594
26 595
26 596
27 597
28 598
25 599
20 600
19 601
28 602
25 603
34 604
22 605
24 606
21 607
35 608
23 609
35 610
32 611
31 612
29 613
52 614
44 615
42 616
46 617
46 618
48 619
49 620
54 621
52 622
51 623
67 624
62 625
55 626
62 627
66 628
57 629
43 630
55 631
46 632
40 633
43 634
33 635
39 636
31 637
26 638
29 639
23 640
25 641
26 642
27 643
16 644
15 645
14 646
18 647
11 648
16 649
9 650
17 651
16 652
14 653
9 654
17 655
13 656
11 657
16 658
18 659
14 660
16 661
9 662
20 663
13 664
14 665
14 666
7 667
10 668
22 669
17 670
18 671
33 672
20 673
20 674
13 675
15 676
16 677
17 678
29 679
25 680
30 681
22 682
23 683
29 684
20 685
14 686
30 687
27 688
24 689
28 690
24 691
24 692
30 693
24 694
26 695
15 696
19 697
18 698
15 699
24 700
20 701
18 702
18 703
25 704
26 705
28 706
27 707
21 708
19 709
25 710
20 711
26 712
25 713
32 714
39 715
31 716
26 717
28 718
23 719
31 720
33 721
49 722
36 723
44 724
51 725
46 726
41 727
41 728
57 729
48 730
53 731
66 732
46 733
54 734
52 735
55 736
64 737
60 738
85 739
85 740
65 741
63 742
73 743
94 744
99 745
109 746
110 747
133 748
103 749
127 750
138 751
136 752
186 753
154 754
199 755
200 756
187 757
247 758
210 759
213 760
243 761
248 762
236 763
214 764
236 765
256 766
243 767
246 768
216 769
218 770
177 771
177 772
171 773
134 774
141 775
127 776
123 777
113 778
83 779
68 780
72 781
81 782
62 783
47 784
47 785
36 786
36 787
35 788
29 789
29 790
30 791
29 792
16 793
27 794
9 795
17 796
12 797
17 798
22 799
20 800
9 801
16 802
17 803
12 804
16 805
12 806
11 807
13 808
15 809
10 810
16 811
9 812
23 813
8 814
23 815
9 816
22 817
10 818
15 819
18 820
13 821
18 822
14 823
14 824
20 825
14 826
11 827
15 828
23 829
15 830
17 831
24 832
16 833
13 834
21 835
18 836
29 837
24 838
27 839
23 840
19 841
18 842
28 843
32 844
32 845
30 846
24 847
28 848
30 849
25 850
22 851
36 852
24 853
38 854
30 855
46 856
37 857
27 858
31 859
29 860
40 861
36 862
39 863
35 864
45 865
40 866
50 867
42 868
31 869
37 870
46 871
37 872
28 873
31 874
41 875
42 876
29 877
28 878
25 879
29 880
25 881
30 882
30 883
28 884
29 885
25 886
23 887
30 888
24 889
20 890
23 891
24 892
29 893
27 894
36 895
45 896
32 897
42 898
34 899
38 900
25 901
39 902
34 903
38 904
29 905
47 906
37 907
41 908
38 909
45 910
45 911
46 912
64 913
50 914
63 915
81 916
78 917
68 918
81 919
76 920
76 921
85 922
93 923
87 924
97 925
88 926
112 927
110 928
105 929
106 930
98 931
117 932
123 933
143 934
128 935
172 936
145 937
150 938
162 939
169 940
179 941
189 942
205 943
201 944
195 945
236 946
274 947
239 948
265 949
269 950
341 951
328 952
352 953
347 954
409 955
387 956
463 957
496 958
491 959
481 960
544 961
554 962
558 963
551 964
537 965
527 966
531 967
523 968
551 969
470 970
487 971
470 972
452 973
402 974
419 975
377 976
377 977
317 978
290 979
280 980
233 981
203 982
194 983
167 984
171 985
128 986
104 987
95 988
106 989
85 990
63 991
72 992
57 993
48 994
40 995
33 996
35 997
23 998
22 999
13 1000
21 1001
13 1002
14 1003
7 1004
15 1005
13 1006
7 1007
8 1008
5 1009
9 1010
3 1011
4 1012
4 1013
1 1014
3 1015
3 1016
2 1017
7 1018
3 1019
5 1020
3 1021
1 1022
4 1023
2 1024
5 1025
1 1026
1 1027
1 1028
6 1029
5 1030
2 1031
5 1032
2 1034
2 1035
2 1036
1 1039
1 1041
4 1042
1 1043
1 1044
4 1045
1 1047
3 1048
2 1049
1 1050
4 1051
1 1052
3 1053
1 1054
2 1055
1 1056
2 1057
2 1058
1 1059
4 1060
3 1061
1 1062
1 1065
1 1066
4 1067
2 1068
2 1069
2 1070
2 1072
2 1073
2 1076
3 1077
2 1078
1 1081
1 1082
1 1085
2 1087
1 1088
1 1091
1 1092
1 1093
2 1094
3 1095
2 1097
1 1099
2 1100
2 1101
2 1103
1 1104
4 1105
2 1106
1 1107
3 1108
2 1110
1 1111
2 1112
3 1113
2 1114
4 1115
2 1116
2 1117
5 1118
2 1119
3 1120
2 1121
3 1122
3 1123
2 1124
1 1125
3 1126
2 1128
4 1129
4 1130
2 1131
1 1132
5 1133
2 1134
4 1135
4 1137
4 1138
2 1139
2 1140
2 1141
9 1142
5 1143
6 1144
1 1145
2 1146
3 1147
3 1148
7 1149
2 1150
5 1151
6 1152
3 1153
3 1154
4 1155
3 1156
4 1157
6 1158
6 1159
1 1160
7 1161
7 1162
5 1163
8 1164
2 1165
2 1166
4 1167
2 1168
4 1169
7 1171
3 1172
3 1173
1 1174
1 1175
1 1176
4 1177
4 1178
2 1180
2 1181
1 1182
3 1183
5 1184
3 1185
3 1186
2 1187
2 1188
1 1189
4 1190
5 1191
1 1192
1 1194
4 1195
3 1196
2 1197
4 1198
2 1199
2 1201
3 1202
4 1203
1 1205
3 1208
2 1209
1 1210
1 1211
2 1212
3 1213
4 1214
2 1215
2 1218
4 1219
2 1220
4 1221
3 1222
5 1224
2 1225
1 1226
3 1227
1 1229
2 1230
6 1231
6 1232
3 1233
1 1234
5 1235
2 1236
2 1237
1 1238
5 1241
4 1242
1 1243
13 1244
1 1245
6 1246
3 1247
6 1248
4 1249
6 1250
3 1251
8 1252
3 1253
4 1254
9 1255
5 1256
3 1257
5 1258
5 1259
8 1260
5 1261
5 1262
4 1263
4 1264
2 1265
9 1266
7 1267
4 1268
6 1269
3 1270
5 1271
3 1272
4 1273
3 1274
5 1275
4 1276
6 1277
3 1278
4 1280
3 1281
4 1282
5 1283
4 1284
5 1285
4 1286
2 1287
3 1288
3 1289
2 1290
3 1291
4 1292
4 1293
3 1294
4 1295
1 1296
4 1297
2 1298
3 1299
4 1300
5 1301
4 1302
7 1303
2 1304
7 1305
4 1306
6 1307
7 1308
9 1309
4 1310
6 1311
3 1312
7 1313
8 1314
6 1315
8 1316
7 1317
8 1318
10 1319
5 1320
2 1321
5 1322
6 1323
4 1324
7 1325
6 1326
3 1327
3 1328
5 1329
3 1330
3 1331
3 1332
4 1333
4 1334
4 1335
1 1337
4 1338
1 1339
1 1341
2 1342
3 1343
2 1344
1 1345
2 1346
2 1347
3 1348
1 1349
1 1350
1 1353
1 1354
1 1356
1 1360
3 1361
1 1362
1 1363
2 1364
1 1365
1 1366
1 1367
1 1369
2 1371
1 1377
3 1380
2 1383
1 1385
2 1389
1 1391
2 1394
2 1396
1 1397
2 1398
1 1400
2 1402
1 1404
1 1405
1 1408
1 1409
1 1410
1 1412
2 1413
1 1416
4 1417
2 1419
1 1421
1 1422
1 1424
2 1425
2 1426
2 1427
1 1428
1 1430
1 1431
1 1433
1 1436
3 1437
2 1442
3 1443
1 1446
3 1451
3 1452
1 1453
1 1457
1 1458
1 1460
1 1461
2 1468
2 1470
1 1471
3 1472
3 1473
1 1475
1 1477
2 1478
1 1481
1 1483
2 1484
1 1485
1 1487
1 1490
1 1494
2 1495
2 1497
1 1498
1 1499
1 1500
1 1501
2 1503
1 1505
1 1509
5 1510
2 1512
1 1515
1 1518
1 1519
1 1521
1 1524
1 1525
1 1527
2 1528
2 1529
1 1530
3 1531
1 1533
1 1534
1 1535
2 1537
1 1539
1 1540
1 1543
1 1544
1 1547
1 1548
1 1549
1 1552
1 1557
4 1558
1 1561
1 1562
1 1563
1 1564
1 1565
1 1566
1 1567
1 1568
1 1569
2 1570
1 1571
1 1574
1 1576
1 1577
2 1580
1 1581
1 1582
1 1588
1 1591
2 1592
1 1597
1 1598
1 1599
1 1600
1 1606
1 1609
1 1610
2 1613
1 1614
1 1615
1 1617
1 1618
1 1619
1 1620
1 1622
1 1623
3 1624
1 1625
1 1628
2 1629
1 1631
1 1633
4 1634
1 1640
1 1641
1 1643
1 1644
2 1647
1 1648
1 1649
1 1650
2 1651
1 1652
2 1653
1 1654
1 1655
3 1657
1 1658
3 1659
1 1660
2 1661
1 1664
1 1670
2 1671
2 1674
1 1676
1 1677
3 1682
1 1683
2 1685
1 1687
3 1688
2 1691
1 1698
1 1700
1 1701
1 1703
1 1705
1 1711
2 1714
2 1715
1 1717
1 1719
1 1720
1 1722
2 1725
1 1726
1 1727
1 1731
1 1733
2 1734
2 1736
1 1740
2 1741
1 1742
2 1743
1 1744
1 1749
2 1750
1 1753
1 1758
1 1761
1 1763
1 1764
2 1767
1 1769
1 1773
1 1775
1 1777
1 1782
1 1787
1 1791
1 1792
3 1797
1 1798
1 1800
2 1803
2 1806
1 1809
1 1811
1 1814
1 1815
1 1818
2 1819
2 1823
1 1824
1 1828
2 1833
1 1836
1 1837
1 1838
1 1839
1 1841
2 1842
1 1844
2 1854
1 1857
1 1862
2 1865
1 1868
1 1869
1 1870
1 1871
1 1872
1 1873
3 1880
1 1883
1 1889
2 1890
1 1891
1 1894
1 1895
1 1898
1 1899
2 1901
1 1902
2 1904
1 1907
1 1908
1 1912
3 1914
2 1916
1 1917
1 1919
1 1923
1 1926
2 1927
1 1928
1 1929
2 1935
2 1936
2 1938
1 1945
1 1946
1 1947
1 1949
3 1951
1 1952
1 1953
4 1954
1 1956
1 1957
1 1963
1 1966
1 1968
2 1975
1 1976
1 1982
1 1983
1 1985
1 1990
1 1991
1 1997
3 1999
2 2000
2 2001
1 2003
1 2004
2 2006
2 2009
1 2010
2 2012
1 2016
1 2020
1 2026
2 2027
1 2033
1 2034
1 2036
1 2038
3 2040
3 2046
1 2050
1 2053
1 2054
2 2057
3 2058
1 2060
1 2063
1 2064
2 2065
2 2066
2 2070
1 2071
1 2072
1 2074
1 2076
1 2081
1 2083
1 2090
2 2091
1 2092
1 2093
1 2094
1 2096
1 2100
2 2103
1 2105
2 2110
1 2111
1 2113
2 2114
1 2115
2 2125
1 2126
2 2127
2 2128
1 2130
1 2131
1 2135
2 2138
1 2139
2 2140
1 2145
1 2150
2 2154
2 2156
2 2157
2 2158
1 2159
1 2161
1 2162
2 2164
1 2167
2 2173
3 2174
1 2177
1 2178
1 2179
2 2180
4 2181
2 2182
1 2183
1 2184
2 2185
2 2186
1 2188
2 2190
1 2191
1 2192
1 2193
2 2195
1 2196
3 2199
1 2202
1 2203
1 2204
1 2205
4 2206
1 2207
4 2208
2 2209
1 2210
4 2211
3 2212
1 2213
5 2215
2 2216
2 2217
1 2218
2 2219
2 2220
2 2221
2 2222
3 2223
1 2224
4 2225
2 2226
1 2227
7 2228
4 2229
3 2230
2 2231
3 2232
2 2233
4 2234
2 2235
2 2236
3 2237
2 2238
3 2239
1 2240
4 2241
5 2242
1 2243
5 2244
8 2245
4 2246
2 2247
4 2248
4 2249
5 2250
4 2251
6 2252
2 2253
5 2254
5 2255
3 2256
6 2257
6 2258
5 2259
6 2260
4 2261
4 2262
6 2263
6 2264
4 2265
5 2266
6 2267
3 2268
7 2269
5 2270
6 2271
6 2272
3 2273
2 2274
5 2275
2 2276
3 2277
7 2278
9 2279
4 2280
5 2281
5 2282
3 2283
3 2284
6 2285
2 2286
4 2287
16 2288
4 2290
4 2291
2 2292
5 2293
8 2294
5 2295
6 2296
6 2297
2 2298
4 2299
2 2300
4 2301
3 2302
4 2303
6 2304
5 2305
2 2306
4 2307
6 2308
9 2309
5 2310
3 2311
4 2312
4 2313
3 2314
1 2315
7 2316
7 2317
2 2318
10 2319
3 2320
12 2321
10 2322
5 2323
6 2324
9 2325
10 2326
6 2327
5 2328
6 2329
4 2330
12 2331
6 2332
6 2333
10 2334
7 2335
6 2336
11 2337
7 2338
12 2339
14 2340
6 2341
8 2342
13 2343
5 2344
8 2345
16 2346
8 2347
12 2348
6 2349
11 2350
10 2351
16 2352
17 2353
14 2354
13 2355
12 2356
5 2357
15 2358
16 2359
25 2360
18 2361
16 2362
17 2363
12 2364
16 2365
16 2366
14 2367
18 2368
17 2369
15 2370
16 2371
21 2372
11 2373
15 2374
18 2375
13 2376
20 2377
15 2378
18 2379
10 2380
12 2381
13 2382
13 2383
8 2384
16 2385
11 2386
8 2387
15 2388
13 2389
16 2390
19 2391
7 2392
10 2393
13 2394
6 2395
5 2396
4 2397
9 2398
6 2399
8 2400
8 2401
2 2402
4 2403
2 2404
7 2405
5 2406
2 2407
6 2408
6 2409
3 2410
4 2411
8 2412
5 2413
6 2414
3 2415
7 2416
3 2417
4 2418
5 2419
3 2421
3 2422
4 2424
2 2425
1 2426
3 2427
1 2428
2 2429
4 2430
3 2431
4 2432
4 2433
2 2434
1 2435
2 2436
2 2437
3 2438
3 2439
3 2440
3 2441
2 2442
6 2443
3 2444
3 2445
3 2446
3 2447
3 2448
3 2449
4 2450
2 2451
3 2452
1 2453
2 2454
6 2455
2 2456
5 2457
7 2458
2 2459
1 2460
2 2461
7 2462
4 2463
5 2464
4 2465
1 2466
2 2467
2 2469
8 2470
6 2471
5 2472
1 2473
4 2474
5 2475
8 2476
5 2477
3 2478
1 2479
5 2480
4 2481
7 2482
7 2483
4 2484
3 2485
2 2486
6 2487
2 2488
7 2489
3 2490
1 2491
2 2492
2 2493
7 2495
1 2496
1 2497
1 2498
2 2499
4 2500
3 2501
3 2502
2 2503
2 2505
2 2507
2 2508
2 2509
2 2512
1 2515
1 2516
2 2518
2 2523
1 2528
1 2529
1 2530
1 2541
1 2543
2 2549
1 2552
1 2556
2 2558
1 2559
1 2560
1 2562
1 2565
1 2566
2 2567
3 2568
1 2569
3 2572
3 2573
1 2574
1 2575
2 2576
2 2577
4 2578
1 2581
1 2582
2 2583
2 2584
1 2585
1 2586
4 2587
2 2588
1 2589
5 2590
4 2591
2 2592
2 2593
2 2594
1 2595
2 2597
1 2598
3 2599
2 2600
3 2601
2 2602
3 2603
2 2604
4 2605
4 2606
2 2607
3 2608
1 2609
6 2610
1 2611
3 2612
4 2613
2 2614
3 2615
3 2616
1 2617
4 2618
2 2619
3 2620
2 2621
3 2622
5 2623
5 2624
4 2625
2 2626
1 2627
3 2628
3 2629
2 2630
2 2631
2 2632
2 2634
3 2635
2 2637
2 2638
3 2639
3 2640
2 2641
1 2642
2 2643
1 2644
2 2645
1 2646
1 2648
2 2650
3 2652
1 2654
1 2655
1 2656
1 2659
1 2661
1 2663
1 2665
1 2672
1 2673
1 2675
2 2677
1 2680
2 2681
1 2682
1 2686
1 2689
1 2692
1 2696
1 2697
1 2707
1 2708
1 2717
1 2725
1 2728
1 2731
1 2737
1 2738
1 2741
1 2746
1 2748
1 2793
1 2826
1 2829
1 2832
1 2912
1 2924
1 2933
1 2982
1 3073
1 3086
1 3107
1 3159
1 3178
1 3187
1 3196
1 3204
1 3312
1 3400
1 3468
1 3643
1 3773
1 4117
1 4192
1 4289
1 4830
