1 8
1 10
1 12
1 14
1 23
2 27
1 29
1 31
1 32
1 33
1 34
2 36
1 37
2 43
1 46
1 47
1 48
1 53
1 54
1 55
4 58
1 61
1 64
2 67
1 69
1 70
1 71
2 73
1 74
1 75
1 77
1 79
1 83
2 87
1 93
1 94
1 95
1 97
2 100
1 101
1 102
2 104
2 106
4 108
1 111
2 112
2 113
2 114
4 116
1 117
3 120
1 121
1 122
4 124
1 125
1 127
2 129
2 130
2 132
2 133
4 134
4 135
3 136
4 137
1 138
3 139
1 141
6 142
4 143
1 144
3 145
1 146
3 147
1 148
3 149
1 150
4 151
3 152
1 153
1 156
3 157
2 158
1 161
1 162
5 163
1 165
2 168
1 169
1 170
1 171
3 172
1 174
1 175
1 177
1 178
4 179
1 180
1 181
3 182
4 183
1 184
1 185
3 186
1 187
2 188
3 189
1 191
1 192
1 193
2 195
2 196
1 197
3 198
3 199
2 200
1 201
5 202
2 203
2 204
1 206
3 207
2 209
2 211
2 212
8 213
3 214
5 215
1 216
1 218
4 219
2 220
3 221
2 222
4 223
4 224
2 225
1 226
2 227
3 228
2 229
6 230
4 231
6 232
7 233
8 234
9 235
10 236
12 237
10 238
10 239
10 240
16 241
18 242
20 243
19 244
18 245
20 246
20 247
19 248
22 249
18 250
18 251
12 252
6 253
18 254
6 255
13 256
6 257
13 258
15 259
7 260
7 261
6 262
4 263
4 264
3 265
6 266
1 267
1 268
3 269
3 271
2 273
2 274
1 277
2 278
2 279
2 280
1 281
2 282
4 283
2 285
3 286
1 287
1 288
1 289
2 290
1 291
2 292
2 293
5 294
1 295
2 296
1 298
4 299
2 301
2 302
1 303
2 304
4 305
2 306
2 307
3 309
2 310
3 311
3 312
3 313
5 314
4 315
4 316
2 317
2 318
4 319
1 320
4 321
3 322
4 323
3 324
5 325
6 326
4 327
2 328
6 330
1 331
6 332
2 333
3 334
7 335
4 336
1 337
3 338
5 339
6 340
10 341
5 342
9 343
8 344
4 345
4 346
8 347
6 348
9 349
12 350
6 351
6 352
9 353
1 354
5 355
9 356
8 357
7 358
7 359
4 360
4 361
5 362
5 363
6 364
11 365
8 366
4 367
1 368
3 369
8 370
5 371
3 372
3 373
5 374
5 375
4 376
3 377
3 378
6 379
2 380
3 381
1 382
4 383
8 384
3 385
5 386
8 387
5 388
4 389
5 390
5 391
4 392
2 394
7 395
4 396
3 397
5 398
6 399
7 400
9 401
7 402
5 403
2 404
4 405
9 406
7 407
12 408
6 409
9 410
6 411
10 412
5 413
18 414
16 415
16 416
18 417
9 418
18 419
19 420
13 421
16 422
26 423
17 424
19 425
25 426
23 427
28 428
26 429
18 430
25 431
35 432
29 433
28 434
35 435
20 436
37 437
16 438
37 439
21 440
26 441
17 442
13 443
22 444
9 445
11 446
13 447
5 448
10 449
6 450
1 451
1 452
2 453
2 454
3 455
2 456
3 457
4 458
2 459
3 460
5 461
7 462
4 463
4 464
5 465
4 467
2 468
1 471
1 473
2 474
3 475
1 476
1 477
3 478
2 479
2 480
2 481
2 482
1 483
4 484
1 486
3 487
1 488
2 489
2 490
3 491
1 492
3 493
2 494
2 495
3 496
6 497
1 498
3 499
3 500
3 501
2 502
2 503
5 504
2 505
2 506
1 507
2 508
1 509
3 510
3 511
6 512
4 513
3 514
1 515
2 517
2 518
1 519
4 520
4 521
6 522
4 524
3 525
1 526
4 527
2 528
4 529
4 530
4 531
2 532
2 533
4 534
1 535
1 536
3 537
2 538
3 539
2 540
4 541
2 543
3 544
1 545
1 546
4 547
3 548
4 549
2 550
1 551
1 552
2 553
1 554
5 555
4 557
1 558
6 559
1 561
1 562
1 563
3 564
6 565
1 566
1 567
2 568
3 569
1 571
1 572
2 573
6 574
3 575
4 576
4 577
1 578
2 579
5 580
2 581
3 582
4 583
2 584
4 585
3 586
1 587
3 588
2 589
4 590
3 591
2 592
2 593
3 594
3 595
1 596
3 597
5 598
1 599
7 600
3 601
3 602
3 603
4 604
2 605
2 606
6 607
3 608
5 609
6 610
2 611
3 612
5 613
3 614
2 615
4 616
3 617
3 618
6 619
5 620
2 621
2 622
4 623
2 624
2 625
4 626
1 627
5 628
2 629
4 630
3 631
2 632
2 633
4 634
1 635
6 636
8 637
4 638
4 639
6 640
4 641
4 642
7 643
6 644
4 645
9 646
3 647
2 648
6 649
4 650
2 651
2 652
5 653
6 654
6 655
7 656
4 657
8 658
4 659
6 660
6 661
8 662
11 663
6 664
6 665
15 666
19 667
14 668
21 669
12 670
18 671
16 672
23 673
17 674
18 675
26 676
23 677
26 678
22 679
21 680
11 681
19 682
23 683
19 684
16 685
36 686
20 687
23 688
21 689
17 690
21 691
13 692
10 693
6 694
12 695
19 696
5 697
9 698
14 699
7 700
8 701
8 702
5 703
6 704
4 705
6 706
7 707
3 708
3 709
4 710
5 711
4 712
4 713
4 714
3 715
4 716
1 717
4 718
5 719
4 720
6 721
7 722
7 723
4 724
7 725
7 726
7 727
9 728
10 729
10 730
14 731
8 732
14 733
13 734
15 735
13 736
12 737
13 738
20 739
15 740
11 741
16 742
12 743
12 744
23 745
21 746
17 747
12 748
10 749
17 750
15 751
17 752
17 753
8 754
11 755
12 756
14 757
10 758
11 759
11 760
7 761
12 762
9 763
16 764
13 765
11 766
7 767
13 768
15 769
16 770
14 771
22 772
11 773
11 774
14 775
9 776
9 777
12 778
8 779
10 780
5 781
12 782
13 783
2 784
6 785
1 786
8 787
6 788
5 789
3 790
5 791
4 792
4 793
2 794
5 795
4 796
1 797
4 798
3 799
3 800
7 801
2 802
6 803
1 804
3 805
4 806
6 807
3 808
1 809
4 810
3 811
5 812
2 813
7 814
2 815
1 816
2 817
1 818
1 819
3 820
5 821
1 822
1 823
4 824
5 825
2 826
2 828
4 829
1 830
4 831
5 832
2 833
5 834
2 835
3 836
4 837
5 838
9 839
3 840
1 841
3 842
4 843
4 844
5 845
2 846
3 848
1 850
4 851
4 852
6 853
7 855
2 856
5 857
6 858
4 859
5 860
5 861
7 862
9 863
4 864
2 865
7 866
7 867
10 868
7 869
6 870
9 871
9 872
3 873
10 874
10 875
6 876
7 877
8 878
7 879
4 880
8 881
9 882
6 883
10 884
9 885
6 886
14 887
7 888
6 889
9 890
10 891
11 892
8 893
13 894
7 895
6 896
7 897
7 898
11 899
5 900
15 901
8 902
8 903
6 904
17 905
6 906
13 907
7 908
8 909
8 910
14 911
14 912
15 913
14 914
13 915
7 916
6 917
11 918
10 919
7 920
10 921
7 922
7 923
11 924
12 925
10 926
6 927
6 928
12 929
6 930
7 931
5 932
11 933
12 934
8 935
9 936
10 937
9 938
12 939
8 940
7 941
13 942
20 943
19 944
18 945
14 946
21 947
15 948
30 949
30 950
28 951
35 952
31 953
34 954
28 955
29 956
46 957
24 958
41 959
34 960
45 961
50 962
43 963
51 964
55 965
50 966
61 967
48 968
57 969
41 970
44 971
54 972
48 973
44 974
52 975
39 976
40 977
42 978
29 979
28 980
29 981
20 982
24 983
21 984
25 985
9 986
20 987
10 988
18 989
10 990
7 991
8 992
14 993
9 994
14 995
3 996
11 997
8 998
6 999
8 1000
8 1001
14 1002
9 1003
18 1004
14 1005
25 1006
14 1007
19 1008
18 1009
15 1010
22 1011
20 1012
22 1013
26 1014
25 1015
22 1016
23 1017
26 1018
27 1019
29 1020
45 1021
34 1022
43 1023
34 1024
41 1025
36 1026
41 1027
39 1028
31 1029
45 1030
41 1031
30 1032
44 1033
38 1034
25 1035
23 1036
32 1037
30 1038
26 1039
26 1040
16 1041
15 1042
22 1043
17 1044
12 1045
12 1046
10 1047
6 1048
7 1049
11 1050
5 1051
4 1052
6 1053
7 1054
6 1055
4 1056
5 1057
7 1058
6 1059
4 1060
4 1062
3 1063
4 1064
7 1065
2 1067
2 1068
2 1069
3 1070
3 1071
2 1073
5 1074
3 1075
4 1076
2 1077
2 1078
2 1079
4 1080
4 1081
2 1082
1 1083
7 1084
1 1085
2 1087
3 1088
3 1089
2 1090
5 1091
3 1092
2 1093
4 1094
2 1095
5 1096
4 1097
3 1098
2 1099
2 1100
4 1101
3 1102
3 1103
9 1104
6 1105
2 1106
5 1107
6 1108
2 1109
5 1110
4 1111
2 1112
6 1113
4 1114
3 1115
9 1116
4 1117
7 1118
3 1119
9 1120
4 1121
16 1122
4 1123
8 1124
7 1125
4 1126
6 1127
6 1128
11 1129
9 1130
10 1131
8 1132
4 1133
7 1134
12 1135
7 1136
10 1137
10 1138
12 1139
10 1140
8 1141
11 1142
5 1143
13 1144
13 1145
17 1146
9 1147
11 1148
8 1149
15 1150
16 1151
13 1152
13 1153
9 1154
17 1155
18 1156
16 1157
18 1158
18 1159
21 1160
14 1161
12 1162
14 1163
16 1164
12 1165
10 1166
16 1167
15 1168
14 1169
12 1170
14 1171
11 1172
16 1173
6 1174
9 1175
6 1176
5 1177
7 1178
12 1179
6 1180
8 1181
8 1182
9 1183
7 1184
11 1185
11 1186
4 1187
6 1188
4 1189
10 1190
7 1191
5 1192
4 1193
7 1194
6 1195
8 1196
10 1197
14 1198
8 1199
7 1200
7 1201
10 1202
8 1203
3 1204
8 1205
8 1206
5 1207
13 1208
7 1209
3 1210
5 1211
5 1212
10 1213
3 1214
7 1215
6 1216
1 1217
7 1218
4 1219
3 1220
6 1221
5 1222
8 1223
5 1224
4 1225
5 1226
5 1227
7 1228
6 1229
5 1230
7 1231
5 1232
4 1233
4 1234
10 1235
3 1236
7 1237
6 1238
6 1239
9 1240
12 1241
7 1242
15 1243
12 1244
9 1245
10 1246
8 1247
7 1248
9 1249
10 1250
11 1251
16 1252
8 1253
18 1254
9 1255
12 1256
9 1257
16 1258
8 1259
17 1260
7 1261
14 1262
13 1263
9 1264
14 1265
14 1266
13 1267
13 1268
19 1269
21 1270
23 1271
17 1272
18 1273
17 1274
26 1275
23 1276
17 1277
19 1278
24 1279
19 1280
22 1281
36 1282
29 1283
34 1284
30 1285
27 1286
31 1287
27 1288
44 1289
31 1290
40 1291
30 1292
31 1293
46 1294
46 1295
39 1296
25 1297
35 1298
33 1299
40 1300
40 1301
42 1302
36 1303
38 1304
36 1305
36 1306
34 1307
32 1308
28 1309
28 1310
37 1311
36 1312
34 1313
30 1314
27 1315
24 1316
21 1317
16 1318
18 1319
16 1320
25 1321
17 1322
23 1323
27 1324
19 1325
23 1326
25 1327
20 1328
26 1329
18 1330
22 1331
29 1332
18 1333
36 1334
27 1335
32 1336
39 1337
26 1338
23 1339
30 1340
34 1341
31 1342
36 1343
29 1344
30 1345
29 1346
29 1347
34 1348
45 1349
45 1350
35 1351
32 1352
27 1353
43 1354
28 1355
23 1356
29 1357
25 1358
31 1359
41 1360
22 1361
30 1362
19 1363
24 1364
27 1365
20 1366
27 1367
23 1368
17 1369
18 1370
23 1371
27 1372
24 1373
11 1374
21 1375
26 1376
12 1377
23 1378
17 1379
20 1380
17 1381
16 1382
21 1383
23 1384
22 1385
27 1386
19 1387
17 1388
19 1389
18 1390
32 1391
28 1392
24 1393
24 1394
12 1395
16 1396
26 1397
29 1398
38 1399
33 1400
33 1401
34 1402
29 1403
43 1404
37 1405
34 1406
34 1407
26 1408
46 1409
46 1410
56 1411
49 1412
40 1413
53 1414
56 1415
72 1416
71 1417
65 1418
81 1419
64 1420
85 1421
97 1422
92 1423
88 1424
89 1425
87 1426
85 1427
83 1428
95 1429
107 1430
76 1431
94 1432
86 1433
73 1434
92 1435
94 1436
98 1437
75 1438
62 1439
65 1440
80 1441
64 1442
63 1443
54 1444
64 1445
43 1446
43 1447
46 1448
41 1449
24 1450
33 1451
25 1452
26 1453
23 1454
13 1455
24 1456
14 1457
7 1458
8 1459
10 1460
17 1461
8 1462
6 1463
8 1464
5 1465
11 1466
5 1467
3 1468
6 1469
2 1470
1 1471
3 1472
2 1473
2 1474
5 1476
3 1477
3 1478
1 1480
1 1482
1 1484
1 1486
1 1487
1 1489
1 1490
1 1491
1 1493
1 1496
1 1498
1 1499
1 1500
1 1501
1 1502
2 1506
1 1507
1 1508
1 1509
1 1511
1 1512
1 1515
2 1517
3 1520
2 1522
1 1523
1 1525
1 1526
1 1527
1 1528
1 1530
1 1532
1 1533
2 1540
1 1542
1 1543
4 1544
3 1545
1 1547
2 1548
1 1551
1 1554
2 1557
1 1558
1 1562
1 1563
2 1567
1 1570
1 1571
2 1573
2 1574
1 1575
1 1577
1 1579
2 1580
1 1583
1 1584
2 1585
1 1589
1 1590
1 1593
1 1595
2 1597
1 1598
1 1602
1 1605
1 1607
2 1609
2 1611
1 1612
3 1620
1 1630
1 1631
1 1632
1 1634
1 1638
1 1643
1 1649
2 1650
1 1651
1 1654
1 1655
1 1658
2 1662
3 1664
1 1666
1 1671
2 1675
2 1679
1 1680
2 1682
1 1684
1 1685
2 1692
1 1694
1 1695
2 1696
1 1701
1 1702
1 1703
1 1704
2 1705
1 1710
1 1711
1 1715
2 1716
1 1718
2 1722
1 1725
1 1728
1 1733
2 1734
1 1735
1 1736
1 1737
2 1738
2 1739
1 1740
2 1741
1 1742
1 1743
1 1745
2 1746
2 1747
3 1750
1 1751
2 1754
2 1761
1 1762
1 1763
2 1764
1 1765
1 1770
1 1774
2 1775
1 1777
1 1778
1 1781
3 1782
1 1784
1 1785
1 1787
3 1788
1 1790
1 1793
1 1795
1 1796
1 1801
2 1803
1 1804
2 1805
1 1806
2 1807
2 1808
1 1813
1 1816
1 1819
1 1820
1 1821
3 1822
1 1823
1 1824
1 1827
1 1828
2 1830
1 1832
2 1834
1 1835
1 1836
3 1837
1 1839
1 1840
1 1841
3 1842
1 1843
1 1845
1 1846
1 1847
2 1849
2 1853
2 1855
4 1856
2 1857
1 1858
1 1859
2 1860
1 1861
1 1863
1 1864
3 1865
1 1867
2 1869
2 1872
3 1873
5 1874
6 1875
3 1876
3 1877
4 1878
3 1879
2 1880
3 1881
3 1882
5 1883
3 1884
1 1885
2 1886
1 1888
1 1889
5 1890
4 1891
1 1892
2 1893
3 1894
3 1895
3 1896
4 1897
3 1898
1 1899
3 1900
1 1901
1 1902
2 1903
2 1904
2 1905
3 1906
1 1907
1 1908
3 1909
4 1910
3 1911
1 1912
4 1913
5 1914
1 1915
3 1916
2 1917
2 1918
5 1919
2 1920
1 1921
1 1922
3 1924
2 1926
1 1928
2 1929
4 1930
1 1933
2 1935
2 1936
1 1937
1 1938
3 1939
1 1940
1 1941
2 1942
2 1943
1 1944
2 1946
1 1948
3 1950
3 1951
3 1952
1 1953
1 1954
1 1956
2 1957
1 1959
1 1961
2 1962
2 1963
1 1964
2 1965
1 1968
3 1969
1 1970
1 1971
3 1972
3 1973
3 1974
1 1975
4 1976
2 1977
5 1978
1 1979
1 1980
1 1981
3 1982
3 1984
5 1985
3 1986
2 1987
2 1988
1 1989
2 1991
3 1993
3 1996
2 1997
3 1998
1 1999
5 2000
1 2001
4 2002
1 2003
2 2004
4 2005
3 2006
1 2007
2 2008
1 2009
1 2010
2 2011
8 2012
6 2013
3 2014
2 2015
6 2016
1 2017
5 2018
1 2019
2 2020
3 2021
1 2023
9 2024
3 2025
2 2026
5 2027
7 2028
2 2029
6 2030
3 2031
6 2032
4 2033
5 2034
5 2035
3 2036
3 2037
4 2038
8 2039
6 2040
4 2041
5 2042
3 2043
4 2044
5 2045
4 2046
1 2047
5 2048
5 2049
7 2050
5 2051
5 2052
6 2053
5 2054
7 2055
5 2056
2 2057
5 2058
8 2059
3 2060
7 2061
9 2062
5 2063
10 2064
6 2065
10 2066
5 2067
7 2068
17 2069
11 2070
8 2071
14 2072
14 2073
14 2074
8 2075
15 2076
12 2077
11 2078
13 2079
15 2080
15 2081
7 2082
14 2083
11 2084
5 2085
11 2086
15 2087
16 2088
13 2089
13 2090
11 2091
11 2092
7 2093
7 2094
12 2095
10 2096
8 2097
15 2098
9 2099
7 2100
9 2101
9 2102
8 2103
5 2104
4 2105
4 2106
4 2107
6 2108
6 2109
4 2110
3 2111
3 2112
2 2113
7 2114
2 2115
2 2117
1 2118
2 2120
2 2121
3 2122
3 2123
5 2125
1 2126
1 2128
1 2129
1 2131
1 2132
1 2133
2 2137
2 2140
1 2141
1 2143
1 2145
2 2146
1 2147
1 2148
1 2149
1 2152
5 2153
1 2154
1 2155
1 2157
2 2158
2 2159
1 2163
1 2165
1 2166
2 2168
1 2174
1 2175
1 2176
2 2180
1 2181
1 2184
1 2186
1 2190
1 2197
1 2198
1 2199
1 2200
1 2201
1 2206
1 2211
1 2212
1 2216
1 2220
1 2230
1 2238
1 2242
1 2248
1 2256
1 2279
2 2307
1 2313
1 2318
1 2331
1 2336
1 2338
1 2341
1 2346
1 2361
1 2366
1 2375
1 2376
1 2378
1 2385
1 2389
1 2411
1 2421
1 2425
1 2443
1 2448
1 2452
1 2496
1 2499
1 2526
1 2542
1 2566
1 2569
1 2573
1 2577
1 2578
1 2583
1 2586
1 2600
1 2639
1 2644
1 2659
1 2662
1 2674
1 2685
1 2693
1 2703
1 2732
1 2766
1 2783
1 2793
1 2796
1 2807
1 2816
1 2829
1 2833
2 2838
1 2856
1 2865
1 2868
1 2871
1 2872
1 2873
1 2875
2 2878
1 2881
1 2883
1 2890
1 2892
1 2893
1 2898
1 2899
1 2901
1 2903
1 2908
3 2909
2 2910
2 2911
2 2913
1 2915
1 2916
1 2918
1 2922
1 2923
2 2925
1 2928
1 2938
1 2951
1 2957
1 3020
1 3031
1 3079
1 3195
1 3209
1 3212
1 3255
1 3459
1 3469
1 3497
1 3548
1 3549
1 3557
1 3586
1 3790
1 4208
1 4389
1 4404
1 7143
