2 3
2 8
2 9
2 12
1 17
1 18
2 19
2 20
2 21
3 23
6 26
2 28
1 29
1 31
2 32
1 33
1 34
1 35
2 36
1 39
2 40
2 41
4 42
1 43
3 47
2 48
1 49
1 52
4 53
2 55
1 56
1 57
2 58
1 61
2 62
1 63
2 67
3 69
2 70
5 71
1 72
3 73
1 74
1 75
1 76
1 77
2 78
1 79
6 80
2 81
5 82
3 83
3 85
2 86
2 87
2 88
3 89
4 90
2 91
2 92
2 94
2 95
2 96
2 97
6 98
2 99
2 100
3 101
2 102
1 103
2 105
3 106
3 107
3 108
1 109
2 110
1 111
4 112
2 113
3 114
2 115
3 116
1 117
4 118
2 119
2 120
1 121
5 122
2 123
6 124
1 125
5 126
3 127
4 128
8 129
3 130
3 131
2 132
3 133
4 134
6 135
7 136
1 137
1 138
3 139
1 140
2 141
1 143
1 144
3 145
3 146
3 147
1 149
3 150
2 151
3 152
1 153
3 155
4 156
1 157
1 158
3 159
4 160
2 161
1 162
3 163
3 164
3 165
6 166
2 167
1 168
6 169
5 170
4 171
2 172
2 173
3 174
4 176
6 177
5 178
2 179
4 180
3 181
5 182
5 183
5 184
2 185
1 186
2 187
7 188
4 189
2 190
6 191
4 192
2 193
4 194
4 195
6 196
3 197
3 198
3 199
3 200
5 201
2 202
3 203
3 204
4 205
2 206
1 208
4 209
5 210
6 211
1 212
4 213
2 214
2 215
4 219
1 220
5 221
6 222
4 223
6 224
1 225
2 227
2 228
2 229
1 230
4 231
1 232
2 233
1 234
6 235
6 236
7 237
2 238
9 239
2 240
6 241
7 242
10 243
10 244
12 245
7 246
12 247
5 248
7 249
9 250
19 251
25 252
13 253
26 254
11 255
19 256
9 257
16 258
10 259
14 260
11 261
7 262
5 263
6 264
5 265
2 266
3 267
6 268
4 269
5 270
3 271
4 272
3 273
9 274
4 275
3 276
3 277
4 278
4 279
8 280
10 281
6 282
8 283
8 284
7 285
7 286
3 287
5 288
7 289
3 290
14 291
8 292
9 293
9 294
12 295
11 296
10 297
5 298
4 299
9 300
8 301
2 302
6 303
6 304
5 305
5 306
8 307
3 308
4 309
5 310
8 311
6 312
2 313
3 314
5 315
4 316
4 317
7 318
6 319
5 320
9 321
7 322
4 323
2 324
7 325
6 326
8 327
4 328
6 329
9 330
11 331
6 332
12 333
6 334
7 335
10 336
11 337
6 338
7 339
8 340
9 341
9 342
9 343
3 344
14 345
11 346
7 347
9 348
7 349
15 350
12 351
10 352
11 353
11 354
6 355
10 356
6 357
9 358
13 359
9 360
12 361
13 362
7 363
12 364
8 365
6 366
7 367
3 368
7 369
4 370
4 371
2 372
5 373
7 374
7 375
4 376
9 377
6 378
6 379
7 380
9 381
6 382
8 383
9 384
2 385
11 386
11 387
9 388
6 389
12 390
5 391
12 392
9 393
11 394
12 395
12 396
15 397
11 398
19 399
12 400
23 401
31 402
35 403
49 404
51 405
50 406
52 407
75 408
56 409
79 410
84 411
86 412
111 413
78 414
62 415
62 416
64 417
53 418
43 419
34 420
37 421
32 422
38 423
20 424
15 425
7 426
12 427
8 428
13 429
3 430
7 431
5 432
4 433
2 434
3 435
4 436
5 437
3 438
2 439
4 440
4 441
6 442
8 443
8 444
2 445
4 446
5 447
6 448
7 449
7 450
10 451
8 452
6 453
7 454
7 455
2 456
4 457
3 458
6 459
13 460
14 461
8 462
23 463
6 464
12 465
10 466
5 467
11 468
15 469
11 470
16 471
11 472
15 473
18 474
16 475
8 476
8 477
15 478
12 479
9 480
5 481
4 482
4 483
6 484
8 485
2 486
3 487
3 488
4 489
3 490
6 491
4 492
5 493
3 494
2 495
2 496
4 497
1 499
2 500
1 501
4 502
4 503
6 504
5 505
6 506
4 507
5 508
3 509
3 510
6 511
1 512
2 513
2 514
6 515
5 516
4 517
2 518
4 519
2 520
4 521
2 522
4 523
3 524
3 525
7 526
4 527
1 528
1 529
5 530
2 531
4 532
2 533
3 534
4 535
1 536
8 537
4 538
10 539
3 540
5 541
4 542
8 543
9 544
6 545
5 546
6 547
4 548
4 549
3 550
8 551
5 552
1 553
1 554
4 555
4 556
4 557
3 558
7 559
3 560
7 561
3 562
6 563
2 564
5 565
5 566
4 567
5 568
5 569
5 570
7 571
3 572
6 573
3 574
3 575
5 576
3 577
4 578
1 579
1 580
3 581
2 582
3 583
2 584
2 585
5 586
1 587
7 588
3 589
3 590
6 591
3 592
1 593
4 594
2 595
3 596
2 597
3 598
4 599
2 600
2 601
9 602
1 603
4 604
1 605
4 606
5 607
3 608
2 609
4 610
3 611
4 612
5 613
2 614
1 615
10 616
3 617
7 618
4 619
7 620
7 621
5 622
7 623
5 624
10 625
8 626
5 627
6 628
7 629
12 630
4 631
4 632
7 633
6 634
5 635
7 636
4 637
6 638
7 639
2 640
13 641
7 642
7 643
4 644
6 645
6 646
6 647
7 648
9 649
4 650
10 651
7 652
7 653
3 654
7 655
5 656
10 657
7 658
11 659
7 660
7 661
12 662
7 663
12 664
9 665
8 666
9 667
10 668
11 669
5 670
12 671
9 672
9 673
6 674
14 675
11 676
10 677
13 678
12 679
12 680
16 681
9 682
17 683
12 684
13 685
16 686
14 687
19 688
16 689
8 690
18 691
9 692
15 693
16 694
13 695
27 696
12 697
17 698
18 699
13 700
19 701
14 702
14 703
24 704
17 705
27 706
29 707
25 708
31 709
28 710
28 711
32 712
20 713
24 714
30 715
36 716
42 717
29 718
29 719
33 720
37 721
36 722
40 723
33 724
42 725
27 726
35 727
37 728
36 729
43 730
35 731
36 732
39 733
33 734
44 735
26 736
38 737
40 738
44 739
35 740
49 741
35 742
46 743
41 744
39 745
38 746
35 747
53 748
44 749
42 750
35 751
51 752
33 753
45 754
48 755
38 756
36 757
43 758
55 759
43 760
43 761
33 762
46 763
38 764
25 765
43 766
36 767
36 768
40 769
31 770
31 771
34 772
26 773
24 774
31 775
26 776
27 777
19 778
19 779
34 780
22 781
24 782
30 783
24 784
38 785
33 786
37 787
38 788
31 789
30 790
48 791
42 792
32 793
39 794
47 795
56 796
45 797
51 798
67 799
42 800
65 801
70 802
80 803
81 804
95 805
94 806
109 807
98 808
118 809
131 810
154 811
152 812
177 813
183 814
222 815
188 816
218 817
242 818
242 819
242 820
287 821
310 822
316 823
312 824
344 825
355 826
355 827
331 828
349 829
373 830
339 831
319 832
337 833
318 834
279 835
277 836
231 837
210 838
210 839
190 840
179 841
163 842
151 843
148 844
134 845
114 846
113 847
113 848
100 849
108 850
101 851
84 852
87 853
96 854
111 855
114 856
105 857
126 858
122 859
102 860
126 861
123 862
118 863
126 864
122 865
137 866
108 867
113 868
97 869
97 870
92 871
100 872
80 873
69 874
76 875
49 876
55 877
42 878
47 879
45 880
32 881
39 882
26 883
31 884
23 885
21 886
17 887
17 888
15 889
11 890
9 891
10 892
8 893
11 894
11 895
1 896
6 897
8 898
6 899
8 900
9 901
9 902
4 903
5 904
3 905
5 906
10 907
6 908
7 909
8 910
9 911
9 912
5 913
4 914
6 915
5 916
8 917
4 918
3 919
7 920
3 921
8 922
8 923
11 924
11 925
7 926
12 927
7 928
14 929
8 930
13 931
8 932
5 933
15 934
15 935
12 936
11 937
12 938
12 939
21 940
11 941
13 942
13 943
18 944
13 945
6 946
12 947
12 948
13 949
7 950
16 951
12 952
14 953
10 954
16 955
14 956
16 957
14 958
8 959
18 960
13 961
19 962
21 963
19 964
15 965
17 966
18 967
26 968
15 969
17 970
18 971
17 972
15 973
14 974
9 975
19 976
19 977
11 978
16 979
17 980
16 981
14 982
14 983
12 984
6 985
11 986
11 987
9 988
8 989
7 990
6 991
4 992
13 993
8 994
7 995
5 996
7 997
7 998
7 999
10 1000
9 1001
13 1002
10 1003
3 1004
10 1005
12 1006
16 1007
7 1008
17 1009
14 1010
13 1011
15 1012
19 1013
21 1014
27 1015
27 1016
23 1017
28 1018
31 1019
33 1020
25 1021
23 1022
27 1023
28 1024
39 1025
25 1026
36 1027
35 1028
33 1029
33 1030
35 1031
29 1032
23 1033
27 1034
29 1035
22 1036
27 1037
26 1038
27 1039
22 1040
18 1041
18 1042
19 1043
17 1044
17 1045
24 1046
12 1047
15 1048
17 1049
14 1050
15 1051
16 1052
12 1053
13 1054
13 1055
17 1056
6 1057
18 1058
12 1059
18 1060
17 1061
20 1062
20 1063
17 1064
23 1065
19 1066
14 1067
16 1068
17 1069
18 1070
19 1071
22 1072
24 1073
35 1074
22 1075
15 1076
22 1077
31 1078
16 1079
30 1080
20 1081
30 1082
27 1083
35 1084
26 1085
32 1086
36 1087
23 1088
35 1089
47 1090
42 1091
32 1092
24 1093
28 1094
46 1095
40 1096
32 1097
31 1098
28 1099
32 1100
22 1101
33 1102
19 1103
35 1104
26 1105
26 1106
25 1107
29 1108
24 1109
20 1110
23 1111
21 1112
17 1113
30 1114
35 1115
22 1116
24 1117
26 1118
17 1119
16 1120
24 1121
20 1122
29 1123
35 1124
15 1125
31 1126
17 1127
21 1128
13 1129
26 1130
14 1131
16 1132
13 1133
14 1134
18 1135
6 1136
15 1137
12 1138
11 1139
6 1140
11 1141
7 1142
1 1143
10 1144
4 1145
1 1146
1 1147
6 1148
5 1149
2 1150
1 1151
2 1153
6 1154
2 1155
2 1156
3 1157
2 1158
2 1161
1 1162
3 1163
1 1165
3 1166
1 1167
1 1168
1 1170
1 1173
4 1176
1 1178
2 1180
1 1181
1 1188
1 1191
2 1192
2 1194
2 1195
2 1196
3 1197
2 1199
1 1200
1 1203
1 1205
1 1207
2 1208
3 1209
1 1211
3 1212
1 1213
1 1216
1 1217
1 1218
2 1219
3 1220
2 1221
3 1222
5 1224
1 1225
2 1226
3 1227
3 1228
3 1229
2 1231
3 1232
4 1233
4 1234
4 1235
2 1236
3 1237
5 1238
1 1239
4 1240
5 1241
2 1242
2 1243
5 1244
4 1245
6 1247
2 1248
2 1249
5 1250
4 1251
2 1252
3 1254
6 1255
3 1256
6 1257
4 1258
6 1259
2 1260
4 1261
2 1262
7 1263
5 1264
2 1265
1 1266
1 1267
3 1268
2 1269
1 1270
5 1272
6 1273
1 1274
5 1275
2 1276
2 1277
5 1278
4 1280
6 1282
4 1283
3 1284
4 1285
3 1289
3 1290
3 1291
6 1292
2 1293
4 1294
3 1295
1 1297
2 1298
2 1299
1 1300
1 1301
4 1302
1 1303
2 1304
2 1305
3 1306
3 1307
2 1308
3 1309
5 1310
1 1311
5 1312
5 1313
3 1314
2 1315
2 1316
5 1317
1 1318
4 1320
1 1321
4 1322
6 1323
3 1324
3 1325
7 1326
6 1327
4 1328
5 1329
3 1330
3 1331
3 1332
6 1333
3 1334
3 1335
7 1336
5 1337
5 1338
7 1339
6 1340
1 1341
8 1342
4 1343
10 1344
5 1345
2 1346
7 1347
6 1348
6 1349
7 1350
4 1351
5 1352
6 1353
5 1354
7 1355
8 1356
8 1357
13 1358
14 1359
23 1360
7 1361
11 1362
8 1363
18 1364
24 1365
20 1366
20 1367
28 1368
21 1369
23 1370
35 1371
23 1372
28 1373
26 1374
22 1375
31 1376
30 1377
42 1378
39 1379
45 1380
46 1381
40 1382
35 1383
35 1384
35 1385
46 1386
37 1387
28 1388
41 1389
32 1390
26 1391
30 1392
22 1393
25 1394
18 1395
24 1396
25 1397
20 1398
18 1399
19 1400
11 1401
10 1402
12 1403
10 1404
8 1405
6 1406
2 1407
8 1408
5 1409
4 1410
3 1411
5 1412
2 1413
2 1414
1 1415
5 1416
3 1417
5 1418
1 1419
2 1420
1 1421
1 1422
3 1423
1 1425
1 1427
1 1428
2 1429
1 1430
1 1432
3 1433
2 1436
3 1437
1 1438
3 1439
1 1441
3 1443
1 1444
2 1445
2 1447
3 1448
2 1449
1 1450
1 1451
2 1452
2 1455
1 1457
3 1458
1 1459
2 1460
1 1462
2 1465
1 1467
2 1468
1 1475
1 1476
2 1478
1 1479
3 1480
1 1481
2 1482
2 1483
2 1485
1 1486
1 1488
1 1490
2 1493
2 1495
1 1497
1 1498
1 1499
1 1506
3 1508
2 1510
1 1512
1 1514
2 1515
1 1516
1 1522
1 1525
3 1526
2 1534
1 1538
1 1539
2 1542
1 1543
1 1544
1 1545
1 1547
2 1549
1 1550
2 1552
1 1555
1 1557
1 1558
2 1559
1 1560
1 1562
1 1564
1 1565
1 1566
1 1567
1 1570
2 1572
1 1573
1 1577
1 1578
2 1579
2 1580
2 1581
1 1582
2 1583
1 1586
1 1587
1 1588
3 1592
3 1593
2 1595
2 1597
1 1598
2 1600
2 1606
2 1610
1 1611
3 1612
2 1613
1 1615
2 1616
3 1620
1 1621
1 1627
1 1630
2 1631
4 1632
1 1634
1 1636
1 1637
2 1639
3 1640
1 1641
1 1642
1 1643
1 1645
1 1647
1 1648
2 1649
1 1650
2 1651
2 1652
1 1654
3 1655
1 1658
1 1659
2 1661
1 1662
1 1663
1 1665
1 1666
1 1668
3 1669
1 1670
3 1671
1 1673
1 1679
2 1680
2 1682
2 1683
2 1684
3 1686
1 1687
1 1690
1 1691
1 1692
1 1695
1 1696
1 1698
3 1700
1 1701
1 1704
1 1706
3 1708
1 1711
2 1713
1 1714
1 1715
1 1717
1 1718
1 1720
1 1722
1 1727
1 1728
2 1730
2 1732
2 1733
1 1734
2 1735
1 1739
2 1740
2 1741
1 1742
1 1744
1 1745
2 1750
2 1751
1 1752
1 1753
2 1754
2 1757
2 1761
1 1763
2 1767
1 1769
1 1771
1 1775
2 1778
2 1779
1 1783
1 1784
1 1786
2 1788
1 1789
1 1790
1 1793
1 1794
3 1795
2 1796
3 1797
1 1801
1 1804
1 1805
2 1808
1 1810
2 1811
2 1813
1 1814
2 1817
1 1818
1 1819
3 1821
1 1823
1 1824
1 1825
2 1826
1 1828
1 1829
3 1830
1 1831
3 1832
1 1833
1 1835
1 1837
3 1838
1 1840
1 1841
1 1842
1 1843
2 1844
1 1845
1 1846
3 1847
2 1848
1 1849
3 1851
1 1853
1 1855
1 1856
1 1861
2 1863
4 1865
1 1867
3 1868
1 1870
1 1872
1 1874
2 1876
1 1877
1 1879
2 1880
1 1886
1 1887
2 1889
1 1891
1 1894
1 1895
1 1897
2 1899
1 1901
1 1902
1 1905
1 1906
1 1907
1 1908
3 1909
1 1911
3 1913
3 1914
1 1915
1 1916
4 1917
2 1919
2 1920
3 1921
3 1922
2 1924
1 1925
4 1926
2 1928
2 1930
3 1931
1 1932
1 1933
4 1934
4 1935
1 1936
1 1937
7 1938
4 1939
5 1940
3 1941
2 1942
6 1944
2 1945
2 1947
1 1948
2 1949
1 1950
1 1951
2 1952
1 1953
1 1954
2 1955
3 1957
2 1958
3 1959
2 1960
1 1962
1 1965
1 1966
2 1969
2 1970
1 1972
1 1973
1 1976
2 1977
4 1978
1 1979
2 1980
3 1981
2 1982
1 1983
1 1984
3 1985
3 1986
1 1987
1 1988
3 1989
2 1990
1 1991
3 1992
1 1993
2 1994
3 1995
4 1996
3 1997
1 1998
2 1999
2 2000
3 2001
2 2002
3 2003
3 2004
1 2005
6 2006
4 2007
1 2008
3 2009
4 2011
2 2012
1 2013
3 2014
2 2016
2 2017
3 2018
4 2019
2 2020
3 2021
6 2022
3 2023
2 2024
4 2025
6 2026
3 2027
1 2028
2 2030
4 2031
4 2032
6 2033
3 2034
4 2035
4 2036
3 2037
4 2038
4 2040
3 2042
1 2043
2 2044
3 2045
1 2046
2 2048
2 2050
5 2052
2 2053
1 2054
1 2055
3 2056
1 2057
2 2058
1 2059
1 2060
2 2061
2 2062
1 2063
2 2064
1 2065
1 2066
1 2068
4 2069
1 2070
1 2071
4 2072
2 2074
2 2075
2 2076
2 2077
2 2078
2 2079
1 2080
2 2082
2 2083
1 2084
2 2085
2 2086
3 2087
1 2088
3 2089
1 2091
1 2095
1 2096
4 2097
2 2098
2 2099
1 2101
1 2103
1 2104
1 2107
1 2108
1 2109
1 2110
4 2113
2 2114
3 2115
1 2116
4 2117
1 2118
4 2119
2 2120
2 2121
2 2122
2 2123
2 2125
1 2126
1 2128
2 2129
3 2130
2 2131
2 2132
3 2133
2 2134
4 2135
3 2137
2 2138
2 2139
4 2140
3 2141
5 2142
3 2143
3 2144
4 2145
4 2146
7 2147
7 2148
6 2149
5 2150
8 2151
9 2152
6 2153
8 2154
3 2155
7 2156
3 2157
4 2159
5 2160
2 2161
2 2162
4 2163
5 2164
4 2165
3 2166
1 2167
4 2168
5 2169
2 2170
1 2171
7 2172
2 2174
4 2175
4 2176
4 2178
4 2179
1 2180
4 2181
5 2182
3 2183
2 2184
2 2185
2 2186
1 2187
1 2189
2 2190
1 2191
2 2194
1 2197
1 2198
1 2201
1 2202
3 2203
2 2204
2 2207
2 2209
1 2210
1 2211
1 2214
2 2215
1 2216
2 2217
2 2218
1 2219
3 2221
3 2222
4 2223
1 2227
1 2228
1 2229
2 2230
1 2232
2 2235
3 2236
2 2237
3 2238
1 2239
3 2240
1 2241
1 2242
1 2243
1 2244
2 2245
1 2246
1 2248
2 2250
1 2251
2 2252
2 2253
1 2254
2 2256
2 2257
1 2258
3 2259
3 2260
1 2261
1 2262
3 2264
2 2265
1 2266
1 2267
2 2268
1 2269
3 2270
3 2271
5 2272
2 2273
3 2274
3 2277
2 2278
2 2279
2 2280
4 2281
1 2282
2 2283
1 2284
1 2286
3 2287
2 2288
2 2289
4 2290
2 2291
3 2292
2 2293
2 2296
1 2297
2 2298
2 2299
2 2300
2 2301
3 2302
3 2303
2 2304
2 2305
5 2306
3 2307
4 2308
1 2309
1 2310
4 2311
3 2312
2 2313
2 2314
3 2315
1 2316
1 2318
4 2319
4 2320
3 2321
2 2322
1 2323
4 2325
2 2326
1 2327
2 2328
3 2329
5 2330
2 2331
2 2332
4 2333
1 2334
2 2335
3 2336
6 2337
1 2338
4 2339
1 2340
3 2341
5 2342
2 2343
5 2344
2 2345
3 2346
3 2347
3 2348
1 2349
3 2350
6 2351
6 2352
5 2353
4 2354
2 2355
6 2356
3 2357
4 2358
8 2359
3 2360
2 2361
9 2362
6 2363
8 2364
6 2365
1 2366
7 2367
3 2368
7 2369
8 2370
9 2371
9 2372
2 2373
8 2374
8 2375
7 2376
3 2377
3 2378
4 2379
5 2380
8 2381
3 2382
11 2383
10 2384
8 2385
5 2386
5 2387
10 2388
8 2389
9 2390
13 2391
4 2392
12 2393
13 2394
2 2395
13 2396
6 2397
12 2398
11 2399
3 2400
11 2401
6 2402
8 2403
9 2404
9 2405
12 2406
7 2407
7 2408
9 2409
12 2410
9 2411
15 2412
8 2413
10 2414
13 2415
14 2416
9 2417
15 2418
12 2419
7 2420
10 2421
7 2422
9 2423
10 2424
11 2425
10 2426
8 2427
7 2428
10 2429
13 2430
10 2431
4 2432
18 2433
12 2434
5 2435
6 2436
9 2437
8 2438
4 2439
3 2440
8 2441
5 2442
8 2443
12 2444
14 2445
8 2446
6 2447
6 2448
10 2449
6 2450
8 2451
11 2452
11 2453
10 2454
9 2455
5 2456
9 2457
13 2458
11 2459
12 2460
13 2461
13 2462
15 2463
13 2464
9 2465
13 2466
16 2467
11 2468
16 2469
20 2470
15 2471
17 2472
14 2473
9 2474
7 2475
26 2476
20 2477
22 2478
25 2479
17 2480
14 2481
17 2482
26 2483
23 2484
30 2485
25 2486
27 2487
28 2488
32 2489
25 2490
22 2491
21 2492
35 2493
22 2494
18 2495
19 2496
29 2497
29 2498
28 2499
23 2500
25 2501
19 2502
18 2503
27 2504
17 2505
25 2506
12 2507
19 2508
15 2509
14 2510
17 2511
17 2512
17 2513
11 2514
11 2515
14 2516
20 2517
7 2518
8 2519
2 2520
14 2521
9 2522
10 2523
6 2524
9 2525
7 2526
5 2527
5 2528
5 2529
5 2530
8 2531
7 2532
4 2533
7 2534
2 2535
4 2536
2 2537
7 2538
3 2539
6 2540
5 2541
4 2542
2 2543
5 2544
1 2545
1 2546
3 2547
3 2548
5 2549
2 2550
8 2551
5 2552
3 2553
4 2554
2 2555
3 2556
3 2557
3 2558
1 2559
5 2560
2 2561
2 2562
2 2563
4 2564
4 2565
2 2566
4 2567
1 2568
1 2569
1 2570
2 2571
2 2573
3 2574
4 2575
3 2576
3 2577
2 2578
3 2579
3 2580
1 2581
1 2582
1 2583
3 2584
1 2585
4 2586
1 2587
2 2588
4 2589
1 2591
1 2593
2 2594
3 2595
2 2596
3 2597
1 2598
2 2599
1 2600
2 2601
5 2602
1 2604
1 2607
3 2608
6 2609
2 2610
2 2611
2 2612
1 2615
3 2616
2 2617
3 2618
1 2619
1 2620
1 2621
2 2623
2 2624
2 2628
3 2630
2 2631
1 2632
3 2633
1 2634
1 2635
1 2637
1 2638
1 2639
2 2645
2 2648
2 2649
1 2650
1 2651
1 2652
1 2653
2 2654
2 2656
1 2659
1 2660
1 2661
2 2664
1 2665
1 2666
1 2667
3 2668
3 2669
1 2670
1 2674
1 2675
1 2676
2 2677
5 2678
2 2679
6 2680
2 2681
1 2682
4 2683
1 2684
3 2685
2 2686
3 2687
1 2688
2 2689
1 2690
1 2691
4 2692
2 2693
3 2694
2 2695
2 2696
1 2697
7 2698
2 2699
3 2700
2 2701
4 2702
2 2703
5 2704
1 2705
2 2706
3 2707
5 2708
5 2709
2 2710
4 2711
7 2712
4 2713
6 2714
10 2715
6 2716
8 2717
5 2718
7 2719
1 2720
4 2721
7 2722
2 2723
5 2724
5 2725
4 2726
4 2727
2 2728
7 2729
7 2730
4 2731
3 2732
3 2733
4 2734
1 2735
4 2737
5 2738
1 2739
3 2740
2 2741
5 2742
5 2743
2 2744
1 2745
5 2746
2 2747
2 2749
1 2750
4 2751
3 2752
3 2753
2 2754
2 2755
1 2757
2 2758
4 2759
1 2760
1 2761
1 2762
1 2763
5 2765
1 2767
3 2771
1 2772
3 2774
1 2776
3 2777
2 2778
3 2780
2 2782
2 2783
3 2785
2 2786
2 2789
1 2790
1 2792
3 2793
1 2794
2 2795
1 2796
1 2798
1 2799
1 2801
2 2804
1 2805
2 2806
4 2808
2 2809
1 2810
3 2811
1 2812
1 2813
1 2815
2 2818
1 2819
1 2820
2 2821
2 2823
1 2824
2 2825
2 2826
1 2827
2 2829
1 2830
2 2831
1 2832
1 2833
1 2837
1 2839
1 2840
1 2841
2 2842
1 2843
1 2844
2 2845
1 2846
1 2847
2 2848
1 2851
3 2853
1 2855
1 2857
2 2863
1 2867
1 2869
1 2870
1 2871
1 2890
1 2894
1 2902
1 2912
1 2915
1 2919
1 2920
2 2924
1 2955
1 2956
1 2957
1 2969
1 2972
1 2973
1 2976
1 2979
1 2992
1 2993
2 2996
1 3002
2 3004
1 3010
2 3011
2 3014
1 3022
1 3023
1 3024
1 3025
1 3028
1 3030
1 3031
2 3037
1 3039
1 3044
1 3050
1 3053
2 3055
1 3056
1 3058
1 3062
1 3064
1 3066
1 3080
2 3086
1 3087
1 3089
1 3092
1 3093
1 3094
2 3096
1 3097
1 3099
1 3101
1 3102
1 3103
1 3105
1 3106
1 3107
4 3108
1 3110
1 3113
1 3118
1 3119
1 3120
2 3122
1 3123
1 3125
1 3126
2 3128
2 3129
1 3132
1 3133
1 3134
1 3135
2 3137
3 3138
3 3139
2 3140
1 3141
1 3142
1 3144
1 3145
2 3146
1 3147
3 3149
1 3152
1 3153
2 3156
1 3159
1 3160
1 3161
3 3162
2 3165
1 3166
1 3167
1 3170
1 3173
2 3182
1 3186
1 3188
1 3189
2 3191
1 3193
1 3208
1 3337
1 3435
1 3493
1 3556
1 3728
1 3752
1 3853
1 3859
1 3888
1 3924
1 4007
1 4035
1 4074
1 4159
1 4191
1 4198
1 4215
1 4518
1 4529
1 4824
