1 3
1 5
1 6
1 9
1 14
1 15
2 21
1 22
1 23
2 24
2 25
1 29
1 30
1 31
2 33
1 36
1 37
1 39
1 41
1 46
1 47
3 49
1 50
1 52
1 54
1 55
2 57
2 58
1 59
2 60
1 62
1 63
1 64
1 66
1 68
1 69
3 70
1 71
1 75
1 78
3 79
1 80
4 86
1 89
3 90
1 91
1 94
3 95
1 96
1 97
1 98
2 99
2 101
4 102
2 104
3 105
1 106
7 107
6 108
1 109
3 110
1 112
1 115
1 117
1 118
3 119
2 120
3 121
1 122
2 123
1 124
1 125
2 126
1 127
1 128
2 130
5 131
2 133
2 134
2 135
1 136
4 137
2 138
3 139
4 140
1 141
8 142
9 143
8 144
6 145
3 146
1 147
5 148
1 150
3 151
2 152
2 153
1 154
4 155
2 156
1 157
2 158
2 159
3 160
1 162
1 163
3 164
3 165
3 166
2 167
2 168
3 169
2 170
3 171
3 172
1 173
4 174
3 176
3 177
1 178
3 180
1 181
4 182
2 184
6 185
2 186
2 187
4 188
4 189
5 190
3 191
1 192
4 193
2 194
5 195
3 196
7 197
2 198
4 199
5 200
4 201
9 202
5 203
6 204
4 205
4 206
4 207
2 208
5 209
2 210
1 211
4 212
2 213
2 214
3 215
2 216
1 217
4 218
7 219
3 220
2 221
4 222
4 223
4 224
4 225
4 226
2 227
5 228
4 229
8 230
7 231
15 232
8 233
14 234
10 235
14 236
20 237
17 238
21 239
27 240
27 241
29 242
18 243
33 244
29 245
29 246
31 247
33 248
34 249
33 250
23 251
25 252
21 253
29 254
22 255
20 256
16 257
21 258
22 259
15 260
20 261
12 262
12 263
9 264
2 265
13 266
7 267
2 268
6 269
6 270
5 271
2 272
3 273
2 274
1 275
4 276
1 277
2 278
3 279
5 280
1 281
5 282
2 283
6 284
3 285
2 286
2 287
3 288
4 289
3 290
2 291
3 292
3 293
2 294
2 295
3 296
6 297
9 298
1 299
1 300
2 301
4 302
2 303
4 304
5 305
2 306
2 307
4 308
5 309
4 310
3 311
7 312
8 313
3 314
4 315
1 316
10 317
7 318
3 319
4 320
3 321
6 322
6 323
6 324
7 325
5 326
5 327
5 328
7 329
8 330
5 331
6 332
3 333
5 334
9 335
6 336
8 337
4 338
5 339
9 340
5 341
14 342
7 343
6 344
12 345
13 346
4 347
12 348
10 349
11 350
13 351
8 352
21 353
10 354
14 355
12 356
19 357
9 358
10 359
10 360
16 361
12 362
12 363
12 364
5 365
9 366
13 367
6 368
12 369
14 370
15 371
4 372
5 373
6 374
7 375
7 376
5 377
9 378
4 379
10 380
5 381
10 382
8 383
10 384
8 385
9 386
9 387
5 388
7 389
6 390
9 391
7 392
8 393
5 394
6 395
10 396
11 397
19 398
8 399
20 400
8 401
16 402
20 403
13 404
13 405
16 406
18 407
11 408
14 409
17 410
23 411
18 412
21 413
23 414
21 415
29 416
24 417
29 418
34 419
26 420
37 421
32 422
40 423
35 424
37 425
38 426
53 427
63 428
63 429
54 430
58 431
73 432
60 433
66 434
76 435
63 436
68 437
56 438
53 439
44 440
51 441
46 442
38 443
31 444
25 445
16 446
21 447
28 448
8 449
13 450
14 451
7 452
10 453
9 454
5 455
6 456
7 457
4 458
5 459
4 460
3 461
4 462
3 463
5 464
6 465
9 466
3 467
5 468
7 469
4 470
5 471
2 472
1 473
5 474
1 475
3 476
3 477
3 478
3 479
3 480
4 481
1 482
1 483
5 484
2 485
2 486
4 487
3 488
6 489
4 490
4 491
3 492
3 493
3 494
3 495
5 496
8 497
7 498
1 499
8 500
4 501
4 502
6 503
6 504
5 505
6 506
3 507
7 508
5 509
3 510
2 511
4 512
3 513
2 514
1 515
4 516
3 517
5 518
5 519
5 520
1 521
5 522
4 523
4 524
3 525
1 526
3 527
1 528
8 529
9 530
2 531
5 532
4 533
1 534
1 535
4 536
3 537
7 538
5 539
5 540
2 541
2 542
2 543
1 544
3 545
3 546
2 547
2 548
6 549
3 550
3 551
4 552
4 553
1 554
4 556
4 557
4 558
2 559
5 560
3 561
5 562
5 563
5 564
2 565
4 566
6 567
3 568
5 569
6 570
5 571
7 572
4 573
3 574
4 575
8 576
7 577
7 578
10 579
4 580
3 581
2 582
6 583
7 584
2 585
7 586
2 587
7 588
4 589
9 590
4 591
6 592
3 593
4 594
7 595
2 596
5 597
5 598
5 599
5 600
4 601
2 602
4 603
1 604
3 605
10 606
5 607
3 608
3 609
4 610
3 611
4 612
6 613
7 614
7 615
6 616
7 617
5 618
7 619
5 620
4 621
8 622
7 623
1 624
9 625
10 626
6 627
4 628
7 629
10 630
5 631
7 632
5 633
12 634
7 635
6 636
12 637
3 638
6 639
5 640
5 641
7 642
7 643
6 644
5 645
10 646
13 647
9 648
7 649
9 650
6 651
11 652
6 653
7 654
9 655
20 656
11 657
19 658
16 659
11 660
19 661
19 662
21 663
28 664
21 665
14 666
19 667
24 668
27 669
20 670
30 671
19 672
42 673
38 674
33 675
48 676
39 677
40 678
34 679
44 680
45 681
58 682
45 683
40 684
40 685
38 686
38 687
38 688
28 689
38 690
40 691
27 692
23 693
24 694
24 695
10 696
19 697
14 698
15 699
11 700
18 701
15 702
13 703
9 704
15 705
6 706
8 707
6 708
5 709
15 710
7 711
6 712
12 713
10 714
9 715
7 716
10 717
7 718
8 719
13 720
12 721
12 722
13 723
12 724
11 725
10 726
11 727
17 728
11 729
13 730
19 731
20 732
18 733
27 734
18 735
15 736
33 737
28 738
31 739
26 740
27 741
41 742
29 743
28 744
22 745
31 746
30 747
27 748
32 749
27 750
31 751
35 752
26 753
21 754
36 755
19 756
22 757
20 758
18 759
25 760
17 761
20 762
21 763
20 764
19 765
19 766
17 767
18 768
24 769
25 770
24 771
20 772
20 773
16 774
28 775
18 776
22 777
12 778
18 779
10 780
14 781
17 782
9 783
12 784
12 785
15 786
10 787
6 788
10 789
6 790
8 791
13 792
4 793
11 794
3 795
2 796
5 797
5 798
5 799
7 800
7 801
6 802
7 803
6 804
5 805
6 806
7 807
7 808
8 809
6 810
5 811
9 812
5 813
6 814
12 815
4 816
3 817
5 818
5 819
6 820
10 821
7 822
8 823
9 824
6 825
7 826
2 827
6 828
2 829
6 830
1 831
6 832
6 833
3 834
2 835
8 836
4 837
7 838
3 839
2 840
4 841
8 842
8 843
8 844
5 845
6 846
7 847
4 848
4 849
8 850
7 851
10 852
5 853
6 854
8 855
8 856
9 857
8 858
6 859
13 860
12 861
12 862
12 863
14 864
9 865
16 866
6 867
15 868
17 869
11 870
8 871
19 872
10 873
17 874
20 875
21 876
7 877
13 878
16 879
19 880
13 881
12 882
15 883
15 884
12 885
8 886
10 887
16 888
12 889
13 890
14 891
16 892
14 893
16 894
21 895
14 896
11 897
19 898
19 899
8 900
22 901
18 902
14 903
14 904
11 905
15 906
9 907
16 908
19 909
19 910
10 911
8 912
19 913
21 914
16 915
21 916
20 917
25 918
15 919
9 920
22 921
17 922
21 923
23 924
9 925
12 926
11 927
13 928
14 929
13 930
11 931
12 932
18 933
18 934
15 935
21 936
22 937
23 938
22 939
29 940
25 941
38 942
27 943
32 944
42 945
41 946
34 947
40 948
54 949
40 950
48 951
61 952
56 953
49 954
60 955
56 956
79 957
73 958
69 959
82 960
84 961
86 962
75 963
93 964
100 965
94 966
90 967
73 968
86 969
76 970
68 971
76 972
82 973
61 974
54 975
46 976
48 977
58 978
48 979
35 980
32 981
29 982
34 983
31 984
26 985
31 986
17 987
22 988
16 989
12 990
17 991
14 992
15 993
15 994
14 995
13 996
14 997
19 998
11 999
10 1000
21 1001
16 1002
23 1003
17 1004
19 1005
17 1006
14 1007
24 1008
32 1009
26 1010
26 1011
31 1012
28 1013
35 1014
36 1015
36 1016
36 1017
25 1018
43 1019
42 1020
43 1021
53 1022
43 1023
51 1024
52 1025
35 1026
49 1027
55 1028
55 1029
60 1030
59 1031
46 1032
42 1033
47 1034
37 1035
44 1036
22 1037
29 1038
28 1039
26 1040
24 1041
27 1042
21 1043
11 1044
25 1045
22 1046
12 1047
13 1048
13 1049
9 1050
7 1051
9 1052
7 1053
7 1054
3 1055
6 1056
2 1057
6 1058
5 1059
6 1060
9 1061
5 1062
4 1063
4 1064
6 1065
8 1066
3 1067
4 1068
5 1069
3 1070
5 1071
3 1072
7 1073
5 1074
5 1075
6 1076
6 1077
8 1078
7 1079
5 1080
5 1081
8 1082
7 1083
3 1084
4 1086
2 1087
2 1088
5 1089
6 1090
8 1091
3 1092
4 1093
4 1094
11 1095
3 1096
5 1097
1 1098
1 1099
1 1100
5 1101
4 1102
4 1103
9 1104
2 1105
7 1106
4 1107
10 1108
8 1109
5 1110
11 1111
4 1112
5 1113
14 1114
9 1115
9 1116
14 1117
7 1118
11 1119
12 1120
12 1121
13 1122
10 1123
11 1124
14 1125
9 1126
14 1127
12 1128
6 1129
13 1130
17 1131
9 1132
10 1133
9 1134
9 1135
8 1136
16 1137
12 1138
11 1139
19 1140
14 1141
17 1142
14 1143
17 1144
8 1145
16 1146
18 1147
13 1148
8 1149
20 1150
10 1151
12 1152
19 1153
27 1154
17 1155
22 1156
22 1157
27 1158
22 1159
20 1160
21 1161
24 1162
19 1163
29 1164
19 1165
30 1166
17 1167
19 1168
22 1169
19 1170
22 1171
14 1172
15 1173
21 1174
23 1175
9 1176
19 1177
17 1178
8 1179
17 1180
14 1181
13 1182
12 1183
12 1184
10 1185
6 1186
9 1187
10 1188
9 1189
6 1190
9 1191
12 1192
11 1193
14 1194
10 1195
11 1196
9 1197
8 1198
12 1199
9 1200
11 1201
8 1202
7 1203
15 1204
10 1205
14 1206
7 1207
10 1208
6 1209
5 1210
7 1211
9 1212
13 1213
8 1214
4 1215
11 1216
8 1217
8 1218
10 1219
9 1220
12 1221
5 1222
7 1223
13 1224
6 1225
5 1226
6 1227
4 1228
8 1229
7 1230
8 1231
7 1232
8 1233
11 1234
10 1235
13 1236
7 1237
11 1238
9 1239
10 1240
12 1241
11 1242
17 1243
10 1244
11 1245
14 1246
10 1247
13 1248
7 1249
11 1250
14 1251
13 1252
12 1253
14 1254
10 1255
9 1256
11 1257
16 1258
12 1259
9 1260
19 1261
16 1262
14 1263
9 1264
20 1265
18 1266
19 1267
20 1268
20 1269
21 1270
25 1271
27 1272
34 1273
23 1274
20 1275
36 1276
27 1277
29 1278
39 1279
38 1280
47 1281
31 1282
32 1283
41 1284
44 1285
44 1286
45 1287
45 1288
47 1289
41 1290
54 1291
49 1292
34 1293
44 1294
53 1295
55 1296
37 1297
41 1298
51 1299
56 1300
56 1301
57 1302
47 1303
44 1304
49 1305
52 1306
54 1307
46 1308
51 1309
39 1310
39 1311
32 1312
36 1313
42 1314
39 1315
34 1316
35 1317
29 1318
25 1319
17 1320
30 1321
23 1322
25 1323
23 1324
24 1325
32 1326
27 1327
27 1328
33 1329
25 1330
27 1331
38 1332
35 1333
41 1334
30 1335
32 1336
45 1337
32 1338
40 1339
39 1340
46 1341
37 1342
40 1343
60 1344
44 1345
38 1346
40 1347
56 1348
38 1349
48 1350
46 1351
38 1352
50 1353
46 1354
42 1355
45 1356
48 1357
47 1358
26 1359
42 1360
44 1361
40 1362
29 1363
31 1364
26 1365
31 1366
36 1367
36 1368
33 1369
22 1370
30 1371
42 1372
25 1373
26 1374
31 1375
25 1376
21 1377
24 1378
26 1379
21 1380
18 1381
23 1382
24 1383
19 1384
26 1385
16 1386
39 1387
19 1388
25 1389
23 1390
40 1391
25 1392
30 1393
21 1394
21 1395
31 1396
22 1397
30 1398
28 1399
27 1400
37 1401
38 1402
31 1403
42 1404
33 1405
47 1406
48 1407
48 1408
61 1409
61 1410
57 1411
66 1412
76 1413
67 1414
74 1415
66 1416
82 1417
85 1418
96 1419
91 1420
90 1421
84 1422
96 1423
90 1424
108 1425
107 1426
129 1427
115 1428
102 1429
116 1430
132 1431
105 1432
116 1433
98 1434
113 1435
111 1436
93 1437
99 1438
90 1439
87 1440
72 1441
84 1442
73 1443
60 1444
71 1445
58 1446
50 1447
46 1448
43 1449
44 1450
26 1451
40 1452
28 1453
23 1454
27 1455
23 1456
21 1457
16 1458
17 1459
8 1460
12 1461
10 1462
9 1463
8 1464
8 1465
10 1466
3 1467
3 1468
5 1469
1 1470
1 1471
4 1472
2 1473
4 1474
2 1475
3 1476
3 1477
2 1478
2 1480
1 1482
1 1484
1 1488
1 1489
2 1490
1 1492
1 1495
1 1498
1 1499
1 1500
3 1503
1 1504
1 1505
2 1506
1 1508
1 1510
1 1512
2 1513
4 1515
1 1519
2 1522
1 1523
2 1525
1 1526
1 1527
1 1531
2 1532
1 1535
1 1536
1 1539
3 1540
1 1541
1 1542
3 1543
1 1545
2 1546
4 1548
1 1549
3 1550
2 1551
1 1552
1 1553
2 1554
3 1556
1 1557
2 1558
2 1559
3 1560
1 1562
1 1564
1 1565
1 1568
2 1573
1 1575
1 1577
1 1578
3 1582
2 1583
2 1586
2 1587
1 1588
2 1589
1 1592
1 1593
1 1594
2 1598
1 1599
1 1601
1 1602
1 1604
1 1605
1 1606
1 1608
1 1609
1 1614
1 1615
1 1616
1 1617
1 1618
1 1619
2 1621
1 1625
1 1629
1 1631
1 1632
1 1635
1 1636
1 1637
1 1638
1 1640
1 1643
1 1644
1 1645
1 1651
1 1652
2 1653
1 1654
1 1655
1 1657
1 1662
2 1664
1 1666
1 1669
1 1670
1 1677
1 1678
1 1680
1 1683
1 1685
1 1686
1 1687
1 1694
1 1699
1 1700
2 1702
2 1703
1 1705
1 1706
1 1708
1 1710
1 1711
1 1714
1 1716
1 1717
3 1719
2 1720
2 1722
1 1723
1 1724
4 1725
4 1727
2 1728
3 1729
1 1730
1 1732
2 1733
2 1734
1 1735
2 1736
2 1739
1 1741
1 1744
1 1745
1 1747
3 1748
1 1749
1 1752
2 1753
1 1754
2 1755
1 1756
1 1757
1 1759
1 1760
1 1761
1 1762
1 1763
2 1766
2 1767
1 1768
2 1769
1 1771
1 1772
1 1773
1 1774
1 1775
2 1776
2 1777
1 1781
3 1783
2 1784
2 1785
2 1786
1 1791
4 1792
1 1793
1 1794
1 1795
1 1796
3 1797
1 1798
1 1800
1 1801
1 1802
1 1803
1 1806
1 1807
1 1808
2 1809
1 1810
2 1811
2 1814
1 1816
2 1817
1 1819
1 1822
2 1823
1 1824
1 1825
2 1826
4 1828
1 1829
1 1831
1 1832
1 1833
1 1834
3 1835
2 1836
1 1837
3 1838
3 1839
3 1843
2 1845
4 1846
3 1847
3 1848
1 1850
2 1851
1 1852
4 1853
1 1854
2 1857
4 1858
1 1859
2 1860
3 1861
1 1862
2 1863
1 1864
2 1866
4 1869
1 1873
2 1874
1 1875
1 1876
1 1877
3 1878
2 1879
5 1880
7 1881
3 1882
4 1883
1 1884
2 1885
1 1886
2 1887
2 1888
2 1889
3 1890
4 1891
1 1892
2 1893
3 1894
1 1895
5 1897
4 1898
4 1899
3 1900
1 1901
3 1902
3 1903
5 1904
3 1905
1 1906
3 1907
5 1908
5 1909
2 1910
2 1911
2 1912
2 1913
2 1914
5 1915
3 1916
4 1917
1 1918
3 1919
3 1920
1 1921
3 1922
3 1923
1 1924
1 1925
3 1926
2 1927
2 1928
2 1929
2 1931
1 1932
4 1933
2 1935
3 1936
3 1937
1 1938
1 1940
1 1941
3 1942
2 1944
1 1945
3 1946
3 1947
1 1948
1 1949
2 1950
4 1951
3 1955
5 1956
4 1957
2 1958
1 1959
1 1960
3 1961
2 1962
5 1963
3 1965
2 1966
2 1967
3 1968
5 1969
2 1970
1 1971
3 1972
2 1973
2 1974
3 1975
3 1976
2 1977
1 1978
1 1979
3 1980
5 1981
2 1982
2 1983
2 1984
3 1985
1 1986
3 1987
4 1988
2 1989
2 1990
4 1991
6 1992
5 1993
4 1995
1 1996
2 1997
1 1998
4 1999
1 2000
6 2001
1 2002
1 2003
5 2004
2 2005
7 2006
4 2007
3 2008
2 2009
2 2010
4 2011
6 2012
4 2013
4 2014
6 2015
8 2016
3 2017
5 2018
3 2019
3 2020
7 2021
2 2022
9 2024
5 2025
3 2026
5 2027
3 2028
3 2029
2 2030
6 2031
7 2032
2 2033
3 2034
4 2035
4 2036
6 2037
7 2038
5 2039
8 2040
8 2041
5 2042
7 2043
2 2044
3 2045
7 2046
7 2047
7 2048
5 2049
4 2050
4 2051
3 2052
14 2053
8 2054
7 2055
2 2056
5 2057
3 2058
9 2059
12 2060
5 2061
8 2062
7 2063
9 2064
6 2065
8 2066
14 2067
17 2068
11 2069
10 2070
21 2071
14 2072
11 2073
14 2074
14 2075
12 2076
16 2077
12 2078
12 2079
13 2080
18 2081
19 2082
23 2083
16 2084
17 2085
20 2086
18 2087
13 2088
14 2089
11 2090
12 2091
11 2092
18 2093
21 2094
16 2095
17 2096
11 2097
7 2098
14 2099
12 2100
17 2101
12 2102
9 2103
8 2104
7 2105
4 2106
8 2107
5 2108
10 2109
4 2110
8 2111
5 2112
1 2113
6 2114
2 2115
6 2116
3 2117
3 2118
5 2119
3 2120
2 2121
1 2122
2 2123
1 2124
1 2125
3 2126
1 2127
1 2130
3 2131
1 2134
1 2135
1 2139
2 2141
1 2143
1 2145
1 2146
1 2147
2 2149
1 2150
1 2151
1 2152
2 2153
1 2154
2 2156
1 2161
1 2162
2 2163
3 2165
1 2167
1 2169
1 2170
2 2172
1 2174
1 2175
1 2178
1 2180
1 2181
1 2182
2 2183
1 2189
1 2190
1 2191
1 2195
1 2199
1 2201
1 2202
1 2206
1 2218
1 2225
1 2232
1 2235
1 2249
1 2254
1 2255
1 2258
1 2262
1 2270
1 2277
1 2278
2 2291
1 2299
1 2315
1 2330
1 2335
1 2336
2 2341
1 2360
1 2361
1 2364
1 2373
1 2377
1 2389
1 2390
1 2404
1 2405
1 2412
1 2417
1 2429
1 2434
1 2437
1 2438
1 2448
1 2456
1 2466
1 2469
1 2474
1 2500
1 2518
1 2529
1 2536
1 2545
1 2557
1 2567
1 2578
1 2581
1 2583
1 2586
1 2595
1 2609
1 2616
2 2625
1 2650
1 2681
2 2708
1 2714
1 2737
1 2744
1 2755
1 2789
1 2806
1 2834
1 2837
1 2848
1 2851
1 2862
1 2865
1 2867
1 2868
1 2871
1 2874
1 2877
1 2888
2 2889
1 2895
3 2898
3 2902
2 2903
1 2905
1 2906
2 2909
1 2911
1 2912
3 2914
1 2915
2 2916
1 2917
1 2920
1 2923
1 2925
1 2926
1 2928
1 2932
2 2933
1 2935
1 2941
1 2952
1 2957
1 2960
1 2969
1 2973
1 2989
1 3018
1 3025
1 3061
1 3068
1 3069
1 3070
1 3130
1 3137
2 3140
1 3159
1 3209
1 3303
1 3322
1 3355
1 3368
1 3411
1 3463
1 3493
1 3529
1 3633
1 3665
1 3704
1 3893
1 3924
1 4098
1 4114
1 4385
1 4440
1 4734
