1 2
1 5
2 6
1 9
1 14
1 16
1 18
2 20
1 21
2 23
1 24
2 25
2 26
2 27
1 29
1 34
2 35
1 39
2 40
4 41
2 47
3 48
2 49
2 50
1 51
2 52
1 53
2 54
1 55
2 56
1 57
2 58
2 59
1 60
1 61
2 62
2 63
2 66
2 67
2 68
1 69
1 70
3 73
1 74
1 75
1 77
1 78
3 79
2 80
1 81
1 82
3 84
1 85
1 86
6 87
3 88
2 89
2 90
1 91
4 92
4 93
2 94
1 95
2 96
3 97
1 98
1 99
2 100
2 102
2 103
1 104
2 105
4 106
5 107
7 108
2 109
3 110
2 111
7 112
4 113
5 114
5 115
9 116
7 117
7 118
5 119
6 120
3 121
5 122
5 123
1 124
1 125
2 126
1 127
4 128
4 129
3 130
1 131
1 132
1 133
1 134
2 135
5 136
1 137
1 138
2 139
3 140
4 141
2 142
4 143
5 144
4 145
4 146
1 147
5 148
5 149
3 150
5 151
3 152
1 153
5 154
2 155
4 156
3 157
1 158
2 159
3 161
3 162
1 163
1 164
4 165
4 166
1 168
3 169
2 170
4 171
5 172
2 173
3 174
4 175
1 177
2 178
2 179
3 180
5 181
2 182
5 183
7 184
5 185
6 186
10 187
6 188
6 189
12 190
6 191
7 192
4 193
8 194
7 195
6 196
6 197
6 198
9 199
6 200
5 201
6 202
5 203
14 204
14 205
15 206
18 207
10 208
18 209
18 210
29 211
21 212
19 213
26 214
20 215
21 216
28 217
29 218
19 219
29 220
43 221
42 222
45 223
50 224
45 225
47 226
80 227
101 228
77 229
93 230
112 231
113 232
133 233
146 234
119 235
104 236
105 237
84 238
62 239
53 240
55 241
46 242
31 243
33 244
14 245
31 246
14 247
27 248
41 249
38 250
37 251
45 252
50 253
46 254
69 255
67 256
37 257
49 258
56 259
38 260
30 261
37 262
28 263
18 264
16 265
7 266
9 267
10 268
13 269
8 270
7 271
7 272
9 273
4 274
6 275
10 276
6 277
13 278
3 279
4 280
3 281
10 282
6 283
6 284
6 285
5 286
5 287
7 288
4 289
6 290
12 291
5 292
10 293
5 294
7 295
7 296
7 297
8 298
3 299
6 300
3 301
7 302
8 303
10 304
12 305
13 306
12 307
15 308
13 309
8 310
8 311
14 312
15 313
10 314
17 315
12 316
14 317
15 318
22 319
21 320
23 321
20 322
14 323
10 324
20 325
14 326
27 327
18 328
24 329
28 330
19 331
34 332
36 333
30 334
31 335
25 336
29 337
18 338
27 339
26 340
20 341
18 342
41 343
23 344
30 345
17 346
24 347
19 348
28 349
28 350
28 351
21 352
38 353
26 354
41 355
39 356
48 357
59 358
65 359
76 360
86 361
109 362
118 363
136 364
141 365
154 366
175 367
159 368
177 369
169 370
168 371
139 372
154 373
119 374
92 375
89 376
73 377
55 378
43 379
36 380
30 381
28 382
37 383
17 384
27 385
21 386
23 387
17 388
16 389
11 390
12 391
12 392
10 393
10 394
4 395
9 396
3 397
8 398
3 399
5 400
8 401
6 402
9 403
7 404
15 405
16 406
8 407
10 408
12 409
12 410
20 411
20 412
16 413
28 414
29 415
21 416
27 417
25 418
17 419
37 420
30 421
37 422
33 423
38 424
45 425
29 426
43 427
47 428
37 429
47 430
39 431
34 432
40 433
45 434
42 435
31 436
38 437
28 438
33 439
16 440
28 441
27 442
15 443
19 444
13 445
8 446
10 447
7 448
13 449
7 450
11 451
9 452
4 453
6 454
2 455
3 456
8 457
4 458
6 459
6 460
6 461
6 462
4 463
1 464
2 465
2 466
2 467
3 468
3 469
4 470
3 471
4 472
4 473
4 474
3 475
7 476
6 477
9 478
3 479
5 480
3 481
9 482
5 483
6 484
2 485
6 486
4 487
5 488
4 489
4 490
7 491
4 492
4 493
6 494
4 495
3 496
6 497
6 498
3 499
5 500
2 501
8 502
7 503
9 504
7 505
8 506
7 507
6 508
8 509
6 510
12 511
14 512
16 513
15 514
13 515
13 516
16 517
29 518
14 519
32 520
25 521
33 522
25 523
31 524
37 525
45 526
43 527
50 528
53 529
59 530
53 531
65 532
62 533
64 534
64 535
67 536
68 537
73 538
60 539
68 540
72 541
65 542
64 543
39 544
47 545
45 546
26 547
28 548
27 549
20 550
20 551
16 552
9 553
9 554
6 555
11 556
6 557
10 558
6 559
8 560
11 561
4 562
2 563
1 564
7 565
6 566
8 567
6 568
7 569
1 570
8 571
2 572
3 573
3 574
6 575
6 576
6 577
3 578
5 579
4 581
2 582
7 583
4 584
3 585
3 586
5 587
1 588
2 589
4 590
4 592
4 594
4 595
1 596
4 597
3 598
2 599
2 600
3 602
5 603
3 604
2 605
3 606
1 607
1 608
2 609
2 610
3 611
3 612
1 614
2 615
3 616
3 617
3 618
4 619
1 620
4 621
4 622
1 623
2 624
2 625
3 626
2 627
2 628
6 629
2 630
2 631
3 632
3 633
4 634
3 635
2 636
4 637
2 638
4 639
2 640
6 641
7 642
6 643
4 644
5 645
6 646
4 647
12 648
2 649
5 650
8 651
5 652
5 653
5 654
5 655
7 656
5 657
5 658
7 659
13 660
9 661
8 662
10 663
14 664
12 665
4 666
4 667
7 668
6 669
5 670
3 671
6 672
3 673
3 674
5 675
5 676
3 677
4 678
4 679
5 680
10 681
6 682
2 683
2 684
6 685
1 686
5 687
2 688
6 689
6 690
3 691
3 692
4 693
3 694
3 695
1 696
2 697
3 698
1 699
2 700
1 701
3 702
5 703
3 704
1 705
1 706
2 707
1 709
7 711
4 712
3 713
2 714
3 715
1 718
1 719
3 720
5 721
4 722
2 723
1 724
2 725
3 726
3 727
2 729
1 730
2 731
1 732
1 733
4 734
3 735
3 736
4 737
5 738
7 739
4 740
4 741
2 742
4 743
1 744
6 745
3 746
4 747
4 748
1 749
6 750
4 751
4 752
4 753
6 754
8 755
4 756
5 757
1 758
3 759
9 760
4 761
5 762
3 763
7 764
1 765
5 766
5 767
4 768
4 769
2 770
2 771
4 772
2 774
3 775
3 776
2 777
3 779
3 780
2 781
2 782
2 783
3 784
6 785
3 786
2 787
1 788
2 789
3 790
2 791
1 792
2 793
3 794
3 795
1 796
1 797
2 798
2 800
1 801
2 802
4 803
2 804
4 805
1 807
2 808
2 810
1 811
1 812
1 813
5 814
2 815
6 816
2 817
4 818
1 819
6 820
2 821
1 822
3 823
5 824
5 825
5 826
4 827
4 828
7 829
4 830
3 831
7 832
8 833
9 834
5 835
5 836
7 837
6 838
3 839
1 840
4 841
7 842
5 843
3 844
2 845
5 846
4 847
4 848
5 849
2 850
5 851
5 852
2 853
3 854
2 855
1 856
3 857
1 858
4 859
3 860
4 861
3 862
3 863
3 864
2 865
1 866
1 867
4 868
1 869
6 870
5 871
1 872
5 873
3 874
2 875
1 876
2 877
3 878
5 879
2 880
2 881
1 882
3 883
3 884
1 885
3 886
5 887
2 889
1 890
1 891
3 892
3 893
3 894
4 895
6 896
6 898
4 899
3 900
1 901
1 902
4 903
8 904
3 905
3 906
2 907
2 908
1 909
7 910
2 911
3 912
4 913
2 914
6 915
4 916
5 917
4 918
3 919
1 920
5 921
3 922
8 923
2 924
4 925
1 926
5 927
4 928
6 929
3 930
5 931
5 932
3 933
2 934
8 935
4 936
2 937
6 938
3 939
5 940
3 941
7 942
7 943
4 944
3 945
9 946
6 947
7 948
13 949
6 950
6 951
4 952
15 953
6 954
5 955
8 956
12 957
10 958
8 959
6 960
8 961
6 962
7 963
9 964
6 965
7 966
8 967
1 968
5 969
5 970
7 971
5 972
5 973
4 974
5 975
8 976
5 977
5 978
6 979
3 980
5 981
4 982
5 983
6 984
4 985
5 986
3 987
4 988
11 989
8 990
9 991
4 992
7 993
10 994
7 995
5 996
9 997
4 998
10 999
9 1000
7 1001
11 1002
10 1003
6 1004
5 1005
7 1006
10 1007
8 1008
11 1009
9 1010
11 1011
9 1012
14 1013
13 1014
17 1015
9 1016
14 1017
10 1018
9 1019
15 1020
14 1021
10 1022
12 1023
7 1024
14 1025
15 1026
17 1027
17 1028
9 1029
18 1030
23 1031
17 1032
23 1033
21 1034
22 1035
19 1036
19 1037
27 1038
32 1039
29 1040
39 1041
24 1042
50 1043
33 1044
29 1045
61 1046
40 1047
37 1048
33 1049
45 1050
40 1051
56 1052
52 1053
55 1054
62 1055
47 1056
55 1057
58 1058
55 1059
56 1060
51 1061
68 1062
44 1063
41 1064
46 1065
58 1066
62 1067
52 1068
48 1069
49 1070
44 1071
44 1072
48 1073
48 1074
59 1075
55 1076
50 1077
63 1078
84 1079
70 1080
67 1081
77 1082
89 1083
76 1084
100 1085
94 1086
114 1087
93 1088
117 1089
124 1090
154 1091
139 1092
147 1093
155 1094
155 1095
172 1096
185 1097
176 1098
187 1099
187 1100
156 1101
154 1102
165 1103
160 1104
146 1105
142 1106
129 1107
112 1108
108 1109
119 1110
118 1111
75 1112
79 1113
72 1114
72 1115
63 1116
60 1117
51 1118
45 1119
32 1120
30 1121
16 1122
18 1123
17 1124
13 1125
12 1126
8 1127
7 1128
12 1129
14 1130
6 1131
9 1132
8 1133
8 1134
7 1135
6 1136
6 1137
7 1138
5 1139
7 1140
5 1141
2 1142
6 1143
4 1144
4 1145
3 1146
3 1147
7 1148
10 1149
1 1150
2 1151
4 1152
2 1153
6 1154
4 1155
4 1156
9 1157
8 1158
7 1159
5 1160
7 1161
7 1162
9 1163
9 1164
6 1165
9 1166
12 1167
9 1168
10 1169
9 1170
12 1171
10 1172
17 1173
11 1174
12 1175
18 1176
12 1177
17 1178
14 1179
16 1180
16 1181
16 1182
23 1183
11 1184
16 1185
23 1186
25 1187
19 1188
17 1189
13 1190
20 1191
22 1192
18 1193
24 1194
18 1195
12 1196
13 1197
9 1198
9 1199
12 1200
4 1201
17 1202
10 1203
12 1204
11 1205
6 1206
5 1207
6 1208
8 1209
5 1210
2 1211
5 1212
1 1213
3 1214
6 1215
4 1217
1 1218
4 1219
2 1220
4 1221
1 1222
1 1223
4 1224
3 1225
1 1227
1 1228
3 1229
1 1230
3 1233
1 1234
2 1235
2 1236
1 1237
1 1238
1 1240
3 1241
2 1242
1 1244
1 1245
1 1246
1 1247
1 1248
1 1249
1 1251
1 1252
1 1253
1 1254
2 1257
2 1258
3 1259
1 1260
2 1262
2 1263
1 1264
5 1265
2 1266
4 1268
2 1269
2 1270
1 1271
3 1272
1 1273
3 1275
2 1276
2 1277
3 1278
2 1280
1 1281
1 1282
2 1283
4 1284
1 1285
4 1286
1 1287
2 1288
3 1289
4 1290
1 1292
2 1293
3 1294
2 1295
2 1296
1 1297
2 1298
1 1299
1 1302
1 1303
1 1304
2 1305
1 1306
4 1308
1 1309
2 1310
1 1311
1 1312
2 1313
1 1314
4 1315
2 1318
2 1321
1 1324
1 1325
1 1327
1 1330
1 1332
1 1335
1 1338
2 1339
1 1341
2 1342
2 1343
1 1344
3 1345
4 1347
4 1349
1 1350
1 1351
1 1352
2 1353
1 1354
2 1355
2 1357
2 1359
2 1360
3 1361
2 1362
1 1363
1 1364
1 1366
4 1367
2 1368
1 1369
5 1370
3 1371
4 1372
2 1373
1 1374
4 1375
1 1376
2 1377
2 1378
1 1379
2 1380
5 1381
2 1382
1 1383
1 1384
1 1385
3 1386
4 1387
3 1388
3 1389
4 1390
4 1391
4 1392
4 1393
4 1394
1 1395
4 1396
3 1397
2 1398
2 1399
2 1400
3 1403
2 1404
4 1405
1 1406
1 1407
1 1408
3 1409
8 1411
2 1412
1 1414
4 1415
1 1416
3 1417
3 1418
3 1419
2 1420
2 1421
1 1422
2 1423
3 1425
4 1426
2 1431
2 1432
6 1433
1 1434
2 1435
2 1436
3 1437
1 1438
2 1439
2 1440
1 1441
3 1442
1 1443
5 1444
2 1445
1 1447
1 1448
1 1450
3 1451
5 1452
4 1453
4 1455
3 1457
2 1458
2 1459
1 1460
2 1461
1 1462
2 1465
2 1467
2 1468
2 1469
1 1470
4 1471
1 1472
1 1474
1 1475
2 1476
2 1479
4 1480
1 1481
1 1482
2 1484
1 1485
1 1486
1 1487
2 1488
2 1491
2 1493
3 1494
3 1495
4 1496
1 1498
3 1499
1 1500
1 1501
2 1502
2 1503
2 1504
1 1505
1 1506
1 1509
1 1510
4 1511
4 1512
1 1514
4 1515
2 1517
3 1518
2 1519
1 1520
2 1521
1 1523
3 1525
1 1526
3 1528
1 1529
2 1530
3 1531
3 1532
1 1533
2 1534
2 1535
2 1536
1 1537
1 1539
1 1540
4 1541
1 1542
6 1543
2 1544
2 1545
2 1547
2 1548
2 1549
4 1550
2 1551
2 1552
2 1553
3 1554
5 1555
3 1556
3 1558
5 1559
2 1560
3 1561
6 1562
2 1563
4 1564
2 1565
7 1566
1 1567
3 1568
3 1569
2 1570
3 1571
2 1572
5 1573
2 1574
2 1575
4 1576
2 1577
3 1578
3 1579
4 1580
5 1581
2 1582
1 1583
2 1584
4 1585
3 1586
5 1587
5 1588
5 1589
3 1590
3 1592
7 1593
9 1594
7 1595
5 1596
9 1597
3 1598
5 1599
5 1600
3 1601
5 1602
5 1603
8 1604
6 1605
3 1606
6 1607
9 1608
11 1609
11 1610
5 1611
12 1612
9 1613
4 1614
14 1615
9 1616
7 1617
13 1618
5 1619
12 1620
12 1621
17 1622
11 1623
4 1624
12 1625
5 1626
7 1627
5 1628
23 1629
9 1630
10 1631
7 1632
13 1633
9 1634
13 1635
16 1636
8 1637
11 1638
17 1639
12 1640
15 1641
15 1642
10 1643
11 1644
13 1645
16 1646
10 1647
13 1648
13 1649
4 1650
7 1651
8 1652
10 1653
14 1654
11 1655
12 1656
10 1657
7 1658
5 1659
9 1660
9 1661
6 1662
9 1663
15 1664
9 1665
9 1666
9 1667
7 1668
7 1669
7 1670
8 1671
9 1672
3 1673
13 1674
4 1675
14 1676
13 1677
8 1678
14 1679
9 1680
14 1681
12 1682
12 1683
14 1684
11 1685
14 1686
15 1687
20 1688
16 1689
11 1690
21 1691
13 1692
15 1693
15 1694
15 1695
22 1696
23 1697
28 1698
23 1699
35 1700
30 1701
29 1702
26 1703
41 1704
29 1705
35 1706
37 1707
39 1708
46 1709
45 1710
53 1711
44 1712
43 1713
44 1714
63 1715
68 1716
52 1717
58 1718
58 1719
60 1720
73 1721
48 1722
72 1723
61 1724
83 1725
72 1726
71 1727
67 1728
76 1729
73 1730
69 1731
73 1732
71 1733
64 1734
63 1735
67 1736
67 1737
60 1738
51 1739
48 1740
56 1741
40 1742
47 1743
51 1744
46 1745
42 1746
37 1747
40 1748
37 1749
28 1750
41 1751
39 1752
34 1753
31 1754
28 1755
32 1756
24 1757
16 1758
28 1759
15 1760
28 1761
17 1762
30 1763
14 1764
25 1765
20 1766
16 1767
15 1768
19 1769
11 1770
17 1771
17 1772
15 1773
12 1774
13 1775
12 1776
12 1777
10 1778
16 1779
15 1780
19 1781
6 1782
6 1783
9 1784
6 1785
11 1786
6 1787
13 1788
5 1790
7 1791
7 1792
3 1793
4 1794
4 1795
6 1796
6 1797
6 1798
3 1800
4 1801
1 1802
3 1803
4 1804
6 1805
1 1806
6 1807
6 1808
5 1809
4 1810
2 1811
4 1812
1 1813
3 1814
3 1815
2 1817
3 1818
3 1819
4 1820
1 1821
2 1822
4 1823
3 1824
2 1826
2 1827
1 1828
1 1829
4 1830
3 1831
2 1832
1 1834
1 1835
5 1836
2 1837
2 1838
3 1839
5 1840
2 1841
4 1842
4 1843
1 1844
2 1845
4 1846
4 1847
2 1848
3 1849
4 1850
1 1851
2 1852
1 1853
3 1854
8 1855
2 1856
3 1857
1 1858
3 1859
7 1860
5 1861
1 1862
4 1863
5 1864
3 1865
2 1866
2 1867
7 1868
4 1869
4 1870
4 1871
2 1872
5 1873
1 1874
4 1875
10 1876
3 1877
1 1878
8 1879
8 1880
4 1881
6 1882
3 1883
6 1884
7 1885
5 1886
9 1887
5 1888
9 1889
4 1890
4 1891
7 1892
10 1893
10 1894
14 1895
9 1896
25 1897
9 1898
13 1899
16 1900
12 1901
16 1902
17 1903
20 1904
11 1905
20 1906
22 1907
24 1908
20 1909
27 1910
17 1911
24 1912
39 1913
25 1914
29 1915
26 1916
25 1917
30 1918
37 1919
35 1920
27 1921
32 1922
35 1923
27 1924
30 1925
28 1926
15 1927
24 1928
38 1929
21 1930
25 1931
33 1932
22 1933
14 1934
14 1935
21 1936
22 1937
18 1938
13 1939
18 1940
8 1941
7 1942
13 1943
15 1944
10 1945
8 1946
7 1947
7 1948
11 1949
9 1950
7 1951
1 1952
4 1953
6 1954
5 1955
6 1956
3 1957
7 1958
5 1959
2 1960
3 1961
3 1962
2 1965
3 1966
1 1967
1 1968
1 1970
1 1972
2 1974
1 1975
1 1976
1 1977
1 1978
1 1979
2 1980
2 1981
1 1982
1 1983
1 1984
1 1988
2 1989
1 1994
1 1998
1 2003
1 2005
1 2016
1 2086
1 2099
2 2102
1 2123
1 2159
1 2170
1 2173
1 2188
1 2205
1 2253
1 2265
1 2281
1 2301
1 2374
1 2385
1 2401
1 2425
1 2432
1 2480
1 2492
1 2540
1 2546
1 2552
1 2553
1 2592
1 2593
1 2600
1 2602
1 2604
2 2616
1 2625
1 2627
1 2628
1 2631
1 2639
1 2643
2 2648
1 2655
1 2658
1 2667
1 2671
1 2723
1 2891
1 2942
1 2956
1 2959
1 2997
1 3048
1 3067
1 3079
1 3148
1 3150
1 3191
1 3325
1 3408
1 3452
1 3588
1 4731
