1 1
3 2
1 5
1 7
1 9
1 10
1 12
2 13
2 16
1 17
1 19
1 24
1 25
1 26
1 28
1 31
2 32
2 33
1 34
2 37
1 38
2 39
3 40
1 41
1 42
1 43
3 47
1 49
2 53
2 54
1 55
2 56
1 59
1 60
1 63
2 64
4 66
1 67
3 68
1 70
2 71
1 73
2 74
1 75
4 76
4 77
1 78
1 79
2 80
2 81
2 82
3 83
2 84
5 85
4 86
5 87
1 88
4 89
4 90
2 91
2 92
3 93
2 94
5 95
4 97
2 98
5 99
2 100
1 101
2 102
2 103
8 104
6 105
6 106
12 107
14 108
8 109
11 110
6 111
12 112
9 113
2 114
11 115
11 116
7 117
7 118
7 119
4 120
3 121
2 122
3 123
5 124
8 125
4 126
4 127
5 128
2 129
7 130
2 131
5 132
6 133
1 134
1 135
4 136
3 137
1 138
3 139
2 140
1 141
7 142
1 143
4 144
3 145
2 146
1 147
5 148
4 149
6 150
1 151
2 152
6 153
5 154
3 155
1 156
2 158
1 159
5 160
2 161
3 162
3 163
4 164
1 165
2 166
2 167
2 168
4 169
2 170
4 171
4 172
2 173
4 174
1 175
3 176
3 177
5 178
6 179
2 180
8 181
11 182
7 183
5 184
4 185
1 186
6 187
5 188
6 189
5 190
3 191
3 192
5 193
5 194
4 195
7 196
7 197
2 198
4 199
3 200
7 201
6 202
7 203
10 204
12 205
5 206
6 207
5 208
9 209
7 210
3 211
4 212
4 213
6 214
1 215
2 216
3 217
3 218
4 219
11 220
6 221
12 222
8 223
4 224
6 225
8 226
11 227
7 228
7 229
9 230
10 231
10 232
7 233
6 234
4 235
7 236
13 237
5 238
11 239
8 240
13 241
13 242
6 243
8 244
11 245
14 246
13 247
10 248
15 249
15 250
17 251
24 252
22 253
28 254
25 255
30 256
31 257
29 258
30 259
21 260
24 261
16 262
24 263
13 264
15 265
15 266
13 267
10 268
10 269
6 270
8 271
7 272
9 273
6 274
6 275
9 276
9 277
5 278
6 279
9 280
11 281
10 282
4 283
7 284
3 285
3 286
9 287
10 288
3 289
5 290
8 291
9 292
8 293
5 294
6 295
6 296
5 297
7 298
3 299
7 300
5 301
7 302
8 303
3 304
8 305
7 306
9 307
5 308
7 309
4 310
6 311
10 312
10 313
4 314
9 315
6 316
9 317
6 318
3 319
8 320
7 321
5 322
6 323
7 324
4 325
6 326
6 327
8 328
8 329
7 330
9 331
5 332
7 333
8 334
5 335
6 336
4 337
12 338
9 339
8 340
9 341
7 342
15 343
3 344
6 345
9 346
9 347
7 348
4 349
7 350
9 351
2 352
6 353
6 354
7 355
7 356
3 357
8 358
6 359
6 360
5 361
6 362
6 363
2 364
4 365
7 366
8 367
6 368
3 369
2 370
4 371
10 372
9 373
6 374
9 375
8 376
13 377
8 378
8 379
8 380
6 381
10 382
2 383
7 384
7 385
5 386
2 387
10 388
8 389
6 390
4 391
10 392
10 393
11 394
8 395
8 396
11 397
11 398
10 399
11 400
12 401
8 402
14 403
15 404
22 405
20 406
17 407
14 408
22 409
18 410
19 411
18 412
23 413
19 414
11 415
25 416
22 417
25 418
22 419
34 420
23 421
17 422
23 423
12 424
24 425
16 426
28 427
22 428
11 429
25 430
17 431
22 432
26 433
22 434
24 435
24 436
30 437
26 438
31 439
20 440
31 441
44 442
30 443
34 444
48 445
37 446
46 447
56 448
49 449
60 450
55 451
56 452
69 453
62 454
71 455
74 456
71 457
56 458
51 459
48 460
46 461
35 462
48 463
37 464
29 465
21 466
21 467
16 468
11 469
11 470
10 471
14 472
16 473
13 474
9 475
4 476
8 477
7 478
9 479
7 480
10 481
3 482
10 483
7 484
4 485
5 486
6 487
6 488
5 489
5 490
2 491
4 492
7 493
5 494
3 495
7 496
6 497
8 498
8 499
6 500
2 501
1 502
7 503
6 504
7 505
9 506
4 507
7 508
4 509
5 510
7 511
5 512
3 513
2 514
4 515
4 516
6 517
7 518
5 519
6 520
8 521
8 522
7 523
7 524
12 525
10 526
7 527
10 528
6 529
7 530
11 531
13 532
13 533
10 534
12 535
13 536
16 537
17 538
21 539
16 540
15 541
23 542
28 543
14 544
20 545
13 546
23 547
17 548
20 549
16 550
17 551
24 552
13 553
16 554
20 555
16 556
7 557
16 558
17 559
11 560
10 561
9 562
9 563
10 564
11 565
9 566
9 567
12 568
12 569
13 570
15 571
13 572
9 573
12 574
7 575
12 576
5 577
9 578
7 579
9 580
7 581
13 582
5 583
7 584
6 585
9 586
9 587
8 588
2 589
6 590
14 591
6 592
6 593
9 594
13 595
6 596
11 597
5 598
8 599
5 600
6 601
6 602
11 603
5 604
8 605
6 606
8 607
8 608
7 609
4 610
8 611
8 612
11 613
7 614
12 615
12 616
7 617
12 618
15 619
10 620
22 621
24 622
14 623
17 624
12 625
19 626
13 627
19 628
12 629
13 630
15 631
18 632
10 633
11 634
15 635
16 636
9 637
9 638
12 639
1 640
18 641
6 642
9 643
6 644
5 645
3 646
6 647
5 648
2 649
1 650
9 651
7 652
7 653
10 654
6 655
4 656
5 657
14 658
8 659
8 660
8 661
6 662
10 663
16 664
10 665
10 666
8 667
6 668
10 669
9 670
7 671
11 672
10 673
12 674
9 675
4 676
12 677
11 678
9 679
16 680
14 681
8 682
15 683
7 684
11 685
8 686
14 687
15 688
9 689
13 690
10 691
13 692
18 693
12 694
18 695
9 696
13 697
20 698
12 699
12 700
10 701
10 702
13 703
14 704
15 705
8 706
17 707
8 708
17 709
19 710
15 711
11 712
28 713
20 714
15 715
22 716
21 717
24 718
22 719
16 720
20 721
22 722
24 723
25 724
19 725
14 726
26 727
18 728
28 729
21 730
30 731
37 732
34 733
29 734
33 735
38 736
38 737
35 738
34 739
43 740
49 741
48 742
50 743
57 744
69 745
62 746
69 747
61 748
74 749
87 750
109 751
84 752
100 753
111 754
101 755
128 756
127 757
108 758
118 759
121 760
117 761
142 762
148 763
137 764
137 765
117 766
140 767
115 768
111 769
102 770
114 771
109 772
101 773
91 774
74 775
67 776
69 777
42 778
56 779
44 780
41 781
28 782
33 783
30 784
22 785
22 786
16 787
12 788
9 789
18 790
17 791
18 792
10 793
11 794
14 795
13 796
13 797
11 798
7 799
17 800
12 801
7 802
9 803
11 804
21 805
8 806
14 807
14 808
7 809
14 810
9 811
14 812
16 813
17 814
16 815
15 816
11 817
13 818
11 819
18 820
14 821
9 822
19 823
16 824
19 825
16 826
15 827
20 828
11 829
14 830
13 831
15 832
15 833
19 834
15 835
17 836
17 837
19 838
24 839
21 840
23 841
22 842
19 843
23 844
25 845
22 846
19 847
30 848
23 849
28 850
29 851
28 852
26 853
33 854
39 855
33 856
35 857
35 858
36 859
30 860
34 861
32 862
46 863
35 864
38 865
36 866
43 867
32 868
39 869
36 870
44 871
31 872
38 873
42 874
36 875
32 876
39 877
31 878
31 879
32 880
31 881
24 882
37 883
36 884
29 885
30 886
29 887
30 888
22 889
30 890
35 891
29 892
25 893
28 894
33 895
25 896
32 897
31 898
28 899
43 900
33 901
33 902
42 903
49 904
43 905
37 906
48 907
42 908
48 909
40 910
55 911
53 912
52 913
61 914
76 915
67 916
61 917
82 918
71 919
62 920
73 921
87 922
84 923
85 924
89 925
76 926
106 927
106 928
103 929
109 930
116 931
126 932
133 933
131 934
139 935
145 936
162 937
154 938
163 939
181 940
179 941
208 942
206 943
200 944
207 945
245 946
206 947
282 948
258 949
296 950
304 951
329 952
362 953
343 954
400 955
396 956
455 957
451 958
492 959
492 960
487 961
540 962
505 963
561 964
549 965
598 966
552 967
506 968
577 969
547 970
515 971
457 972
443 973
427 974
395 975
373 976
331 977
331 978
240 979
257 980
227 981
200 982
170 983
161 984
121 985
105 986
101 987
87 988
72 989
39 990
35 991
42 992
31 993
36 994
39 995
19 996
28 997
11 998
13 999
13 1000
19 1001
17 1002
11 1003
8 1004
5 1005
7 1006
2 1007
2 1008
9 1009
1 1010
3 1011
6 1012
3 1013
3 1014
2 1015
1 1016
3 1018
3 1019
2 1020
2 1021
3 1024
2 1025
2 1026
1 1027
3 1028
4 1029
1 1033
2 1034
3 1035
2 1036
1 1039
3 1041
1 1042
1 1043
1 1044
1 1045
2 1047
3 1048
2 1049
2 1050
3 1051
2 1052
4 1054
2 1055
2 1056
1 1058
1 1060
1 1061
2 1062
3 1063
2 1064
3 1065
1 1066
2 1067
1 1068
2 1069
1 1071
1 1072
1 1074
1 1075
1 1076
1 1078
1 1080
3 1081
1 1083
1 1084
1 1085
2 1086
3 1087
1 1088
3 1089
1 1090
1 1091
2 1092
1 1093
7 1094
1 1098
1 1099
1 1101
5 1102
5 1103
4 1104
1 1105
4 1106
1 1108
3 1109
1 1110
3 1114
1 1115
1 1116
4 1117
2 1118
2 1119
1 1120
1 1121
3 1123
1 1124
4 1125
6 1126
3 1127
4 1128
3 1129
3 1130
1 1131
4 1132
2 1133
6 1134
4 1135
2 1136
6 1137
6 1138
4 1139
4 1140
4 1141
5 1142
7 1143
5 1144
7 1145
7 1146
5 1147
5 1148
8 1149
3 1150
10 1151
6 1152
4 1153
4 1154
7 1155
9 1156
9 1157
4 1158
12 1159
6 1160
9 1161
5 1162
7 1163
7 1164
10 1165
3 1166
3 1167
12 1168
3 1169
1 1170
4 1171
5 1172
1 1173
4 1174
4 1175
2 1176
3 1177
2 1178
1 1179
3 1180
2 1181
2 1182
2 1183
2 1184
1 1185
2 1186
2 1187
1 1188
1 1189
3 1190
1 1191
1 1193
4 1194
1 1195
2 1196
1 1197
4 1198
2 1199
3 1201
5 1202
2 1203
1 1204
3 1205
3 1208
3 1209
2 1213
3 1214
2 1215
1 1216
2 1218
1 1221
1 1222
1 1223
1 1224
1 1225
1 1226
1 1229
1 1230
2 1233
1 1234
3 1235
1 1236
3 1237
2 1238
1 1239
1 1242
1 1243
2 1245
1 1246
2 1247
2 1248
1 1249
1 1250
1 1254
1 1255
2 1256
3 1257
2 1259
2 1260
2 1261
5 1262
1 1264
1 1265
1 1266
1 1267
1 1269
1 1270
2 1271
5 1272
2 1273
2 1274
2 1275
2 1276
2 1277
2 1278
2 1279
3 1280
1 1282
2 1283
2 1285
3 1286
1 1287
5 1288
1 1289
1 1290
1 1291
3 1292
1 1293
2 1295
3 1296
3 1297
5 1298
3 1299
1 1301
1 1302
4 1303
1 1305
2 1306
1 1307
1 1311
1 1313
2 1315
1 1316
3 1319
3 1322
4 1323
3 1324
2 1325
1 1326
1 1329
2 1330
3 1331
5 1332
1 1333
1 1334
1 1335
1 1336
2 1337
1 1338
3 1340
2 1341
3 1342
1 1343
1 1346
3 1347
2 1348
1 1349
1 1350
1 1351
2 1352
2 1353
1 1354
1 1355
1 1357
2 1358
2 1359
4 1360
1 1361
1 1362
2 1363
1 1364
1 1365
1 1367
3 1368
1 1369
3 1370
2 1371
4 1373
3 1374
4 1376
2 1378
1 1379
1 1380
1 1381
1 1382
3 1383
1 1384
1 1385
2 1386
1 1388
2 1389
3 1391
3 1392
2 1393
2 1394
1 1395
2 1398
2 1399
1 1400
1 1404
1 1405
1 1406
1 1407
2 1408
2 1409
1 1410
1 1411
1 1412
3 1413
2 1415
2 1416
1 1417
1 1418
4 1421
1 1422
1 1424
1 1425
1 1428
1 1429
1 1435
1 1436
1 1438
1 1440
1 1441
4 1443
2 1447
1 1449
1 1451
2 1453
1 1454
2 1456
3 1457
1 1458
2 1459
3 1460
1 1461
1 1462
1 1463
2 1464
1 1465
2 1469
2 1470
1 1471
2 1473
1 1477
1 1481
3 1482
1 1483
1 1485
2 1490
1 1491
2 1494
1 1496
2 1497
1 1498
1 1499
1 1501
3 1503
5 1505
2 1506
1 1507
1 1508
2 1509
1 1511
4 1515
3 1517
1 1522
1 1524
1 1526
4 1529
3 1532
1 1538
2 1539
1 1540
2 1541
2 1542
2 1543
1 1544
1 1545
1 1546
1 1548
2 1550
1 1551
3 1552
1 1553
1 1555
1 1556
2 1559
1 1560
2 1561
2 1562
1 1563
1 1564
1 1566
1 1568
1 1569
3 1571
2 1573
2 1574
2 1577
1 1578
1 1579
1 1580
1 1583
1 1584
2 1585
3 1586
1 1588
1 1589
3 1591
1 1592
1 1594
1 1595
2 1596
1 1597
2 1600
1 1601
3 1603
1 1604
1 1605
2 1607
2 1610
1 1613
1 1614
3 1615
1 1616
1 1617
2 1620
2 1624
2 1625
2 1627
2 1628
1 1629
3 1630
1 1631
3 1632
1 1635
3 1636
2 1637
4 1639
2 1640
3 1641
3 1643
1 1644
1 1645
2 1646
3 1647
3 1648
3 1650
5 1652
1 1654
1 1655
4 1656
2 1657
2 1658
1 1659
3 1660
2 1661
1 1662
1 1663
6 1664
4 1665
3 1666
2 1667
4 1668
3 1669
5 1671
2 1672
5 1673
1 1674
3 1675
1 1676
2 1677
1 1678
1 1680
2 1681
2 1683
1 1684
1 1687
1 1688
4 1690
2 1691
1 1692
1 1693
3 1694
2 1695
2 1696
2 1698
1 1701
3 1702
1 1703
3 1704
4 1705
1 1706
2 1707
2 1708
3 1709
2 1710
5 1711
3 1712
2 1713
1 1714
2 1715
3 1716
2 1717
2 1718
3 1719
1 1720
2 1721
2 1722
3 1723
5 1724
2 1725
1 1729
5 1730
2 1731
2 1732
1 1733
1 1734
2 1735
3 1737
1 1738
1 1739
1 1740
1 1741
1 1742
2 1743
2 1744
1 1745
1 1746
1 1748
1 1749
1 1750
1 1751
1 1752
2 1754
3 1755
1 1757
3 1758
1 1763
1 1764
1 1765
1 1766
2 1767
1 1768
1 1769
2 1770
1 1771
1 1772
1 1773
2 1775
3 1776
1 1777
1 1778
2 1779
2 1784
1 1785
2 1787
3 1789
1 1790
1 1793
1 1794
2 1795
1 1796
2 1797
2 1798
2 1801
3 1802
1 1804
1 1805
2 1807
1 1808
2 1810
3 1811
1 1812
2 1813
2 1814
1 1815
2 1816
3 1817
1 1818
1 1821
2 1822
1 1823
3 1824
1 1825
1 1827
2 1828
1 1829
2 1830
1 1831
2 1832
4 1835
2 1837
1 1839
1 1840
3 1841
2 1842
3 1843
3 1844
2 1846
1 1849
1 1851
1 1852
2 1853
1 1857
2 1858
4 1859
2 1862
1 1863
2 1864
2 1865
2 1867
1 1869
4 1870
1 1871
1 1872
2 1873
3 1874
2 1876
1 1878
2 1880
2 1881
3 1882
3 1883
1 1885
1 1886
1 1887
1 1888
2 1891
1 1892
3 1893
2 1894
1 1895
1 1897
1 1898
1 1899
1 1902
1 1903
1 1904
3 1905
4 1906
1 1907
1 1908
3 1910
3 1911
2 1912
2 1913
2 1914
1 1915
2 1917
1 1918
2 1919
1 1920
1 1921
3 1922
4 1923
1 1924
1 1925
1 1926
2 1927
1 1931
2 1932
3 1933
3 1934
3 1935
2 1936
5 1937
1 1938
3 1939
1 1940
1 1942
2 1943
3 1944
2 1945
1 1946
2 1947
2 1948
2 1950
3 1951
4 1952
3 1953
4 1954
4 1956
3 1958
1 1960
3 1962
4 1963
3 1964
5 1965
6 1967
1 1968
2 1969
3 1970
3 1971
3 1972
1 1973
4 1974
2 1975
6 1976
4 1977
5 1979
3 1980
2 1981
1 1982
3 1983
1 1985
1 1986
4 1987
3 1988
1 1989
1 1990
2 1991
1 1992
3 1993
2 1994
2 1995
6 1996
2 1997
2 1998
5 1999
1 2000
3 2001
3 2002
3 2003
3 2005
3 2006
4 2007
1 2008
1 2010
2 2011
6 2012
3 2013
1 2014
3 2015
4 2016
3 2017
2 2018
3 2019
6 2020
2 2021
2 2022
3 2023
3 2024
5 2025
1 2026
1 2027
3 2028
6 2029
4 2030
1 2031
2 2032
3 2033
3 2034
1 2035
1 2036
2 2037
4 2038
2 2039
1 2040
5 2041
4 2042
3 2044
5 2045
1 2046
2 2047
6 2049
5 2050
4 2051
3 2052
3 2053
2 2056
4 2057
2 2058
1 2059
2 2060
3 2061
2 2062
5 2063
4 2064
4 2065
1 2066
2 2067
4 2068
4 2069
6 2070
3 2071
7 2072
3 2073
6 2074
3 2075
2 2076
3 2077
4 2078
2 2079
5 2080
8 2081
5 2082
2 2083
3 2084
4 2085
5 2086
3 2087
3 2088
6 2089
3 2090
3 2091
5 2092
4 2093
4 2094
4 2095
2 2096
3 2097
8 2098
5 2099
3 2100
2 2101
5 2102
3 2103
3 2104
4 2105
10 2106
3 2107
3 2108
5 2109
2 2110
4 2111
5 2112
7 2113
1 2114
9 2115
7 2116
8 2117
7 2118
4 2119
5 2120
4 2121
5 2122
2 2123
8 2124
3 2125
5 2126
4 2127
2 2128
4 2129
4 2130
7 2131
6 2132
3 2133
5 2134
6 2135
7 2136
8 2137
6 2138
5 2139
3 2140
7 2141
3 2142
2 2143
3 2144
3 2145
13 2146
10 2147
3 2148
7 2149
10 2150
7 2151
6 2152
7 2153
4 2154
7 2155
9 2156
10 2157
7 2158
6 2159
7 2160
4 2161
7 2162
5 2163
9 2164
5 2165
1 2166
5 2167
8 2168
10 2169
6 2170
14 2171
10 2172
7 2173
12 2174
6 2175
7 2176
8 2177
7 2178
13 2179
7 2180
13 2181
11 2182
10 2183
12 2184
9 2185
15 2186
12 2187
7 2188
11 2189
13 2190
9 2191
11 2192
9 2193
12 2194
11 2195
7 2196
8 2197
7 2198
11 2199
7 2200
15 2201
20 2202
15 2203
12 2204
14 2205
14 2206
14 2207
16 2208
11 2209
22 2210
16 2211
23 2212
24 2213
21 2214
23 2215
14 2216
19 2217
22 2218
21 2219
16 2220
24 2221
22 2222
27 2223
15 2224
23 2225
26 2226
17 2227
20 2228
24 2229
23 2230
17 2231
18 2232
14 2233
17 2234
29 2235
31 2236
31 2237
19 2238
24 2239
30 2240
21 2241
27 2242
21 2243
31 2244
22 2245
28 2246
25 2247
28 2248
23 2249
36 2250
30 2251
38 2252
24 2253
21 2254
29 2255
29 2256
33 2257
40 2258
27 2259
37 2260
41 2261
44 2262
37 2263
44 2264
43 2265
35 2266
42 2267
34 2268
36 2269
38 2270
31 2271
31 2272
29 2273
38 2274
37 2275
24 2276
31 2277
28 2278
41 2279
31 2280
36 2281
35 2282
27 2283
37 2284
29 2285
31 2286
49 2287
31 2288
38 2289
34 2290
33 2291
32 2292
29 2293
41 2294
29 2295
36 2296
33 2297
35 2298
32 2299
29 2300
42 2301
35 2302
31 2303
28 2304
32 2305
37 2306
31 2307
35 2308
25 2309
30 2310
36 2311
32 2312
26 2313
24 2314
39 2315
29 2316
46 2317
44 2318
25 2319
32 2320
37 2321
39 2322
41 2323
35 2324
33 2325
41 2326
40 2327
43 2328
37 2329
52 2330
48 2331
50 2332
49 2333
44 2334
45 2335
57 2336
50 2337
47 2338
62 2339
68 2340
69 2341
54 2342
67 2343
75 2344
62 2345
71 2346
83 2347
80 2348
73 2349
80 2350
96 2351
71 2352
88 2353
100 2354
94 2355
84 2356
79 2357
82 2358
102 2359
100 2360
108 2361
122 2362
97 2363
95 2364
93 2365
100 2366
91 2367
109 2368
100 2369
107 2370
110 2371
116 2372
92 2373
88 2374
85 2375
119 2376
76 2377
80 2378
87 2379
80 2380
83 2381
75 2382
71 2383
83 2384
75 2385
62 2386
74 2387
80 2388
75 2389
49 2390
48 2391
61 2392
53 2393
43 2394
55 2395
35 2396
33 2397
35 2398
30 2399
45 2400
35 2401
31 2402
30 2403
20 2404
26 2405
25 2406
25 2407
18 2408
30 2409
18 2410
13 2411
19 2412
15 2413
16 2414
13 2415
16 2416
22 2417
20 2418
16 2419
23 2420
14 2421
19 2422
7 2423
7 2424
15 2425
17 2426
12 2427
13 2428
13 2429
16 2430
17 2431
16 2432
20 2433
11 2434
12 2435
16 2436
19 2437
15 2438
18 2439
12 2440
30 2441
21 2442
22 2443
19 2444
22 2445
15 2446
23 2447
18 2448
31 2449
25 2450
18 2451
23 2452
27 2453
29 2454
32 2455
22 2456
29 2457
26 2458
34 2459
43 2460
28 2461
29 2462
23 2463
27 2464
29 2465
31 2466
36 2467
35 2468
39 2469
37 2470
34 2471
37 2472
28 2473
35 2474
28 2475
33 2476
30 2477
33 2478
33 2479
28 2480
36 2481
25 2482
32 2483
25 2484
21 2485
29 2486
29 2487
25 2488
16 2489
15 2490
24 2491
16 2492
11 2493
20 2494
14 2495
15 2496
16 2497
18 2498
8 2499
11 2500
13 2501
7 2502
5 2503
12 2504
9 2505
6 2506
8 2507
9 2508
6 2509
6 2510
7 2511
7 2512
4 2513
6 2514
5 2515
8 2516
11 2517
7 2518
10 2519
4 2520
6 2521
1 2522
3 2523
3 2524
3 2525
9 2526
1 2527
10 2528
5 2529
5 2530
4 2531
5 2532
2 2533
4 2534
3 2535
9 2536
2 2537
8 2538
7 2539
3 2540
3 2541
5 2542
4 2543
8 2544
4 2545
4 2546
8 2547
2 2548
5 2549
4 2550
5 2551
10 2552
2 2553
7 2554
8 2555
7 2556
4 2557
5 2558
6 2559
5 2560
3 2561
5 2562
11 2563
7 2564
10 2565
7 2566
3 2567
10 2568
11 2569
5 2570
6 2571
5 2572
4 2573
10 2574
5 2575
7 2576
13 2577
5 2578
9 2579
12 2580
13 2581
13 2582
9 2583
11 2584
7 2585
9 2586
9 2587
14 2588
12 2589
9 2590
14 2591
13 2592
13 2593
12 2594
10 2595
13 2596
12 2597
9 2598
15 2599
21 2600
17 2601
20 2602
11 2603
20 2604
13 2605
17 2606
19 2607
24 2608
20 2609
22 2610
26 2611
14 2612
19 2613
26 2614
19 2615
19 2616
17 2617
21 2618
20 2619
20 2620
24 2621
22 2622
12 2623
22 2624
17 2625
12 2626
8 2627
12 2628
13 2629
15 2630
15 2631
11 2632
8 2633
14 2634
9 2635
7 2636
17 2637
9 2638
4 2639
5 2640
3 2641
4 2642
4 2643
5 2644
9 2645
4 2646
5 2647
12 2648
4 2649
6 2650
6 2651
6 2652
3 2653
7 2654
6 2655
3 2656
3 2657
6 2658
6 2659
2 2660
5 2661
5 2662
3 2663
4 2664
6 2665
4 2666
6 2667
2 2668
3 2669
1 2670
5 2671
2 2672
4 2673
3 2674
5 2675
3 2676
1 2677
1 2679
3 2680
7 2681
4 2682
1 2683
3 2684
2 2685
1 2686
4 2687
1 2688
4 2689
1 2691
5 2693
1 2694
4 2695
1 2697
4 2698
1 2699
2 2700
2 2701
1 2705
1 2706
1 2707
2 2708
3 2709
1 2710
1 2715
1 2716
2 2717
1 2718
3 2719
1 2720
5 2724
2 2725
2 2726
2 2727
1 2728
6 2729
2 2730
1 2731
2 2732
2 2733
1 2734
1 2735
1 2736
3 2737
3 2738
1 2739
1 2740
5 2741
3 2742
2 2744
1 2745
2 2746
1 2747
1 2749
2 2750
2 2751
2 2752
1 2753
1 2754
2 2755
1 2756
3 2757
1 2758
1 2759
1 2762
1 2763
2 2766
3 2767
1 2770
1 2773
1 2774
1 2776
1 2784
1 2787
2 2791
1 2793
1 2795
1 2801
1 2848
1 2851
1 2856
1 2866
1 2890
1 2895
1 2900
1 2922
1 2943
1 2956
1 2959
1 2970
1 2980
1 2991
1 3023
1 3040
1 3047
1 3052
1 3066
1 3072
1 3073
1 3086
1 3099
1 3119
1 3137
1 3157
1 3166
1 3196
1 3215
1 3255
1 3270
1 3278
1 3298
1 3316
1 3335
1 3337
1 3342
1 3350
1 3383
1 3426
1 3462
1 3466
1 3470
1 3525
1 3527
1 3544
1 3592
1 3604
1 3614
1 3630
1 3640
1 3674
1 3685
1 3716
1 3752
1 3842
1 3896
1 3915
1 3925
1 3957
1 3998
1 4009
1 4268
1 4316
1 4331
1 4447
1 4554
1 4652
1 4790
1 4799
1 4822
1 4823
1 4827
2 4831
1 4909
1 4940
1 5070
1 5780
