1 2
2 3
2 6
1 11
1 15
1 16
4 19
1 20
1 21
1 22
1 23
2 26
2 27
1 28
1 29
2 31
2 32
3 33
1 34
2 35
2 36
1 38
1 40
1 41
2 42
4 43
1 44
1 45
1 46
2 47
3 49
1 50
2 51
3 52
1 53
1 54
1 55
1 56
2 57
1 58
1 60
2 61
3 62
3 66
3 67
1 68
2 69
4 70
1 71
3 72
2 73
1 74
3 75
2 76
1 77
1 78
5 79
4 80
2 81
1 82
2 84
1 85
3 86
2 87
2 88
3 89
1 90
2 91
3 92
2 93
2 94
3 96
2 97
3 98
3 99
2 100
2 101
3 103
3 104
3 105
1 106
3 107
3 108
4 109
6 110
2 111
3 112
1 113
4 114
5 115
3 116
9 117
3 118
8 119
9 120
7 121
2 122
6 123
5 124
3 125
3 126
8 127
4 128
5 129
1 130
4 131
4 132
4 133
1 134
1 135
3 136
4 137
4 138
2 139
6 140
3 141
2 142
4 143
1 145
5 146
5 147
6 148
2 149
2 150
6 151
4 152
5 153
4 154
1 155
3 156
5 157
6 158
6 159
7 160
13 161
9 162
7 163
11 164
10 165
9 166
11 167
7 168
4 169
7 170
4 171
4 172
6 173
3 174
5 175
7 176
3 177
5 178
11 179
4 180
9 181
5 182
5 183
10 184
6 185
8 186
21 187
14 188
16 189
24 190
31 191
28 192
37 193
64 194
59 195
61 196
63 197
54 198
67 199
48 200
39 201
38 202
36 203
35 204
23 205
14 206
16 207
10 208
6 209
9 210
10 211
8 212
14 213
9 214
8 215
8 216
15 217
7 218
8 219
2 220
8 221
5 222
5 223
8 224
2 225
5 226
2 227
5 228
7 229
3 230
8 231
11 232
4 233
6 234
4 235
2 236
8 237
8 238
8 239
7 240
5 241
5 242
9 243
6 244
8 245
8 246
9 247
9 248
12 249
11 250
10 251
14 252
11 253
14 254
8 255
7 256
9 257
10 258
15 259
14 260
9 261
8 262
15 263
14 264
12 265
15 266
6 267
13 268
11 269
15 270
23 271
7 272
13 273
14 274
12 275
19 276
12 277
8 278
17 279
12 280
9 281
10 282
12 283
11 284
12 285
11 286
16 287
9 288
18 289
14 290
24 291
11 292
23 293
23 294
23 295
30 296
26 297
36 298
25 299
41 300
37 301
45 302
55 303
46 304
43 305
36 306
38 307
37 308
38 309
38 310
32 311
33 312
34 313
34 314
19 315
35 316
22 317
33 318
37 319
43 320
53 321
49 322
45 323
41 324
46 325
64 326
60 327
50 328
51 329
59 330
56 331
51 332
52 333
39 334
41 335
42 336
39 337
36 338
32 339
30 340
23 341
32 342
25 343
22 344
34 345
21 346
22 347
28 348
29 349
29 350
31 351
20 352
32 353
27 354
23 355
27 356
28 357
25 358
22 359
20 360
28 361
23 362
21 363
21 364
30 365
23 366
28 367
26 368
27 369
24 370
25 371
30 372
25 373
34 374
37 375
24 376
37 377
35 378
22 379
35 380
34 381
19 382
23 383
15 384
20 385
22 386
17 387
22 388
19 389
20 390
14 391
19 392
18 393
19 394
32 395
21 396
19 397
12 398
19 399
25 400
30 401
23 402
21 403
23 404
26 405
30 406
29 407
26 408
31 409
29 410
30 411
30 412
40 413
35 414
34 415
40 416
50 417
50 418
63 419
36 420
52 421
64 422
60 423
66 424
72 425
76 426
102 427
114 428
139 429
112 430
135 431
139 432
163 433
157 434
158 435
172 436
204 437
227 438
235 439
223 440
240 441
182 442
190 443
179 444
165 445
153 446
159 447
137 448
116 449
111 450
97 451
89 452
70 453
73 454
77 455
59 456
73 457
75 458
65 459
60 460
74 461
65 462
69 463
65 464
73 465
63 466
64 467
55 468
58 469
51 470
61 471
46 472
47 473
50 474
32 475
30 476
27 477
22 478
31 479
26 480
30 481
27 482
23 483
19 484
28 485
22 486
18 487
30 488
21 489
19 490
25 491
22 492
25 493
28 494
32 495
34 496
30 497
31 498
33 499
46 500
36 501
37 502
37 503
37 504
32 505
55 506
57 507
54 508
56 509
54 510
81 511
61 512
69 513
69 514
74 515
75 516
87 517
73 518
86 519
101 520
103 521
117 522
80 523
97 524
129 525
118 526
101 527
121 528
106 529
109 530
107 531
85 532
86 533
75 534
77 535
65 536
62 537
51 538
52 539
49 540
47 541
36 542
38 543
27 544
35 545
27 546
22 547
20 548
25 549
26 550
20 551
15 552
15 553
15 554
10 555
18 556
19 557
15 558
11 559
11 560
9 561
13 562
10 563
5 564
12 565
10 566
5 567
17 568
11 569
9 570
8 571
5 572
10 573
8 574
8 575
9 576
9 577
13 578
9 579
11 580
10 581
5 582
17 583
12 584
10 585
12 586
11 587
11 588
15 589
18 590
26 591
17 592
15 593
13 594
20 595
26 596
23 597
24 598
17 599
19 600
27 601
18 602
20 603
24 604
30 605
21 606
27 607
34 608
31 609
33 610
30 611
16 612
14 613
23 614
20 615
14 616
17 617
17 618
19 619
13 620
15 621
8 622
9 623
9 624
10 625
16 626
13 627
11 628
11 629
9 630
11 631
6 632
4 633
6 634
10 635
10 636
13 637
8 638
13 639
11 640
11 641
13 642
17 643
17 644
12 645
21 646
15 647
12 648
24 649
25 650
20 651
13 652
18 653
25 654
30 655
32 656
28 657
27 658
27 659
44 660
32 661
25 662
34 663
34 664
33 665
36 666
34 667
29 668
30 669
25 670
29 671
29 672
32 673
30 674
22 675
31 676
20 677
23 678
19 679
23 680
25 681
28 682
26 683
14 684
14 685
16 686
18 687
21 688
21 689
16 690
11 691
10 692
18 693
19 694
15 695
15 696
16 697
16 698
12 699
13 700
19 701
9 702
14 703
15 704
11 705
10 706
12 707
10 708
19 709
10 710
10 711
9 712
12 713
13 714
12 715
8 716
10 717
8 718
13 719
8 720
7 721
15 722
3 723
9 724
14 725
10 726
8 727
12 728
6 729
10 730
8 731
8 732
8 733
6 734
9 735
8 736
7 737
14 738
4 739
7 740
7 741
6 742
10 743
6 744
12 745
10 746
13 747
12 748
11 749
6 750
11 751
5 752
9 753
9 754
10 755
7 756
1 757
8 758
11 759
9 760
4 761
14 762
11 763
6 764
5 765
8 766
12 767
16 768
13 769
10 770
11 771
15 772
16 773
15 774
11 775
18 776
15 777
13 778
12 779
9 780
13 781
17 782
14 783
12 784
16 785
18 786
23 787
17 788
23 789
27 790
19 791
20 792
16 793
35 794
18 795
20 796
20 797
19 798
11 799
17 800
18 801
20 802
23 803
14 804
14 805
11 806
15 807
11 808
15 809
10 810
6 811
12 812
13 813
12 814
5 815
7 816
12 817
9 818
10 819
11 820
14 821
5 822
7 823
10 824
10 825
12 826
19 827
11 828
10 829
14 830
13 831
16 832
19 833
18 834
14 835
19 836
20 837
16 838
17 839
18 840
22 841
24 842
23 843
25 844
19 845
20 846
25 847
34 848
37 849
27 850
31 851
29 852
47 853
52 854
36 855
38 856
44 857
49 858
43 859
50 860
48 861
57 862
60 863
52 864
48 865
38 866
44 867
52 868
50 869
50 870
38 871
31 872
25 873
25 874
31 875
30 876
31 877
37 878
31 879
30 880
29 881
23 882
24 883
19 884
24 885
17 886
25 887
30 888
25 889
25 890
27 891
25 892
28 893
29 894
39 895
42 896
30 897
40 898
30 899
35 900
32 901
32 902
32 903
28 904
34 905
41 906
38 907
37 908
32 909
30 910
25 911
20 912
13 913
23 914
9 915
20 916
22 917
20 918
20 919
17 920
7 921
7 922
10 923
11 924
14 925
5 926
11 927
7 928
6 929
11 930
1 931
7 932
10 933
9 934
8 935
4 936
9 937
5 938
3 939
1 940
5 941
2 942
6 943
4 944
6 945
6 946
1 947
5 948
3 949
3 950
1 951
4 952
4 953
3 954
4 955
4 956
5 957
3 958
2 959
3 960
3 961
5 962
2 963
3 964
3 965
2 966
1 967
1 968
9 969
2 970
5 972
3 973
2 974
2 976
2 977
3 978
5 979
1 980
3 982
2 983
3 984
3 985
1 986
2 987
3 988
2 989
4 990
2 992
3 993
3 994
2 995
4 996
6 997
2 998
1 999
3 1000
1 1001
1 1002
2 1003
2 1004
4 1006
1 1007
2 1008
4 1009
3 1012
4 1013
2 1014
1 1015
1 1016
3 1017
1 1019
1 1020
2 1022
1 1023
1 1024
3 1025
4 1026
2 1027
2 1028
1 1029
3 1030
3 1031
3 1033
4 1034
1 1035
1 1036
3 1037
1 1038
1 1039
1 1040
2 1041
3 1042
1 1043
1 1044
2 1045
5 1047
2 1048
2 1049
2 1051
5 1052
3 1053
4 1054
3 1055
1 1056
3 1057
3 1058
2 1059
1 1060
2 1061
2 1062
3 1063
2 1064
4 1065
2 1066
2 1068
2 1069
2 1070
3 1071
2 1072
4 1073
2 1074
2 1075
4 1076
2 1077
3 1078
3 1079
2 1080
4 1081
1 1082
1 1083
1 1084
4 1085
2 1086
2 1087
5 1088
2 1089
5 1090
3 1091
4 1092
2 1093
6 1094
6 1095
3 1096
2 1097
6 1099
3 1100
7 1101
8 1102
4 1103
4 1104
10 1105
4 1106
6 1107
8 1108
5 1109
6 1110
3 1111
5 1112
3 1113
7 1114
4 1115
4 1116
1 1117
5 1118
9 1119
8 1120
3 1121
8 1122
1 1123
3 1124
3 1125
3 1126
4 1127
2 1128
2 1129
4 1130
3 1131
5 1132
5 1133
3 1134
2 1135
2 1136
2 1137
4 1138
2 1139
2 1140
2 1141
3 1142
2 1143
2 1144
2 1145
4 1147
3 1148
3 1149
2 1150
2 1151
6 1152
4 1153
5 1154
2 1156
1 1157
3 1158
2 1160
3 1161
3 1162
3 1163
4 1164
4 1165
5 1166
4 1167
7 1168
7 1169
3 1170
8 1171
7 1172
5 1173
10 1174
7 1175
8 1176
7 1177
10 1178
9 1179
12 1180
8 1181
8 1182
11 1183
9 1184
15 1185
13 1186
15 1187
9 1188
13 1189
13 1190
8 1191
16 1192
17 1193
12 1194
18 1195
14 1196
9 1197
6 1198
5 1199
7 1200
8 1201
8 1202
9 1203
7 1204
11 1205
8 1206
10 1207
4 1208
6 1209
4 1210
6 1211
4 1212
7 1213
8 1214
3 1215
2 1216
2 1217
6 1218
4 1219
4 1220
5 1221
4 1222
2 1223
7 1224
3 1225
2 1226
7 1227
5 1228
4 1229
3 1230
1 1231
2 1232
1 1233
2 1234
3 1235
7 1236
3 1237
4 1238
3 1239
1 1240
1 1241
5 1242
5 1243
3 1244
3 1245
5 1246
1 1247
6 1248
4 1249
2 1250
1 1251
2 1252
3 1253
2 1254
2 1255
5 1256
3 1257
5 1258
8 1259
7 1260
7 1261
5 1262
4 1263
2 1264
12 1265
3 1266
8 1267
5 1268
13 1269
10 1270
9 1271
10 1272
13 1273
9 1274
9 1275
8 1276
8 1277
15 1278
11 1279
10 1280
14 1281
21 1282
19 1283
14 1284
22 1285
22 1286
14 1287
10 1288
24 1289
16 1290
21 1291
28 1292
22 1293
17 1294
22 1295
20 1296
22 1297
18 1298
15 1299
22 1300
12 1301
29 1302
21 1303
16 1304
7 1305
12 1306
19 1307
11 1308
13 1309
12 1310
10 1311
15 1312
15 1313
7 1314
12 1315
8 1316
6 1317
6 1318
12 1319
9 1320
8 1321
9 1322
12 1323
5 1324
7 1325
8 1326
2 1327
7 1328
5 1329
5 1330
5 1331
3 1332
2 1333
8 1334
8 1335
5 1336
4 1337
4 1338
2 1339
4 1340
6 1341
2 1342
4 1343
6 1344
6 1345
2 1346
3 1347
5 1348
3 1349
3 1350
6 1351
3 1352
5 1353
3 1354
7 1355
7 1356
5 1357
5 1358
2 1359
5 1360
7 1361
5 1362
5 1363
2 1364
1 1365
8 1366
8 1367
6 1368
7 1369
3 1370
6 1371
3 1372
6 1373
8 1374
4 1375
8 1376
4 1377
2 1378
2 1379
3 1380
4 1381
7 1382
5 1383
3 1384
4 1385
2 1386
5 1387
1 1388
6 1389
1 1390
6 1391
1 1392
4 1393
4 1394
3 1395
6 1396
2 1397
2 1398
3 1399
6 1400
2 1401
4 1402
5 1403
4 1404
4 1405
6 1406
3 1407
3 1408
1 1409
6 1410
1 1411
4 1412
3 1413
4 1414
1 1415
2 1416
2 1417
2 1418
4 1419
2 1420
2 1421
1 1422
2 1423
3 1425
5 1426
5 1427
4 1428
4 1429
3 1430
5 1431
2 1432
2 1433
2 1434
3 1435
5 1436
6 1438
3 1439
1 1440
3 1441
5 1442
5 1443
7 1444
4 1445
4 1446
2 1447
5 1448
7 1449
5 1450
2 1451
5 1452
2 1453
5 1454
3 1455
4 1456
4 1457
6 1458
3 1459
1 1460
5 1461
3 1462
7 1463
2 1464
5 1465
5 1466
2 1467
3 1468
2 1469
4 1470
5 1471
8 1472
4 1473
4 1474
4 1475
6 1476
3 1477
6 1478
2 1479
7 1480
9 1481
11 1482
3 1483
2 1484
4 1485
6 1486
6 1487
6 1488
4 1489
2 1490
6 1491
7 1492
5 1493
5 1494
5 1495
6 1496
7 1497
6 1498
7 1499
7 1500
5 1501
6 1502
3 1503
6 1504
7 1505
7 1506
3 1507
5 1508
5 1509
8 1510
7 1511
5 1512
6 1513
7 1514
5 1515
7 1516
9 1517
8 1518
11 1519
6 1520
11 1521
12 1522
11 1523
10 1524
15 1525
10 1526
5 1527
15 1528
14 1529
18 1530
18 1531
14 1532
17 1533
21 1534
16 1535
15 1536
13 1537
14 1538
14 1539
14 1540
20 1541
10 1542
16 1543
12 1544
15 1545
14 1546
12 1547
14 1548
15 1549
21 1550
15 1551
8 1552
13 1553
13 1554
11 1555
13 1556
9 1557
15 1558
9 1559
10 1560
12 1561
9 1562
9 1563
4 1564
9 1565
9 1566
11 1567
2 1568
3 1569
5 1570
3 1571
5 1572
4 1573
8 1574
3 1575
4 1576
6 1577
5 1578
7 1579
6 1580
5 1581
5 1582
4 1583
3 1584
4 1585
5 1586
2 1587
1 1588
3 1589
2 1590
3 1591
3 1592
5 1593
2 1594
2 1595
3 1596
3 1597
2 1599
2 1600
2 1601
2 1602
2 1603
1 1604
1 1605
2 1606
4 1607
5 1609
3 1610
1 1611
1 1612
3 1613
4 1614
2 1615
5 1616
3 1617
3 1618
4 1619
4 1620
5 1621
3 1622
9 1623
4 1624
4 1625
4 1626
6 1627
2 1628
1 1629
5 1631
4 1632
5 1633
2 1634
4 1635
2 1636
6 1637
3 1638
4 1639
2 1640
5 1641
4 1642
9 1643
6 1644
3 1645
8 1646
7 1647
3 1648
6 1649
4 1650
4 1651
1 1652
3 1653
8 1654
2 1655
8 1656
5 1657
1 1658
4 1659
5 1660
5 1661
4 1662
5 1663
2 1664
6 1665
2 1666
4 1667
4 1668
2 1669
4 1670
4 1671
3 1672
2 1673
4 1674
3 1675
1 1676
1 1677
4 1679
1 1680
2 1681
3 1682
3 1683
1 1684
1 1686
4 1687
1 1688
1 1689
2 1691
2 1692
2 1693
7 1694
2 1695
1 1696
2 1698
3 1699
2 1700
3 1701
2 1704
1 1705
1 1706
3 1708
1 1709
2 1710
1 1713
3 1714
1 1715
2 1716
1 1717
4 1718
1 1719
2 1720
6 1721
3 1722
1 1723
1 1724
1 1725
3 1726
2 1727
1 1728
2 1729
1 1731
1 1732
4 1733
1 1735
4 1737
2 1738
1 1739
1 1740
6 1741
2 1742
3 1743
1 1744
5 1745
1 1746
3 1747
2 1748
3 1749
2 1753
3 1754
3 1755
6 1756
4 1757
4 1758
2 1759
1 1760
2 1761
7 1762
2 1763
8 1764
8 1765
3 1766
9 1767
5 1768
5 1769
3 1770
2 1771
2 1772
5 1773
9 1774
8 1775
8 1776
4 1777
4 1778
8 1779
10 1780
5 1781
3 1782
7 1783
9 1784
3 1785
6 1786
10 1787
7 1788
13 1789
8 1790
6 1791
9 1792
8 1793
4 1794
6 1795
4 1796
7 1797
1 1798
4 1799
6 1800
7 1801
8 1802
5 1803
5 1804
1 1805
5 1806
10 1807
4 1808
6 1809
6 1810
1 1811
3 1812
4 1813
1 1814
3 1815
2 1816
6 1817
2 1818
3 1819
4 1820
1 1821
2 1822
1 1823
2 1824
2 1825
3 1827
2 1828
2 1829
1 1830
8 1832
3 1833
2 1834
4 1835
3 1836
1 1837
2 1838
5 1839
4 1840
5 1841
3 1842
2 1843
2 1844
8 1845
3 1846
4 1847
5 1848
6 1849
3 1850
3 1851
5 1852
3 1853
7 1854
4 1855
2 1856
10 1857
4 1858
7 1859
3 1860
6 1861
4 1862
5 1863
7 1864
3 1865
11 1866
12 1867
5 1868
12 1869
5 1870
3 1871
9 1872
9 1873
11 1874
20 1875
13 1876
9 1877
15 1878
12 1879
12 1880
11 1881
9 1882
8 1883
15 1884
5 1885
10 1886
5 1887
14 1888
6 1889
7 1890
10 1891
15 1892
8 1893
8 1894
9 1895
9 1896
7 1897
10 1898
6 1899
10 1900
5 1901
10 1902
11 1903
9 1904
6 1905
10 1906
4 1907
9 1908
7 1909
8 1910
5 1911
5 1912
8 1913
5 1914
8 1915
7 1916
7 1917
1 1918
2 1919
4 1920
4 1921
4 1922
3 1923
1 1925
3 1926
2 1927
2 1928
1 1930
2 1931
1 1932
3 1934
1 1935
3 1936
1 1938
2 1939
3 1940
2 1941
1 1942
1 1943
1 1944
1 1945
1 1948
1 1949
2 1951
1 1952
2 1954
1 1955
1 1956
4 1957
3 1958
3 1959
3 1960
2 1961
2 1962
2 1963
1 1964
2 1965
3 1966
3 1967
2 1968
1 1969
2 1970
4 1971
2 1972
1 1973
4 1974
3 1976
1 1977
3 1978
5 1979
1 1980
3 1982
1 1983
3 1984
2 1985
2 1988
2 1989
1 1990
2 1991
1 1992
1 1993
5 1995
2 1996
3 1998
1 1999
1 2000
1 2001
2 2006
2 2008
1 2009
2 2011
1 2013
1 2014
1 2017
1 2018
1 2023
1 2024
1 2028
2 2030
3 2031
3 2034
1 2035
5 2037
1 2038
2 2041
2 2043
2 2048
1 2050
1 2051
2 2052
1 2053
1 2054
1 2055
1 2058
1 2061
1 2063
1 2064
1 2067
1 2070
1 2071
1 2074
1 2076
1 2080
2 2082
1 2084
1 2086
1 2087
2 2089
3 2095
1 2096
1 2104
1 2105
1 2112
1 2113
1 2115
2 2116
1 2118
1 2122
3 2124
3 2125
1 2126
1 2128
1 2129
1 2131
1 2133
1 2134
1 2137
1 2138
2 2139
2 2141
1 2142
1 2146
1 2148
2 2149
1 2150
1 2152
2 2153
1 2157
1 2158
1 2160
4 2164
1 2166
2 2167
3 2168
1 2169
1 2170
1 2172
2 2173
1 2174
1 2175
1 2178
2 2179
2 2180
1 2182
2 2184
2 2185
3 2188
3 2189
2 2190
2 2192
1 2193
2 2196
1 2198
1 2199
1 2200
1 2203
4 2204
1 2205
1 2208
4 2209
2 2210
2 2213
1 2214
1 2215
1 2216
2 2217
2 2218
3 2219
1 2220
2 2222
2 2223
6 2224
1 2225
3 2226
1 2227
3 2228
4 2231
6 2233
3 2234
2 2236
4 2237
1 2238
2 2239
5 2240
1 2241
1 2242
1 2243
4 2244
1 2245
3 2247
1 2248
2 2249
2 2251
5 2252
3 2254
4 2255
5 2256
2 2257
5 2258
2 2260
3 2261
1 2263
5 2264
4 2265
4 2266
5 2267
2 2268
3 2269
1 2270
5 2271
2 2272
3 2273
6 2274
5 2275
1 2276
2 2277
6 2278
3 2279
4 2280
3 2281
3 2282
3 2283
3 2284
7 2285
4 2286
8 2287
8 2288
5 2289
9 2290
6 2291
6 2292
9 2293
5 2294
8 2295
7 2296
5 2297
11 2298
8 2299
5 2300
3 2301
3 2302
10 2303
2 2304
5 2305
4 2306
4 2307
3 2308
2 2309
6 2310
6 2311
8 2312
9 2313
4 2314
5 2315
9 2316
6 2317
6 2318
4 2319
11 2320
5 2321
4 2322
6 2323
7 2324
7 2325
3 2326
6 2327
7 2328
1 2329
6 2330
2 2331
4 2332
1 2333
9 2334
2 2335
5 2336
7 2337
3 2338
7 2339
6 2340
3 2341
6 2342
1 2343
5 2344
5 2345
7 2346
5 2347
8 2348
1 2349
11 2350
4 2351
4 2352
5 2353
10 2354
4 2355
2 2356
3 2357
6 2358
9 2359
7 2360
4 2361
10 2362
12 2363
7 2364
5 2365
11 2366
10 2367
9 2368
9 2369
5 2370
7 2371
8 2372
8 2373
5 2374
7 2375
11 2376
15 2377
14 2378
12 2379
6 2380
9 2381
8 2382
11 2383
14 2384
15 2385
18 2386
15 2387
9 2388
10 2389
12 2390
21 2391
11 2392
15 2393
15 2394
20 2395
20 2396
19 2397
11 2398
11 2399
24 2400
11 2401
21 2402
21 2403
16 2404
15 2405
14 2406
21 2407
15 2408
21 2409
15 2410
19 2411
12 2412
19 2413
13 2414
18 2415
18 2416
13 2417
13 2418
10 2419
13 2420
13 2421
11 2422
14 2423
12 2424
9 2425
6 2426
6 2427
12 2428
11 2429
4 2430
7 2431
4 2432
6 2433
6 2434
4 2435
8 2436
4 2437
9 2438
2 2439
3 2440
2 2441
7 2442
1 2443
3 2444
1 2445
6 2446
2 2448
3 2449
2 2450
1 2451
2 2452
3 2453
2 2454
1 2458
3 2459
1 2463
1 2464
1 2465
2 2467
1 2470
1 2473
1 2475
1 2476
1 2477
1 2479
3 2482
1 2484
1 2486
1 2488
1 2489
1 2490
1 2494
1 2496
1 2499
1 2504
1 2505
1 2507
1 2513
2 2514
1 2518
1 2521
1 2522
1 2529
1 2530
2 2539
2 2540
1 2543
1 2544
1 2549
1 2550
1 2553
2 2554
1 2559
1 2566
2 2571
1 2575
1 2577
2 2579
1 2581
1 2583
1 2588
1 2592
3 2593
1 2596
1 2599
1 2601
1 2611
1 2616
2 2619
1 2625
2 2627
1 2628
1 2634
1 2635
1 2636
1 2638
1 2640
1 2641
1 2642
2 2643
2 2649
1 2650
2 2652
2 2655
4 2656
1 2662
1 2663
1 2664
3 2665
1 2666
1 2669
2 2672
1 2673
1 2674
2 2675
4 2676
3 2678
1 2680
3 2682
1 2683
1 2685
1 2687
1 2689
1 2693
2 2695
1 2697
1 2698
3 2702
1 2703
1 2704
2 2707
1 2708
1 2709
4 2710
1 2711
1 2716
1 2717
1 2719
1 2720
1 2722
2 2728
2 2731
1 2732
1 2734
1 2735
1 2736
3 2738
2 2743
2 2750
3 2752
1 2753
1 2754
1 2756
1 2757
1 2758
1 2759
1 2760
1 2762
1 2764
1 2766
1 2767
1 2769
2 2771
1 2772
2 2773
1 2774
3 2776
1 2777
1 2778
2 2779
1 2781
3 2783
2 2786
1 2787
2 2789
1 2792
1 2793
2 2794
2 2795
1 2796
1 2798
1 2799
1 2802
3 2804
1 2805
1 2806
2 2807
1 2809
1 2810
1 2811
1 2812
2 2813
2 2814
3 2815
2 2817
1 2818
2 2819
1 2821
1 2822
4 2823
1 2826
1 2827
3 2828
2 2829
4 2830
3 2831
2 2832
2 2833
2 2834
1 2835
1 2837
1 2838
5 2839
1 2840
2 2841
1 2842
2 2843
3 2844
3 2845
3 2846
1 2847
2 2848
2 2849
4 2851
1 2852
1 2853
2 2854
2 2855
3 2856
1 2857
3 2858
2 2861
2 2862
2 2863
2 2864
2 2865
4 2866
1 2868
2 2869
4 2870
3 2871
3 2872
3 2873
2 2874
2 2875
3 2876
2 2877
1 2878
5 2879
1 2880
2 2881
1 2882
1 2883
5 2884
2 2885
4 2886
4 2887
6 2888
6 2889
2 2890
1 2891
2 2892
5 2893
4 2894
2 2895
2 2896
3 2897
3 2898
4 2899
3 2900
1 2901
6 2902
4 2903
4 2904
3 2905
2 2906
6 2907
3 2908
5 2909
6 2910
2 2911
6 2912
7 2913
4 2914
6 2915
4 2916
4 2917
6 2918
4 2919
7 2920
8 2921
7 2922
10 2923
6 2924
10 2925
7 2926
5 2927
7 2928
8 2929
9 2930
12 2931
5 2932
12 2933
9 2934
12 2935
4 2936
11 2937
9 2938
15 2939
12 2940
11 2941
4 2942
8 2943
9 2944
12 2945
11 2946
9 2947
11 2948
5 2949
13 2950
5 2951
8 2952
9 2953
9 2954
5 2955
4 2956
5 2957
8 2958
6 2959
4 2960
6 2961
6 2962
10 2963
5 2964
6 2965
8 2966
7 2967
3 2968
3 2969
5 2970
6 2971
7 2972
3 2973
3 2974
4 2975
1 2976
2 2977
2 2978
1 2979
5 2981
2 2982
2 2983
4 2984
2 2986
2 2987
5 2989
2 2990
1 2993
1 2994
1 2996
1 2997
1 2999
1 3002
1 3003
2 3004
1 3006
1 3007
1 3010
1 3011
1 3013
1 3020
1 3035
1 3045
1 3050
1 3063
1 3068
1 3073
1 3074
1 3089
1 3106
1 3174
1 3184
1 3187
1 3212
1 3215
1 3229
1 3261
1 3275
1 3293
2 3299
1 3319
1 3320
2 3322
1 3324
1 3331
1 3388
1 3427
2 3440
1 3454
1 3487
1 3498
1 3515
1 3535
1 3568
1 3658
1 3671
1 3688
1 3754
1 3755
1 3766
1 3775
1 3786
1 3789
1 3821
1 3864
1 3869
1 3879
1 3953
1 4019
1 4048
1 4079
1 4147
1 4154
1 4159
1 4166
1 4208
1 4224
1 4231
1 4232
1 4236
1 4244
1 4252
1 4291
1 4297
1 4320
1 4330
1 4331
2 4359
1 4388
1 4393
1 4398
1 4399
1 4436
1 4592
1 4637
1 4688
1 5009
