1 1
1 3
1 4
3 6
2 7
1 8
2 11
1 12
2 14
1 15
1 18
1 19
1 21
1 22
2 24
1 25
2 26
1 27
1 29
3 30
1 31
3 34
1 35
6 36
7 37
4 38
13 39
5 40
13 41
7 42
1 44
1 45
1 46
1 47
2 48
2 49
1 54
1 55
2 56
1 58
1 61
2 62
1 63
3 64
2 65
1 67
1 68
1 69
1 70
1 72
2 73
1 74
1 75
1 76
2 77
1 81
1 82
2 83
3 84
3 86
2 87
3 88
2 89
1 90
1 91
1 92
3 93
1 94
1 95
1 97
1 98
1 99
1 100
1 102
2 103
3 104
3 105
1 106
2 107
2 109
4 110
1 112
5 113
2 114
1 115
6 116
1 117
1 118
2 119
5 120
1 121
1 122
2 123
3 124
1 126
2 127
2 128
4 130
3 131
4 132
5 133
7 134
2 135
3 136
8 137
5 138
4 139
6 140
8 141
9 142
7 143
6 144
1 145
5 146
7 147
3 148
1 149
3 150
4 151
2 152
3 153
4 154
4 155
2 156
6 157
3 158
5 159
4 160
1 161
4 162
2 163
3 164
4 165
2 166
1 167
2 168
4 169
1 170
3 171
1 172
3 173
8 174
2 176
4 177
1 178
2 179
2 180
2 181
4 182
3 183
2 184
2 185
5 186
1 187
3 188
7 189
4 190
5 191
9 192
6 193
8 194
7 195
13 196
11 197
8 198
5 199
5 200
10 201
2 202
6 203
2 204
5 205
4 206
1 207
1 208
1 209
5 210
4 211
7 212
2 213
4 214
4 215
4 216
4 217
2 218
3 219
6 220
2 221
1 222
5 224
5 225
4 226
1 227
6 228
3 229
6 230
5 231
5 232
3 233
2 234
5 235
5 236
8 237
6 239
4 240
4 241
6 242
3 243
2 244
4 245
5 246
4 247
3 248
4 249
3 250
5 251
5 252
7 253
2 254
6 255
13 256
4 257
11 258
4 259
11 260
4 261
5 262
2 263
6 264
5 265
1 266
3 267
4 268
4 269
3 270
5 271
6 272
9 273
7 274
3 275
8 276
6 277
3 278
6 279
6 280
5 281
7 282
8 283
9 284
7 285
2 286
6 287
6 288
11 289
6 290
4 291
7 292
5 293
8 294
8 295
9 296
6 297
4 298
4 299
8 300
9 301
7 302
5 303
5 304
8 305
10 306
7 307
5 308
6 309
5 310
5 311
6 312
10 313
8 314
8 315
8 316
10 317
8 318
8 319
11 320
15 321
13 322
13 323
7 324
17 325
10 326
11 327
14 328
10 329
7 330
7 331
14 332
11 333
11 334
5 335
8 336
2 337
10 338
8 339
5 340
6 341
8 342
4 343
8 344
5 345
7 346
11 347
4 348
8 349
11 350
4 351
8 352
4 353
8 354
4 355
8 356
3 357
10 358
9 359
7 360
7 361
21 362
10 363
18 364
5 365
11 366
12 367
9 368
7 369
13 370
18 371
11 372
14 373
13 374
14 375
11 376
12 377
7 378
14 379
25 380
13 381
14 382
19 383
16 384
21 385
20 386
19 387
14 388
18 389
23 390
23 391
22 392
35 393
17 394
31 395
26 396
32 397
34 398
39 399
28 400
36 401
36 402
38 403
34 404
39 405
59 406
60 407
54 408
40 409
56 410
37 411
39 412
34 413
33 414
50 415
37 416
36 417
44 418
35 419
27 420
36 421
41 422
36 423
35 424
40 425
48 426
41 427
37 428
48 429
36 430
61 431
52 432
64 433
62 434
54 435
73 436
89 437
99 438
85 439
73 440
83 441
78 442
55 443
69 444
64 445
66 446
56 447
49 448
50 449
34 450
30 451
39 452
34 453
36 454
32 455
43 456
38 457
36 458
27 459
35 460
45 461
46 462
58 463
54 464
58 465
67 466
67 467
71 468
84 469
89 470
86 471
100 472
99 473
95 474
96 475
110 476
122 477
130 478
141 479
119 480
132 481
122 482
133 483
135 484
185 485
223 486
225 487
269 488
257 489
318 490
389 491
394 492
447 493
519 494
574 495
642 496
725 497
837 498
903 499
901 500
912 501
947 502
952 503
982 504
946 505
884 506
844 507
797 508
655 509
562 510
464 511
452 512
389 513
309 514
253 515
201 516
165 517
144 518
133 519
91 520
58 521
54 522
36 523
19 524
32 525
16 526
24 527
21 528
12 529
11 530
12 531
6 532
8 533
9 534
3 535
7 536
4 537
4 538
4 539
5 540
2 541
6 542
5 544
3 545
4 546
5 547
4 548
2 549
3 550
7 551
4 552
3 553
5 554
6 555
3 556
4 557
3 558
3 559
2 560
5 561
5 562
4 563
1 564
2 565
3 566
1 567
3 568
2 570
3 571
3 572
1 573
2 574
2 575
5 576
2 578
4 579
1 580
4 581
1 582
1 583
3 584
4 585
1 586
7 587
3 588
1 590
4 591
2 593
3 594
2 595
1 596
2 597
2 598
4 599
1 600
6 601
2 602
2 603
8 605
2 606
4 607
2 608
5 609
4 611
2 612
1 613
1 614
4 615
1 616
7 617
4 618
1 619
1 620
1 621
1 622
3 623
3 624
3 625
4 626
2 627
4 628
2 629
3 630
2 631
2 632
2 633
1 634
3 635
3 636
6 637
2 638
4 639
5 640
3 641
3 643
2 644
4 645
3 646
4 647
3 648
2 649
7 650
4 651
5 652
1 653
4 654
1 655
4 657
3 658
1 659
4 660
2 661
4 662
7 663
2 664
3 665
1 666
3 667
3 668
3 669
4 670
3 671
5 672
2 673
1 674
9 675
6 676
3 677
3 678
5 679
9 680
7 681
6 682
8 683
8 684
3 685
9 686
6 687
6 688
5 689
10 690
6 691
3 692
9 693
8 694
6 695
5 696
5 697
4 698
6 699
5 700
5 701
3 702
8 703
8 704
6 705
5 706
5 707
3 708
8 709
14 710
7 711
3 712
6 713
8 714
5 715
6 716
8 717
11 718
9 719
11 720
7 721
8 722
8 723
9 724
10 725
12 726
8 727
14 728
7 729
6 730
12 731
8 732
9 733
15 734
7 735
10 736
11 737
5 738
13 739
18 740
16 741
18 742
18 743
12 744
23 745
19 746
14 747
31 748
23 749
19 750
16 751
21 752
29 753
18 754
30 755
18 756
24 757
35 758
26 759
26 760
33 761
20 762
27 763
28 764
23 765
19 766
24 767
17 768
28 769
30 770
25 771
24 772
19 773
16 774
25 775
16 776
17 777
17 778
20 779
13 780
17 781
19 782
20 783
17 784
17 785
14 786
19 787
25 788
19 789
25 790
19 791
24 792
24 793
14 794
24 795
28 796
24 797
17 798
37 799
19 800
24 801
29 802
35 803
36 804
46 805
38 806
39 807
31 808
66 809
45 810
55 811
53 812
57 813
53 814
64 815
60 816
73 817
68 818
83 819
71 820
89 821
89 822
89 823
84 824
107 825
102 826
119 827
112 828
137 829
132 830
115 831
139 832
133 833
127 834
130 835
137 836
111 837
111 838
135 839
104 840
89 841
105 842
93 843
72 844
65 845
67 846
48 847
49 848
54 849
41 850
36 851
23 852
34 853
23 854
23 855
17 856
15 857
14 858
21 859
14 860
26 861
10 862
19 863
17 864
15 865
13 866
10 867
13 868
14 869
16 870
11 871
15 872
13 873
10 874
20 875
12 876
21 877
22 878
6 879
27 880
18 881
19 882
20 883
23 884
24 885
29 886
33 887
26 888
27 889
30 890
39 891
35 892
36 893
28 894
39 895
31 896
46 897
34 898
42 899
40 900
43 901
48 902
40 903
37 904
57 905
44 906
53 907
46 908
41 909
43 910
34 911
40 912
50 913
37 914
46 915
23 916
31 917
34 918
16 919
14 920
20 921
17 922
18 923
11 924
10 925
15 926
14 927
8 928
13 929
4 930
11 931
5 932
3 933
7 934
6 935
6 936
3 937
2 938
4 939
3 940
4 941
1 942
1 943
3 944
1 945
4 946
2 947
1 949
1 951
2 952
2 953
2 954
3 955
3 956
1 957
6 959
3 960
5 961
4 962
3 963
2 964
4 965
4 966
1 967
4 968
5 969
3 970
3 971
3 972
5 973
2 974
5 975
4 976
5 977
5 978
5 979
10 980
1 981
5 982
8 983
5 984
6 985
7 986
7 987
3 988
9 989
7 990
10 991
8 992
8 993
17 994
8 995
9 996
13 997
7 998
13 999
8 1000
10 1001
11 1002
6 1003
11 1004
7 1005
1 1006
6 1007
4 1008
4 1009
3 1010
2 1011
2 1012
5 1013
1 1014
1 1015
3 1016
1 1017
2 1018
2 1019
1 1020
3 1022
1 1023
1 1024
1 1025
1 1026
1 1027
3 1029
1 1030
2 1033
1 1035
1 1036
1 1038
4 1042
1 1044
2 1045
2 1047
1 1048
2 1051
1 1054
1 1055
1 1056
1 1058
1 1060
3 1062
4 1063
2 1065
3 1067
3 1069
1 1070
1 1071
2 1072
3 1073
1 1075
2 1076
1 1077
3 1078
2 1079
4 1080
3 1081
5 1082
1 1083
2 1085
1 1086
2 1087
1 1089
3 1090
1 1093
4 1094
2 1096
1 1098
1 1099
3 1100
1 1101
2 1103
3 1104
1 1105
3 1106
2 1107
1 1108
2 1109
2 1110
1 1111
4 1112
3 1113
2 1114
4 1115
6 1116
6 1117
8 1118
3 1119
3 1120
1 1121
3 1122
7 1123
3 1124
2 1125
6 1126
3 1127
5 1128
10 1129
3 1130
2 1131
5 1132
3 1133
5 1134
4 1135
5 1136
3 1137
1 1138
2 1139
4 1140
2 1141
4 1142
1 1143
1 1144
2 1146
1 1147
3 1148
1 1149
3 1150
4 1151
2 1152
2 1153
2 1157
3 1158
6 1159
3 1160
2 1161
3 1162
2 1163
2 1164
2 1165
3 1166
1 1167
2 1168
3 1170
4 1171
1 1172
1 1174
1 1176
2 1177
4 1179
2 1180
1 1182
1 1183
1 1184
2 1185
2 1186
3 1187
1 1189
1 1191
2 1192
1 1193
2 1194
1 1195
1 1197
1 1200
1 1201
1 1202
1 1203
2 1204
1 1208
2 1210
1 1212
1 1213
1 1214
2 1216
1 1226
1 1230
1 1236
1 1238
1 1239
1 1240
1 1241
2 1243
2 1249
1 1252
1 1254
1 1256
1 1262
1 1263
1 1264
2 1265
1 1266
2 1267
1 1269
1 1271
1 1274
1 1275
1 1276
1 1277
1 1283
1 1287
1 1291
1 1296
1 1297
1 1300
1 1301
3 1311
1 1312
1 1317
1 1321
1 1329
1 1335
1 1339
1 1341
1 1344
3 1348
2 1349
1 1351
1 1353
1 1354
1 1355
1 1360
2 1362
4 1371
2 1372
1 1374
1 1375
1 1376
1 1380
2 1382
1 1384
1 1385
1 1386
1 1387
1 1393
3 1394
2 1396
2 1397
2 1398
1 1402
6 1403
1 1408
1 1409
2 1411
1 1413
2 1414
1 1415
1 1419
1 1420
2 1423
2 1424
1 1425
2 1428
3 1429
2 1437
1 1438
2 1440
1 1442
1 1444
2 1445
2 1446
1 1449
1 1451
3 1453
2 1454
1 1455
1 1456
1 1457
1 1458
2 1460
1 1462
1 1463
1 1466
2 1467
2 1468
1 1469
1 1473
2 1474
2 1475
2 1478
2 1482
1 1483
4 1485
2 1486
1 1488
3 1489
1 1490
2 1491
4 1493
3 1494
2 1495
1 1496
1 1497
3 1498
1 1500
2 1502
1 1503
2 1504
1 1505
3 1506
2 1507
1 1508
2 1509
1 1510
1 1511
1 1512
2 1513
1 1514
2 1515
2 1517
1 1522
2 1523
1 1524
1 1525
1 1526
2 1528
1 1529
1 1532
1 1535
2 1536
1 1540
1 1542
2 1543
2 1544
1 1546
1 1547
1 1550
1 1551
2 1553
1 1554
1 1555
1 1557
2 1558
1 1560
2 1561
1 1563
1 1564
4 1565
1 1566
1 1567
1 1568
1 1569
1 1570
2 1571
1 1572
2 1573
1 1574
3 1578
1 1579
2 1580
4 1581
4 1582
3 1583
1 1584
1 1585
1 1586
2 1587
2 1591
1 1592
1 1593
1 1594
4 1596
2 1597
1 1599
1 1600
1 1602
1 1603
1 1608
1 1609
1 1610
1 1612
1 1614
2 1615
1 1618
1 1620
1 1622
2 1623
2 1625
2 1626
1 1628
1 1630
1 1633
1 1634
2 1635
1 1637
2 1638
3 1639
2 1640
1 1641
1 1645
1 1647
1 1651
1 1652
4 1656
1 1657
1 1658
1 1660
1 1661
1 1663
1 1666
1 1667
1 1668
2 1669
2 1670
1 1671
2 1672
1 1675
1 1677
2 1679
2 1680
1 1681
1 1682
2 1683
1 1684
1 1685
1 1686
1 1687
2 1688
2 1689
1 1690
1 1691
1 1693
1 1694
1 1696
5 1699
1 1700
1 1701
3 1702
1 1705
1 1706
3 1707
1 1709
2 1711
1 1713
1 1716
1 1717
3 1721
3 1722
2 1723
1 1724
3 1725
4 1726
2 1727
2 1728
2 1729
2 1731
4 1732
1 1733
2 1735
4 1738
2 1739
1 1740
2 1742
1 1744
3 1745
2 1747
3 1750
3 1751
3 1753
3 1754
1 1755
1 1756
1 1757
3 1758
3 1759
1 1760
1 1761
7 1762
1 1763
3 1764
2 1765
5 1766
2 1767
1 1768
3 1769
1 1770
2 1771
2 1772
4 1773
1 1774
2 1775
4 1776
2 1777
4 1778
3 1779
3 1780
3 1781
3 1782
3 1783
4 1784
2 1785
1 1786
4 1787
4 1788
6 1789
4 1790
9 1791
5 1792
3 1793
8 1794
5 1795
8 1796
2 1797
3 1798
3 1799
2 1800
3 1801
5 1802
5 1803
7 1804
4 1805
4 1806
8 1807
7 1808
4 1809
4 1810
11 1811
4 1812
6 1813
5 1814
11 1815
4 1816
3 1817
7 1818
6 1819
3 1820
6 1821
5 1822
3 1823
4 1824
4 1825
6 1826
3 1827
4 1828
3 1829
5 1830
7 1831
4 1832
3 1833
4 1834
4 1835
2 1836
1 1837
4 1838
2 1839
6 1840
4 1841
1 1842
1 1843
6 1844
1 1846
2 1848
9 1849
5 1850
5 1851
3 1852
5 1853
4 1854
4 1855
5 1856
1 1857
3 1859
4 1860
4 1861
2 1862
5 1863
2 1864
1 1865
5 1866
3 1867
4 1868
3 1869
6 1871
6 1872
2 1873
7 1874
3 1875
2 1876
5 1877
1 1878
5 1879
10 1880
8 1881
7 1882
5 1883
5 1884
2 1885
2 1886
5 1887
8 1888
6 1889
2 1890
5 1891
1 1892
8 1893
11 1894
5 1895
8 1896
8 1897
5 1898
5 1899
5 1900
9 1901
2 1902
4 1903
7 1904
2 1905
4 1906
1 1907
6 1908
10 1909
5 1910
10 1911
5 1912
8 1913
5 1914
4 1915
9 1916
8 1917
11 1918
8 1919
10 1920
9 1921
19 1922
9 1923
16 1924
17 1925
9 1926
4 1927
18 1928
12 1929
15 1930
18 1931
22 1932
21 1933
23 1934
16 1935
28 1936
19 1937
20 1938
16 1939
33 1940
28 1941
35 1942
24 1943
32 1944
31 1945
30 1946
42 1947
33 1948
39 1949
51 1950
32 1951
28 1952
36 1953
37 1954
40 1955
47 1956
29 1957
50 1958
34 1959
57 1960
46 1961
37 1962
33 1963
43 1964
31 1965
27 1966
35 1967
24 1968
41 1969
29 1970
28 1971
28 1972
32 1973
27 1974
25 1975
20 1976
15 1977
17 1978
12 1979
17 1980
17 1981
14 1982
10 1983
8 1984
4 1985
11 1986
9 1987
6 1988
11 1989
3 1990
9 1991
2 1992
4 1993
4 1994
6 1995
3 1996
3 1997
2 1998
2 1999
2 2000
2 2001
1 2002
4 2003
1 2007
1 2008
1 2009
2 2010
3 2011
1 2012
2 2014
1 2016
1 2017
1 2018
1 2019
2 2025
1 2033
1 2039
1 2042
1 2055
1 2057
1 2060
2 2063
1 2065
1 2071
1 2074
1 2077
1 2078
1 2079
1 2081
1 2084
1 2086
1 2087
1 2090
1 2091
1 2092
1 2096
1 2102
1 2103
4 2104
1 2105
1 2117
1 2119
1 2120
1 2121
2 2122
1 2124
1 2125
1 2127
1 2128
1 2129
2 2130
2 2131
1 2138
1 2140
1 2144
2 2145
1 2150
1 2154
2 2156
1 2161
2 2163
1 2167
1 2173
2 2174
1 2177
1 2180
2 2182
1 2183
1 2185
1 2192
2 2194
1 2195
1 2200
1 2203
1 2204
2 2208
2 2209
1 2210
1 2214
1 2218
1 2219
1 2220
1 2222
1 2224
3 2225
1 2228
1 2230
1 2231
2 2232
1 2233
3 2236
2 2237
2 2238
2 2239
2 2240
1 2241
3 2242
3 2250
2 2251
2 2252
2 2253
3 2254
3 2255
1 2257
4 2261
2 2262
3 2263
2 2265
1 2266
1 2267
1 2268
4 2269
1 2271
2 2272
2 2273
1 2274
2 2277
4 2279
2 2282
2 2283
3 2287
3 2288
1 2289
1 2290
1 2291
2 2292
1 2293
1 2295
2 2298
2 2299
1 2300
1 2301
2 2302
1 2303
1 2304
1 2308
1 2309
1 2316
1 2321
1 2322
2 2324
1 2325
1 2329
3 2331
1 2332
1 2333
1 2334
1 2335
2 2336
3 2339
1 2340
1 2342
5 2343
2 2344
3 2345
1 2346
2 2348
1 2349
2 2350
3 2351
1 2353
3 2355
2 2356
2 2357
1 2359
4 2360
1 2361
5 2366
1 2367
5 2368
1 2370
1 2372
2 2373
5 2374
2 2375
4 2376
3 2377
2 2379
6 2381
2 2382
4 2383
1 2384
2 2385
2 2386
8 2387
4 2388
3 2389
7 2390
8 2391
7 2392
7 2393
2 2394
6 2395
4 2396
5 2397
4 2398
5 2399
4 2400
5 2401
5 2402
5 2403
5 2404
4 2405
5 2406
9 2407
9 2408
8 2409
8 2410
8 2411
5 2412
13 2413
15 2414
12 2415
11 2416
11 2417
12 2418
11 2419
7 2420
13 2421
10 2422
20 2423
10 2424
12 2425
12 2426
12 2427
8 2428
8 2429
6 2430
9 2431
11 2432
14 2433
8 2434
7 2435
4 2436
5 2437
10 2438
9 2439
5 2440
5 2441
9 2442
5 2443
5 2444
10 2445
3 2446
9 2447
6 2448
3 2449
5 2450
3 2451
4 2452
2 2453
4 2454
4 2455
4 2457
2 2458
3 2459
2 2460
1 2463
1 2464
2 2465
1 2466
2 2467
1 2469
3 2470
2 2471
2 2472
1 2473
3 2475
3 2477
3 2478
2 2479
3 2482
1 2484
1 2486
2 2487
1 2488
1 2490
2 2493
1 2494
1 2495
2 2500
1 2502
2 2504
1 2507
1 2514
1 2518
1 2521
3 2522
1 2526
1 2529
2 2530
1 2531
2 2532
1 2533
3 2534
1 2535
2 2538
1 2540
2 2543
2 2544
1 2545
1 2547
1 2549
1 2551
1 2552
1 2553
2 2554
3 2556
1 2557
2 2558
1 2559
1 2560
5 2561
1 2562
3 2563
2 2564
3 2565
1 2566
1 2567
1 2568
3 2569
3 2571
3 2572
3 2573
5 2574
3 2575
10 2576
4 2577
2 2578
5 2579
5 2581
9 2582
6 2583
5 2584
1 2585
7 2586
6 2587
6 2588
5 2589
3 2590
2 2591
3 2592
6 2593
8 2594
5 2595
2 2596
2 2597
2 2598
1 2599
5 2600
5 2601
4 2603
4 2604
2 2605
3 2606
3 2607
2 2608
1 2609
6 2610
1 2611
1 2612
3 2614
1 2618
1 2620
1 2621
1 2624
1 2626
1 2627
1 2628
3 2630
2 2634
1 2635
3 2636
2 2640
1 2649
1 2663
1 2665
1 2679
2 2680
1 2686
1 2693
1 2702
1 2703
2 2714
1 2715
1 2720
1 2721
1 2727
1 2728
2 2729
2 2730
1 2732
1 2736
1 2737
1 2742
2 2744
1 2745
2 2746
2 2748
2 2749
1 2752
1 2754
1 2756
2 2758
1 2759
1 2761
2 2765
1 2766
1 2770
1 2771
2 2773
1 2776
1 2779
1 2797
1 2816
1 2826
1 2834
1 2843
1 2846
1 2853
1 2872
1 2888
1 2898
1 2899
1 2901
1 2909
1 2915
1 2918
1 2937
2 2938
1 2946
2 2951
1 2954
1 2959
1 2972
1 2986
1 3044
1 3060
1 3085
1 3092
1 3094
1 3116
1 3118
1 3203
1 3218
1 3304
1 3317
1 3400
1 3581
1 3677
1 3794
1 3834
1 3879
1 3935
1 3957
1 3965
1 3996
1 4023
1 4026
1 4034
1 4038
1 4042
1 4049
1 4050
1 4052
1 4066
2 4067
1 4078
1 4079
2 4084
1 4086
1 4093
1 4094
1 4095
3 4099
1 4101
1 4104
1 4105
1 4106
1 4107
1 4110
1 4111
1 4112
1 4114
1 4115
2 4118
1 4121
1 4125
1 4127
1 4130
1 4132
1 4136
1 4137
1 4139
1 4140
1 4141
1 4148
1 4154
1 4165
1 4199
1 4220
1 4244
1 4439
