1 1
7 2
1 4
2 5
5 6
2 7
2 8
3 9
4 10
1 11
3 12
4 14
2 15
2 16
2 17
1 18
3 19
3 20
5 21
6 22
2 23
1 24
3 26
2 27
2 28
2 29
5 30
3 31
3 32
2 33
1 34
2 35
3 36
1 37
3 38
3 40
6 41
5 42
2 43
1 44
1 45
5 46
1 47
3 49
2 50
1 51
2 52
3 53
6 55
4 56
3 57
2 58
3 59
5 60
1 61
7 62
5 63
2 64
3 65
2 66
4 67
3 68
6 69
2 70
5 71
3 72
1 73
7 74
2 75
1 76
4 77
5 78
3 79
3 80
8 81
6 82
7 83
2 84
4 85
3 86
7 87
5 88
3 89
3 90
1 91
2 92
4 93
4 94
3 95
5 96
4 97
5 98
7 99
9 100
5 101
4 102
7 103
4 104
4 105
4 106
7 107
1 108
8 109
2 110
5 111
4 112
7 113
8 114
9 115
4 116
3 117
8 118
4 119
7 120
5 121
4 122
6 123
9 124
10 125
9 126
12 127
12 128
11 129
5 130
5 131
11 132
12 133
13 134
10 135
5 136
4 137
11 138
7 139
4 140
7 141
4 142
7 143
4 144
6 145
6 146
4 147
8 148
12 149
13 150
9 151
10 152
9 153
8 154
17 155
5 156
3 157
12 158
8 159
13 160
13 161
9 162
4 163
10 164
13 165
15 166
15 167
12 168
16 169
14 170
12 171
9 172
8 173
5 174
9 175
9 176
14 177
7 178
3 179
9 180
7 181
8 182
2 183
12 184
7 185
3 186
4 187
11 188
5 189
9 190
7 191
6 192
8 193
4 194
6 195
11 196
9 197
8 198
7 199
6 200
9 201
11 202
7 203
4 204
9 205
12 206
3 207
9 208
12 209
6 210
5 211
6 212
5 213
5 214
7 215
7 216
4 217
7 218
15 219
6 220
8 221
9 222
10 223
7 224
13 225
5 226
7 227
8 228
14 229
9 230
18 231
8 232
7 233
18 234
17 235
20 236
20 237
21 238
18 239
25 240
24 241
32 242
27 243
20 244
22 245
38 246
36 247
48 248
44 249
50 250
64 251
49 252
59 253
58 254
66 255
39 256
53 257
46 258
41 259
36 260
21 261
18 262
20 263
13 264
15 265
12 266
15 267
7 268
14 269
10 270
18 271
11 272
20 273
18 274
18 275
14 276
10 277
13 278
14 279
20 280
20 281
19 282
13 283
21 284
26 285
20 286
20 287
18 288
27 289
21 290
18 291
29 292
32 293
28 294
22 295
19 296
22 297
23 298
19 299
21 300
20 301
17 302
13 303
19 304
7 305
8 306
16 307
12 308
7 309
3 310
5 311
16 312
13 313
5 314
8 315
8 316
13 317
4 318
10 319
10 320
9 321
11 322
21 323
12 324
12 325
17 326
17 327
13 328
25 329
8 330
21 331
21 332
28 333
23 334
26 335
21 336
19 337
23 338
24 339
21 340
31 341
18 342
21 343
22 344
19 345
15 346
16 347
23 348
23 349
32 350
26 351
30 352
30 353
40 354
31 355
42 356
27 357
37 358
31 359
26 360
26 361
30 362
25 363
26 364
30 365
37 366
30 367
20 368
24 369
20 370
15 371
19 372
17 373
30 374
20 375
25 376
15 377
18 378
21 379
32 380
28 381
29 382
24 383
19 384
27 385
26 386
25 387
29 388
25 389
21 390
37 391
25 392
33 393
36 394
38 395
47 396
41 397
64 398
58 399
79 400
99 401
111 402
137 403
157 404
170 405
185 406
193 407
236 408
256 409
296 410
312 411
288 412
290 413
280 414
269 415
247 416
199 417
177 418
166 419
140 420
115 421
81 422
74 423
61 424
61 425
49 426
29 427
47 428
19 429
26 430
20 431
13 432
19 433
10 434
19 435
15 436
13 437
14 438
13 439
21 440
15 441
11 442
19 443
14 444
19 445
22 446
32 447
26 448
30 449
21 450
30 451
32 452
26 453
27 454
26 455
20 456
33 457
25 458
21 459
24 460
28 461
31 462
32 463
26 464
20 465
42 466
47 467
40 468
47 469
45 470
46 471
42 472
51 473
35 474
29 475
47 476
34 477
34 478
18 479
31 480
20 481
19 482
22 483
17 484
20 485
11 486
16 487
10 488
12 489
7 490
11 491
15 492
16 493
5 494
10 495
13 496
5 497
6 498
8 499
1 500
9 501
5 502
12 503
11 504
9 505
9 506
14 507
9 508
4 509
16 510
6 511
13 512
6 513
11 514
12 515
9 516
11 517
11 518
6 519
9 520
4 521
8 522
13 523
8 524
6 525
6 526
11 527
5 528
6 529
10 530
8 531
17 532
6 533
16 534
18 535
14 536
17 537
11 538
17 539
7 540
18 541
18 542
13 543
13 544
16 545
15 546
16 547
15 548
7 549
18 550
13 551
10 552
7 553
9 554
9 555
9 556
16 557
10 558
9 559
17 560
17 561
20 562
16 563
24 564
17 565
30 566
23 567
18 568
10 569
19 570
26 571
15 572
15 573
24 574
24 575
10 576
14 577
18 578
23 579
15 580
18 581
13 582
11 583
7 584
10 585
12 586
8 587
10 588
6 589
8 590
6 591
8 592
7 593
5 594
9 595
8 596
6 597
11 598
9 599
12 600
5 601
13 602
14 603
13 604
6 605
8 606
7 607
10 608
7 609
5 610
10 611
11 612
12 613
5 614
7 615
3 616
7 617
13 618
10 619
6 620
5 621
12 622
9 623
11 624
4 625
10 626
5 627
13 628
18 629
8 630
9 631
14 632
14 633
12 634
7 635
6 636
12 637
15 638
6 639
12 640
9 641
10 642
9 643
10 644
12 645
13 646
11 647
18 648
8 649
13 650
14 651
16 652
12 653
14 654
15 655
16 656
15 657
19 658
8 659
12 660
7 661
22 662
18 663
21 664
13 665
14 666
13 667
14 668
12 669
11 670
18 671
12 672
16 673
20 674
17 675
26 676
21 677
15 678
27 679
19 680
21 681
22 682
27 683
24 684
13 685
23 686
23 687
24 688
30 689
23 690
24 691
24 692
21 693
21 694
23 695
22 696
25 697
32 698
32 699
28 700
42 701
28 702
37 703
29 704
36 705
54 706
40 707
45 708
54 709
48 710
51 711
61 712
49 713
56 714
64 715
48 716
53 717
57 718
52 719
48 720
52 721
76 722
69 723
46 724
57 725
57 726
69 727
55 728
60 729
69 730
53 731
48 732
55 733
59 734
51 735
62 736
48 737
65 738
58 739
51 740
61 741
69 742
57 743
61 744
64 745
57 746
52 747
67 748
65 749
63 750
62 751
71 752
58 753
66 754
56 755
79 756
53 757
61 758
53 759
60 760
65 761
63 762
46 763
63 764
55 765
59 766
43 767
48 768
48 769
59 770
64 771
36 772
43 773
41 774
53 775
34 776
45 777
52 778
59 779
42 780
44 781
56 782
59 783
42 784
48 785
47 786
50 787
49 788
55 789
55 790
55 791
61 792
73 793
72 794
64 795
77 796
82 797
87 798
100 799
95 800
116 801
130 802
112 803
112 804
139 805
141 806
140 807
166 808
168 809
204 810
193 811
211 812
225 813
250 814
267 815
278 816
327 817
318 818
340 819
358 820
378 821
375 822
424 823
428 824
450 825
409 826
479 827
445 828
452 829
458 830
473 831
444 832
403 833
359 834
379 835
417 836
331 837
332 838
311 839
294 840
288 841
229 842
225 843
232 844
213 845
210 846
172 847
179 848
192 849
201 850
210 851
210 852
175 853
217 854
196 855
230 856
204 857
229 858
239 859
236 860
233 861
209 862
204 863
208 864
223 865
224 866
227 867
198 868
200 869
189 870
192 871
175 872
148 873
134 874
123 875
100 876
97 877
100 878
101 879
82 880
68 881
56 882
47 883
51 884
44 885
41 886
43 887
30 888
18 889
23 890
23 891
31 892
12 893
19 894
19 895
15 896
12 897
5 898
17 899
15 900
16 901
11 902
9 903
11 904
11 905
16 906
11 907
9 908
14 909
8 910
15 911
11 912
11 913
16 914
16 915
17 916
16 917
9 918
5 919
14 920
22 921
12 922
7 923
19 924
18 925
12 926
14 927
19 928
16 929
18 930
14 931
6 932
23 933
27 934
20 935
28 936
26 937
26 938
22 939
21 940
21 941
31 942
23 943
26 944
27 945
24 946
27 947
17 948
27 949
35 950
26 951
25 952
33 953
18 954
26 955
24 956
28 957
29 958
36 959
29 960
22 961
29 962
28 963
32 964
22 965
40 966
34 967
30 968
34 969
39 970
34 971
41 972
31 973
31 974
24 975
24 976
23 977
20 978
19 979
22 980
25 981
18 982
20 983
21 984
13 985
15 986
12 987
20 988
18 989
13 990
14 991
20 992
19 993
18 994
10 995
10 996
21 997
15 998
11 999
13 1000
16 1001
9 1002
13 1003
14 1004
16 1005
12 1006
17 1007
21 1008
18 1009
24 1010
26 1011
20 1012
21 1013
26 1014
33 1015
36 1016
28 1017
24 1018
38 1019
41 1020
50 1021
36 1022
35 1023
31 1024
35 1025
36 1026
52 1027
45 1028
47 1029
46 1030
45 1031
42 1032
32 1033
47 1034
29 1035
37 1036
38 1037
29 1038
30 1039
30 1040
23 1041
26 1042
33 1043
20 1044
24 1045
16 1046
19 1047
22 1048
17 1049
19 1050
19 1051
26 1052
13 1053
21 1054
15 1055
26 1056
18 1057
30 1058
23 1059
23 1060
25 1061
31 1062
26 1063
13 1064
31 1065
30 1066
20 1067
32 1068
33 1069
27 1070
28 1071
37 1072
30 1073
30 1074
42 1075
28 1076
29 1077
44 1078
36 1079
33 1080
38 1081
44 1082
45 1083
49 1084
56 1085
60 1086
55 1087
51 1088
52 1089
65 1090
60 1091
57 1092
48 1093
53 1094
55 1095
60 1096
58 1097
52 1098
50 1099
49 1100
52 1101
52 1102
44 1103
47 1104
43 1105
41 1106
45 1107
37 1108
51 1109
47 1110
51 1111
53 1112
25 1113
50 1114
47 1115
58 1116
39 1117
50 1118
44 1119
51 1120
49 1121
52 1122
44 1123
39 1124
47 1125
41 1126
36 1127
46 1128
22 1129
33 1130
35 1131
33 1132
25 1133
32 1134
27 1135
25 1136
18 1137
16 1138
16 1139
15 1140
11 1141
12 1142
10 1143
8 1144
7 1145
2 1146
9 1147
6 1148
6 1149
5 1150
2 1151
3 1152
3 1153
5 1154
1 1155
2 1156
3 1158
3 1160
1 1161
2 1162
2 1164
1 1165
2 1166
1 1167
1 1169
1 1171
6 1172
3 1173
2 1174
2 1175
1 1176
4 1177
3 1179
1 1181
3 1184
1 1185
1 1186
1 1187
1 1188
1 1190
1 1192
2 1193
1 1194
1 1195
1 1196
6 1198
3 1199
3 1200
2 1201
5 1203
2 1205
1 1206
3 1207
3 1208
5 1210
2 1211
2 1214
1 1217
1 1218
1 1219
2 1220
3 1222
6 1223
3 1225
1 1226
3 1227
1 1228
2 1229
1 1230
2 1231
2 1232
4 1233
3 1234
2 1235
1 1236
3 1237
3 1238
1 1239
2 1240
5 1241
4 1242
3 1243
4 1245
4 1246
4 1247
5 1248
3 1249
3 1250
4 1251
6 1252
4 1253
3 1254
8 1255
5 1256
3 1257
4 1258
2 1259
5 1260
1 1261
3 1262
2 1263
5 1264
2 1265
5 1266
3 1267
7 1268
1 1269
7 1270
1 1271
4 1272
5 1273
1 1274
3 1275
2 1276
2 1278
1 1279
3 1280
1 1281
2 1282
3 1283
1 1284
3 1285
6 1287
1 1288
4 1289
2 1290
4 1291
1 1292
2 1293
1 1294
3 1295
3 1297
3 1298
1 1299
2 1301
4 1302
3 1303
1 1305
2 1308
3 1309
3 1310
2 1311
2 1312
5 1313
3 1314
3 1315
5 1316
3 1317
3 1318
2 1319
1 1320
5 1321
4 1322
1 1323
5 1324
3 1325
3 1326
4 1327
1 1328
9 1329
4 1330
3 1331
4 1332
5 1333
5 1335
4 1336
3 1337
4 1338
5 1339
2 1340
3 1341
7 1342
3 1343
9 1344
7 1345
9 1346
3 1347
6 1348
5 1349
7 1350
14 1351
6 1352
9 1353
11 1354
9 1355
14 1356
13 1357
13 1358
12 1359
5 1360
14 1361
13 1362
15 1363
21 1364
21 1365
17 1366
24 1367
23 1368
29 1369
28 1370
27 1371
27 1372
31 1373
26 1374
26 1375
30 1376
27 1377
29 1378
34 1379
39 1380
33 1381
40 1382
29 1383
30 1384
38 1385
36 1386
36 1387
30 1388
30 1389
28 1390
29 1391
28 1392
21 1393
18 1394
18 1395
16 1396
12 1397
18 1398
14 1399
14 1400
6 1401
14 1402
10 1403
7 1404
4 1405
6 1406
3 1407
4 1408
4 1409
3 1410
3 1411
2 1412
2 1413
4 1414
2 1415
3 1416
2 1417
1 1418
1 1419
2 1420
2 1421
1 1422
1 1423
1 1424
1 1426
1 1427
1 1428
3 1429
1 1430
1 1432
4 1433
3 1437
1 1441
1 1442
2 1443
1 1444
2 1445
2 1446
2 1447
1 1448
1 1449
1 1450
3 1452
1 1454
3 1455
3 1457
1 1458
1 1463
2 1465
1 1469
1 1470
1 1472
2 1473
2 1474
3 1475
1 1479
1 1480
1 1481
1 1482
2 1484
1 1486
2 1487
2 1488
2 1490
1 1491
1 1492
2 1493
1 1494
1 1495
2 1496
2 1497
2 1499
1 1503
1 1504
1 1507
1 1510
2 1511
2 1512
1 1513
2 1514
2 1516
2 1518
1 1519
1 1521
1 1524
1 1525
2 1526
2 1527
1 1529
1 1533
2 1534
2 1535
2 1536
2 1539
1 1541
1 1544
1 1545
1 1546
1 1548
1 1549
1 1550
1 1551
1 1552
2 1555
2 1556
2 1561
1 1563
1 1564
1 1565
1 1567
1 1568
1 1570
1 1574
1 1575
1 1576
1 1577
1 1578
1 1584
1 1587
1 1588
1 1589
1 1590
1 1591
1 1592
1 1593
3 1597
1 1598
1 1599
1 1602
1 1608
1 1610
1 1611
1 1612
2 1613
4 1614
2 1615
1 1616
1 1617
2 1619
2 1622
1 1623
1 1626
1 1628
1 1630
2 1631
1 1632
2 1638
1 1639
2 1640
2 1641
1 1642
1 1643
1 1644
1 1645
3 1647
1 1648
2 1650
1 1654
1 1657
4 1658
2 1660
1 1661
3 1663
1 1665
1 1666
2 1667
2 1669
1 1670
1 1671
1 1674
2 1675
2 1676
1 1677
1 1678
1 1679
1 1680
1 1681
1 1683
1 1685
1 1687
1 1691
1 1692
1 1693
1 1694
2 1696
1 1697
1 1698
2 1700
2 1715
1 1716
1 1717
1 1718
2 1720
1 1726
2 1727
1 1728
1 1731
2 1734
1 1735
1 1739
1 1741
1 1743
3 1744
3 1745
1 1746
2 1747
1 1749
2 1751
1 1753
1 1754
1 1756
2 1757
2 1760
1 1763
1 1764
1 1766
1 1767
2 1768
2 1770
1 1774
1 1778
2 1779
1 1783
2 1784
1 1786
1 1787
1 1789
1 1790
1 1797
2 1798
1 1800
1 1801
4 1803
1 1804
1 1805
1 1808
2 1809
2 1810
2 1811
1 1812
1 1814
1 1815
1 1817
2 1819
1 1820
3 1821
1 1824
1 1825
1 1826
1 1827
1 1828
3 1829
1 1831
2 1834
2 1835
1 1837
1 1838
2 1839
1 1840
1 1842
3 1845
2 1849
3 1851
1 1853
5 1854
2 1855
2 1856
1 1857
1 1859
1 1861
1 1862
1 1864
1 1866
2 1867
1 1869
1 1871
1 1872
1 1873
1 1878
2 1882
2 1883
1 1884
2 1885
2 1886
2 1887
2 1888
1 1890
1 1891
3 1893
2 1894
2 1896
1 1897
2 1899
1 1900
1 1901
1 1902
1 1903
1 1904
1 1905
2 1906
1 1907
1 1908
1 1910
3 1912
1 1913
1 1914
2 1915
1 1917
2 1918
4 1920
1 1922
4 1925
1 1926
3 1927
3 1928
4 1929
1 1930
2 1932
2 1934
1 1936
3 1937
6 1938
1 1939
1 1940
1 1941
5 1942
1 1943
3 1944
2 1946
4 1947
1 1948
3 1949
1 1950
1 1951
2 1952
1 1953
1 1954
1 1955
1 1956
2 1957
1 1959
3 1961
2 1966
5 1968
2 1969
3 1972
1 1973
1 1974
2 1975
1 1979
1 1982
1 1986
3 1987
1 1988
3 1989
1 1990
1 1991
2 1992
2 1993
1 1994
2 1996
1 1998
1 1999
3 2000
2 2001
2 2002
2 2003
1 2004
2 2005
2 2006
1 2007
2 2008
2 2010
4 2011
2 2014
3 2015
3 2016
4 2017
4 2018
3 2019
2 2020
2 2021
4 2022
4 2023
3 2024
5 2025
2 2026
5 2027
5 2028
4 2030
4 2031
4 2032
3 2033
1 2034
4 2036
4 2037
3 2038
1 2039
1 2040
1 2041
1 2042
2 2043
2 2045
2 2046
1 2047
1 2048
3 2050
1 2051
4 2052
1 2053
2 2056
2 2057
1 2058
1 2059
1 2061
1 2062
1 2063
1 2066
1 2067
1 2069
3 2070
2 2072
2 2073
2 2076
3 2079
3 2087
1 2090
1 2093
2 2098
1 2099
1 2100
1 2101
1 2102
1 2105
2 2106
1 2107
2 2108
3 2111
3 2112
1 2114
1 2115
3 2116
2 2118
1 2119
2 2121
1 2122
3 2123
1 2124
1 2125
3 2127
1 2128
1 2129
3 2130
2 2132
1 2133
3 2135
2 2136
2 2137
2 2138
1 2139
3 2141
2 2142
3 2143
1 2144
2 2145
3 2147
4 2149
1 2150
1 2151
4 2152
1 2154
2 2156
1 2157
3 2158
2 2159
5 2163
3 2166
2 2167
2 2168
3 2169
2 2170
1 2171
4 2172
4 2174
1 2175
2 2176
1 2177
1 2179
1 2180
1 2183
1 2185
1 2186
1 2187
2 2188
1 2189
1 2190
1 2195
1 2199
1 2200
2 2201
1 2202
1 2203
1 2205
1 2206
1 2207
2 2210
2 2211
1 2212
2 2213
1 2215
1 2216
1 2219
1 2221
1 2222
2 2223
1 2224
1 2225
1 2226
2 2227
1 2229
1 2231
1 2232
3 2233
1 2234
2 2237
3 2240
1 2241
1 2242
1 2246
1 2247
1 2248
1 2249
2 2250
2 2251
1 2252
2 2253
3 2254
1 2255
3 2256
1 2257
1 2258
1 2259
1 2260
1 2261
2 2262
2 2263
1 2264
3 2266
3 2269
2 2270
1 2271
1 2272
4 2273
3 2274
1 2275
1 2276
2 2277
6 2279
1 2280
3 2281
4 2283
2 2284
2 2288
4 2289
5 2290
1 2291
3 2292
3 2293
3 2294
2 2295
3 2296
2 2297
2 2299
1 2300
3 2301
1 2302
1 2303
2 2304
2 2305
3 2306
3 2307
2 2308
1 2309
2 2310
2 2311
4 2312
2 2313
3 2314
2 2315
1 2316
2 2317
4 2318
3 2319
1 2320
3 2321
1 2323
3 2324
5 2325
3 2326
4 2328
4 2329
1 2330
4 2331
3 2332
2 2333
4 2334
3 2335
3 2336
1 2337
4 2338
2 2339
3 2340
1 2341
4 2343
6 2344
5 2345
3 2346
6 2347
5 2348
4 2349
5 2350
2 2351
2 2352
3 2353
4 2354
4 2355
5 2356
2 2357
3 2358
5 2360
2 2361
8 2362
2 2363
4 2364
3 2365
6 2366
6 2367
4 2368
5 2369
3 2370
3 2371
5 2372
10 2373
11 2374
2 2375
6 2376
5 2377
2 2378
6 2379
5 2380
6 2381
3 2382
5 2383
6 2384
3 2385
8 2386
8 2387
9 2388
5 2389
6 2390
6 2391
1 2392
9 2393
3 2394
8 2395
7 2396
1 2397
5 2398
8 2399
13 2400
11 2401
6 2402
7 2403
13 2404
12 2405
10 2406
15 2407
5 2408
12 2409
7 2410
10 2411
11 2412
6 2413
7 2414
12 2415
10 2416
12 2417
9 2418
11 2419
7 2420
9 2421
10 2422
7 2423
10 2424
6 2425
10 2426
11 2427
3 2428
10 2429
7 2430
7 2431
5 2432
7 2433
9 2434
6 2435
5 2436
7 2437
6 2438
8 2439
11 2440
4 2441
7 2442
10 2443
7 2444
11 2445
11 2446
8 2447
4 2448
5 2449
9 2450
5 2451
7 2452
7 2453
8 2454
8 2455
13 2456
9 2457
6 2458
8 2459
8 2460
8 2461
8 2462
16 2463
5 2464
9 2465
10 2466
12 2467
9 2468
9 2469
10 2470
9 2471
11 2472
12 2473
14 2474
17 2475
19 2476
10 2477
16 2478
15 2479
16 2480
19 2481
14 2482
22 2483
28 2484
14 2485
15 2486
12 2487
15 2488
15 2489
26 2490
20 2491
24 2492
24 2493
26 2494
20 2495
18 2496
16 2497
19 2498
17 2499
17 2500
20 2501
14 2502
23 2503
11 2504
16 2505
13 2506
25 2507
13 2508
6 2509
10 2510
19 2511
14 2512
12 2513
14 2514
13 2515
16 2516
12 2517
11 2518
8 2519
10 2520
7 2521
6 2522
4 2523
8 2524
9 2525
14 2526
7 2527
3 2528
8 2529
4 2530
3 2531
5 2532
6 2533
4 2534
7 2535
4 2536
6 2537
3 2538
2 2539
4 2540
1 2541
4 2543
4 2544
3 2545
4 2546
3 2547
4 2548
3 2549
3 2550
5 2551
2 2552
4 2553
2 2554
3 2555
1 2556
2 2557
8 2558
1 2559
2 2561
2 2562
3 2563
1 2565
6 2566
1 2569
2 2570
2 2571
2 2572
2 2573
3 2574
5 2575
3 2576
3 2577
5 2578
1 2580
6 2582
3 2583
6 2584
4 2585
1 2586
2 2587
1 2588
1 2589
2 2591
3 2592
3 2593
1 2594
2 2595
2 2596
2 2597
1 2598
2 2600
1 2601
1 2602
1 2603
1 2604
3 2605
2 2606
2 2607
3 2608
2 2610
1 2612
1 2614
1 2615
1 2616
1 2617
2 2618
2 2619
1 2621
1 2622
1 2623
2 2624
3 2625
1 2627
1 2628
2 2629
1 2630
1 2631
1 2633
2 2634
1 2635
2 2636
1 2638
2 2639
2 2640
4 2641
1 2644
1 2645
2 2646
6 2647
1 2648
3 2649
3 2650
1 2652
1 2653
1 2655
2 2657
1 2658
2 2660
2 2661
2 2662
2 2663
4 2664
2 2666
1 2668
2 2670
3 2671
1 2672
3 2673
1 2674
4 2676
3 2677
2 2678
2 2679
1 2680
3 2682
5 2683
3 2684
4 2685
1 2686
4 2687
3 2688
1 2689
6 2690
1 2691
3 2692
2 2694
3 2695
5 2696
9 2697
6 2698
3 2699
5 2700
6 2701
3 2702
3 2703
10 2704
2 2705
3 2706
4 2707
7 2708
4 2709
3 2710
2 2711
10 2712
11 2713
4 2714
4 2715
4 2716
5 2717
8 2718
6 2719
3 2720
5 2721
8 2722
9 2723
3 2724
12 2725
6 2726
2 2727
4 2728
4 2729
5 2730
4 2731
9 2732
5 2733
6 2734
3 2735
3 2736
2 2737
7 2738
1 2739
3 2740
4 2741
5 2742
3 2743
2 2744
2 2745
4 2746
3 2747
1 2748
2 2749
2 2750
2 2751
1 2753
3 2754
2 2755
2 2756
4 2758
1 2759
1 2760
1 2762
1 2764
3 2766
2 2767
2 2769
1 2770
1 2771
1 2772
3 2773
1 2774
2 2775
2 2776
1 2777
4 2778
3 2779
2 2781
1 2784
2 2785
2 2786
1 2787
2 2789
1 2791
4 2792
1 2793
1 2794
5 2795
1 2797
2 2799
1 2800
1 2801
2 2802
1 2804
3 2806
1 2807
1 2808
1 2809
2 2810
2 2811
1 2812
2 2813
1 2814
1 2815
2 2816
1 2817
3 2818
3 2819
1 2821
2 2822
2 2824
1 2827
2 2828
2 2832
3 2834
1 2835
2 2837
1 2838
2 2841
2 2842
1 2843
2 2846
2 2847
1 2849
3 2850
3 2852
1 2854
1 2858
1 2859
1 2863
1 2865
1 2873
1 2882
1 2883
1 2888
1 2908
1 2910
1 2912
1 2919
1 2921
1 2922
1 2928
1 2934
1 2950
1 2963
1 2966
1 2977
2 2992
1 3009
1 3014
2 3015
1 3019
1 3020
1 3023
1 3025
1 3033
1 3036
1 3037
1 3039
1 3040
1 3042
1 3062
1 3065
2 3068
1 3069
1 3071
1 3073
1 3074
1 3076
1 3079
1 3080
2 3082
4 3083
1 3084
1 3085
1 3086
1 3093
1 3096
1 3099
1 3101
1 3103
1 3105
1 3106
1 3107
2 3108
1 3109
1 3114
1 3115
2 3116
2 3117
3 3120
1 3121
1 3123
1 3124
1 3125
2 3126
2 3127
1 3129
3 3131
2 3133
2 3134
1 3135
2 3136
1 3138
2 3140
4 3141
1 3143
1 3144
2 3146
2 3147
1 3148
2 3152
2 3153
2 3155
1 3156
1 3158
1 3159
1 3161
1 3165
1 3166
1 3167
1 3170
1 3173
1 3175
1 3180
1 3181
1 3183
1 3184
1 3188
1 3192
1 3203
1 3211
1 3266
1 3282
1 3298
1 3310
1 3365
1 3376
1 3384
1 3418
1 3472
1 3515
1 3557
1 3638
1 3699
1 3780
1 3859
1 3860
1 3880
1 3987
1 4026
1 4045
1 4067
1 4141
1 4155
1 4166
1 4373
1 4452
1 4552
1 4610
1 4835
1 4869
