1 1
2 2
2 3
1 6
1 10
1 12
3 13
4 14
1 16
1 21
1 23
2 24
2 25
1 29
1 32
1 38
1 42
3 43
1 44
1 45
1 46
1 48
5 49
1 50
2 56
1 59
2 60
1 64
2 66
2 68
2 70
3 71
2 72
1 73
3 74
3 75
2 76
3 77
1 78
1 79
1 80
1 81
1 82
1 83
1 84
1 87
2 88
2 92
1 93
5 95
2 96
2 97
3 98
2 99
5 100
4 101
2 102
1 103
3 104
4 105
3 106
1 108
2 109
3 110
4 111
2 113
1 114
6 115
2 116
8 117
5 118
1 119
3 120
4 121
3 122
2 123
2 124
3 125
1 126
2 127
3 128
3 129
2 130
3 131
2 132
3 133
3 134
3 136
3 137
3 138
2 139
2 140
2 141
5 142
7 143
3 144
3 145
2 146
2 148
3 149
4 151
1 152
3 153
1 154
4 155
3 156
5 157
3 158
2 159
4 160
4 161
2 162
4 163
6 164
4 165
3 166
7 167
5 168
5 169
2 170
1 171
2 172
3 173
1 174
2 175
5 176
5 177
5 179
5 180
1 181
3 182
5 183
5 184
15 186
12 187
7 188
8 189
17 190
9 191
21 192
14 193
36 194
31 195
34 196
31 197
40 198
32 199
37 200
14 201
25 202
13 203
16 204
12 205
11 206
5 207
9 208
6 209
7 210
5 211
4 212
2 213
5 214
4 215
4 216
4 217
6 218
3 219
3 220
4 221
4 222
2 223
2 224
6 225
6 226
4 227
1 228
2 229
1 230
3 231
3 232
5 233
3 234
3 235
3 236
7 237
4 238
2 239
5 240
2 241
5 242
10 243
2 244
2 245
4 246
6 247
8 248
8 250
3 251
4 252
7 253
5 254
5 255
7 256
6 257
5 258
5 259
10 260
8 261
10 262
6 263
6 264
8 265
6 266
6 267
5 268
11 269
6 270
5 271
4 272
13 273
8 274
11 275
10 276
7 277
6 278
10 279
15 280
9 281
7 282
9 283
5 284
5 285
8 286
8 287
10 288
8 289
5 290
8 291
9 292
12 293
12 294
15 295
10 296
17 297
15 298
19 299
23 300
22 301
33 302
16 303
21 304
21 305
22 306
15 307
24 308
15 309
17 310
13 311
14 312
7 313
21 314
17 315
6 316
18 317
20 318
21 319
15 320
22 321
29 322
19 323
24 324
26 325
20 326
22 327
18 328
23 329
18 330
33 331
27 332
23 333
19 334
22 335
10 336
17 337
18 338
12 339
21 340
8 341
21 342
10 343
18 344
13 345
16 346
14 347
22 348
13 349
15 350
13 351
16 352
10 353
12 354
15 355
11 356
18 357
13 358
16 359
12 360
8 361
16 362
11 363
11 364
11 365
13 366
15 367
15 368
16 369
17 370
10 371
10 372
14 373
15 374
21 375
14 376
12 377
13 378
18 379
7 380
15 381
11 382
13 383
12 384
10 385
13 386
5 387
9 388
11 389
14 390
6 391
10 392
9 393
16 394
10 395
13 396
17 397
5 398
10 399
13 400
15 401
10 402
12 403
7 404
11 405
17 406
19 407
17 408
12 409
15 410
14 411
18 412
24 413
19 414
29 415
15 416
24 417
18 418
31 419
36 420
33 421
32 422
43 423
52 424
60 425
75 426
71 427
75 428
78 429
104 430
98 431
110 432
118 433
138 434
120 435
118 436
134 437
117 438
130 439
112 440
102 441
101 442
87 443
81 444
58 445
52 446
55 447
48 448
43 449
34 450
41 451
29 452
26 453
27 454
28 455
38 456
27 457
30 458
39 459
29 460
36 461
32 462
39 463
41 464
32 465
27 466
29 467
25 468
31 469
14 470
19 471
27 472
24 473
17 474
12 475
20 476
6 477
17 478
10 479
13 480
11 481
12 482
11 483
6 484
9 485
8 486
6 487
13 488
15 489
9 490
13 491
14 492
12 493
8 494
15 495
16 496
23 497
20 498
31 499
23 500
20 501
30 502
22 503
29 504
23 505
23 506
43 507
32 508
41 509
30 510
35 511
39 512
46 513
41 514
39 515
53 516
49 517
52 518
53 519
47 520
42 521
62 522
53 523
52 524
53 525
40 526
39 527
34 528
48 529
40 530
25 531
43 532
26 533
39 534
34 535
26 536
20 537
15 538
22 539
15 540
8 541
15 542
15 543
16 544
10 545
8 546
7 547
11 548
7 549
12 550
4 551
8 552
6 553
6 554
4 555
7 556
9 557
9 558
4 559
6 560
2 561
4 562
3 563
4 564
4 565
5 566
2 567
4 568
4 569
1 570
4 571
4 572
3 573
7 574
2 575
3 576
7 577
4 578
7 579
2 581
9 582
8 583
9 584
10 585
4 586
10 587
8 588
5 589
5 590
5 591
9 592
11 593
3 594
10 595
5 596
6 597
9 598
9 599
11 600
14 601
16 602
6 603
9 604
11 605
5 606
7 607
6 608
7 609
11 610
13 611
7 612
7 613
12 614
9 615
7 616
7 617
4 618
7 619
5 620
3 621
5 622
3 623
7 624
5 625
1 626
3 627
1 628
3 629
4 630
5 631
11 632
6 634
1 635
4 636
5 637
7 638
3 640
4 641
6 642
6 643
9 644
6 645
7 646
13 647
6 648
4 649
6 650
5 651
5 652
15 653
9 654
7 655
9 656
16 657
11 658
11 659
11 660
12 661
13 662
21 663
18 664
14 665
13 666
9 667
15 668
13 669
18 670
7 671
6 672
8 673
13 674
8 675
5 676
8 677
7 678
8 679
11 680
9 681
8 682
3 683
5 684
5 685
10 686
7 687
6 688
10 689
4 690
3 691
9 692
5 693
3 694
11 695
6 696
9 697
4 698
6 699
6 700
5 701
7 702
4 703
4 704
6 705
12 706
7 707
4 708
6 709
6 710
6 711
9 712
10 713
7 714
7 715
4 716
3 717
6 718
2 719
4 720
5 721
3 722
3 723
8 724
8 725
6 726
3 727
3 728
3 729
3 730
7 731
10 732
4 733
2 734
3 735
6 736
4 737
7 738
2 739
4 740
4 741
1 742
4 743
6 744
9 745
4 746
6 747
4 748
1 749
7 750
2 751
3 752
5 753
2 754
2 755
3 756
2 757
4 758
5 759
4 760
3 761
4 762
3 763
10 764
4 765
4 766
3 767
5 768
8 769
6 770
4 771
12 772
6 773
7 774
4 775
6 776
9 777
8 778
8 779
4 780
8 781
7 782
13 783
6 784
12 785
5 786
11 787
8 788
12 789
8 790
9 791
7 792
11 793
6 794
7 795
6 796
8 797
5 798
11 799
11 800
3 801
4 802
8 803
10 804
5 805
2 806
4 807
5 808
3 809
7 810
8 811
4 812
3 813
5 814
3 815
10 816
4 817
6 818
7 819
8 820
7 821
6 822
11 823
8 824
2 825
7 826
8 827
4 828
7 829
10 830
7 831
6 832
6 833
9 834
16 835
12 836
10 837
12 838
18 839
9 840
13 841
16 842
11 843
16 844
15 845
17 846
14 847
11 848
19 849
20 850
17 851
19 852
32 853
17 854
27 855
24 856
31 857
21 858
11 859
18 860
32 861
23 862
23 863
41 864
26 865
25 866
28 867
20 868
21 869
25 870
23 871
23 872
25 873
19 874
17 875
19 876
12 877
13 878
12 879
14 880
17 881
15 882
14 883
17 884
13 885
25 886
14 887
25 888
20 889
19 890
24 891
21 892
28 893
29 894
40 895
27 896
31 897
22 898
26 899
31 900
39 901
27 902
37 903
33 904
25 905
26 906
40 907
30 908
24 909
26 910
24 911
26 912
15 913
24 914
21 915
14 916
13 917
10 918
10 919
13 920
12 921
8 922
7 923
8 924
9 925
7 926
9 927
4 928
6 929
4 930
4 931
6 932
5 933
8 934
5 935
1 936
4 937
5 939
3 940
4 941
3 942
3 943
4 944
2 945
6 946
4 947
5 948
1 950
2 951
5 952
4 953
3 954
1 955
1 956
1 957
1 958
4 959
2 962
1 963
3 964
1 966
3 967
1 968
1 969
2 970
2 971
2 972
3 974
2 975
1 976
1 978
1 980
2 981
1 985
1 986
2 987
1 989
1 991
1 992
1 994
2 997
2 998
1 999
1 1002
1 1003
2 1004
1 1005
1 1006
2 1007
1 1008
1 1010
1 1011
1 1013
3 1014
2 1015
2 1016
1 1017
1 1018
4 1021
3 1022
1 1023
1 1025
2 1026
1 1028
2 1029
1 1030
1 1031
2 1032
1 1033
2 1035
1 1036
1 1037
2 1038
2 1039
2 1040
5 1042
2 1043
2 1044
2 1045
1 1050
3 1052
1 1053
1 1054
1 1055
1 1056
1 1057
1 1058
1 1059
1 1062
3 1063
2 1064
1 1066
1 1067
3 1069
1 1070
3 1072
6 1074
5 1075
1 1076
1 1077
2 1078
1 1079
1 1081
1 1082
3 1084
2 1085
2 1086
3 1087
1 1089
2 1091
4 1092
1 1093
1 1094
2 1095
2 1096
4 1097
2 1098
3 1099
2 1100
3 1101
4 1102
2 1104
1 1105
2 1106
2 1108
2 1109
2 1110
1 1111
2 1112
4 1113
4 1114
4 1115
3 1116
2 1117
3 1118
2 1119
1 1120
1 1121
4 1122
3 1124
1 1125
3 1127
1 1128
4 1130
2 1131
2 1133
3 1135
1 1136
2 1137
4 1138
4 1139
3 1140
2 1141
3 1142
4 1143
4 1144
2 1145
4 1146
1 1147
2 1149
2 1151
3 1152
2 1153
3 1154
1 1155
2 1156
1 1157
4 1158
6 1159
1 1161
4 1162
3 1163
3 1164
1 1165
2 1166
4 1167
1 1168
8 1169
2 1170
4 1171
2 1172
7 1173
7 1174
5 1175
11 1176
7 1177
5 1178
9 1179
7 1180
5 1181
7 1182
13 1183
9 1184
10 1185
5 1186
10 1187
3 1188
6 1189
7 1190
5 1191
8 1192
10 1193
5 1194
11 1195
6 1196
8 1197
6 1198
9 1199
4 1200
4 1201
8 1202
5 1203
3 1204
6 1205
5 1206
5 1207
1 1208
5 1209
6 1210
4 1211
2 1212
1 1213
5 1214
2 1215
2 1216
4 1217
4 1218
1 1219
2 1220
2 1221
5 1222
2 1223
1 1224
3 1225
3 1226
1 1228
2 1230
4 1231
5 1232
1 1233
2 1234
5 1235
1 1236
1 1237
1 1238
2 1239
2 1240
2 1241
4 1242
4 1243
4 1244
3 1245
2 1246
1 1247
3 1248
3 1249
4 1250
3 1251
1 1252
3 1253
1 1254
3 1255
3 1256
5 1257
5 1258
6 1259
5 1260
3 1261
2 1262
6 1263
5 1264
4 1265
2 1266
5 1267
13 1268
9 1269
8 1270
6 1271
4 1272
10 1273
7 1274
1 1275
10 1276
9 1277
11 1278
9 1279
6 1280
11 1281
4 1282
11 1283
14 1284
14 1285
18 1286
13 1287
9 1288
9 1289
15 1290
7 1291
18 1292
15 1293
13 1294
11 1295
13 1296
14 1297
15 1298
15 1299
9 1300
9 1301
14 1302
10 1303
4 1304
9 1305
7 1306
17 1307
11 1308
11 1309
6 1310
5 1311
2 1312
9 1313
9 1314
6 1315
10 1316
10 1317
6 1318
7 1319
9 1320
5 1321
3 1322
5 1323
1 1324
3 1325
1 1326
7 1327
5 1328
4 1329
2 1330
7 1331
3 1332
4 1333
3 1334
5 1335
6 1336
3 1337
1 1338
6 1339
2 1340
2 1341
4 1342
3 1343
3 1344
3 1345
1 1346
2 1349
2 1350
1 1351
2 1352
5 1353
2 1354
2 1355
4 1356
4 1357
1 1358
2 1360
1 1361
8 1362
6 1363
1 1364
4 1365
6 1366
4 1367
5 1368
1 1369
3 1370
3 1371
3 1372
5 1373
2 1374
2 1375
3 1376
3 1377
4 1378
1 1379
3 1380
5 1381
2 1382
5 1383
2 1384
4 1385
1 1386
2 1387
4 1388
2 1389
5 1390
3 1391
1 1392
3 1393
3 1394
3 1395
4 1396
3 1397
2 1398
3 1399
4 1400
4 1402
2 1403
2 1404
4 1405
4 1406
1 1407
1 1408
2 1410
5 1412
6 1413
5 1414
2 1415
3 1416
2 1417
1 1418
1 1419
1 1421
4 1422
3 1423
3 1424
3 1426
2 1427
1 1428
1 1430
4 1431
1 1433
2 1434
3 1436
5 1437
3 1438
1 1439
1 1441
2 1442
3 1443
4 1444
2 1445
6 1446
3 1447
2 1448
1 1449
1 1450
3 1451
1 1452
3 1454
4 1455
1 1456
3 1457
4 1458
3 1459
2 1460
4 1461
1 1462
1 1463
4 1464
4 1465
2 1466
2 1467
4 1468
2 1469
1 1470
2 1471
4 1472
3 1473
6 1474
2 1475
8 1476
3 1477
2 1478
2 1479
5 1480
5 1481
6 1482
3 1483
4 1484
4 1485
10 1486
3 1487
5 1488
4 1489
5 1490
2 1491
5 1492
8 1493
3 1494
4 1495
1 1496
2 1497
3 1498
4 1499
5 1500
4 1501
4 1502
3 1503
4 1504
4 1505
4 1506
2 1507
6 1508
4 1509
10 1510
8 1511
9 1512
5 1513
6 1514
3 1515
6 1516
6 1517
10 1518
6 1519
12 1520
11 1521
8 1522
6 1523
11 1524
16 1525
14 1526
9 1527
9 1528
21 1529
11 1530
15 1531
19 1532
12 1533
15 1534
16 1535
15 1536
22 1537
8 1538
12 1539
22 1540
17 1541
18 1542
12 1543
13 1544
9 1545
18 1546
23 1547
9 1548
16 1549
10 1550
9 1551
6 1552
6 1553
7 1554
13 1555
17 1556
5 1557
9 1558
5 1559
4 1560
8 1561
8 1562
3 1563
6 1564
8 1565
11 1566
3 1567
11 1568
5 1569
6 1570
5 1571
3 1572
2 1573
5 1574
2 1575
2 1576
3 1577
2 1578
3 1579
5 1580
4 1581
6 1582
3 1583
8 1584
5 1585
5 1586
5 1587
4 1588
3 1589
1 1590
2 1591
2 1592
3 1593
1 1594
3 1595
4 1596
4 1597
5 1598
4 1599
1 1600
4 1601
4 1602
6 1603
6 1604
2 1605
2 1606
3 1607
3 1608
2 1609
2 1610
4 1611
5 1612
1 1613
2 1614
2 1615
4 1616
5 1617
3 1618
7 1619
3 1620
2 1621
4 1622
4 1623
3 1624
3 1625
7 1626
1 1627
3 1628
4 1629
6 1630
5 1631
5 1632
5 1633
4 1634
4 1635
4 1636
6 1637
6 1638
3 1639
3 1640
5 1641
3 1642
6 1643
12 1644
3 1645
7 1646
9 1647
8 1648
4 1649
4 1650
2 1651
3 1652
4 1653
2 1654
2 1655
4 1656
2 1657
2 1658
6 1659
1 1660
4 1661
6 1662
3 1663
1 1664
3 1665
1 1667
4 1668
3 1669
4 1670
3 1671
6 1672
3 1673
2 1674
3 1675
1 1676
3 1677
4 1678
2 1679
4 1680
4 1681
1 1682
1 1684
2 1685
1 1686
3 1687
3 1688
1 1689
3 1690
3 1693
2 1694
4 1695
1 1696
1 1697
3 1701
3 1702
1 1703
1 1705
1 1706
1 1707
2 1708
2 1709
2 1710
2 1711
1 1712
3 1713
2 1714
3 1715
3 1716
2 1717
4 1719
4 1720
1 1721
4 1722
2 1723
5 1724
4 1725
1 1726
1 1727
3 1728
6 1733
1 1734
1 1735
4 1736
2 1737
1 1738
2 1739
6 1740
3 1741
2 1743
4 1744
2 1745
1 1746
2 1747
2 1748
7 1749
4 1750
1 1751
1 1752
3 1753
2 1754
1 1755
4 1756
1 1757
3 1758
8 1759
3 1760
4 1761
9 1762
2 1763
5 1764
4 1765
6 1766
7 1767
11 1768
7 1769
7 1770
5 1771
14 1772
8 1773
8 1774
5 1775
3 1776
3 1777
5 1778
7 1779
7 1780
8 1781
9 1782
12 1783
5 1784
11 1785
10 1786
3 1787
7 1788
5 1789
11 1790
9 1791
11 1792
9 1793
7 1794
7 1795
6 1796
11 1797
2 1798
5 1799
4 1800
12 1801
5 1802
9 1803
7 1804
11 1805
6 1806
7 1807
4 1808
2 1809
3 1810
3 1811
4 1812
4 1813
4 1814
4 1815
2 1816
4 1817
2 1820
2 1821
2 1822
6 1823
3 1824
2 1825
3 1826
1 1827
3 1828
7 1829
2 1830
3 1831
3 1832
1 1833
2 1834
6 1835
5 1836
5 1837
3 1838
2 1839
6 1840
2 1841
3 1842
5 1843
3 1844
6 1845
4 1846
3 1847
2 1848
5 1849
5 1850
4 1851
11 1852
7 1853
6 1854
2 1855
9 1856
9 1857
3 1858
3 1859
7 1860
4 1861
6 1862
12 1863
8 1864
4 1865
8 1866
10 1867
16 1868
7 1869
10 1870
5 1871
2 1872
6 1873
6 1874
12 1875
14 1876
8 1877
10 1878
12 1879
9 1880
8 1881
8 1882
11 1883
12 1884
16 1885
12 1886
17 1887
11 1888
10 1889
14 1890
8 1891
11 1892
14 1893
6 1894
9 1895
15 1896
11 1897
14 1898
11 1899
9 1900
11 1901
7 1902
13 1903
9 1904
5 1905
10 1906
7 1907
7 1908
2 1909
9 1910
6 1912
9 1913
5 1914
6 1915
3 1916
4 1917
4 1918
2 1919
4 1920
4 1921
5 1922
4 1923
5 1924
4 1925
3 1926
4 1927
1 1928
4 1929
2 1930
3 1932
1 1933
3 1934
3 1935
1 1936
4 1937
3 1938
1 1939
3 1940
1 1941
3 1942
2 1943
1 1944
1 1945
1 1946
3 1947
1 1948
3 1949
2 1950
1 1952
3 1954
1 1955
3 1956
1 1957
4 1958
3 1959
3 1960
4 1961
1 1962
4 1963
1 1964
1 1965
5 1966
6 1967
2 1968
3 1969
3 1970
3 1972
5 1973
2 1974
7 1975
1 1976
1 1977
2 1978
3 1979
2 1980
1 1981
3 1982
2 1983
3 1984
2 1985
3 1986
1 1987
2 1988
1 1989
1 1990
4 1991
2 1992
1 1994
3 1995
1 1996
2 1997
1 1998
2 1999
1 2001
1 2003
1 2004
3 2006
1 2008
1 2009
1 2012
2 2013
3 2014
1 2016
1 2018
1 2019
1 2026
1 2029
3 2030
1 2032
1 2038
1 2039
1 2040
2 2041
2 2043
1 2044
1 2047
1 2048
2 2050
1 2053
1 2058
1 2061
1 2062
3 2063
1 2065
2 2067
1 2068
1 2069
1 2070
1 2071
1 2074
3 2077
1 2079
1 2080
1 2084
2 2086
1 2087
1 2088
1 2089
2 2091
2 2096
1 2098
1 2099
1 2103
1 2104
2 2105
1 2106
2 2107
2 2109
1 2110
2 2115
1 2117
1 2122
2 2125
2 2126
3 2127
2 2128
2 2135
2 2139
1 2141
1 2142
1 2145
1 2146
2 2147
1 2149
2 2150
1 2151
3 2153
1 2155
2 2157
3 2158
1 2159
1 2160
1 2162
1 2163
1 2166
2 2167
1 2169
1 2170
4 2171
1 2172
1 2174
1 2175
3 2176
1 2177
3 2178
2 2179
1 2180
2 2182
1 2183
1 2184
1 2185
3 2187
1 2188
2 2189
2 2190
2 2191
1 2192
2 2193
4 2195
3 2197
3 2198
1 2199
1 2200
2 2201
2 2203
2 2204
2 2205
1 2206
1 2207
2 2208
1 2210
2 2211
4 2212
1 2214
3 2215
4 2216
3 2217
4 2218
2 2219
1 2220
2 2221
1 2222
3 2223
5 2224
4 2225
3 2226
1 2227
2 2228
4 2229
1 2230
3 2231
3 2232
4 2233
2 2234
7 2235
1 2236
3 2237
4 2238
3 2239
6 2240
3 2241
1 2242
5 2243
2 2244
4 2245
5 2246
3 2247
4 2248
2 2249
2 2250
4 2251
4 2252
2 2253
7 2254
5 2255
6 2256
1 2257
4 2258
7 2259
5 2260
2 2261
5 2262
3 2263
3 2264
3 2265
3 2266
4 2267
6 2268
3 2269
6 2270
5 2271
10 2272
9 2273
4 2274
5 2275
5 2276
8 2277
5 2278
2 2279
5 2280
10 2281
7 2282
6 2283
4 2284
5 2285
10 2286
9 2287
5 2288
8 2289
6 2290
7 2291
14 2292
9 2293
7 2294
13 2295
9 2296
8 2297
5 2298
11 2299
12 2300
9 2301
6 2302
8 2303
14 2304
9 2305
8 2306
5 2307
8 2308
10 2309
7 2310
4 2311
11 2312
5 2313
4 2314
16 2315
7 2316
7 2317
9 2318
3 2319
5 2320
4 2321
5 2322
8 2323
5 2324
6 2325
5 2326
6 2327
7 2328
6 2329
9 2330
7 2331
2 2332
4 2333
7 2334
3 2335
5 2336
4 2337
9 2338
4 2339
9 2340
7 2341
4 2342
11 2343
9 2344
8 2345
6 2346
12 2347
9 2348
6 2349
4 2350
10 2351
9 2352
6 2353
6 2354
10 2355
6 2356
6 2357
8 2358
6 2359
10 2360
6 2361
3 2362
7 2363
11 2364
15 2365
9 2366
8 2367
6 2368
5 2369
16 2370
11 2371
14 2372
12 2373
11 2374
14 2375
10 2376
16 2377
17 2378
16 2379
22 2380
8 2381
19 2382
19 2383
13 2384
18 2385
14 2386
21 2387
15 2388
23 2389
30 2390
19 2391
14 2392
29 2393
20 2394
18 2395
16 2396
22 2397
20 2398
19 2399
29 2400
26 2401
18 2402
25 2403
25 2404
30 2405
30 2406
16 2407
23 2408
19 2409
24 2410
20 2411
18 2412
19 2413
19 2414
25 2415
20 2416
17 2417
20 2418
18 2419
29 2420
6 2421
19 2422
14 2423
7 2424
7 2425
15 2426
9 2427
15 2428
13 2429
10 2430
5 2431
6 2432
3 2433
5 2434
8 2435
1 2436
6 2437
7 2438
4 2439
2 2440
1 2441
2 2442
4 2443
4 2444
2 2445
5 2446
1 2447
7 2448
2 2449
2 2451
2 2452
6 2453
1 2454
3 2455
1 2456
3 2459
1 2461
2 2462
2 2466
2 2467
1 2468
1 2469
2 2470
1 2474
1 2477
2 2481
1 2485
2 2486
2 2489
1 2491
1 2492
1 2493
1 2494
1 2495
2 2497
2 2498
1 2499
1 2504
1 2510
2 2512
1 2513
1 2514
1 2515
1 2516
1 2517
1 2526
1 2528
2 2532
1 2533
2 2534
1 2538
2 2539
1 2545
1 2546
1 2548
2 2549
1 2550
1 2554
1 2555
1 2563
1 2565
1 2567
1 2570
1 2571
2 2579
1 2590
1 2592
1 2595
4 2596
2 2600
2 2601
1 2605
1 2606
1 2607
2 2608
1 2610
2 2611
1 2616
1 2617
2 2618
1 2621
3 2623
2 2624
1 2626
1 2627
2 2628
1 2629
1 2631
2 2634
1 2636
1 2638
2 2639
1 2640
2 2642
2 2644
1 2647
1 2650
1 2651
1 2654
1 2655
3 2657
2 2658
1 2659
2 2662
4 2663
1 2669
1 2671
2 2672
2 2673
1 2675
1 2677
1 2678
1 2679
1 2680
1 2681
2 2682
1 2685
1 2687
2 2688
2 2689
1 2690
1 2691
2 2692
2 2693
2 2694
2 2695
1 2696
1 2697
1 2700
1 2701
2 2702
2 2703
2 2704
1 2706
2 2707
1 2708
1 2709
4 2710
2 2711
1 2712
5 2713
3 2714
1 2716
1 2718
1 2720
1 2722
2 2723
1 2724
1 2725
4 2727
3 2729
1 2735
1 2736
1 2737
1 2739
1 2742
1 2743
1 2744
2 2746
2 2747
2 2748
1 2753
1 2754
2 2755
1 2756
1 2758
2 2761
1 2765
2 2767
1 2768
1 2769
1 2771
1 2772
1 2773
2 2774
2 2775
1 2776
1 2777
2 2778
1 2781
2 2783
1 2784
1 2785
4 2786
2 2788
1 2789
1 2790
2 2791
1 2793
1 2794
2 2795
1 2796
1 2797
1 2798
4 2800
4 2803
1 2804
2 2805
1 2806
1 2807
2 2808
5 2809
2 2810
4 2811
3 2812
2 2813
2 2814
1 2815
1 2816
1 2817
1 2818
2 2819
1 2821
1 2822
2 2823
2 2824
2 2825
3 2826
1 2827
2 2829
2 2830
4 2831
4 2832
1 2833
6 2835
1 2836
3 2837
3 2838
4 2839
5 2840
2 2841
2 2842
3 2843
2 2844
8 2845
3 2846
3 2847
1 2848
2 2849
4 2850
3 2851
3 2852
4 2853
2 2854
1 2855
1 2856
4 2857
3 2858
5 2859
2 2860
1 2861
3 2862
3 2863
4 2864
4 2865
4 2866
3 2867
7 2868
2 2869
2 2870
3 2871
2 2872
3 2873
10 2874
1 2875
2 2876
2 2877
3 2878
2 2879
2 2880
2 2881
4 2882
3 2883
4 2884
8 2885
5 2886
5 2887
7 2888
6 2889
2 2890
1 2891
7 2892
5 2893
5 2894
6 2895
9 2896
3 2897
6 2898
8 2899
6 2900
5 2901
8 2902
10 2903
11 2904
6 2905
7 2906
6 2907
9 2908
4 2909
12 2910
11 2911
7 2912
5 2913
5 2914
14 2915
12 2916
11 2917
7 2918
15 2919
10 2920
6 2921
14 2922
13 2923
23 2924
13 2925
14 2926
18 2927
15 2928
17 2929
18 2930
14 2931
11 2932
19 2933
15 2934
17 2935
19 2936
20 2937
15 2938
16 2939
21 2940
12 2941
15 2942
14 2943
15 2944
8 2945
14 2946
13 2947
13 2948
23 2949
15 2950
15 2951
14 2952
12 2953
14 2954
14 2955
16 2956
8 2957
9 2958
10 2959
18 2960
10 2961
13 2962
13 2963
11 2964
11 2965
12 2966
7 2967
6 2968
12 2969
7 2970
5 2971
6 2972
5 2973
6 2974
4 2975
6 2976
4 2977
1 2978
4 2979
9 2980
1 2982
3 2983
4 2984
5 2985
2 2986
2 2987
3 2988
1 2989
2 2990
4 2991
3 2992
2 2993
1 2996
1 2997
1 2998
2 2999
3 3002
1 3005
3 3006
2 3009
1 3011
2 3012
2 3016
1 3020
1 3033
1 3047
1 3048
1 3052
1 3059
1 3077
1 3103
1 3107
1 3151
1 3157
1 3197
1 3211
1 3215
1 3220
1 3221
1 3257
1 3261
1 3262
2 3264
1 3268
1 3270
1 3279
1 3280
1 3281
1 3283
1 3285
1 3290
1 3304
1 3307
1 3316
1 3317
1 3324
1 3333
1 3342
1 3343
1 3351
1 3355
1 3374
1 3395
1 3404
1 3431
1 3449
1 3498
1 3604
1 3634
1 3647
1 3649
1 3665
1 3673
1 3684
1 3695
1 3706
1 3713
1 3722
1 3723
1 3726
1 3729
1 3732
1 3733
1 3749
1 3754
1 3764
1 3766
1 3770
1 3771
1 3780
1 3783
2 3784
1 3794
1 3797
1 3799
1 3803
1 3809
1 3819
1 3847
1 3999
1 4019
1 4022
1 4096
1 4115
1 4141
1 4154
1 4164
1 4190
1 4198
1 4216
1 4230
1 4251
1 4256
1 4301
2 4303
1 4305
1 4306
1 4309
1 4311
1 4314
1 4322
1 4323
1 4325
1 4326
2 4338
1 4344
1 4365
2 4372
1 4381
1 4384
1 4391
1 4403
1 4419
1 4464
1 4468
1 4489
1 4501
1 4506
1 4571
1 4604
1 4610
1 4659
1 4666
1 4687
1 4764
1 4949
1 5048
1 5096
1 5478
1 5522
1 5523
1 5549
1 5551
1 5574
