2 1
1 2
6 3
1 4
1 5
3 6
1 9
1 10
2 11
2 14
2 15
1 16
3 17
2 18
2 19
3 20
2 21
2 22
2 25
2 26
2 27
1 29
1 30
1 33
2 34
1 35
1 36
1 38
2 41
1 42
1 44
6 45
3 46
2 47
4 48
2 50
2 51
2 52
2 53
1 54
2 55
2 56
1 57
3 59
3 61
2 62
2 63
3 65
2 66
1 67
4 68
2 70
3 71
2 72
2 73
2 74
1 75
1 76
4 77
3 78
2 80
1 81
4 82
2 83
4 84
1 85
1 86
6 87
2 88
1 89
9 90
5 91
7 92
11 93
12 94
13 95
15 96
13 97
13 98
15 99
4 100
7 101
7 102
8 103
4 104
9 105
3 106
4 107
4 108
5 109
2 110
1 111
2 112
7 113
4 114
8 115
3 116
8 117
6 118
3 119
3 120
3 121
2 122
4 123
8 124
8 125
5 126
4 127
6 128
6 129
5 130
8 132
8 133
7 134
5 135
5 136
2 137
5 139
3 140
9 141
6 142
7 143
9 144
2 145
9 146
5 147
8 148
5 149
2 150
7 151
2 152
7 153
5 154
3 155
6 156
3 157
2 158
3 159
1 160
4 161
3 162
4 163
5 164
8 165
10 166
6 167
4 168
7 169
4 170
4 171
6 172
7 173
4 174
13 175
5 176
8 177
10 178
12 179
11 180
11 181
6 182
9 183
7 184
16 185
11 186
14 187
13 188
13 189
11 190
10 191
24 192
10 193
11 194
4 195
6 196
9 197
11 198
14 199
11 200
10 201
13 202
7 203
6 204
8 205
6 206
6 207
6 208
7 209
10 210
6 211
12 212
4 213
6 214
7 215
20 216
12 217
12 218
12 219
19 220
21 221
22 222
23 223
26 224
37 225
49 226
65 227
65 228
92 229
102 230
123 231
171 232
195 233
250 234
270 235
298 236
326 237
323 238
325 239
311 240
261 241
228 242
166 243
134 244
103 245
81 246
64 247
48 248
39 249
40 250
35 251
25 252
25 253
23 254
25 255
22 256
20 257
10 258
18 259
18 260
10 261
12 262
6 263
6 264
2 265
7 266
15 267
4 268
7 269
3 270
9 271
4 272
9 273
4 274
7 275
6 276
8 277
3 278
9 279
9 280
5 281
2 282
8 283
6 284
7 285
5 286
9 287
6 288
6 289
8 290
4 291
7 292
9 293
9 294
6 295
15 296
8 297
7 298
9 299
5 300
7 301
8 302
6 303
6 304
13 305
7 306
11 307
15 308
5 309
8 310
12 311
11 312
14 313
14 314
11 315
8 316
10 317
9 318
15 319
7 320
15 321
17 322
21 323
9 324
10 325
20 326
16 327
25 328
19 329
26 330
30 331
27 332
22 333
30 334
42 335
45 336
38 337
45 338
50 339
43 340
56 341
49 342
58 343
48 344
47 345
49 346
37 347
42 348
41 349
36 350
27 351
23 352
24 353
23 354
13 355
18 356
22 357
22 358
22 359
25 360
29 361
22 362
31 363
26 364
31 365
30 366
24 367
22 368
25 369
39 370
29 371
26 372
27 373
29 374
24 375
22 376
23 377
28 378
27 379
42 380
24 381
20 382
22 383
27 384
14 385
15 386
18 387
13 388
13 389
7 390
8 391
5 392
7 393
16 394
5 395
9 396
6 397
9 398
5 399
11 400
9 401
13 402
13 403
9 404
4 405
11 406
9 407
6 408
5 409
8 410
11 411
4 412
9 413
10 414
7 415
10 416
11 417
14 418
6 419
5 420
10 421
3 422
12 423
10 424
9 425
11 426
12 427
8 428
13 429
10 430
13 431
14 432
10 433
12 434
16 435
18 436
12 437
16 438
8 439
17 440
14 441
10 442
8 443
15 444
14 445
16 446
11 447
10 448
8 449
11 450
21 451
16 452
13 453
16 454
20 455
15 456
10 457
22 458
20 459
17 460
17 461
23 462
25 463
16 464
17 465
30 466
17 467
23 468
29 469
23 470
25 471
26 472
24 473
40 474
28 475
26 476
32 477
34 478
35 479
33 480
34 481
28 482
41 483
32 484
34 485
27 486
23 487
29 488
26 489
27 490
23 491
30 492
16 493
23 494
26 495
27 496
16 497
23 498
23 499
18 500
29 501
26 502
23 503
24 504
31 505
42 506
36 507
50 508
38 509
46 510
48 511
45 512
63 513
60 514
70 515
62 516
75 517
91 518
83 519
134 520
107 521
136 522
127 523
150 524
173 525
200 526
173 527
229 528
221 529
200 530
208 531
218 532
252 533
220 534
219 535
254 536
228 537
206 538
200 539
192 540
176 541
150 542
139 543
115 544
103 545
110 546
77 547
73 548
71 549
55 550
55 551
47 552
21 553
24 554
34 555
39 556
32 557
29 558
30 559
20 560
18 561
28 562
22 563
14 564
30 565
28 566
32 567
16 568
30 569
19 570
30 571
41 572
32 573
33 574
32 575
41 576
32 577
45 578
43 579
51 580
53 581
44 582
56 583
53 584
49 585
58 586
51 587
61 588
59 589
52 590
51 591
48 592
51 593
44 594
53 595
52 596
40 597
41 598
52 599
43 600
39 601
51 602
46 603
42 604
44 605
44 606
48 607
54 608
53 609
47 610
64 611
57 612
60 613
69 614
75 615
68 616
98 617
77 618
64 619
74 620
74 621
78 622
61 623
69 624
69 625
76 626
78 627
70 628
60 629
49 630
56 631
69 632
53 633
44 634
51 635
40 636
45 637
36 638
35 639
35 640
24 641
19 642
28 643
24 644
26 645
25 646
18 647
20 648
19 649
24 650
26 651
18 652
9 653
34 654
12 655
24 656
25 657
30 658
27 659
17 660
29 661
32 662
29 663
33 664
31 665
38 666
32 667
46 668
41 669
63 670
35 671
46 672
46 673
40 674
52 675
48 676
43 677
54 678
59 679
48 680
43 681
53 682
55 683
53 684
57 685
45 686
44 687
44 688
45 689
35 690
38 691
31 692
38 693
41 694
37 695
34 696
32 697
32 698
36 699
34 700
32 701
31 702
29 703
23 704
26 705
17 706
19 707
15 708
21 709
21 710
13 711
17 712
17 713
22 714
17 715
13 716
8 717
15 718
16 719
21 720
11 721
10 722
8 723
11 724
18 725
8 726
10 727
7 728
7 729
10 730
10 731
9 732
8 733
5 734
7 735
8 736
6 737
9 738
3 739
8 740
9 741
10 742
9 743
12 744
5 745
10 746
5 747
6 748
10 749
6 750
10 751
10 752
13 753
10 754
12 755
6 756
14 757
9 758
12 759
21 760
17 761
12 762
22 763
26 764
18 765
13 766
28 767
18 768
23 769
34 770
17 771
25 772
26 773
33 774
40 775
37 776
27 777
28 778
26 779
34 780
37 781
47 782
54 783
54 784
49 785
74 786
69 787
76 788
83 789
86 790
100 791
110 792
105 793
107 794
119 795
117 796
156 797
129 798
154 799
169 800
171 801
206 802
184 803
177 804
190 805
213 806
192 807
174 808
167 809
146 810
147 811
127 812
111 813
138 814
84 815
99 816
86 817
86 818
75 819
61 820
56 821
45 822
42 823
43 824
25 825
25 826
26 827
20 828
18 829
19 830
10 831
10 832
12 833
14 834
10 835
11 836
13 837
15 838
8 839
7 840
5 841
15 842
6 843
6 844
8 845
7 846
6 847
7 848
11 849
3 850
10 851
10 852
13 853
5 854
13 855
9 856
11 857
14 858
7 859
7 860
10 861
12 862
14 863
20 864
16 865
12 866
17 867
15 868
12 869
16 870
16 871
23 872
25 873
26 874
17 875
22 876
19 877
32 878
27 879
19 880
33 881
26 882
22 883
29 884
27 885
27 886
40 887
23 888
34 889
37 890
40 891
42 892
42 893
33 894
42 895
38 896
28 897
41 898
42 899
31 900
35 901
32 902
26 903
36 904
28 905
25 906
24 907
13 908
21 909
22 910
21 911
15 912
11 913
13 914
13 915
10 916
8 917
9 918
10 919
12 920
6 921
4 922
11 923
8 924
5 925
10 926
5 927
15 928
11 929
15 930
13 931
24 932
11 933
9 934
6 935
5 936
9 937
14 938
19 939
9 940
17 941
10 942
15 943
19 944
16 945
13 946
15 947
10 948
16 949
18 950
18 951
8 952
16 953
12 954
15 955
14 956
10 957
17 958
8 959
15 960
16 961
7 962
15 963
12 964
16 965
9 966
10 967
8 968
13 969
8 970
8 971
9 972
7 973
17 974
8 975
8 976
9 977
6 978
7 979
6 980
7 981
11 982
8 983
7 984
9 985
10 986
13 987
8 988
5 989
5 990
7 991
9 992
7 993
13 994
11 995
1 996
5 997
3 998
1 999
5 1000
7 1001
7 1002
4 1003
4 1004
3 1005
7 1006
8 1007
3 1008
6 1009
7 1010
5 1011
3 1012
5 1013
9 1014
2 1015
3 1016
8 1017
4 1018
9 1019
8 1020
5 1021
6 1022
5 1023
9 1024
3 1025
6 1026
4 1027
7 1028
5 1029
8 1030
5 1031
7 1032
8 1033
4 1034
4 1035
4 1036
12 1037
5 1038
13 1039
10 1040
10 1041
7 1042
6 1043
5 1044
9 1045
9 1046
5 1047
9 1048
5 1049
8 1050
4 1051
9 1052
9 1053
10 1054
9 1055
8 1056
8 1057
9 1058
6 1059
7 1060
8 1061
3 1062
6 1063
12 1064
10 1065
15 1066
11 1067
11 1068
10 1069
4 1070
15 1071
8 1072
6 1073
8 1074
11 1075
10 1076
12 1077
8 1078
6 1079
10 1080
9 1081
7 1082
10 1083
12 1084
12 1085
7 1086
12 1087
5 1088
4 1089
3 1090
14 1091
9 1092
11 1093
17 1094
12 1095
13 1096
3 1097
17 1098
4 1099
9 1100
13 1101
13 1102
15 1103
22 1104
10 1105
16 1106
9 1107
20 1108
16 1109
19 1110
17 1111
16 1112
19 1113
23 1114
20 1115
25 1116
19 1117
17 1118
23 1119
23 1120
31 1121
23 1122
23 1123
30 1124
35 1125
35 1126
37 1127
45 1128
43 1129
47 1130
45 1131
48 1132
71 1133
42 1134
71 1135
55 1136
60 1137
84 1138
82 1139
83 1140
77 1141
89 1142
79 1143
81 1144
99 1145
105 1146
80 1147
102 1148
113 1149
88 1150
87 1151
84 1152
93 1153
100 1154
81 1155
93 1156
70 1157
64 1158
52 1159
52 1160
55 1161
51 1162
39 1163
49 1164
38 1165
28 1166
42 1167
28 1168
23 1169
32 1170
29 1171
26 1172
25 1173
17 1174
20 1175
18 1176
15 1177
18 1178
22 1179
21 1180
16 1181
16 1182
17 1183
19 1184
16 1185
17 1186
23 1187
18 1188
12 1189
21 1190
21 1191
27 1192
26 1193
28 1194
26 1195
28 1196
27 1197
28 1198
28 1199
35 1200
31 1201
30 1202
34 1203
37 1204
37 1205
34 1206
49 1207
32 1208
37 1209
38 1210
32 1211
35 1212
26 1213
42 1214
39 1215
36 1216
31 1217
39 1218
37 1219
29 1220
29 1221
22 1222
26 1223
29 1224
22 1225
19 1226
23 1227
16 1228
12 1229
15 1230
17 1231
7 1232
17 1233
12 1234
10 1235
9 1236
15 1237
9 1238
6 1239
6 1240
7 1241
8 1242
14 1243
10 1244
9 1245
8 1246
3 1247
8 1248
6 1249
6 1250
8 1251
9 1252
13 1253
9 1254
4 1255
10 1256
6 1257
5 1258
11 1259
10 1260
10 1261
8 1262
11 1263
11 1264
11 1265
7 1266
12 1267
15 1268
8 1269
10 1270
15 1271
16 1272
8 1273
19 1274
19 1275
19 1276
9 1277
11 1278
10 1279
12 1280
9 1281
12 1282
10 1283
10 1284
11 1285
19 1286
7 1287
12 1288
15 1289
6 1290
26 1291
19 1292
11 1293
16 1294
17 1295
23 1296
22 1297
16 1298
19 1299
20 1300
19 1301
21 1302
18 1303
20 1304
28 1305
24 1306
30 1307
18 1308
20 1309
21 1310
24 1311
26 1312
20 1313
19 1314
19 1315
24 1316
15 1317
17 1318
14 1319
18 1320
28 1321
16 1322
22 1323
12 1324
16 1325
21 1326
11 1327
14 1328
17 1329
19 1330
12 1331
11 1332
9 1333
12 1334
9 1335
13 1336
12 1337
13 1338
12 1339
13 1340
19 1341
10 1342
17 1343
11 1344
16 1345
15 1346
11 1347
16 1348
19 1349
12 1350
16 1351
18 1352
14 1353
16 1354
18 1355
6 1356
17 1357
10 1358
22 1359
22 1360
13 1361
16 1362
18 1363
18 1364
16 1365
13 1366
6 1367
14 1368
22 1369
14 1370
10 1371
8 1372
9 1373
13 1374
7 1375
15 1376
10 1377
11 1378
12 1379
8 1380
13 1381
7 1382
10 1383
9 1384
10 1385
7 1386
9 1387
10 1388
8 1389
11 1390
10 1391
12 1392
16 1393
11 1394
10 1395
8 1396
10 1397
18 1398
13 1399
15 1400
19 1401
17 1402
26 1403
15 1404
15 1405
13 1406
25 1407
15 1408
23 1409
18 1410
20 1411
27 1412
16 1413
18 1414
25 1415
19 1416
20 1417
21 1418
24 1419
32 1420
21 1421
18 1422
21 1423
28 1424
27 1425
30 1426
32 1427
31 1428
35 1429
33 1430
32 1431
25 1432
23 1433
30 1434
27 1435
23 1436
27 1437
35 1438
22 1439
31 1440
23 1441
28 1442
32 1443
22 1444
23 1445
17 1446
21 1447
30 1448
20 1449
15 1450
20 1451
17 1452
17 1453
21 1454
14 1455
12 1456
17 1457
9 1458
14 1459
5 1460
5 1461
6 1462
10 1463
4 1464
3 1465
6 1466
6 1467
6 1468
7 1469
5 1470
4 1471
1 1472
2 1473
4 1474
4 1475
2 1476
3 1477
4 1478
4 1479
3 1480
4 1482
2 1483
1 1484
2 1486
2 1488
4 1489
2 1490
1 1493
1 1495
2 1496
3 1499
2 1501
3 1502
3 1503
1 1504
3 1505
2 1506
1 1507
1 1509
2 1510
2 1511
1 1512
1 1513
1 1514
2 1515
3 1516
1 1518
1 1520
4 1521
3 1523
3 1524
1 1525
2 1526
3 1528
5 1530
2 1531
1 1533
1 1534
3 1535
2 1536
1 1537
2 1539
1 1542
3 1543
1 1547
2 1549
2 1550
1 1552
1 1554
2 1555
2 1557
2 1558
2 1559
2 1560
3 1561
1 1562
3 1564
1 1565
3 1568
2 1569
1 1570
2 1572
3 1573
3 1574
1 1575
1 1576
1 1577
1 1580
1 1581
3 1583
1 1584
3 1585
2 1586
2 1588
2 1590
2 1591
2 1592
1 1593
3 1596
1 1597
2 1598
6 1599
1 1600
1 1601
1 1602
2 1604
4 1605
1 1607
1 1609
3 1610
2 1611
1 1613
3 1614
1 1615
2 1616
4 1617
3 1618
2 1619
3 1620
2 1621
3 1622
1 1623
1 1624
1 1625
1 1626
6 1627
3 1628
3 1629
3 1630
2 1631
2 1633
1 1634
1 1635
2 1636
1 1637
4 1638
2 1639
3 1640
1 1641
5 1642
3 1643
5 1644
7 1645
4 1646
6 1647
1 1648
3 1650
4 1651
2 1652
2 1653
3 1654
4 1655
3 1656
1 1657
6 1658
2 1659
2 1660
1 1661
3 1662
3 1663
7 1664
4 1666
1 1667
1 1668
2 1669
5 1670
4 1671
4 1672
5 1673
7 1674
2 1675
1 1676
2 1677
3 1678
3 1679
4 1680
6 1681
5 1682
6 1683
9 1684
4 1685
3 1686
3 1687
5 1688
5 1689
1 1690
7 1691
4 1692
5 1693
7 1694
3 1695
6 1696
6 1697
2 1698
12 1699
6 1700
5 1701
7 1702
4 1703
8 1704
9 1705
6 1706
6 1707
7 1708
7 1709
7 1710
10 1711
4 1712
12 1713
8 1714
6 1715
9 1716
11 1717
4 1718
6 1719
9 1720
7 1721
7 1722
4 1723
4 1724
9 1725
8 1726
10 1727
6 1728
8 1729
14 1730
5 1731
5 1732
4 1733
7 1734
10 1735
4 1736
3 1737
6 1738
4 1739
5 1740
5 1741
11 1742
4 1743
9 1744
6 1745
5 1746
4 1747
5 1748
3 1749
4 1750
5 1751
2 1752
2 1753
2 1754
3 1755
2 1756
1 1757
2 1758
3 1759
4 1760
2 1761
7 1762
3 1763
4 1764
2 1765
3 1766
1 1767
2 1768
1 1769
3 1770
2 1771
4 1772
1 1773
3 1774
3 1775
2 1776
1 1777
1 1778
1 1779
2 1780
2 1781
6 1782
2 1783
4 1784
3 1785
3 1786
2 1787
5 1788
2 1789
3 1790
2 1791
3 1792
6 1793
6 1794
3 1795
2 1796
5 1797
1 1798
2 1799
4 1800
2 1801
3 1802
2 1803
4 1804
5 1805
3 1806
7 1807
2 1808
2 1809
3 1810
6 1811
8 1812
2 1813
1 1814
4 1815
2 1816
4 1817
4 1818
5 1819
4 1820
5 1821
1 1822
2 1823
3 1824
1 1825
2 1826
3 1827
4 1828
7 1829
4 1830
5 1831
4 1832
4 1833
4 1834
4 1835
6 1836
7 1837
3 1838
6 1839
2 1840
2 1841
6 1842
8 1843
4 1844
2 1845
10 1846
2 1847
4 1848
3 1849
5 1850
6 1851
4 1852
6 1853
4 1854
4 1855
9 1856
2 1857
6 1858
3 1859
3 1860
5 1861
4 1862
4 1863
1 1864
4 1865
7 1866
5 1867
6 1868
8 1869
6 1870
1 1871
3 1872
3 1873
5 1874
4 1875
6 1876
3 1877
6 1878
6 1879
7 1880
6 1881
2 1882
10 1883
3 1884
6 1885
9 1886
4 1887
8 1888
6 1889
6 1890
5 1891
8 1892
3 1893
7 1894
14 1895
4 1896
11 1897
7 1898
6 1899
9 1900
9 1901
6 1902
5 1903
14 1904
9 1905
9 1906
7 1907
12 1908
9 1909
8 1910
12 1911
13 1912
13 1913
12 1914
17 1915
8 1916
12 1917
17 1918
14 1919
22 1920
11 1921
12 1922
18 1923
17 1924
17 1925
14 1926
17 1927
25 1928
17 1929
22 1930
22 1931
23 1932
38 1933
27 1934
23 1935
18 1936
35 1937
25 1938
30 1939
24 1940
26 1941
29 1942
29 1943
29 1944
25 1945
19 1946
33 1947
35 1948
25 1949
45 1950
38 1951
38 1952
37 1953
50 1954
46 1955
50 1956
41 1957
56 1958
38 1959
53 1960
53 1961
44 1962
49 1963
56 1964
36 1965
60 1966
58 1967
73 1968
70 1969
54 1970
62 1971
67 1972
69 1973
59 1974
66 1975
41 1976
67 1977
58 1978
69 1979
62 1980
51 1981
64 1982
53 1983
55 1984
70 1985
58 1986
40 1987
56 1988
50 1989
35 1990
32 1991
34 1992
29 1993
39 1994
33 1995
29 1996
30 1997
32 1998
28 1999
25 2000
33 2001
29 2002
22 2003
19 2004
15 2005
17 2006
11 2007
13 2008
9 2009
9 2010
10 2011
7 2012
7 2013
10 2014
11 2015
5 2016
3 2017
9 2018
6 2019
8 2020
5 2021
3 2022
5 2023
4 2024
4 2026
5 2027
2 2028
3 2029
5 2030
4 2031
3 2032
1 2033
2 2034
1 2035
1 2036
5 2037
2 2038
1 2039
1 2040
3 2041
1 2042
3 2043
3 2044
3 2045
2 2046
4 2047
2 2048
1 2049
3 2050
2 2051
3 2052
1 2053
3 2054
8 2055
3 2056
2 2057
2 2058
3 2059
6 2060
4 2061
4 2062
5 2063
2 2064
8 2065
6 2066
6 2067
3 2068
7 2069
3 2070
4 2071
3 2072
6 2073
5 2074
3 2075
7 2076
8 2077
5 2078
3 2079
5 2080
6 2081
5 2082
6 2083
8 2084
9 2085
7 2086
7 2087
5 2088
9 2089
8 2090
9 2091
11 2092
8 2093
7 2094
4 2095
9 2096
8 2097
4 2098
3 2099
7 2100
7 2101
4 2102
9 2103
2 2104
6 2105
8 2106
5 2107
9 2108
4 2109
5 2110
2 2111
2 2112
4 2113
3 2114
3 2115
4 2116
2 2117
4 2118
2 2119
4 2120
1 2122
1 2123
2 2124
1 2127
2 2128
1 2129
1 2130
1 2131
3 2132
1 2133
1 2134
1 2135
1 2137
2 2142
2 2147
1 2157
1 2162
2 2170
1 2171
2 2172
1 2174
1 2177
1 2180
1 2183
1 2186
1 2187
1 2190
1 2195
3 2206
1 2210
1 2211
1 2212
1 2214
1 2218
2 2220
3 2221
2 2223
1 2224
3 2225
1 2227
2 2228
1 2229
2 2231
1 2234
3 2236
1 2238
1 2240
1 2241
1 2244
1 2248
1 2250
1 2255
1 2261
1 2265
2 2266
1 2269
1 2270
1 2275
1 2281
1 2285
1 2295
1 2297
2 2298
1 2299
1 2305
1 2311
1 2315
1 2316
1 2317
1 2319
1 2320
1 2327
1 2328
1 2330
1 2333
1 2335
2 2337
1 2338
1 2339
1 2340
1 2343
1 2344
2 2350
2 2351
1 2352
1 2354
1 2356
1 2358
1 2364
1 2365
1 2368
1 2370
1 2374
1 2378
1 2380
2 2383
1 2386
1 2388
1 2389
2 2390
2 2392
1 2393
1 2397
1 2401
1 2402
1 2406
1 2410
1 2411
1 2414
1 2417
1 2418
1 2419
1 2421
1 2427
2 2429
1 2433
1 2435
1 2437
1 2438
1 2441
1 2442
1 2446
1 2447
1 2449
2 2455
1 2456
1 2457
1 2458
2 2460
1 2461
2 2462
1 2465
2 2466
1 2472
1 2473
1 2477
3 2478
2 2479
1 2480
2 2483
2 2485
2 2486
2 2490
1 2491
2 2492
1 2493
2 2494
2 2495
1 2496
1 2497
1 2500
1 2502
2 2504
1 2505
1 2507
1 2508
1 2509
3 2510
2 2511
2 2512
3 2514
2 2515
2 2521
2 2522
1 2524
1 2525
1 2526
1 2527
2 2528
1 2529
5 2531
1 2532
2 2534
1 2535
2 2536
2 2537
3 2538
2 2539
3 2540
3 2541
2 2542
3 2543
2 2545
1 2546
2 2547
2 2550
1 2551
1 2552
1 2554
1 2555
1 2568
2 2569
1 2571
1 2572
1 2575
1 2579
1 2582
1 2583
1 2586
1 2587
1 2590
1 2591
1 2607
1 2617
1 2619
1 2629
1 2637
1 2640
1 2642
1 2649
1 2651
1 2659
1 2662
1 2669
1 2672
1 2675
1 2677
1 2679
1 2684
1 2693
1 2696
1 2699
1 2704
1 2707
1 2708
1 2709
1 2710
1 2715
1 2721
1 2724
2 2727
1 2728
2 2729
1 2732
1 2734
3 2738
1 2739
1 2744
1 2747
1 2750
1 2751
1 2752
1 2761
3 2762
1 2763
4 2764
1 2765
1 2766
1 2767
1 2770
1 2771
3 2778
1 2787
1 2790
1 2791
2 2798
1 2799
2 2803
1 2807
1 2808
1 2810
2 2816
1 2817
1 2819
1 2820
1 2827
1 2829
1 2831
1 2832
1 2833
1 2835
2 2836
3 2837
1 2838
2 2840
1 2842
1 2843
3 2844
2 2845
3 2846
3 2847
3 2848
1 2849
3 2850
1 2851
2 2852
5 2853
3 2854
2 2856
1 2857
4 2858
3 2859
3 2860
4 2862
3 2863
1 2864
3 2866
2 2867
1 2868
6 2869
2 2870
3 2871
3 2872
2 2873
2 2874
3 2875
1 2876
4 2877
1 2878
3 2879
2 2880
2 2881
4 2883
2 2884
4 2886
1 2887
2 2888
1 2889
2 2890
1 2893
1 2894
1 2897
4 2898
1 2899
1 2900
1 2902
2 2906
1 2911
1 2913
1 2914
1 2942
1 2967
1 2980
1 3035
1 3100
1 3157
1 3200
1 3261
1 3300
1 3343
1 3358
1 3410
1 3428
1 3483
1 3497
1 3774
1 3884
1 4135
1 4154
1 4357
1 7282
