5 1
1 2
1 4
1 6
1 8
1 10
4 11
1 12
3 14
1 15
1 16
2 18
1 19
2 21
2 22
4 23
1 25
1 28
4 29
2 30
1 31
1 32
4 34
1 35
2 36
3 37
3 38
5 39
3 40
4 41
1 42
2 43
2 45
1 47
1 54
1 55
1 57
2 58
1 59
3 60
1 61
1 62
1 63
2 64
3 65
2 66
1 67
1 68
1 69
2 70
1 71
1 72
2 73
1 74
5 75
3 76
9 77
3 78
4 79
3 80
1 81
2 83
1 84
3 85
1 86
1 87
1 88
1 89
3 90
1 91
1 92
4 93
2 94
2 97
3 98
2 99
1 100
1 102
4 103
1 104
1 105
2 106
1 107
2 108
1 109
6 110
2 111
5 112
3 113
1 114
1 115
2 116
4 117
5 118
2 119
1 120
6 121
2 122
4 123
2 124
1 125
5 126
4 127
9 128
2 129
3 130
11 131
14 132
8 133
14 134
26 135
23 136
30 137
32 138
37 139
37 140
34 141
44 142
30 143
22 144
13 145
19 146
8 147
6 148
5 149
8 150
6 151
10 152
8 153
4 154
7 155
12 156
4 157
6 158
6 159
3 160
6 161
3 162
4 163
6 164
4 165
4 166
6 167
1 168
3 169
4 170
4 171
3 172
3 173
5 174
1 175
5 176
4 177
7 178
6 179
5 180
1 181
3 182
8 183
5 184
7 185
5 186
6 187
7 188
10 189
8 190
4 191
8 192
4 193
6 194
7 195
5 196
4 197
5 198
6 199
10 200
1 201
3 202
4 203
12 204
7 205
8 206
9 207
11 208
5 209
6 210
8 211
3 212
11 213
11 214
9 215
8 216
6 217
7 218
4 219
7 220
5 221
10 222
4 223
9 224
4 225
1 226
2 227
8 228
3 229
6 230
7 231
3 232
5 233
5 235
3 236
6 237
2 238
3 239
3 240
4 241
4 242
5 243
3 244
5 245
3 246
6 247
8 248
4 249
7 250
5 251
12 252
16 253
8 254
6 255
8 256
11 257
4 258
12 259
16 260
12 261
28 262
19 263
35 264
34 265
23 266
45 267
45 268
45 269
49 270
62 271
52 272
68 273
59 274
44 275
49 276
44 277
41 278
32 279
20 280
20 281
17 282
11 283
13 284
12 285
12 286
8 287
12 288
9 289
11 290
6 291
5 292
5 293
6 294
7 295
7 296
10 297
7 298
8 299
4 300
7 301
6 302
6 303
6 304
7 305
12 306
8 307
7 308
12 309
6 310
12 311
17 312
7 313
13 314
10 315
9 316
10 317
8 318
12 319
13 320
9 321
15 322
4 323
15 324
6 325
14 326
8 327
8 328
10 329
16 330
14 331
14 332
16 333
10 334
14 335
23 336
18 337
24 338
25 339
27 340
22 341
28 342
22 343
30 344
24 345
37 346
30 347
25 348
34 349
26 350
25 351
27 352
29 353
41 354
53 355
46 356
54 357
58 358
70 359
73 360
94 361
105 362
96 363
129 364
122 365
137 366
148 367
137 368
144 369
115 370
134 371
99 372
70 373
70 374
72 375
42 376
40 377
28 378
30 379
24 380
19 381
19 382
13 383
6 384
10 385
2 386
11 387
6 388
5 389
5 390
12 391
9 392
14 393
5 394
5 395
6 396
4 397
5 398
5 399
8 400
7 401
3 402
3 403
2 404
6 405
1 406
6 407
6 408
9 409
4 410
4 411
12 412
4 413
5 414
4 415
6 416
5 417
7 418
5 419
4 420
2 421
6 422
7 423
2 424
6 425
4 426
7 427
3 428
8 429
11 430
6 431
4 432
8 433
9 434
10 435
8 436
6 437
6 438
10 439
6 440
7 441
10 442
9 443
9 444
4 445
13 446
10 447
8 448
6 449
9 450
4 451
6 452
9 453
8 454
4 455
11 456
12 457
6 458
8 459
7 460
8 461
9 462
8 463
5 464
5 465
6 466
5 467
9 468
10 469
7 470
13 471
14 472
17 473
6 474
13 475
10 476
9 477
12 478
16 479
14 480
11 481
9 482
19 483
10 484
5 485
11 486
9 487
13 488
11 489
13 490
19 491
13 492
7 493
13 494
10 495
14 496
14 497
17 498
17 499
18 500
22 501
15 502
13 503
16 504
25 505
35 506
25 507
25 508
28 509
22 510
35 511
32 512
30 513
30 514
33 515
38 516
37 517
38 518
43 519
41 520
46 521
46 522
48 523
66 524
54 525
63 526
56 527
70 528
68 529
84 530
66 531
71 532
67 533
70 534
92 535
106 536
97 537
116 538
126 539
123 540
156 541
178 542
217 543
205 544
209 545
270 546
313 547
304 548
350 549
412 550
422 551
465 552
422 553
462 554
491 555
462 556
516 557
457 558
438 559
401 560
383 561
353 562
273 563
274 564
228 565
202 566
159 567
139 568
97 569
95 570
80 571
48 572
51 573
50 574
42 575
25 576
30 577
19 578
17 579
29 580
14 581
14 582
14 583
9 584
8 585
14 586
11 587
4 588
10 589
5 590
13 591
6 592
7 593
3 594
4 595
9 596
9 597
5 598
10 599
4 600
7 601
9 602
7 603
9 604
9 605
8 606
6 607
10 608
7 609
1 610
7 611
3 612
4 613
7 614
10 615
10 616
4 617
6 618
3 619
7 620
5 621
4 622
9 623
3 624
7 625
9 626
8 627
8 628
5 629
7 630
6 631
12 632
13 633
9 634
9 635
9 636
8 637
13 638
15 639
5 640
19 641
16 642
22 643
17 644
18 645
15 646
10 647
12 648
13 649
21 650
21 651
16 652
25 653
18 654
16 655
21 656
20 657
20 658
23 659
33 660
24 661
36 662
25 663
21 664
35 665
21 666
18 667
34 668
38 669
40 670
38 671
35 672
44 673
47 674
53 675
60 676
56 677
57 678
66 679
50 680
75 681
75 682
88 683
89 684
91 685
105 686
104 687
134 688
137 689
136 690
148 691
172 692
150 693
175 694
151 695
187 696
171 697
188 698
185 699
177 700
162 701
167 702
164 703
169 704
166 705
151 706
151 707
142 708
151 709
125 710
101 711
113 712
99 713
69 714
72 715
63 716
55 717
53 718
52 719
37 720
42 721
42 722
28 723
21 724
17 725
20 726
23 727
15 728
16 729
12 730
16 731
9 732
13 733
14 734
13 735
17 736
12 737
9 738
7 739
10 740
10 741
9 742
8 743
10 744
12 745
6 746
8 747
9 748
11 749
9 750
8 751
12 752
12 753
11 754
12 755
16 756
11 757
7 758
12 759
14 760
8 761
10 762
8 763
10 764
15 765
7 766
3 767
4 768
5 769
6 770
5 771
8 772
3 773
8 774
10 775
8 776
8 777
7 778
2 779
4 780
11 781
9 782
4 783
5 784
10 785
12 786
5 787
7 788
10 789
6 790
7 791
6 792
15 793
11 794
8 795
14 796
9 797
22 798
7 799
19 800
21 801
12 802
19 803
13 804
14 805
14 806
13 807
17 808
7 809
21 810
18 811
16 812
12 813
17 814
17 815
17 816
11 817
19 818
19 819
24 820
19 821
20 822
17 823
26 824
17 825
27 826
20 827
10 828
24 829
18 830
17 831
19 832
30 833
36 834
25 835
30 836
31 837
41 838
47 839
35 840
47 841
58 842
53 843
52 844
71 845
58 846
74 847
80 848
72 849
83 850
94 851
91 852
110 853
119 854
119 855
122 856
107 857
110 858
123 859
114 860
119 861
134 862
117 863
132 864
115 865
109 866
118 867
113 868
116 869
121 870
124 871
111 872
109 873
106 874
122 875
111 876
129 877
130 878
129 879
167 880
130 881
121 882
128 883
109 884
158 885
140 886
133 887
126 888
110 889
117 890
125 891
103 892
89 893
86 894
85 895
85 896
69 897
66 898
63 899
52 900
48 901
37 902
46 903
34 904
29 905
21 906
26 907
31 908
16 909
20 910
21 911
12 912
12 913
9 914
15 915
9 916
6 917
9 918
16 919
10 920
15 921
13 922
12 923
12 924
12 925
10 926
11 927
13 928
7 929
11 930
9 931
10 932
10 933
9 934
11 935
8 936
6 937
13 938
7 939
5 940
10 941
7 942
13 943
10 944
9 945
10 946
13 947
9 948
16 949
10 950
6 951
5 952
9 953
13 954
10 955
14 956
14 957
11 958
14 959
17 960
17 961
16 962
20 963
26 964
19 965
24 966
33 967
30 968
29 969
35 970
36 971
32 972
40 973
40 974
59 975
60 976
53 977
50 978
66 979
57 980
66 981
68 982
63 983
78 984
67 985
83 986
84 987
89 988
82 989
91 990
102 991
73 992
91 993
94 994
103 995
79 996
80 997
90 998
91 999
91 1000
76 1001
76 1002
61 1003
68 1004
64 1005
54 1006
55 1007
59 1008
50 1009
51 1010
38 1011
49 1012
36 1013
34 1014
27 1015
27 1016
29 1017
35 1018
33 1019
33 1020
27 1021
29 1022
23 1023
25 1024
20 1025
22 1026
31 1027
20 1028
21 1029
21 1030
23 1031
19 1032
23 1033
17 1034
14 1035
19 1036
19 1037
10 1038
18 1039
13 1040
7 1041
14 1042
12 1043
20 1044
12 1045
11 1046
9 1047
12 1048
8 1049
5 1050
7 1051
3 1052
7 1053
7 1054
2 1055
7 1056
9 1057
9 1058
4 1059
5 1060
3 1061
5 1062
3 1063
8 1064
2 1065
2 1066
7 1067
6 1068
6 1069
3 1070
3 1071
6 1072
3 1073
3 1074
2 1075
2 1076
4 1077
2 1078
3 1079
1 1080
4 1081
2 1082
3 1083
1 1084
2 1085
1 1086
8 1087
4 1088
4 1089
3 1090
2 1091
3 1092
5 1093
5 1096
3 1097
4 1098
3 1099
3 1100
6 1101
5 1102
12 1103
5 1104
5 1105
8 1106
4 1107
5 1108
4 1109
5 1110
2 1111
6 1112
5 1113
3 1114
6 1115
10 1116
3 1117
7 1118
10 1119
4 1120
9 1121
5 1122
11 1123
14 1124
10 1125
7 1126
10 1127
5 1128
16 1129
20 1130
8 1131
11 1132
10 1133
9 1134
19 1135
15 1136
19 1137
14 1138
13 1139
19 1140
16 1141
7 1142
18 1143
12 1144
5 1145
6 1146
11 1147
6 1148
10 1149
3 1150
9 1151
8 1152
5 1153
4 1154
7 1155
3 1156
4 1157
6 1158
2 1159
6 1160
1 1161
4 1162
2 1163
2 1164
1 1165
5 1166
3 1167
2 1168
3 1169
2 1170
1 1171
1 1172
1 1173
1 1174
1 1175
1 1177
1 1179
1 1180
1 1181
2 1182
1 1183
1 1184
1 1186
1 1194
1 1195
1 1196
1 1204
2 1207
2 1218
1 1226
1 1229
2 1231
1 1235
1 1238
1 1239
1 1240
1 1247
2 1249
1 1252
1 1254
1 1256
1 1264
1 1266
1 1268
1 1271
1 1272
2 1285
1 1289
1 1294
1 1297
1 1298
1 1302
2 1303
1 1305
4 1308
1 1309
2 1310
1 1311
2 1313
1 1315
1 1316
1 1317
1 1319
2 1321
1 1322
3 1323
2 1324
1 1326
1 1327
1 1329
2 1330
3 1331
1 1332
2 1333
1 1334
2 1335
1 1336
1 1339
1 1340
1 1344
1 1345
1 1351
1 1359
1 1370
1 1377
2 1378
2 1384
1 1396
1 1401
1 1403
1 1411
1 1416
1 1417
1 1418
2 1427
1 1438
1 1444
1 1454
1 1467
1 1469
2 1475
1 1476
2 1477
1 1480
1 1486
2 1500
1 1508
1 1534
1 1539
1 1545
1 1547
1 1552
1 1559
1 1566
1 1567
1 1570
1 1571
1 1572
1 1587
1 1588
1 1594
1 1598
2 1614
1 1647
1 1651
2 1657
1 1676
1 1678
2 1687
1 1702
1 1722
1 1731
1 1742
1 1743
1 1747
1 1748
1 1758
1 1760
1 1771
1 1772
1 1779
1 1781
1 1785
1 1799
1 1807
1 1812
1 1819
1 1822
2 1824
1 1826
1 1836
1 1839
1 1847
1 1850
1 1861
1 1897
1 1904
1 1911
1 1915
1 1952
1 1953
1 1966
1 1982
1 1986
1 1995
1 2052
1 2055
1 2063
1 2092
1 2144
1 2184
1 2211
1 2258
1 2271
1 2395
1 2407
1 2569
1 2665
1 2687
1 2754
1 2793
1 2810
1 2853
1 2929
1 3017
1 3078
1 3377
1 3595
1 3670
1 3705
1 3731
1 3736
1 3747
1 3783
1 4043
