2 1
3 4
3 5
2 6
2 7
1 9
1 10
1 11
2 17
1 18
2 20
3 21
2 22
3 23
1 24
1 25
1 26
3 27
4 28
2 29
1 30
2 31
3 32
2 33
4 34
2 35
3 37
1 38
3 39
1 40
1 41
1 42
1 43
3 44
4 45
2 46
1 47
3 48
3 49
2 50
2 52
2 53
1 54
1 55
5 56
3 57
2 58
2 59
2 60
1 61
3 62
5 63
5 64
1 65
3 66
3 67
1 68
3 69
3 70
1 71
1 72
3 73
3 74
7 75
4 76
2 77
2 78
3 79
1 80
3 82
3 83
2 84
3 85
2 87
3 88
3 89
3 90
1 91
3 92
2 93
4 94
3 95
3 96
2 97
3 98
5 99
1 100
2 101
4 102
4 103
4 104
3 105
2 106
6 107
3 108
5 109
2 110
1 111
3 112
3 113
5 114
7 115
1 116
7 117
11 118
3 119
6 120
3 121
7 122
4 123
5 124
7 125
1 126
6 127
2 128
2 129
8 130
2 131
9 132
2 134
7 135
7 136
2 137
2 138
5 140
3 141
5 142
8 143
4 144
5 145
5 146
8 147
4 148
1 149
5 150
5 151
9 152
4 153
2 154
5 155
5 156
3 157
4 158
6 159
4 160
7 161
5 162
2 163
4 164
3 165
4 166
3 168
2 169
3 170
1 171
6 172
6 173
5 174
4 175
6 176
5 177
5 178
6 179
7 180
9 181
3 182
6 183
5 184
4 185
4 186
7 187
10 188
11 189
8 190
6 191
4 192
9 193
7 194
7 195
4 196
11 197
16 198
10 199
2 200
9 201
15 202
8 203
10 204
18 205
12 206
11 207
13 208
15 209
7 210
16 211
11 212
21 213
25 214
22 215
25 216
21 217
20 218
20 219
26 220
19 221
15 222
26 223
29 224
34 225
44 226
43 227
44 228
43 229
63 230
60 231
74 232
80 233
78 234
69 235
77 236
71 237
46 238
48 239
30 240
33 241
25 242
28 243
17 244
15 245
21 246
16 247
24 248
18 249
30 250
20 251
26 252
35 253
34 254
27 255
27 256
25 257
27 258
27 259
25 260
22 261
20 262
14 263
13 264
14 265
7 266
8 267
6 268
9 269
13 270
4 271
3 272
6 273
8 274
6 275
8 276
4 277
8 278
6 279
8 280
8 281
8 282
3 283
4 284
7 285
11 286
13 287
3 288
10 289
6 290
4 291
5 292
6 293
3 294
8 295
13 296
4 297
9 298
7 299
10 300
9 301
11 302
11 303
8 304
10 305
12 306
6 307
11 308
18 309
12 310
8 311
9 312
12 313
14 314
13 315
12 316
17 317
17 318
23 319
20 320
18 321
8 322
18 323
14 324
14 325
20 326
15 327
25 328
15 329
21 330
19 331
25 332
21 333
20 334
29 335
29 336
24 337
18 338
15 339
21 340
11 341
15 342
11 343
20 344
18 345
18 346
18 347
13 348
11 349
19 350
13 351
21 352
23 353
24 354
28 355
19 356
23 357
24 358
41 359
53 360
46 361
52 362
68 363
66 364
69 365
83 366
84 367
83 368
94 369
83 370
91 371
62 372
66 373
58 374
45 375
48 376
33 377
34 378
31 379
19 380
31 381
19 382
22 383
27 384
13 385
17 386
17 387
14 388
13 389
14 390
10 391
13 392
7 393
7 394
7 395
10 396
6 397
11 398
9 399
7 400
10 401
10 402
12 403
9 404
11 405
12 406
9 407
13 408
9 409
12 410
12 411
13 412
9 413
16 414
7 415
12 416
14 417
14 418
18 419
17 420
15 421
15 422
21 423
27 424
24 425
36 426
28 427
21 428
27 429
31 430
30 431
27 432
30 433
35 434
32 435
28 436
19 437
19 438
26 439
19 440
22 441
19 442
14 443
14 444
17 445
9 446
12 447
10 448
10 449
3 450
8 451
3 452
9 453
2 454
3 455
6 456
6 457
4 458
6 459
3 460
2 461
8 462
7 463
4 464
1 465
2 466
4 467
4 468
4 469
6 470
3 471
7 472
9 473
6 474
11 475
6 476
4 477
9 478
13 479
7 480
7 481
6 482
6 483
5 484
10 485
3 486
4 487
6 488
6 489
6 490
5 491
7 492
2 493
5 494
4 495
2 496
3 497
6 498
6 499
6 500
5 501
9 502
10 503
11 504
7 505
5 506
7 507
9 508
8 509
8 510
10 511
12 512
12 513
6 514
20 515
18 516
20 517
20 518
27 519
14 520
20 521
26 522
16 523
22 524
15 525
22 526
33 527
36 528
39 529
43 530
46 531
46 532
49 533
40 534
64 535
61 536
54 537
48 538
49 539
40 540
47 541
54 542
37 543
37 544
33 545
31 546
20 547
18 548
20 549
20 550
12 551
5 552
14 553
13 554
9 555
8 556
8 557
11 558
7 559
8 560
4 561
7 562
8 563
3 564
6 565
5 566
6 567
4 568
9 569
5 570
8 571
4 572
6 573
8 574
4 575
6 576
4 577
3 578
12 579
5 580
8 582
5 583
5 584
4 585
4 586
2 587
3 588
2 589
2 590
3 591
7 592
5 593
7 594
6 595
2 596
5 597
7 598
8 599
3 600
2 601
5 602
6 603
8 604
1 605
3 606
4 607
6 608
3 609
2 610
9 611
3 612
4 613
1 614
6 615
5 616
4 617
3 618
3 619
2 620
8 621
4 622
4 623
5 624
7 625
6 626
7 627
6 628
1 629
7 630
7 631
4 632
6 633
4 634
7 635
6 636
3 637
5 638
2 639
6 640
4 641
2 642
7 643
9 644
7 645
7 646
5 647
10 648
7 649
7 650
7 651
9 652
5 653
7 654
9 655
8 656
5 657
10 658
3 659
7 660
9 661
7 662
9 663
7 664
11 665
8 666
6 667
4 668
9 669
7 670
5 671
8 672
6 673
7 674
11 675
6 676
5 677
13 678
9 679
9 680
9 681
5 682
7 683
4 684
7 685
10 686
6 687
3 688
4 689
4 690
3 691
8 692
11 693
7 694
3 695
6 696
3 697
6 698
7 699
6 700
5 701
3 702
8 703
4 704
7 705
6 706
7 707
3 708
4 710
4 711
4 712
4 713
4 714
3 715
3 716
9 717
5 718
3 719
4 720
5 721
11 722
5 723
3 724
4 725
2 726
1 727
8 728
5 729
11 730
9 731
7 732
6 733
2 734
3 735
7 736
4 737
5 738
10 739
10 740
9 741
9 742
11 743
11 744
11 745
9 746
10 747
16 748
13 749
14 750
13 751
16 752
11 753
9 754
25 755
18 756
10 757
11 758
12 759
15 760
8 761
9 762
11 763
6 764
8 765
6 766
7 767
7 768
6 769
2 770
4 771
6 772
4 773
5 774
4 775
5 776
7 777
4 778
3 779
2 780
5 781
4 782
5 783
6 784
3 785
4 786
3 787
5 788
5 789
4 790
6 791
1 792
1 793
6 794
3 795
4 796
7 797
3 798
3 799
3 800
1 802
3 803
4 804
3 805
2 806
4 807
7 808
4 809
4 810
5 811
4 812
6 813
4 814
3 815
2 816
5 817
6 818
2 819
2 820
7 821
7 822
6 823
4 824
6 825
7 826
5 827
9 828
7 829
11 830
9 831
4 832
14 833
7 834
18 835
11 836
12 837
17 838
14 839
13 840
4 841
9 842
6 843
7 844
11 845
11 846
12 847
7 848
6 849
14 850
10 851
10 852
6 853
6 854
2 855
1 856
5 857
5 858
11 859
7 860
4 861
3 862
7 863
5 864
6 865
2 866
5 867
8 868
9 869
3 871
6 872
4 873
12 874
4 875
10 876
9 877
9 878
4 879
5 880
3 881
4 882
4 883
7 884
6 885
4 886
5 887
4 888
4 889
7 890
9 891
1 892
5 893
5 894
5 895
4 896
9 897
6 898
12 899
6 900
11 901
4 902
4 903
3 904
11 905
5 906
15 907
7 908
4 909
13 910
5 911
6 912
7 913
8 914
7 915
9 916
13 917
9 918
8 919
3 920
12 921
8 922
8 923
9 924
8 925
4 926
10 927
8 928
7 929
8 930
9 931
12 932
11 933
11 934
7 935
7 936
4 937
11 938
11 939
7 940
18 941
14 942
16 943
7 944
9 945
18 946
16 947
19 948
14 949
15 950
9 951
15 952
14 953
19 954
9 955
18 956
24 957
13 958
15 959
14 960
20 961
14 962
19 963
8 964
15 965
13 966
15 967
10 968
6 969
12 970
10 971
11 972
6 973
9 974
9 975
10 976
9 977
11 978
8 979
7 980
12 981
12 982
10 983
12 984
8 985
12 986
12 987
11 988
11 989
14 990
11 991
8 992
7 993
17 994
15 995
14 996
17 997
11 998
12 999
15 1000
20 1001
19 1002
13 1003
13 1004
19 1005
14 1006
9 1007
13 1008
8 1009
16 1010
26 1011
16 1012
23 1013
20 1014
17 1015
10 1016
27 1017
17 1018
22 1019
24 1020
22 1021
35 1022
37 1023
18 1024
26 1025
21 1026
20 1027
24 1028
35 1029
34 1030
32 1031
36 1032
41 1033
34 1034
45 1035
49 1036
49 1037
44 1038
37 1039
48 1040
51 1041
49 1042
58 1043
58 1044
64 1045
62 1046
61 1047
91 1048
69 1049
75 1050
74 1051
78 1052
76 1053
90 1054
88 1055
88 1056
90 1057
84 1058
92 1059
90 1060
98 1061
80 1062
97 1063
84 1064
94 1065
88 1066
85 1067
69 1068
73 1069
104 1070
93 1071
108 1072
80 1073
84 1074
98 1075
96 1076
107 1077
122 1078
96 1079
119 1080
111 1081
136 1082
145 1083
175 1084
175 1085
161 1086
191 1087
181 1088
229 1089
186 1090
242 1091
229 1092
246 1093
252 1094
279 1095
281 1096
269 1097
272 1098
263 1099
304 1100
290 1101
274 1102
253 1103
277 1104
248 1105
231 1106
217 1107
197 1108
188 1109
198 1110
162 1111
151 1112
145 1113
96 1114
99 1115
107 1116
60 1117
72 1118
65 1119
55 1120
44 1121
39 1122
39 1123
30 1124
32 1125
29 1126
22 1127
8 1128
16 1129
20 1130
14 1131
9 1132
13 1133
8 1134
15 1135
10 1136
7 1137
13 1138
10 1139
11 1140
17 1141
19 1142
12 1143
9 1144
7 1145
14 1146
12 1147
12 1148
6 1149
5 1150
9 1151
7 1152
13 1153
17 1154
16 1155
12 1156
11 1157
15 1158
10 1159
8 1160
15 1161
7 1162
13 1163
7 1164
11 1165
15 1166
24 1167
24 1168
21 1169
18 1170
22 1171
21 1172
21 1173
24 1174
23 1175
29 1176
24 1177
24 1178
22 1179
31 1180
31 1181
33 1182
29 1183
23 1184
45 1185
21 1186
29 1187
37 1188
40 1189
29 1190
35 1191
26 1192
19 1193
24 1194
26 1195
23 1196
19 1197
26 1198
24 1199
24 1200
20 1201
14 1202
18 1203
16 1204
11 1205
8 1206
14 1207
11 1208
11 1209
11 1210
9 1211
9 1212
7 1213
4 1214
6 1215
5 1216
6 1217
5 1218
4 1219
4 1220
4 1221
7 1222
6 1223
2 1224
2 1225
5 1226
6 1227
4 1228
3 1229
2 1230
1 1231
3 1232
3 1233
3 1234
3 1235
4 1236
4 1237
4 1238
4 1239
7 1240
8 1241
2 1242
1 1243
2 1244
3 1245
4 1246
11 1247
3 1248
1 1249
2 1250
2 1251
4 1252
3 1253
7 1254
4 1255
8 1256
10 1257
5 1258
3 1259
5 1260
4 1261
6 1262
7 1263
5 1264
8 1265
3 1266
6 1267
4 1268
5 1269
4 1270
3 1271
5 1272
4 1273
6 1274
2 1275
7 1276
9 1277
8 1278
9 1279
4 1280
6 1281
5 1282
4 1283
8 1284
11 1285
8 1286
11 1287
3 1288
7 1289
6 1290
9 1291
9 1292
5 1293
6 1294
2 1295
1 1296
4 1297
4 1298
3 1299
7 1300
7 1301
6 1302
6 1303
2 1304
5 1305
2 1306
2 1307
5 1308
5 1309
2 1310
2 1311
4 1312
1 1313
4 1314
4 1315
3 1316
4 1317
2 1320
5 1321
2 1322
3 1323
4 1324
5 1325
4 1326
3 1328
5 1329
2 1330
5 1331
2 1332
5 1333
5 1334
5 1335
3 1336
1 1337
3 1338
2 1339
2 1340
4 1341
4 1342
3 1343
6 1344
3 1345
5 1346
2 1347
2 1348
2 1349
1 1350
3 1351
3 1352
1 1353
5 1354
2 1355
4 1357
1 1358
6 1359
4 1360
4 1361
7 1362
7 1363
2 1364
3 1365
2 1366
5 1367
5 1368
6 1369
8 1370
5 1371
2 1372
2 1373
3 1374
5 1375
2 1376
7 1377
6 1378
10 1379
2 1380
9 1381
7 1382
9 1383
7 1384
6 1385
8 1386
5 1387
13 1388
12 1389
7 1390
4 1391
12 1392
11 1393
12 1394
16 1395
10 1396
14 1397
14 1398
7 1399
17 1400
22 1401
6 1402
13 1403
9 1404
22 1405
11 1406
16 1407
10 1408
12 1409
11 1410
14 1411
11 1412
12 1413
11 1414
9 1415
9 1416
4 1417
9 1418
10 1419
9 1420
8 1421
9 1422
4 1423
11 1424
7 1425
6 1426
3 1427
6 1428
8 1429
7 1430
4 1431
8 1432
9 1433
4 1434
4 1435
5 1436
7 1437
5 1438
7 1439
6 1440
7 1441
8 1442
5 1443
3 1444
6 1445
6 1446
5 1447
4 1448
7 1449
3 1450
2 1451
5 1452
5 1453
4 1454
6 1455
5 1456
2 1457
6 1458
9 1459
4 1460
5 1461
5 1462
3 1463
2 1464
3 1465
3 1466
2 1467
3 1468
1 1469
3 1470
9 1471
6 1472
3 1473
6 1474
5 1475
8 1476
4 1477
6 1478
7 1479
5 1480
3 1481
3 1482
8 1483
8 1484
3 1485
3 1486
4 1487
3 1488
4 1489
7 1490
3 1492
7 1493
11 1494
4 1495
4 1496
5 1497
2 1498
3 1499
4 1500
2 1501
7 1502
2 1503
4 1504
4 1505
2 1506
6 1507
2 1508
4 1509
7 1510
4 1511
2 1512
2 1513
6 1514
5 1515
6 1516
5 1517
1 1518
3 1519
3 1520
4 1521
7 1522
3 1523
9 1524
4 1525
3 1526
4 1527
4 1528
4 1529
4 1530
6 1531
3 1532
4 1534
4 1535
1 1536
5 1537
3 1538
4 1539
4 1540
6 1541
5 1542
6 1543
6 1544
6 1545
4 1546
6 1547
3 1548
6 1549
2 1550
9 1551
2 1552
7 1553
8 1554
4 1555
6 1556
7 1557
7 1558
9 1559
3 1560
3 1561
4 1562
7 1563
5 1564
5 1565
3 1566
11 1567
8 1568
3 1569
8 1570
5 1571
13 1572
5 1573
5 1574
8 1575
9 1576
6 1577
4 1578
3 1579
13 1580
9 1581
7 1582
4 1583
7 1584
13 1585
5 1586
12 1587
8 1588
9 1589
8 1590
9 1591
9 1592
10 1593
9 1594
9 1595
13 1596
8 1597
11 1598
15 1599
12 1600
20 1601
19 1602
12 1603
12 1604
22 1605
12 1606
9 1607
16 1608
15 1609
17 1610
10 1611
7 1612
17 1613
11 1614
21 1615
12 1616
16 1617
18 1618
18 1619
13 1620
18 1621
14 1622
13 1623
22 1624
18 1625
11 1626
18 1627
15 1628
20 1629
10 1630
20 1631
24 1632
15 1633
25 1634
12 1635
14 1636
27 1637
30 1638
27 1639
26 1640
28 1641
21 1642
19 1643
23 1644
24 1645
23 1646
18 1647
17 1648
21 1649
28 1650
20 1651
15 1652
21 1653
18 1654
17 1655
20 1656
15 1657
18 1658
17 1659
24 1660
15 1661
13 1662
17 1663
15 1664
13 1665
12 1666
14 1667
13 1668
20 1669
17 1670
22 1671
21 1672
17 1673
13 1674
26 1675
21 1676
14 1677
18 1678
19 1679
20 1680
16 1681
26 1682
21 1683
32 1684
25 1685
23 1686
29 1687
30 1688
37 1689
25 1690
33 1691
40 1692
38 1693
32 1694
35 1695
36 1696
43 1697
53 1698
50 1699
48 1700
46 1701
63 1702
67 1703
74 1704
66 1705
87 1706
67 1707
76 1708
79 1709
76 1710
84 1711
83 1712
100 1713
114 1714
114 1715
103 1716
100 1717
121 1718
124 1719
125 1720
116 1721
140 1722
124 1723
133 1724
146 1725
157 1726
146 1727
119 1728
131 1729
137 1730
140 1731
122 1732
124 1733
127 1734
125 1735
115 1736
133 1737
135 1738
115 1739
106 1740
95 1741
95 1742
94 1743
105 1744
78 1745
93 1746
85 1747
69 1748
76 1749
59 1750
60 1751
63 1752
62 1753
53 1754
63 1755
55 1756
62 1757
56 1758
52 1759
41 1760
36 1761
48 1762
33 1763
32 1764
41 1765
49 1766
35 1767
33 1768
34 1769
30 1770
26 1771
25 1772
31 1773
26 1774
27 1775
32 1776
22 1777
24 1778
16 1779
27 1780
16 1781
13 1782
15 1783
17 1784
14 1785
16 1786
17 1787
14 1788
15 1789
15 1790
18 1791
16 1792
12 1793
9 1794
14 1795
7 1796
12 1797
12 1798
7 1799
12 1800
12 1801
11 1802
11 1803
5 1804
10 1805
10 1806
6 1807
5 1808
5 1809
5 1810
4 1811
9 1812
5 1813
4 1814
8 1815
11 1816
4 1817
2 1818
8 1819
4 1820
3 1821
3 1822
3 1823
6 1824
3 1825
7 1826
7 1827
5 1828
5 1829
6 1830
3 1831
4 1832
6 1833
9 1834
4 1835
3 1836
6 1837
5 1838
4 1839
4 1840
7 1841
4 1842
6 1843
9 1844
9 1845
8 1846
4 1847
3 1848
12 1849
5 1850
6 1851
4 1852
9 1853
4 1854
3 1855
8 1856
7 1857
7 1858
9 1859
6 1860
8 1861
9 1862
6 1863
9 1864
8 1865
7 1866
3 1867
9 1868
4 1869
8 1870
3 1871
8 1872
6 1873
8 1874
9 1875
11 1876
11 1877
11 1878
9 1879
13 1880
11 1881
11 1882
10 1883
7 1884
11 1885
14 1886
11 1887
16 1888
15 1889
8 1890
17 1891
24 1892
20 1893
19 1894
19 1895
32 1896
19 1897
29 1898
27 1899
25 1900
24 1901
31 1902
39 1903
38 1904
42 1905
48 1906
32 1907
34 1908
54 1909
34 1910
48 1911
37 1912
62 1913
60 1914
55 1915
76 1916
54 1917
61 1918
51 1919
60 1920
54 1921
45 1922
62 1923
66 1924
58 1925
74 1926
74 1927
65 1928
78 1929
57 1930
62 1931
41 1932
51 1933
64 1934
35 1935
40 1936
40 1937
37 1938
34 1939
31 1940
42 1941
24 1942
23 1943
18 1944
21 1945
18 1946
23 1947
20 1948
12 1949
11 1950
7 1951
10 1952
6 1953
9 1954
16 1955
9 1956
10 1957
7 1958
8 1959
8 1960
8 1961
1 1962
1 1963
2 1964
3 1966
6 1967
3 1968
3 1969
5 1970
5 1971
2 1972
2 1973
3 1974
2 1977
2 1978
2 1980
1 1981
1 1983
3 1985
2 1986
1 1988
1 1989
1 1992
1 2000
1 2002
1 2003
1 2009
1 2011
1 2016
1 2018
1 2021
1 2032
1 2033
1 2034
1 2036
1 2037
1 2043
1 2046
2 2062
1 2075
2 2082
1 2086
1 2087
1 2088
1 2097
1 2117
1 2128
1 2135
1 2136
1 2139
1 2146
1 2149
1 2168
1 2171
1 2178
1 2195
2 2199
1 2201
1 2204
2 2219
1 2226
1 2233
1 2236
1 2240
1 2241
1 2253
1 2259
1 2260
1 2279
1 2287
2 2291
2 2294
1 2301
1 2310
1 2313
2 2314
1 2319
1 2323
1 2330
1 2341
1 2348
1 2358
1 2371
1 2373
1 2381
1 2389
1 2392
1 2407
1 2418
1 2421
1 2424
1 2429
2 2432
1 2437
1 2439
1 2454
1 2463
1 2474
1 2477
1 2480
1 2494
1 2499
1 2506
1 2507
1 2514
1 2526
1 2535
1 2539
1 2541
1 2561
1 2581
1 2583
1 2586
2 2594
1 2602
1 2603
1 2607
1 2612
1 2613
1 2615
1 2616
4 2617
1 2618
2 2619
1 2621
2 2622
2 2624
1 2625
1 2626
1 2627
1 2629
1 2631
1 2633
3 2635
1 2650
1 2651
1 2654
2 2656
1 2658
1 2660
1 2661
1 2662
1 2664
1 2665
1 2668
1 2680
1 2683
1 2701
1 2710
1 2730
1 2734
1 2745
1 2747
1 2777
1 2784
1 2806
1 2809
1 2824
1 2845
1 2854
1 2865
1 2876
1 2880
1 2883
1 2908
2 2914
1 2918
1 2933
1 2943
1 2952
1 2971
1 2985
1 2998
1 3002
1 3025
1 3036
1 3050
1 3057
1 3059
1 3072
1 3077
1 3108
1 3116
1 3124
1 3146
1 3150
1 3201
1 3229
1 3232
1 3245
1 3248
1 3445
1 3490
1 3510
1 3564
1 3647
1 3662
1 3679
1 4082
1 4114
1 4175
1 4440
1 4571
1 6528
